401.058	358.024
402.149	302.871
403.243	310.199
404.332	259.879
405.424	216.251
406.515	198.16
407.606	197.06
408.697	131.082
409.785	68.9968
410.876	13.5989
411.967	-3.24316
413.055	-47.2058
414.143	-68.5957
415.233	-70.2983
416.321	-35.6367
417.409	-77.3813
418.499	-65.1177
419.586	-113.165
420.673	-36.1152
421.761	37.9507
422.848	47.2063
423.935	54.6111
425.02	66.6272
426.106	121.977
427.193	114.585
428.278	186.401
429.364	213.924
430.45	249.686
431.534	247.748
432.618	207.277
433.704	282.628
434.788	221.145
435.871	267.177
436.955	321.497
438.038	239.787
439.123	229.761
440.204	222.516
441.287	165.637
442.37	174.103
443.452	40.6885
444.535	90.5959
445.615	12.2385
446.698	-12.6487
447.78	-84.6887
448.86	-107.771
449.939	-137.35
451.021	-168.833
452.101	-171.687
453.18	-202.355
454.262	-217.284
455.341	-259.082
456.42	-322.18
457.499	-361.113
458.578	-347.158
459.654	-307.259
460.733	-294.319
461.811	-344.572
462.89	-382.81
463.966	-385.745
465.044	-369.134
466.12	-372.04
467.197	-369.343
468.273	-396.4
469.349	-404.74
470.426	-398.03
471.501	-423.76
472.576	-379.651
473.651	-333.767
474.726	-344.636
475.801	-423.314
476.876	-294.233
477.95	-328.469
479.022	-339.491
480.097	-337.473
481.171	-257.557
482.243	-264.746
483.317	-268.204
484.388	-217.094
485.46	-281.554
486.533	-234.186
487.605	-235.77
488.676	-155.321
489.747	-177.229
490.818	-96.9939
491.889	-107.922
492.959	-127.135
494.03	-85.6978
495.1	-34.1729
496.171	0.794922
497.239	14.6184
498.309	-8.27368
499.379	24.7898
500.446	94.4451
501.514	73.3867
502.584	39.5508
503.651	91.7546
504.718	54.29
505.788	112.921
506.855	48.9143
507.921	90.1677
508.988	88.3977
510.055	104.942
511.119	78.4497
512.186	81.2676
513.252	108.836
514.318	163.022
515.382	200.755
516.448	170.625
517.512	163.428
518.577	210.453
519.641	278.722
520.704	246.808
521.768	249.864
522.833	259.382
523.896	322.433
524.959	359.651
526.021	361.697
527.084	363.649
528.144	393.27
529.207	397.001
530.269	449.785
531.331	502.727
532.391	533.701
533.453	492.613
534.513	529.39
535.572	531.843
536.634	473.77
537.693	534.472
538.752	415.636
539.812	411.118
540.87	410.37
541.929	352.009
542.988	253.59
544.047	231.494
545.105	225.205
546.164	156.276
547.22	165.693
548.278	123.686
549.336	113.413
550.392	80.7527
551.448	5.24536
552.505	-51.5579
553.561	-12.3582
554.616	-2.98804
555.671	-68.1599
556.728	-76.4768
557.783	-81.0432
558.836	-111.633
559.891	-86.3726
560.946	-85.2971
562	-142.679
563.055	-157.34
564.107	-136.807
565.161	-163.54
566.213	-165.258
567.267	-161.413
568.318	-219.503
569.37	-149.093
570.424	-175.724
571.475	-152.498
572.526	-225.226
573.577	-167.901
574.628	-208.306
575.679	-176.841
576.73	-126.081
577.781	-158.2
578.829	-58.7397
579.88	-178.285
580.93	-117.503
581.978	-116.521
583.026	-167.037
584.076	-137.524
585.124	-152.148
586.172	-144.704
587.221	-128.072
588.269	-135.326
589.316	-110.426
590.363	-72.6892
591.41	-53.332
592.457	-46.8345
593.502	-120.094
594.549	-73.3037
595.595	-40.2749
596.64	-84.3035
597.686	-109.116
598.73	-100.864
599.776	-72.3508
600.82	-62.187
601.864	-67.6362
602.908	-74.0103
603.953	-96.0308
604.997	-62.0178
606.04	-77.6677
607.083	-37.1689
608.125	-70.3306
609.168	-17.7583
610.211	-6.64575
611.253	-51.7825
612.294	-29.5981
613.336	-31.3936
614.377	23.9922
615.419	128.286
616.459	209.533
617.499	192.972
618.539	247.422
619.579	214.229
620.619	191.196
621.658	129.455
622.698	89.8577
623.737	104.666
624.776	160.98
625.815	196.104
626.852	289.376
627.891	294.127
628.928	347.815
629.966	405.214
631.003	416.402
632.041	426.576
633.077	479.124
634.114	351.633
635.15	302.658
636.185	374.56
637.221	275.919
638.257	189.309
639.292	249.341
640.328	167.315
641.361	202.396
642.396	100.038
643.431	84.3728
644.464	113.839
645.497	9.84009
646.532	19.0894
647.564	-4.76904
648.597	42.1753
649.629	26.5957
650.663	-5.53613
651.695	0.952637
652.727	16.6317
653.757	-40.2806
654.789	-58.5686
655.821	-21.7712
656.852	-14.3685
657.882	-16.1467
658.913	-13.3418
659.942	-10.5387
660.973	-65.5138
662.002	-43.4404
663.031	34.5442
664.06	-63.4786
665.09	0.728516
666.119	25.5371
667.147	-9.28479
668.175	-8.33728
669.201	38.6012
670.229	-5.50659
671.257	-27.5541
672.285	14.842
673.311	-31.1348
674.338	-13.5972
675.363	-49.4755
676.389	-62.3602
677.416	-5.18628
678.441	-45.7323
679.466	-20.7822
680.491	-5.04565
681.515	12.5356
682.54	-35.3751
683.565	-27.0223
684.589	-14.0641
685.613	28.4265
686.635	-28.7606
687.659	42.4016
688.681	19.3595
689.705	33.2847
690.727	64.7983
691.75	89.8539
692.772	82.5206
693.793	42.7712
694.814	112.279
695.835	77.1415
696.856	84.5945
697.877	117.037
698.898	124.473
699.918	120.801
700.937	138.418
701.957	133.83
702.978	192.157
703.996	126.51
705.016	150.594
706.034	121.951
707.052	107.185
708.069	128.477
709.087	113.72
710.107	81.4152
711.124	52.8169
712.139	114.78
713.156	50.1481
714.173	59.4406
715.19	103.842
716.205	63.2238
717.222	54.9441
718.238	50.3583
719.253	43.0081
720.267	82.6791
721.283	50.4476
722.297	88.2369
723.311	79.0544
724.325	69.8829
725.339	77.2809
726.353	73.6448
727.366	87.493
728.38	86.6284
729.391	122.562
730.404	122.606
731.417	175.054
732.428	146.538
733.441	118.951
734.452	129.961
735.463	162.08
736.475	164.839
737.486	163.042
738.496	153.93
739.506	132.897
740.516	151.322
741.526	177.084
742.534	140.414
743.544	157.884
744.554	141.393
745.561	146.01
746.571	142.376
747.578	131.413
748.587	178.246
749.594	125.104
750.601	111.408
751.608	110.561
752.615	165.711
753.621	111.642
754.628	150.321
755.634	90.7006
756.641	117.474
757.647	137.847
758.651	89.1677
759.657	165.787
760.663	74.6161
761.666	131.939
762.67	96.9546
763.676	88.7223
764.679	116.52
765.682	87.0026
766.686	124.955
767.689	142.571
768.692	113.977
769.694	102.963
770.697	73.4542
771.698	96.7124
772.7	115.389
773.703	65.4138
774.703	98.0042
775.703	27.4718
776.705	60.9697
777.705	76.8041
778.705	69.4147
779.705	48.1036
780.705	88.1027
781.704	113.266
782.704	86.3967
783.703	109.718
784.702	109.788
785.701	113.568
786.698	100.6
787.697	158.337
788.694	127.706
789.693	191.072
790.689	118.554
791.686	158.662
792.682	179.208
793.68	222.082
794.676	184.871
795.672	206.328
796.666	212.916
797.662	251.198
798.658	279.268
799.653	285.904
800.647	312.066
801.642	295.299
802.636	369.764
803.631	337.064
804.624	386.271
805.617	414.045
806.61	384.163
807.602	350.585
808.595	392.242
809.587	371.648
810.58	330.672
811.572	340.747
812.564	312.858
813.554	300.772
814.546	326.681
815.536	307.216
816.528	300.71
817.518	364.522
818.507	314.52
819.499	377.373
820.488	367.159
821.477	422.557
822.466	460.321
823.455	518.304
824.444	555.866
825.431	618.269
826.42	609.684
827.408	719.128
828.395	765.998
829.383	883.834
830.369	973.06
831.356	1055.64
832.342	1138.85
833.33	1380.82
834.315	1410.21
835.301	1567.42
836.287	1737.74
837.27	1856.16
838.256	1947.4
839.241	2047.98
840.226	2031.9
841.209	2040.48
842.194	1982.8
843.177	1951.76
844.16	1881.28
845.145	1747.48
846.127	1623.82
847.11	1567.23
848.092	1432.43
849.074	1360.04
850.056	1395.15
851.039	1374.94
852.018	1344.49
853	1305.68
853.982	1367.08
854.962	1438.66
855.941	1406.54
856.923	1403.12
857.902	1417.37
858.881	1382.08
859.86	1322.85
860.839	1251.54
861.818	1138.62
862.797	1113.91
863.776	1060.51
864.754	1039.25
865.733	996.769
866.709	986.524
867.687	915.593
868.664	806.096
869.642	869.691
870.618	828.44
871.594	800.118
872.569	748.791
873.545	773.897
874.521	706.873
875.496	738.393
876.471	677.715
877.447	675.96
878.42	668.619
879.395	678.743
880.37	651.992
881.343	622.504
882.315	569.112
883.29	568.292
884.262	550.919
885.235	530.779
886.207	556.697
887.179	495.916
888.151	507.004
889.123	505.173
890.095	477.547
891.065	519.993
892.037	550.479
893.009	547.791
893.978	534.044
894.948	511.087
895.919	580.359
896.888	574.082
897.857	602.895
898.826	634.498
899.795	609.765
900.764	720.628
901.732	715.072
902.701	772.171
903.668	872.543
904.636	866.815
905.604	917.404
906.57	938.594
907.538	988.506
908.504	1055.18
909.47	1056.53
910.436	1036.76
911.402	1064.1
912.367	1059.1
913.333	1032.75
914.298	1013.66
915.264	965.814
916.229	962.306
917.192	971.781
918.157	884.191
919.12	889.186
920.084	822.937
921.047	790.905
922.01	776.41
922.972	692.312
923.935	701.774
924.897	646.308
925.859	621.452
926.821	624.458
927.783	548.606
928.743	461.564
929.705	471.041
930.667	505.577
931.626	404.445
932.586	415.735
933.547	404.753
934.506	385.438
935.466	366.145
936.425	313.323
937.384	330.312
938.343	304.411
939.301	325.093
940.26	353.24
941.217	325.417
942.175	324.672
943.132	332.362
944.09	340.084
945.046	348.757
946.002	333.096
946.96	355.793
947.916	336.324
948.872	387.12
949.828	285.09
950.783	335.868
951.737	351.932
952.692	346.385
953.647	350.184
954.601	351.152
955.556	339.936
956.509	275.282
957.464	384.285
958.417	349.763
959.369	365.015
960.322	367.084
961.275	358.728
962.227	426.413
963.179	429.157
964.132	403.709
965.082	429.041
966.034	394.356
966.984	392.622
967.936	449.189
968.885	409.891
969.837	469.226
970.787	481.459
971.736	399.618
972.686	501.929
973.635	491.475
974.584	526.133
975.533	519.529
976.48	603.08
977.429	629.398
978.378	593.777
979.325	659.52
980.273	642.658
981.22	610.764
982.166	702.707
983.113	726.06
984.061	727.731
985.007	740.554
985.953	739.248
986.897	727.65
987.843	755.436
988.789	797.344
989.734	758.906
990.678	801.905
991.623	804.68
992.567	867.23
993.51	998.809
994.453	1105.89
995.398	1266.96
996.341	1587.44
997.284	1953.37
998.227	2262.18
999.168	2352.76
1000.11	2337.17
1001.05	2089.75
1001.99	1792.27
1002.94	1414
1003.88	1063.87
1004.82	869.362
1005.76	730.777
1006.7	608.934
1007.64	578.352
1008.58	472.193
1009.52	487.12
1010.46	443.265
1011.4	442.26
1012.34	432.905
1013.27	462.75
1014.21	457.32
1015.15	465.969
1016.09	491.471
1017.03	447.945
1017.96	445.396
1018.9	484.792
1019.84	503.586
1020.77	508.342
1021.71	529.938
1022.65	588.059
1023.58	632.315
1024.52	721.649
1025.45	765.332
1026.39	833.436
1027.32	932.478
1028.26	1010.83
1029.19	1029.01
1030.12	1017.08
1031.06	960.116
1031.99	930.479
1032.92	829.555
1033.86	772.829
1034.79	717.95
1035.72	637.527
1036.65	646.466
1037.59	631.757
1038.52	576.4
1039.45	593.651
1040.38	560.867
1041.31	550.726
1042.24	593.48
1043.17	527.535
1044.1	557.964
1045.03	543.015
1045.96	549.856
1046.89	539.746
1047.82	605.488
1048.75	533.031
1049.68	566.746
1050.61	568.211
1051.53	619.955
1052.46	619.336
1053.39	632.843
1054.32	549.248
1055.24	643.453
1056.17	683.482
1057.1	681.742
1058.02	723.845
1058.95	710.82
1059.88	789.193
1060.8	776.154
1061.73	767.843
1062.65	700.45
1063.58	728.388
1064.5	697.242
1065.43	722.334
1066.35	693.878
1067.27	686.216
1068.2	672.622
1069.12	636.971
1070.04	680.382
1070.97	696.229
1071.89	680.853
1072.81	651.417
1073.73	681.123
1074.65	670.907
1075.58	661.579
1076.5	630.226
1077.42	607.33
1078.34	566.279
1079.26	549.012
1080.18	569.807
1081.1	524.04
1082.02	466.902
1082.94	450.657
1083.86	445.812
1084.78	397.284
1085.7	401.959
1086.61	378.181
1087.53	372.469
1088.45	366.774
1089.37	320.294
1090.28	276.658
1091.2	365.747
1092.12	365.667
1093.03	259.49
1093.95	340.892
1094.87	336.127
1095.78	326.667
1096.7	355.094
1097.61	376.906
1098.53	412.908
1099.44	459.297
1100.36	487.67
1101.27	466.813
1102.19	441.213
1103.1	408.996
1104.01	466.589
1104.93	490.157
1105.84	537.388
1106.75	538.398
1107.67	551.777
1108.58	607.763
1109.49	639.213
1110.4	687.633
1111.31	636.637
1112.22	674.447
1113.14	674.365
1114.05	716.827
1114.96	733.811
1115.87	780.18
1116.78	892.787
1117.69	861.708
1118.6	962.904
1119.51	940.116
1120.42	1025.9
1121.32	1028.47
1122.23	1060.45
1123.14	1046.41
1124.05	1087.51
1124.96	1010.79
1125.86	1027.82
1126.77	986.149
1127.68	992.585
1128.58	921.9
1129.49	903.043
1130.4	861.18
1131.3	866.616
1132.21	847.417
1133.11	821.722
1134.02	891.917
1134.92	910.219
1135.83	882.231
1136.73	878.941
1137.64	894.604
1138.54	891.199
1139.44	906.697
1140.35	844.242
1141.25	857.792
1142.15	860
1143.06	818.536
1143.96	817.988
1144.86	757.467
1145.76	750.165
1146.66	763.731
1147.57	737.213
1148.47	711.585
1149.37	687.838
1150.27	717.443
1151.17	673.714
1152.07	691.932
1152.97	646.314
1153.87	629.259
1154.77	563.561
1155.67	545.473
1156.57	494.96
1157.46	500.668
1158.36	438.764
1159.26	385.483
1160.16	397.98
1161.05	356.182
1161.95	341.999
1162.85	283.912
1163.75	277.248
1164.64	257.196
1165.54	300.936
1166.44	298.94
1167.33	267.484
1168.23	266.527
1169.12	245.637
1170.02	267.567
1170.91	277.137
1171.81	253.406
1172.7	249.63
1173.59	254.391
1174.49	285.745
1175.38	277.149
1176.27	266.639
1177.17	331.107
1178.06	316.763
1178.95	364.079
1179.84	361.162
1180.74	354.505
1181.63	374.415
1182.52	379.169
1183.41	358.32
1184.3	343.114
1185.19	378.033
1186.08	346.67
1186.97	386.231
1187.86	369.071
1188.75	402.925
1189.64	385.787
1190.53	415.82
1191.42	431.68
1192.31	405.153
1193.2	470.035
1194.09	463.399
1194.97	494.489
1195.86	471.958
1196.75	476.709
1197.64	468.24
1198.52	463.509
1199.41	458.771
1200.29	492.627
1201.18	471.007
1202.07	457.877
1202.95	472.019
1203.84	408.989
1204.72	413.631
1205.61	427.621
1206.49	367.374
1207.38	428.355
1208.26	367.327
1209.14	371.188
1210.03	370.433
1210.91	348.096
1211.79	349.239
1212.68	343.74
1213.56	372.972
1214.44	360.722
1215.32	347.479
1216.21	347.386
1217.09	356.716
1217.97	333.234
1218.85	355.872
1219.73	413.398
1220.61	336.59
1221.49	356.663
1222.37	409.746
1223.25	430.805
1224.13	455.573
1225.01	484.035
1225.89	538.848
1226.77	590.809
1227.65	557.88
1228.52	641.137
1229.4	628.252
1230.28	620.188
1231.16	622.588
1232.03	616.493
1232.91	634.044
1233.79	634.494
1234.66	611.15
1235.54	628.503
1236.42	638.203
1237.29	598.503
1238.17	615.75
1239.04	540.91
1239.92	513.568
1240.79	530.91
1241.67	497.903
1242.54	474.391
1243.41	470.85
1244.29	458.745
1245.16	449.499
1246.03	465.037
1246.91	464.37
1247.78	467.485
1248.65	439.041
1249.52	480.218
1250.4	484.111
1251.27	483.205
1252.14	482.312
1253.01	478.59
1253.88	496.874
1254.75	497.033
1255.62	503.869
1256.49	510.663
1257.36	523.131
1258.23	522.154
1259.1	554.565
1259.97	540.135
1260.84	561.038
1261.71	525.639
1262.57	558.046
1263.44	580.941
1264.31	587.643
1265.18	560.965
1266.05	620.144
1266.91	624.909
1267.78	635.355
1268.65	688.667
1269.51	695.203
1270.38	749.353
1271.24	819.631
1272.11	886.013
1272.97	955.16
1273.84	966.193
1274.7	1039.98
1275.57	1112.8
1276.43	1152.54
1277.3	1169.38
1278.16	1188.44
1279.02	1209.38
1279.89	1169.38
1280.75	1184.28
1281.61	1193.38
1282.48	1212.67
1283.34	1163.71
1284.2	1160.95
1285.06	1115.33
1285.92	1086.89
1286.78	1042.29
1287.65	1007.99
1288.51	960.192
1289.37	904.068
1290.23	863.462
1291.09	860.964
1291.95	791.962
1292.81	784.068
1293.67	733.721
1294.52	748.034
1295.38	701.347
1296.24	710.763
1297.1	709.83
1297.96	672.231
1298.81	673.44
1299.67	661.279
1300.53	665.115
1301.39	665.581
1302.24	646.195
1303.1	636.938
1303.95	587.125
1304.81	590.555
1305.67	587.699
1306.52	585.601
1307.38	565.151
1308.23	529.024
1309.09	531.665
1309.94	525.331
1310.8	504.921
1311.65	489.958
1312.5	501.352
1313.35	494.612
1314.21	491.825
1315.06	492.067
1315.91	494.993
1316.77	482.707
1317.62	491.761
1318.47	498.002
1319.32	494.526
1320.17	507.558
1321.02	515.402
1321.87	543.153
1322.73	545.216
1323.57	562.323
1324.43	566.661
1325.28	582.999
1326.13	603.159
1326.97	602.739
1327.82	604.087
1328.67	618.151
1329.52	630.99
1330.37	668.239
1331.22	671.759
1332.06	682.088
1332.91	691.288
1333.76	680.268
1334.61	692.441
1335.45	700.442
1336.3	698.271
1337.15	726.467
1337.99	701.673
1338.84	734.287
1339.68	768.174
1340.53	758.682
1341.37	752.236
1342.22	765.323
1343.06	756.584
1343.91	761.093
1344.75	769.671
1345.6	777.329
1346.44	788.394
1347.28	787.083
1348.12	799.651
1348.97	795.014
1349.81	792.628
1350.65	805.901
1351.49	785.894
1352.33	786.951
1353.18	789.36
1354.02	797.306
1354.86	833.754
1355.7	839.506
1356.54	814.648
1357.38	806.257
1358.22	833.843
1359.06	839.668
1359.9	830.463
1360.74	839.421
1361.58	845.256
1362.42	858.202
1363.25	855.638
1364.09	834.408
1364.93	834.511
1365.77	855.776
1366.6	860.655
1367.19	853.532
1368.1	849.815
1369.01	817.496
1369.92	809.722
1370.83	797.933
1371.74	797.88
1372.65	815.475
1373.56	797.594
1374.47	814.127
1375.37	774.564
1376.28	739.895
1377.19	760.232
1378.1	746.112
1379	754.553
1379.91	736.477
1380.82	739.988
1381.72	663.096
1382.63	720.418
1383.54	687.527
1384.44	684.908
1385.35	666.605
1386.25	677.594
1387.16	650.581
1388.06	673.328
1388.97	665.933
1389.87	636.244
1390.78	661.023
1391.68	678.031
1392.59	672.721
1393.49	670.311
1394.39	664.953
1395.3	636.311
1396.2	607.66
1397.1	600.276
1398	537.938
1398.91	521.067
1399.81	497.553
1400.71	474.122
1401.61	476.702
1402.52	467.72
1403.42	466.389
1404.32	441.033
1405.22	480.891
1406.12	474.731
1407.02	431.315
1407.92	432.026
1408.82	464.351
1409.72	430.759
1410.62	434.464
1411.52	412.364
1412.42	422.706
1413.32	466.4
1414.21	444.204
1415.11	460.134
1416.01	409.359
1416.91	459.553
1417.81	426.953
1418.71	410.605
1419.6	442.829
1420.5	459.924
1421.4	450.483
1422.29	428.719
1423.19	471.603
1424.09	484.953
1424.98	486.817
1425.88	517.145
1426.77	507.515
1427.67	545.419
1428.56	523.489
1429.46	583.313
1430.35	630.832
1431.25	655.612
1432.14	684.276
1433.04	752.02
1433.93	724.811
1434.82	761.406
1435.72	784.765
1436.61	789.123
1437.5	814.479
1438.39	818.874
1439.29	824.201
1440.18	844.756
1441.07	893.917
1441.96	943.998
1442.85	973.05
1443.75	998.377
1444.64	1062.18
1445.53	1086.99
1446.42	1105.22
1447.31	1136.88
1448.2	1168.4
1449.09	1193.95
1449.98	1204.9
1450.87	1180.21
1451.76	1195.03
1452.65	1146.59
1453.54	1174.46
1454.43	1145.76
1455.31	1148.9
1456.2	1142.22
1457.09	1083.01
1457.98	1077.51
1458.87	1032.12
1459.75	1007
1460.64	1006.24
1461.53	996.125
1462.41	983.375
1463.3	964.911
1464.19	996.749
1465.07	1029.33
1465.96	1010.17
1466.85	1055.77
1467.73	1007.16
1468.61	978.016
1469.5	991.693
1470.38	918.144
1471.27	912.574
1472.15	869.107
1473.04	874.103
1473.92	912.014
1474.8	867.294
1475.69	895.398
1476.57	870.171
1477.45	822.747
1478.34	835.689
1479.22	831.222
1480.1	802.378
1480.98	764.561
1481.86	742.991
1482.75	772.658
1483.63	704.034
1484.51	683.023
1485.39	635.978
1486.27	589.169
1487.15	529.96
1488.03	450.519
1488.91	400.126
1489.79	358.394
1490.67	341.753
1491.55	317.334
1492.43	284.238
1493.31	276.298
1494.19	258.757
1495.07	220.06
1495.94	234.389
1496.82	209.22
1497.7	200.417
1498.58	176.228
1499.45	174.152
1500.33	156.728
1501.21	179.594
1502.09	143.057
1502.96	166.87
1503.84	151.452
1504.72	158.986
1505.59	152.185
1506.47	135.847
1507.34	147.168
1508.22	141.33
1509.09	99.3586
1509.97	142.072
1510.84	141.993
1511.72	133.381
1512.59	121.933
1513.46	134.199
1514.34	119.888
1515.21	109.368
1516.08	113.991
1516.96	122.378
1517.83	133.581
1518.7	126.853
1519.57	149.358
1520.45	93.7033
1521.32	129.404
1522.19	97.3769
1523.06	95.4741
1523.93	103.922
1524.8	100.153
1525.67	86.0458
1526.54	95.4109
1527.41	109.447
1528.28	140.344
1529.16	112.151
1530.02	95.2436
1530.89	115.832
1531.76	102.717
1532.63	83.0626
1533.5	119.605
1534.37	112.129
1535.24	114.947
1536.11	128.056
1536.97	87.7921
1537.84	118.687
1538.71	97.1683
1539.57	107.495
1540.44	95.3708
1541.31	72.9467
1542.18	86.1265
1543.04	113.384
1543.91	115.319
1544.77	95.653
1545.64	88.1628
1546.5	86.2945
1547.37	74.1111
1548.24	82.5887
1549.1	67.6291
1549.96	98.7222
1550.83	91.3334
1551.69	82.0532
1552.56	103.859
1553.42	79.4343
1554.28	81.3895
1555.15	66.3243
1556.01	70.1476
1556.87	101.409
1557.73	99.6251
1558.6	76.0772
1559.46	98.9631
1560.32	54.4708
1561.18	56.4451
1562.04	92.6429
1562.9	58.4489
1563.77	83.2384
1564.63	73.7762
1565.49	111.017
1566.35	77.7601
1567.21	95.063
1568.07	100.941
1568.93	95.3442
1569.79	94.5139
1570.64	100.38
1571.5	91.842
1572.36	83.2814
1573.22	98.7378
1574.08	118.069
1574.94	126.854
1575.8	136.63
1576.65	129.072
1577.51	128.254
1578.37	125.491
1579.22	184.597
1580.08	207.001
1580.94	198.442
1581.79	222.826
1582.65	250.174
1583.51	195.095
1584.36	196.272
1585.22	181.892
1586.07	163.58
1586.93	155.936
1587.78	135.596
1588.63	166.9
1589.49	147.486
1590.34	133.891
1591.2	157.357
1592.05	186.656
1592.9	170.056
1593.76	195.417
1594.61	192.495
1595.46	255.978
1596.32	283.435
1597.17	299.257
1598.02	348.364
1598.87	375.023
1599.72	461.358
1600.58	485
1601.43	481.113
1602.28	483.965
1603.13	462.26
1603.98	418.031
1604.83	392.414
1605.68	357.089
1606.53	285.702
1607.38	235.873
1608.23	222.204
1609.08	205.595
1609.93	157.716
1610.77	166.433
1611.62	175.113
1612.47	169.157
1613.32	181.731
1614.17	161.224
1615.01	131.027
1615.86	151.462
1616.71	107.666
1617.55	127.107
1618.4	114.419
1619.25	65.7672
1620.09	123.986
1620.94	126.804
1621.79	113.144
1622.63	103.394
1623.48	118.85
1624.32	116.885
1625.17	129.452
1626.01	124.602
1626.86	145.878
1627.7	127.484
1628.54	101.357
1629.39	120.677
1630.23	142.873
1631.07	138.952
1631.92	124.4
1632.76	122.401
1633.6	128.119
1634.45	155.038
1635.29	139.562
1636.13	141.442
1636.97	168.35
1637.81	146.172
1638.66	170.174
1639.5	157.629
1640.34	157.599
1641.18	162.395
1642.02	184.509
1642.86	165.316
1643.7	175.924
1644.54	166.344
1645.38	181.747
1646.22	178.875
1647.06	160.617
1647.89	187.542
1648.73	156.813
1649.57	172.253
1650.41	175.236
1651.25	140.712
1652.09	189.957
1652.92	194.918
1653.76	176.704
1654.6	203.767
1655.43	177.754
1656.27	184.532
1657.11	140.209
1657.94	185.671
1658.78	160.723
1659.62	169.603
1660.45	163.009
1661.29	180.586
1662.12	158.4
1662.96	152.643
1663.79	170.142
1664.62	166.332
1665.46	150.915
1666.29	164.653
1667.13	150.26
1667.96	174.778
1668.79	176.94
1669.63	135.207
1670.46	139.254
1671.29	154.036
1672.12	119.946
1672.96	141.549
1673.79	125.004
1674.62	143.685
1675.45	118.317
1676.28	126.258
1677.11	114.609
1677.95	104.915
1678.78	134.515
1679.61	101.205
1680.44	143.609
1681.27	91.5048
1682.1	106.32
1682.93	110.303
1683.75	97.5459
1684.58	114.367
1685.41	134.18
1686.24	115.533
1687.07	96.8633
1687.9	136.477
1688.73	108.887
1689.55	130.732
1690.38	112.006
1691.21	118.009
1692.04	103.198
1692.86	86.382
1693.69	126.014
1694.52	121.064
1695.34	113.155
1696.17	118.146
1696.99	140.017
1697.82	122.27
1698.64	132.295
1699.47	139.346
1700.29	116.578
1701.12	114.633
1701.94	110.674
1702.77	115.638
1703.59	119.596
1704.41	155.32
1705.24	137.428
1706.06	145.354
1706.88	146.341
1707.71	161.225
1708.53	167.183
1709.35	159.247
1710.17	203.88
1711	189.966
1711.82	216.689
1712.64	201.749
1713.46	222.479
1714.28	225.377
1715.1	223.348
1715.92	253.02
1716.74	237.173
1717.56	283.653
1718.38	267.732
1719.2	264.604
1720.02	296.976
1720.84	292.754
1721.66	332.942
1722.48	343.612
1723.3	335.675
1724.11	362.303
1724.93	348.552
1725.75	359.36
1726.57	406.476
1727.39	407.158
1728.2	422.51
1729.02	425.066
1729.84	419.832
1730.65	443.13
1731.47	393.923
1732.29	445.692
1733.1	406.292
1733.92	412.882
1734.73	441.918
1735.55	413.252
1736.36	409.071
1737.18	390.294
1737.99	388.136
1738.81	366.473
1739.62	329.219
1740.43	341.633
1741.25	315.11
1742.06	299.335
1742.87	309.832
1743.69	281.514
1744.5	264.884
1745.31	258.941
1746.13	239.436
1746.94	221.895
1747.75	214.07
1748.56	175.293
1749.37	152.037
1750.18	152.987
1750.99	187.791
1751.81	131.661
1752.61	119.068
1753.42	116.151
1754.24	134.506
1755.04	120.014
1755.85	79.439
1756.66	106.498
1757.47	87.1656
1758.28	83.2788
1759.09	73.5949
1759.9	106.358
1760.71	81.258
1761.52	86.0702
1762.32	97.6453
1763.13	87.0659
1763.94	63.9565
1764.74	62.0474
1765.55	42.7831
1766.36	71.7168
1767.17	61.1341
1767.97	79.4857
1768.78	71.8165
1769.58	46.776
1770.39	18.8154
1771.19	66.1685
1772	68.1367
1772.8	60.4377
1773.61	52.7354
1774.41	58.5682
1775.22	47.9655
1776.02	25.7465
1776.83	58.6801
1777.63	24.8308
1778.43	32.6065
1779.23	38.4543
1780.04	44.3145
1780.84	42.4265
1781.64	51.2225
1782.44	48.3712
1783.25	61.078
1784.05	45.5676
1784.85	60.2321
1785.65	44.6929
1786.45	31.084
1787.25	51.6233
1788.05	55.5855
1788.86	41.9583
1789.65	25.3768
1790.46	52.8174
1791.25	29.3622
1792.05	34.2962
1792.85	66.6879
1793.65	10.8289
1794.45	64.8529
1795.25	45.2769
1796.05	41.4078
1796.85	26.7034
1797.64	47.4501
1798.44	54.422
1799.24	44.613
1800.04	44.6627
1800.83	54.5928
1801.63	41.7803
1802.43	48.7458
1803.22	51.7574
1804.02	50.8094
1804.82	31.0298
1805.61	47.9134
1806.41	42.9892
1807.2	46.9896
1808	65.8811
1808.79	31.1758
1809.59	39.1566
1810.38	52.117
1811.18	71.0564
1811.97	57.1742
1812.76	50.2367
1813.56	44.2813
1814.35	63.1916
1815.14	39.3217
1815.94	61.2159
1816.73	58.2558
1817.52	59.2873
1818.31	43.4022
1819.1	23.5179
1819.9	42.467
1820.69	39.4943
1821.48	48.4665
1822.27	51.4565
1823.06	62.4111
1823.85	27.5759
1824.64	39.5313
1825.43	54.4683
1826.22	35.5663
1827.01	17.6653
1827.8	64.412
1828.59	56.4575
1829.38	53.4823
1830.17	56.476
1830.96	25.6749
1831.74	63.4481
1832.53	47.5453
1833.32	14.7672
1834.11	45.5334
1834.89	20.7225
1835.68	37.568
1836.47	34.5845
1837.26	31.606
1838.04	46.4371
1838.83	45.4326
1839.61	34.5471
1840.4	67.1102
1841.19	48.323
1841.97	38.4344
1842.76	39.394
1843.54	39.3721
1844.33	59.0181
1845.11	45.2458
1845.89	11.8481
1846.68	41.3163
1847.46	26.5928
1848.25	18.7463
1849.03	28.5605
1849.81	45.2303
1850.6	81.4926
1851.38	53.0673
1852.16	51.1083
1852.94	17.8107
1853.72	44.2484
1854.51	62.8299
1855.29	37.3804
1856.07	52.0261
1856.85	52.002
1857.63	25.6292
1858.41	35.3754
1859.19	30.4918
1859.97	27.5651
1860.75	36.3279
1861.53	49.9566
1862.31	36.3391
1863.09	32.4587
1863.87	30.5247
1864.65	10.1052
1865.43	43.1768
1866.21	18.8689
1866.99	46.0608
1867.76	33.4215
1868.54	37.2881
1869.32	30.4949
1870.1	27.5904
1870.87	37.2864
1871.65	32.4576
1872.43	36.3489
1873.2	53.8012
1873.98	36.3777
1874.76	51.884
1875.53	36.3978
1876.31	69.3348
1877.08	31.588
1877.86	40.3293
1878.63	60.7061
1879.41	21.9707
1880.18	66.5848
1880.96	20.0697
1881.73	38.5074
1882.5	43.3723
1883.28	19.1502
1884.05	38.5688
1884.82	20.1625
1885.6	48.3297
1886.37	64.8623
1887.14	24.1113
1887.91	21.2178
1888.68	30.9503
1889.46	52.3472
1890.23	42.6633
1891	64.0948
1891.77	60.2663
1892.54	21.3817
1893.31	20.449
1894.08	27.3246
1894.85	48.871
1895.62	45.021
1896.39	29.4072
1897.16	55.8612
1897.93	59.7943
1898.7	64.7012
1899.47	73.5321
1900.24	28.5263
1901.01	67.7587
1901.77	40.3761
1902.54	44.3636
1903.31	34.5973
1904.08	49.3964
1904.84	52.3997
1905.61	36.6907
1906.38	24.9034
1907.14	27.8895
1907.91	28.907
1908.68	61.5042
1909.44	36.8756
1910.21	52.7294
1910.97	22.1332
1911.74	50.8715
1912.51	33.1024
1913.27	37.1129
1914.03	26.2457
1914.8	55.0714
1915.56	31.2804
1916.33	36.2822
1917.09	50.2333
1917.85	29.3799
1918.62	43.3322
1919.38	18.481
1920.14	30.4465
1920.9	45.4095
1921.67	47.4412
1922.43	43.5032
1923.19	38.569
1923.95	26.6393
1924.71	30.6804
1925.47	30.723
1926.24	54.7821
1927	22.7752
1927.76	40.8217
1928.52	43.8415
1929.28	50.8626
1930.04	19.8304
1930.8	41.8681
1931.56	50.8876
1932.32	28.8782
1933.08	37.9051
1933.83	32.9225
1934.59	66.0029
1935.35	41.9966
1936.11	60.0675
1936.87	27.0098
1937.62	13.9911
1938.38	41.0527
1939.14	42.0489
1939.89	50.0526
1940.65	26.0338
1941.41	44.0548
1942.16	39.0641
1942.92	39.0745
1943.68	59.0807
1944.43	60.0648
1945.19	49.0475
1945.94	70.977
1946.7	41.0114
1947.45	54.9406
1948.21	41.9705
1948.96	58.8751
1949.71	52.8909
1950.47	45.9222
1951.22	50.8865
1951.98	33.9941
1952.73	49.8818
1953.48	59.7958
1954.23	49.8521
1954.99	45.8589
1955.74	39.8845
1956.49	57.6517
1957.24	36.8579
1957.99	63.4829
1958.75	60.4935
1959.5	47.663
1960.25	59.482
1961	34.8477
1961.75	35.8254
1962.5	59.4186
1963.25	52.5012
1964	61.3041
1964.75	53.4164
1965.5	26.9196
1966.25	33.7668
1967	46.4694
1967.74	84.5522
1968.49	41.5032
1969.24	49.2576
1969.99	26.8111
1970.74	41.3789
1971.48	43.2973
1972.23	46.196
1972.98	54.9254
1973.73	65.5944
1974.47	57.8224
1975.22	51.9851
1975.96	53.8921
1976.71	33.5353
1977.46	40.2783
1978.2	45.0797
1978.95	40.2336
1979.69	50.8324
1980.44	59.507
1981.18	57.586
1981.93	32.5386
1982.67	46.0356
1983.41	47.9564
1984.16	95.0966
1984.9	45.0224
1985.64	41.1466
1986.39	36.3191
1987.13	43.968
1987.87	34.3692
1988.61	20.0025
1989.36	67.8607
1990.1	35.3246
1990.84	64.0228
1991.58	31.5086
1992.32	66.8841
1993.06	42.036
1993.81	36.3137
1994.55	38.2438
1995.29	54.5226
1996.03	66.9968
1996.77	31.6421
1997.51	32.6339
1998.24	24.0449
1998.98	61.4492
1999.72	69.1535
2000.46	31.7865
2001.2	47.1547
2001.94	27.0349
2002.68	55.8491
2003.41	54.9269
2004.15	54.9677
2004.89	60.7747
2005.63	67.5465
2006.36	47.392
2007.1	47.4233
2007.84	38.7932
2008.57	34.9726
2009.31	46.5629
2010.05	39.8616
2010.78	51.4814
2011.52	33.2007
2012.25	36.1436
2012.99	48.7575
2013.72	42.0338
2014.46	56.593
2015.19	23.7068
2015.92	45.0492
2016.66	38.3037
2017.39	62.5999
2018.13	44.2236
2018.86	36.5108
2019.59	44.3544
2020.32	45.3962
2021.06	49.3634
2021.79	49.6638
2022.52	45.1994
2023.25	42.3919
2023.98	77.6879
2024.72	40.627
2025.45	52.4322
2026.18	49.8291
2026.91	51.0527
2027.64	63.0838
2028.37	40.409
2029.1	59.0794
2029.83	71.6395
2030.56	64.7343
2031.29	67.08
2032.02	70.145
2032.75	47.6428
2033.47	50.1017
2034.2	40.8404
2034.93	35.7909
2035.66	51.6466
2036.39	53.6043
2037.11	69.029
2037.84	38.2159
2038.57	58.8835
2039.3	58.5727
2040.02	43.9987
2040.75	42.3187
2041.47	60.0435
2042.2	44.2777
2042.93	57.3811
2043.65	39.4896
2044.38	39.293
2045.1	36.225
2045.83	68.2547
2046.55	42.7098
2047.28	61.7164
2048	38.0475
2048.73	36.5001
2049.45	41.0629
2050.17	45.9146
2050.9	56.7238
2051.62	57.5583
2052.34	50.9349
2053.07	52.4049
2053.79	55.6135
2054.51	45.5891
2055.23	57.7184
2055.95	53.09
2056.68	48.3008
2057.4	43.8581
2058.12	60.6188
2058.84	64.2058
2059.56	46.8522
2060.28	49.8762
2061	44.8401
2061.72	57.8806
2062.44	50.5319
2063.16	66.5614
2063.88	54.4708
2064.6	49.1613
2065.32	51.3245
2066.03	66.4016
2066.75	55.7151
2067.47	47.8063
2068.19	47.5875
2068.91	61.9694
2069.62	61.9822
2070.34	69.4382
2071.06	60.0717
2071.77	63.5076
2072.49	64.4662
2073.21	48.1478
2073.92	57.3565
2074.64	45.131
2075.36	41.1044
2076.07	59.2312
2076.79	54.2727
2077.5	58.4788
2078.22	44.683
2078.93	48.5154
2079.64	42.2783
2080.36	45.3436
2081.07	48.4822
2081.79	65.2015
2082.5	61.964
2083.21	53.8312
2083.93	44.9557
2084.64	47.4338
2085.35	63.2087
2086.07	51.0288
2086.78	39.5737
2087.49	72.1053
2088.2	63.5858
2088.91	60.8564
2089.62	67.0106
2090.33	81.7474
2091.04	82.0385
2091.76	58.6203
2092.47	44.0798
2093.18	57.9315
2093.89	55.3314
2094.6	61.014
2095.3	74.0427
2096.01	71.6289
2096.72	69.3442
2097.43	60.9124
2098.14	49.6953
2098.85	54.6505
2099.56	63.9477
2100.09	51.1706
2100.87	88.7197
2101.65	66.9489
2102.43	76.8106
2103.21	62.9556
2103.99	53.0508
2104.77	82.6077
2105.55	72.6727
2106.32	60.7792
2107.1	47.9289
2107.88	55.7471
2108.66	60.6246
2109.44	49.8083
2110.22	41.9495
2110.99	78.2593
2111.77	67.4333
2112.55	82.0831
2113.33	69.2608
2114.1	58.4207
2114.88	86.6977
2115.66	71.0189
2116.43	60.2613
2117.21	83.6884
2117.99	60.262
2118.76	49.5195
2119.54	87.5677
2120.31	83.6306
2121.09	62.1397
2121.86	66.9848
2122.64	54.2924
2123.41	84.4672
2124.19	68.866
2124.96	66.9086
2125.74	70.803
2126.51	62.052
2127.28	85.4506
2128.06	68.9159
2128.83	87.4582
2129.61	51.3998
2130.38	57.2536
2131.15	62.1303
2131.92	80.6618
2132.7	79.6972
2133.47	58.2521
2134.24	69.9749
2135.01	61.2062
2135.78	44.6223
2136.55	34.8666
2137.33	70.034
2138.1	76.8965
2138.87	67.157
2139.64	53.5036
2140.41	51.584
2141.18	60.4429
2141.95	68.3419
2142.72	92.9409
2143.49	34.0833
2144.26	77.3588
2145.03	83.3044
2145.8	80.3946
2146.57	70.593
2147.33	77.5406
2148.1	95.3616
2148.87	81.6351
2149.64	70.8451
2150.41	36.2869
2151.17	54.1297
2151.94	59.1149
2152.71	81.9471
2153.48	68.1216
2154.24	52.2977
2155.01	47.381
2155.78	74.2916
2156.54	60.4263
2157.31	85.4077
2158.08	62.5346
2158.84	52.5977
2159.61	54.6313
2160.37	56.6602
2161.14	56.6851
2161.9	55.7089
2162.67	64.751
2163.43	58.7864
2164.2	79.9085
2164.96	76.9872
2165.72	95.1762
2166.49	74.139
2167.25	55.059
2168.01	47.0249
2168.78	54.0984
2169.54	74.2856
2170.3	60.1881
2171.07	66.2794
2171.83	82.4958
2172.59	80.5464
2173.35	64.4227
2174.11	66.4964
2174.88	87.8135
2175.64	61.478
2176.4	49.3162
2177.16	51.3864
2177.92	59.5465
2178.68	75.836
2179.44	79.9738
2180.2	56.7055
2180.96	53.7332
2181.72	61.9384
2182.48	96.5945
2183.24	40.6979
2184	86.5488
2184.76	84.5619
2185.52	68.3179
2186.28	78.54
2187.04	72.476
2187.79	73.5406
2188.55	101.084
2189.31	60.4003
2190.07	89.9872
2190.83	90.0379
2191.58	89.0685
2192.34	62.6241
2193.1	56.5513
2193.85	88.1678
2194.61	71.8877
2195.37	99.382
2196.12	88.1703
2196.88	66.8004
2197.63	98.2972
2198.39	73.9166
2199.15	75.9664
2199.9	87.1642
2200.66	74.0023
2201.41	60.8372
2202.16	86.2225
2202.92	72.021
2203.67	81.1361
2204.43	74.0367
2205.18	87.2015
2205.93	89.244
2206.69	38.6817
2207.44	99.448
2208.19	69.1308
2208.95	85.3594
2209.7	76.2721
2210.45	80.3274
2211.2	51.013
2211.95	76.2869
2212.71	80.329
2213.46	72.2562
2214.21	77.3049
2214.96	73.2701
2215.71	78.3032
2216.46	82.3152
2217.21	100.398
2217.96	71.2001
2218.71	94.2705
2219.46	66.1352
2220.21	92.1866
2220.96	78.1439
2221.71	83.1543
2222.46	70.1525
2223.21	88.1772
2223.96	79.176
2224.71	98.157
2225.46	52.1855
2226.21	80.1259
2226.95	108.027
2227.7	99.0309
2228.45	62.1702
2229.2	102.996
2229.94	97.0205
2230.69	116.909
2231.44	120.874
2232.18	119.866
2232.93	117.863
2233.68	135.705
2234.42	133.675
2235.17	140.558
2235.92	107.81
2236.66	143.412
2237.41	140.404
2238.15	112.698
2238.9	143.341
2239.64	140.372
2240.38	143.33
2241.13	148.254
2241.87	86.052
2242.62	139.329
2243.36	90.9884
2244.1	119.573
2244.85	96.9019
2245.59	84.1
2246.33	95.9209
2247.08	83.1335
2247.82	111.67
2248.56	88.0667
2249.3	92.9781
2250.05	85.1094
2250.79	84.1194
2251.53	96.8686
2252.27	83.1388
2253.01	94.9187
2253.75	90.0443
2254.49	82.2411
2255.23	79.3449
2255.97	87.2335
2256.71	101.002
2257.45	89.2745
2258.19	76.5588
2258.93	82.4572
2259.67	82.4703
2260.41	41.3605
2261.15	69.785
2261.89	85.4913
2262.63	94.3642
2263.36	98.3586
2264.1	68.0588
2264.84	83.8154
2265.58	92.71
2266.32	58.4289
2267.05	54.5468
2267.79	90.8834
2268.53	59.5234
2269.26	82.118
2270	102.754
2270.74	80.242
2271.48	58.7143
2272.21	83.3134
2272.95	83.3922
2273.68	84.4601
2274.42	48.1697
2275.15	82.6699
2275.89	75.8625
2276.62	102.527
2277.36	77.9725
2278.09	84.9316
2278.83	67.2454
2279.56	78.1402
2280.29	84.1066
2281.03	41.7527
2281.76	75.3347
2282.49	89.2049
2283.23	69.5372
2283.96	96.273
2284.69	80.5611
2285.42	95.4836
2286.16	77.7675
2286.89	64.97
2287.62	74.925
2288.35	77.9449
2289.08	49.2755
2289.81	81.0271
2290.55	51.3698
2291.28	87.1434
2292.01	94.1975
2292.74	86.3672
2293.47	78.5213
2294.2	65.6806
2294.93	65.7571
2295.66	62.8344
2296.39	91.7844
2297.11	44.0026
2297.85	93.8798
2298.57	61.0415
2299.3	80.0496
2300.03	83.1237
2300.76	74.2288
2301.49	76.313
2302.22	74.3948
2302.94	84.4686
2303.67	99.5459
2304.4	77.5973
2305.12	86.6794
2305.85	81.7516
2306.58	83.8409
2307.31	58.8489
2308.03	92.035
2308.76	83.0726
2309.48	67.066
2310.21	83.1943
2310.93	70.1923
2311.66	63.2182
2312.38	66.3001
2313.11	60.3323
2313.83	66.4376
2314.56	91.6774
2315.28	66.5574
2316.01	55.5261
2316.73	54.5684
2317.45	73.7745
2318.18	92.9986
2318.9	74.915
2319.62	72.9638
2320.35	73.0262
2321.07	74.0931
2321.79	73.1364
2322.52	78.2402
2323.24	93.4536
2323.96	33.8805
2324.68	45.05
2325.4	37.0092
2326.12	38.0669
2326.84	21.9234
2327.56	42.2016
2328.29	12.8985
2329.01	0.793823
2329.73	8.93085
2330.45	35.3011
2331.17	28.2585
2331.89	44.5168
2332.61	54.6975
2333.32	57.7808
2334.04	52.7523
2334.76	82.1823
2335.48	62.9669
2336.2	59.9711
2336.92	64.0751
2337.64	56.0147
2338.35	30.7089
2339.07	43.9385
2339.79	60.2123
2340.51	52.1401
2341.23	48.1271
2341.94	38.0281
2342.66	47.2168
2343.37	34.0692
2344.09	68.6688
2344.81	64.6568
2345.52	29.1221
2346.24	57.6077
2346.95	65.7529
2347.67	24.1442
2348.38	69.855
2349.1	48.5802
2349.82	33.4014
2350.53	30.4042
2351.24	43.663
2351.96	34.5658
2352.67	24.443
2353.39	57.0103
2354.1	42.812
2354.81	57.0677
2355.53	32.718
2356.24	47.9892
2356.95	18.5756
2357.66	40.9599
2358.38	39.9879
2359.09	22.7624
2359.8	-9.71344
2360.51	36.0647
2361.22	31.0305
2361.94	37.1855
2362.65	59.6369
2363.36	52.5725
2364.07	11.8699
2364.78	36.3732
2365.49	47.6287
2366.2	56.8402
2366.91	61.9692
2367.62	56.9066
2368.33	33.5074
2369.04	8.07404
2369.75	31.5511
2370.46	47.8986
2371.16	29.5961
2371.87	32.6947
2372.58	31.7162
2373.29	42.97
2374	45.0515
2374.71	18.5874
2375.41	20.6672
2376.12	29.8847
2376.83	9.53143
2377.53	36.0866
2378.24	32.0504
2378.95	48.418
2379.65	22.9555
2380.36	18.915
2381.07	52.6374
2381.77	50.6354
2382.48	-2.39771
2383.18	28.2618
2383.89	41.5786
2384.59	44.6957
2385.3	58.0379
2386	92.8602
2386.71	34.6292
2387.41	9.10297
2388.12	36.7475
2388.82	78.6807
2389.52	40.8982
2390.23	42.9775
2390.93	13.3924
2391.63	51.2366
2392.34	28.8
2393.04	32.9268
2393.74	33.9852
2394.44	51.3858
2395.15	36.1018
2395.85	39.2081
2396.55	54.5799
2397.25	57.6982
2397.95	25.0373
2398.65	33.2551
2399.35	-2.479
2400.05	16.9772
2400.75	49.6922
2401.45	29.3028
2402.15	24.2363
2402.85	89.5828
2403.55	33.5012
2404.25	46.8151
2404.95	44.8218
2405.65	49.9761
2406.35	60.2377
2407.05	13.2908
2407.75	43.9808
2408.44	28.6972
2409.14	43.045
2409.84	69.6624
2410.54	35.979
2411.24	40.11
2411.93	20.7266
2412.63	70.8475
2413.33	38.1739
2414.02	55.5696
2414.72	48.4467
2415.42	42.3505
2416.11	46.4636
2416.81	35.2742
2417.5	74.0717
2418.2	55.7493
2418.9	40.4905
2419.59	19.1111
2420.28	60.9719
2420.98	36.5276
2421.67	65.106
2422.37	23.342
2423.06	58.0077
2423.75	20.36
2424.45	57.0494
2425.14	42.8408
2425.84	60.2065
2426.53	51.0949
2427.22	41.9738
2427.91	39.9797
2428.61	40.0184
2429.3	61.4542
2429.99	45.1715
2430.68	38.0652
2431.37	58.4324
2432.07	23.8792
2432.76	49.3087
2433.45	55.4246
2434.14	41.2434
2434.83	4.74036
2435.52	53.5048
2436.21	58.6216
2436.9	50.5366
2437.59	46.5064
2438.28	63.7714
2438.97	22.2257
2439.66	55.6886
2440.35	46.5966
2441.04	43.5889
2441.72	29.4564
2442.41	24.4352
2443.1	38.6317
2443.79	58.8835
2444.48	50.8214
2445.16	43.7756
2445.85	49.8649
2446.54	45.8596
2447.23	53.9732
2447.91	40.8884
2448.6	26.7946
2449.29	40.9639
2449.97	68.2454
2450.66	34.98
2451.34	52.164
2452.03	64.3021
2452.72	65.3479
2453.4	41.1827
2454.09	42.2282
2454.77	44.2773
2455.46	41.2813
2456.14	82.593
2456.82	46.3614
2457.51	42.3614
2458.19	50.4349
2458.88	64.543
2459.56	68.6053
2460.24	69.658
2460.92	79.7639
2461.61	72.7745
2462.29	48.6802
2462.97	98.0151
2463.66	65.8621
2464.34	62.877
2465.02	65.92
2465.7	87.0477
2466.38	68.9728
2467.06	62.9651
2467.75	64.9973
2468.42	72.0542
2469.11	96.181
2469.79	69.1284
2470.47	66.168
2471.15	91.3271
2471.83	120.513
2472.51	81.3859
2473.19	53.2971
2473.86	78.4471
2474.54	43.3248
2475.22	61.4376
2475.9	74.5294
2476.58	62.522
2477.26	98.7303
2477.94	70.6616
2478.61	73.7342
2479.29	54.6891
2479.97	67.8094
2480.65	59.8102
2481.32	78.9629
2482	65.931
2482.68	96.1534
2483.35	74.0706
2484.03	45.9445
2484.71	93.2828
2485.38	91.3091
2486.06	68.1986
2486.73	63.1994
2487.41	85.3586
2488.08	65.2789
2488.76	51.241
2489.43	75.4317
2490.11	91.5921
2490.78	93.675
2491.45	60.5098
2492.13	69.6313
2492.8	55.5767
2493.48	73.7672
2494.15	75.8344
2494.82	68.8298
2495.49	65.8613
2496.17	61.8872
2496.84	88.2072
2497.51	89.3002
2498.18	77.2469
2498.86	89.4455
2499.53	77.3602
2500.2	79.4248
2500.87	76.4288
2501.54	89.6231
2502.21	94.7401
2502.88	55.3347
2503.55	60.4622
2504.22	102.088
2504.89	92.0319
2505.56	73.8367
2506.23	82.0056
2506.9	74.949
2507.57	119.658
2508.24	108.557
2508.91	87.3032
2509.58	86.3582
2510.25	73.2084
2510.91	90.5475
2511.58	50.9362
2512.25	93.6929
2512.92	65.2611
2513.59	89.7261
2514.25	83.6819
2514.92	94.9448
2515.59	99.0881
2516.25	99.155
2516.92	78.8345
2517.59	80.9226
2518.25	71.7949
2518.92	83.0517
2519.58	79.0191
2520.25	87.2239
2520.91	78.1013
2521.58	108.768
2522.24	75.168
2522.91	72.1759
2523.57	77.3574
2524.24	83.5663
2524.9	90.8011
2525.56	90.8727
2526.23	69.438
2526.89	117.635
2527.55	75.6971
2528.22	96.2469
2528.88	86.0485
2529.54	99.4161
2530.21	77.928
2530.87	70.7897
2531.53	83.1294
2532.19	95.4836
2532.85	99.6588
2533.51	107.957
2534.18	83.4111
2534.84	88.6245
2535.5	78.4094
2536.16	79.4801
2536.82	99.0339
2537.48	65.1456
2538.14	109.331
2538.8	96.0056
2539.46	72.431
2540.12	71.4569
2540.78	94.1232
2541.44	93.1719
2542.09	100.447
2542.75	92.2863
2543.41	106.749
2544.07	80.0317
2544.73	92.4052
2545.39	87.2726
2546.04	81.109
2546.7	125.289
2547.36	97.5543
2548.02	121.178
2548.67	104.784
2549.33	104.826
2549.98	97.6906
2550.64	111.089
2551.3	101.9
2551.95	107.087
2552.61	91.733
2553.26	93.8384
2553.92	101.079
2554.57	101.12
2555.23	124.774
2555.88	124.779
2556.54	124.768
2557.19	130.904
2557.85	80.65
2558.5	123.709
2559.15	126.799
2559.81	129.904
2560.46	135.069
2561.11	136.14
2561.77	142.328
2562.42	121.864
2563.07	136.214
2563.72	128.015
2564.37	156.65
2565.03	148.442
2565.68	142.302
2566.33	123.922
2566.98	112.721
2567.63	125.041
2568.28	119.982
2568.93	125.134
2569.58	148.664
2570.23	141.506
2570.88	151.713
2571.53	156.817
2572.18	131.316
2572.83	149.738
2573.48	157.961
2574.13	140.651
2574.78	161.113
2575.43	147.86
2576.07	145.829
2576.72	132.569
2577.37	128.5
2578.02	134.635
2578.67	148.925
2579.31	126.5
2579.96	147.902
2580.61	138.717
2581.26	147.863
2581.9	127.495
2582.55	132.591
2583.19	141.777
2583.84	149.967
2584.49	140.873
2585.13	140.932
2585.78	130.795
2586.42	144.037
2587.07	151.138
2587.71	139.914
2588.36	149.008
2589	147.947
2589.65	130.675
2590.29	157.037
2590.93	150.967
2591.58	156.068
2592.22	128.745
2592.86	152.119
2593.51	162.328
2594.15	141.104
2594.79	146.252
2595.43	175.759
2596.07	152.481
2596.72	147.454
2597.36	165.758
2598	148.514
2598.64	119.093
2599.28	115.049
2599.92	118.112
2600.56	133.354
2601.2	154.694
2601.85	112.152
2602.49	134.516
2603.13	169.048
2603.76	155.894
2604.4	141.719
2605.04	166.078
2605.68	161.031
2606.32	141.796
2606.96	142.84
2607.6	169.216
2608.24	148.958
2608.88	160.103
2609.51	145.922
2610.15	165.166
2610.79	160.128
2611.43	147.017
2612.06	126.834
2612.7	155.275
2613.34	123.952
2613.97	116.932
2614.61	153.508
2615.25	165.75
2615.88	147.556
2616.52	151.678
2617.15	130.43
2617.79	151.814
2618.42	175.244
2619.06	139.774
2619.69	169.306
2620.33	146
2620.96	154.182
2621.6	148.129
2622.23	167.481
2622.86	164.477
2623.5	164.533
2624.13	153.416
2624.76	150.438
2625.4	170.854
2626.03	144.471
2626.66	132.316
2627.29	193.42
2627.93	175.152
2628.56	171.137
2629.19	156.952
2629.82	183.501
2630.45	191.738
2631.08	152.091
2631.71	167.45
2632.34	150.19
2632.98	154.329
2633.61	219.656
2634.24	187.108
2634.87	190.268
2635.5	208.752
2636.12	171.086
2636.75	184.467
2637.38	173.322
2638.01	158.072
2638.64	189.848
2639.27	226.742
2639.9	203.283
2640.53	193.107
2641.15	183.944
2641.78	210.585
2642.41	189.144
2643.04	203.524
2643.66	234.297
2644.29	192.421
2644.92	218.109
2645.54	192.596
2646.17	203.939
2646.8	219.367
2647.42	197.893
2648.05	190.754
2648.67	200.005
2649.3	206.189
2649.92	226.73
2650.55	231.924
2651.17	209.466
2651.8	247.501
2652.42	248.65
2653.05	227.226
2653.67	213.987
2654.29	218.175
2654.92	196.676
2655.54	215.201
2656.16	224.478
2656.79	232.73
2657.41	233.819
2658.03	245.066
2658.65	246.057
2659.27	220.616
2659.9	253.866
2660.52	256.372
2661.14	257.658
2661.76	236.576
2662.38	264.482
2663	237.437
2663.62	253.063
2664.24	254.886
2664.86	252.402
2665.48	262.498
2666.1	259.628
2666.72	249.587
2667.34	247.902
2667.96	249.013
2668.58	259.76
2669.2	236.116
2669.82	255.013
2670.44	239.277
2671.05	239.362
2671.67	247.635
2672.29	281.82
2672.91	254.278
2673.53	286.121
2674.14	252.775
2674.76	256.365
2675.38	250.884
2675.99	266.467
2676.61	268.071
2677.23	280.797
2677.84	291.591
2678.46	301.125
2679.07	310.682
2679.69	305.528
2680.3	347.555
2680.92	330.576
2681.53	356.135
2682.15	380.638
2682.76	386.395
2683.38	398.172
2683.99	417.026
2684.61	399.344
2685.22	400.922
2685.83	397.476
2686.44	388.363
2687.06	389.395
2687.67	369
2688.28	384.028
2688.9	397.879
2689.51	396.003
2690.12	404.168
2690.73	412.098
2691.34	402.702
2691.96	408.899
2692.57	414.243
2693.18	416.025
2693.79	423.023
2694.4	421.143
2695.01	443.12
2695.62	433.016
2696.23	427.659
2696.84	420.224
2697.45	408.605
2698.06	436.268
2698.67	445.165
2699.28	459.432
2699.88	422.417
2700.49	420.304
2701.1	420.232
2701.71	422.809
2702.32	421.542
2702.93	432.389
2703.53	418.075
2704.14	458.327
2704.75	460.717
2705.36	452.561
2705.96	461.259
2706.57	452.365
2707.17	452.574
2707.78	450.414
2708.39	458.691
2708.99	476.039
2709.6	477.817
2710.2	495.261
2710.81	483.809
2711.41	492.844
2712.02	505.152
2712.62	508.082
2713.23	516.304
2713.83	517.986
2714.44	524.234
2715.04	532.301
2715.64	548.255
2716.25	541.12
2716.85	535.138
2717.45	546.332
2718.05	529.727
2718.66	531.89
2719.26	544.082
2719.86	549.861
2720.46	540.85
2721.06	546.656
2721.67	559.458
2722.27	586.646
2722.87	579.908
2723.47	583.258
2724.07	590.297
2724.67	589.48
2725.27	596.772
2725.71	621.531
2726.38	628.554
2727.06	612.068
2727.73	632.15
2728.4	621.688
2729.07	634.643
2729.74	643.614
2730.42	616.134
2731.09	651.775
2731.76	636.732
2732.43	650.216
2733.1	662.716
2733.77	626.355
2734.44	641.816
2735.11	654.135
2735.78	689.774
2736.45	703.941
2737.12	676.305
2737.79	700.518
2738.46	680.979
2739.13	702.15
2739.8	674.599
2740.47	716.284
2741.14	679.831
2741.81	653.634
2742.47	659.02
2743.14	698.015
2743.81	692.205
2744.48	644.57
2745.15	669.196
2745.81	642.85
2746.48	640.962
2747.15	662.55
2747.81	635.217
2748.48	673.137
2749.15	654.895
2749.81	674.307
2750.48	643.639
2751.15	633.332
2751.81	615.914
2752.48	642.454
2753.14	632.431
2753.81	611.314
2754.47	590.25
2755.14	601.813
2755.8	572.388
2756.47	588.818
2757.13	575.506
2757.8	592.82
2758.46	540.683
2759.13	557.098
2759.79	542.946
2760.45	571.787
2761.12	544.37
2761.78	545.506
2762.44	567.007
2763.1	547.513
2763.77	545.403
2764.43	547.442
2765.09	545.493
2765.76	536.493
2766.42	557.259
2767.08	578.087
2767.74	585.596
2768.4	578.698
2769.06	562.493
2769.72	579.047
2770.38	614.033
2771.05	636.702
2771.71	609.105
2772.37	626.722
2773.03	631.055
2773.69	665.228
2774.35	653.171
2775.01	681.146
2775.67	717.275
2776.33	750.245
2776.99	789.342
2777.64	783.2
2778.3	835.733
2778.96	861.591
2779.62	891.593
2780.28	871.145
2780.94	903.096
2781.59	936.014
2782.25	918.506
2782.91	908.274
2783.57	940.363
2784.22	897.453
2784.88	920.508
2785.54	878.65
2786.2	900.53
2786.85	908.774
2787.51	858.057
2788.16	909.207
2788.82	875.904
2789.48	864.386
2790.13	891.185
2790.79	900.712
2791.44	909.345
2792.1	905.601
2792.75	946.016
2793.41	914.067
2794.06	947.878
2794.72	938.282
2795.37	929.684
2796.02	953.035
2796.68	1006.3
2797.33	952.652
2797.98	1012.28
2798.64	987.648
2799.29	1006.29
2799.94	1015.71
2800.6	1022.06
2801.25	1031.52
2801.9	1062.6
2802.55	1068.95
2803.21	1051.55
2803.86	1104.1
2804.51	1147.3
2805.16	1108.05
2805.81	1124.38
2806.46	1117.05
2807.11	1198.26
2807.77	1185.81
2808.42	1217.57
2809.07	1224.56
2809.72	1196.48
2810.37	1190.97
2811.02	1258.43
2811.67	1279.7
2812.32	1282.6
2812.97	1326.76
2813.61	1328.92
2814.26	1328.07
2814.91	1366.29
2815.56	1357.19
2816.21	1399.43
2816.86	1434.39
2817.51	1443.55
2818.15	1431.02
2818.8	1503.68
2819.45	1474.56
2820.1	1497.86
2820.74	1513.08
2821.39	1571.66
2822.04	1541.09
2822.69	1584.54
2823.33	1595.02
2823.98	1615.53
2824.63	1649.1
2825.27	1635.2
2825.92	1671.56
2826.56	1697.76
2827.21	1718.03
2827.85	1743.67
2828.5	1772.59
2829.14	1800.62
2829.79	1836.97
2830.43	1822.08
2831.08	1835.98
2831.72	1808.77
2832.37	1843.12
2833.01	1855.73
2833.65	1894.9
2834.3	1941.07
2834.94	1966.54
2835.58	2001.11
2836.23	1997.58
2836.87	1990.94
2837.51	2061.4
2838.16	2038.63
2838.8	2086.96
2839.44	2139.67
2840.08	2132.93
2840.72	2155.91
2841.36	2165.29
2842.01	2249.44
2842.65	2229.71
2843.29	2214.1
2843.93	2293.06
2844.57	2358.76
2845.21	2382.42
2845.85	2429.7
2846.49	2423.67
2847.13	2496.91
2847.77	2478.02
2848.41	2576.55
2849.05	2535.39
2849.69	2573.17
2850.33	2551.85
2850.97	2590.61
2851.61	2584.64
2852.24	2587.74
2852.88	2619.79
2853.52	2684.17
2854.16	2696.83
2854.8	2702.8
2855.43	2684.24
2856.07	2762.11
2856.71	2736.75
2857.35	2840.58
2857.98	2811.63
2858.62	2843.59
2859.26	2958.32
2859.89	3019.09
2860.53	3107.97
2861.16	3114.4
2861.8	3197.64
2862.44	3275.26
2863.07	3419.5
2863.71	3424.6
2864.34	3619.44
2864.98	3738.37
2865.61	3755.57
2866.25	3863.54
2866.88	3880.7
2867.52	4096.55
2868.15	4195.65
2868.78	4211.05
2869.42	4372.9
2870.05	4310.28
2870.69	4487.34
2871.32	4583.55
2871.95	4682.32
2872.58	4861.87
2873.22	4889.55
2873.85	5054.15
2874.48	5192.48
2875.11	5220.03
2875.75	5276.63
2876.38	5367.88
2877.01	5370.99
2877.64	5370.67
2878.27	5381.21
2878.9	5342.17
2879.53	5343.26
2880.16	5367.59
2880.79	5342.41
2881.42	5357.85
2882.05	5371.68
2882.68	5299.17
2883.31	5439.65
2883.94	5363.95
2884.57	5375.31
2885.2	5394.85
2885.83	5446.16
2886.46	5476.73
2887.09	5459.92
2887.72	5550.44
2888.35	5545.23
2888.97	5557.17
2889.6	5600.53
2890.23	5617.6
2890.86	5696.15
2891.49	5653.55
2892.11	5791.62
2892.74	5762.24
2893.37	5758.98
2893.99	5896.81
2894.62	5870.17
2895.25	5952.43
2895.87	6033.54
2896.5	6088.52
2897.12	6159.85
2897.75	6193.53
2898.38	6198.33
2899	6237.75
2899.63	6260.53
2900.25	6370.65
2900.88	6441.75
2901.5	6468.96
2902.12	6607.55
2902.75	6608.36
2903.37	6667.32
2904	6741.42
2904.62	6684.7
2905.25	6773.66
2905.87	6793
2906.49	6916.66
2907.11	6899.13
2907.74	6814.1
2908.36	6886.53
2908.98	6975.1
2909.6	6966.65
2910.23	6937.59
2910.85	6895.95
2911.47	6970.56
2912.09	6885.16
2912.71	6990.51
2913.33	6973.79
2913.96	7022.05
2914.58	6996.71
2915.2	6852.68
2915.82	6843.07
2916.44	6772.68
2917.06	6810.63
2917.68	6656.52
2918.3	6673.43
2918.92	6626.86
2919.54	6586.96
2920.16	6592.58
2920.77	6558.01
2921.39	6522.57
2922.01	6541.28
2922.63	6421.36
2923.25	6483.63
2923.87	6453.86
2924.48	6449.88
2925.1	6445.97
2925.72	6446.62
2926.34	6535.1
2926.95	6561.93
2927.57	6488.7
2928.19	6480.07
2928.8	6673.19
2929.42	6764.91
2930.04	6767.29
2930.65	6805.64
2931.27	6923.7
2931.89	6981.08
2932.5	7066.09
2933.12	7109.07
2933.73	7309.25
2934.35	7372.74
2934.96	7530.66
2935.58	7633.33
2936.19	7751.84
2936.81	7838.23
2937.42	7897.86
2938.03	7940.09
2938.65	8051.16
2939.26	8130.07
2939.88	8056.12
2940.49	8022.37
2941.1	8020.93
2941.71	7846.57
2942.33	7775.62
2942.94	7700.16
2943.55	7566.9
2944.17	7508.33
2944.78	7294.65
2945.39	7192.9
2946	7137.57
2946.61	7025.08
2947.22	6877.74
2947.83	6734.12
2948.45	6686.4
2949.06	6642.3
2949.67	6448.15
2950.28	6320.13
2950.89	6298.04
2951.5	6137.54
2952.11	6020.33
2952.72	5992.46
2953.33	5885.05
2953.94	5793.01
2954.54	5743.63
2955.15	5610.97
2955.76	5529.49
2956.37	5526.26
2956.98	5453.67
2957.59	5262.66
2958.2	5253.3
2958.8	5145.1
2959.41	5188.85
2960.02	5089.49
2960.63	5003.9
2961.23	4962.03
2961.84	4907.32
2962.45	4850.52
2963.05	4829.18
2963.66	4674.64
2964.27	4636.48
2964.87	4606.47
2965.48	4522.61
2966.08	4468.9
2966.69	4416.99
2967.29	4341.76
2967.9	4257.45
2968.5	4244.54
2969.11	4158.23
2969.71	4057.8
2970.32	3956.02
2970.92	3900.25
2971.53	3861.43
2972.13	3742.32
2972.74	3716.25
2973.34	3611.11
2973.94	3545.39
2974.54	3462.97
2975.15	3435.24
2975.75	3336.3
2976.35	3268.91
2976.96	3170.31
2977.56	3155.05
2978.16	3078.26
2978.76	3032.12
2979.36	2904.89
2979.97	2922.38
2980.57	2822.07
2981.17	2809.92
2981.77	2720.52
2982.37	2651.16
2982.97	2604.97
2983.57	2491.97
2984.17	2447.79
2984.77	2432.68
2985.37	2339.31
2985.97	2334.53
2986.57	2278.92
2987.17	2155.76
2987.77	2136.92
2988.37	2073.71
2988.97	2053.21
2989.57	1948.39
2990.17	1925.42
2990.76	1877.88
2991.36	1881.67
2991.96	1798.56
2992.56	1774.95
2993.16	1703.2
2993.75	1674.33
2994.35	1659.61
2994.95	1627.35
2995.54	1582.82
2996.14	1543.57
2996.74	1524
2997.33	1480.13
2997.93	1397.55
2998.52	1404.02
2999.12	1435.04
2999.72	1406.67
3000.31	1324.01
3000.91	1320.16
3001.5	1300.94
3002.1	1283.74
3002.69	1261.32
3003.29	1275.66
3003.88	1209
3004.47	1189.44
3005.07	1197.63
3005.66	1158.91
3006.26	1121.42
3006.85	1140.45
3007.44	1103.16
3008.04	1081.15
3008.63	1026.09
3009.22	992.344
3009.81	966.628
3010.41	979.83
3011	926.345
3011.59	957.125
3012.18	965.464
3012.77	914.364
3013.36	897.152
3013.96	871.69
3014.55	865.705
3015.14	828.91
3015.73	886.716
3016.32	869.597
3016.91	773.309
3017.5	799.369
3018.09	798.587
3018.68	790.475
3019.27	804.927
3019.86	767.9
3020.45	763.896
3021.04	798.114
3021.63	754.144
3022.22	769.952
3022.8	755.818
3023.39	783.874
3023.98	707.665
3024.57	737.674
3025.16	755.31
3025.74	751.295
3026.33	789.587
3026.92	713.267
3027.5	762.797
3028.09	756.526
3028.68	745.082
3029.26	753.29
3029.85	760.571
3030.44	772.11
3031.02	744.532
3031.61	745.898
3032.19	749.3
3032.78	748.484
3033.37	799.248
3033.95	770.333
3034.54	776.521
3035.12	769.273
3035.71	786.859
3036.29	796.196
3036.87	790.037
3037.46	788.015
3038.04	798.415
3038.63	787.156
3039.21	808.037
3039.79	796.964
3040.38	796.312
3040.96	839.172
3041.54	812.588
3042.12	781.691
3042.71	815.885
3043.29	780.489
3043.87	779.188
3044.45	825.494
3045.03	807.693
3045.62	833.5
3046.2	805.648
3046.78	844.145
3047.36	866.143
3047.94	849.811
3048.52	885.194
3049.1	880.093
3049.68	926.711
3050.26	929.77
3050.84	995.987
3051.42	1028.01
3052	1020.68
3052.58	1073.4
3053.16	1126.14
3053.74	1142.69
3054.32	1166.58
3054.89	1195.77
3055.47	1190.92
3056.05	1185.1
3056.63	1209.34
3057.21	1192.03
3057.78	1228.47
3058.36	1216
3058.94	1246.92
3059.52	1205.21
3060.09	1195.67
3060.67	1194.52
3061.25	1204.89
3061.82	1196.69
3062.4	1176.06
3062.97	1241.37
3063.55	1217.47
3064.13	1203.84
3064.7	1152.92
3065.28	1131.09
3065.85	1162.18
3066.43	1130.16
3067	1128.19
3067.58	1091.93
3068.15	1045.15
3068.72	1010.66
3069.3	1034.06
3069.87	973.639
3070.45	944.392
3071.02	944.275
3071.59	907.085
3072.17	860.672
3072.74	835.97
3073.31	814.291
3073.89	767.677
3074.46	775.807
3075.03	728.077
3075.6	763.121
3076.17	731.072
3076.74	666.046
3077.32	695.182
3077.89	644.71
3078.46	626.261
3079.03	642.927
3079.6	628.462
3080.17	595.287
3080.74	611.713
3081.31	597.06
3081.88	602.041
3082.45	560.515
3083.02	587.219
3083.59	577.768
3084.16	553.873
3084.73	560.964
3085.3	564.966
3085.87	540.112
3086.43	520.479
3087	527.741
3087.57	554.667
3088.14	524.855
3088.71	548.697
3089.28	510.548
3089.84	530.154
3090.41	491.912
3090.98	495.98
3091.54	497.982
3092.11	512.366
3092.68	496.824
3093.24	459.619
3093.81	476.048
3094.38	463.607
3094.94	491.39
3095.51	504.75
3096.07	516.05
3096.64	481.991
3097.2	467.507
3097.77	482.905
3098.33	502.444
3098.9	469.489
3099.46	505.602
3100.03	483.017
3100.59	482.061
3101.15	488.287
3101.72	467.676
3102.28	459.394
3102.84	484.06
3103.41	449.989
3103.97	478.746
3104.53	472.478
3105.1	506.355
3105.66	476.413
3106.22	487.654
3106.78	471.133
3107.34	499.898
3107.91	479.3
3108.47	482.375
3109.03	502.955
3109.59	467
3110.15	523.675
3110.71	497.071
3111.27	475.621
3111.83	477.822
3112.39	476.873
3112.95	465.537
3113.51	443.834
3114.07	481.803
3114.63	464.197
3115.19	512.489
3115.75	469.272
3116.31	506.341
3116.87	473.456
3117.43	457.005
3117.98	472.4
3118.54	458.948
3119.1	519.516
3119.66	480.341
3120.22	467.936
3120.77	483.324
3121.33	485.382
3121.89	466.898
3122.44	495.675
3123	485.361
3123.56	482.196
3124.11	490.295
3124.67	482.973
3125.23	503.39
3125.78	476.632
3126.34	466.359
3126.89	470.51
3127.45	493.181
3128	461.463
3128.56	496.478
3129.11	438.019
3129.67	459.633
3130.22	487.372
3130.78	495.553
3131.33	474.943
3131.88	477.926
3132.44	499.372
3132.99	490.032
3133.54	512.522
3134.1	483.752
3134.65	505.282
3135.2	510.43
3135.76	520.725
3136.31	513.588
3136.86	482.85
3137.41	517.756
3137.96	525.976
3138.51	489.043
3139.07	544.428
3139.62	471.583
3140.17	496.19
3140.72	520.804
3141.27	500.296
3141.82	512.612
3142.37	499.279
3142.92	531.054
3143.47	499.235
3144.02	530.998
3144.57	518.695
3145.12	480.801
3145.67	529.096
3146.22	503.589
3146.77	497.58
3147.32	506.945
3147.86	523.457
3148.41	521.436
3148.96	533.729
3149.51	524.42