401.058	818.34
402.149	794.911
403.243	844.278
404.332	836.822
405.424	758.565
406.515	705.914
407.606	641.161
408.697	509.809
409.785	517.795
410.876	431.888
411.967	419.253
413.055	344.759
414.143	308.735
415.233	301.7
416.321	290.919
417.409	296.904
418.499	314.95
419.586	234.711
420.673	353.803
421.761	399.633
422.848	430.692
423.935	503.339
425.02	528.908
426.106	551.701
427.193	636.188
428.278	670.769
429.364	780.719
430.45	781.994
431.534	785.206
432.618	888.732
433.704	889.539
434.788	925.438
435.871	913.662
436.955	974.489
438.038	900.181
439.123	831.377
440.204	852.755
441.287	807.191
442.37	743.383
443.452	595.744
444.535	644.325
445.615	440.821
446.698	399.513
447.78	311.865
448.86	285.148
449.939	198.331
451.021	138.308
452.101	185.641
453.18	89.426
454.262	53.3328
455.341	-29.2017
456.42	-69.0979
457.499	-40.3237
458.578	-94.1392
459.654	-85.7927
460.733	-129.452
461.811	-95.1345
462.89	-146.292
463.966	-152.867
465.044	-140.836
466.12	-117.621
467.197	-124.175
468.273	-148.413
469.349	-204.289
470.426	-134.379
471.501	-171.495
472.576	-85.8132
473.651	-124.743
474.726	-41.1101
475.801	-88.4048
476.876	-65.1858
477.95	-57.7478
479.022	-56.8008
480.097	-62.335
481.171	25.7385
482.243	-20.5706
483.317	28.5002
484.388	98.7666
485.46	47.8818
486.533	135.561
487.605	97.6328
488.676	180.497
489.747	208.893
490.818	327.436
491.889	356.69
492.959	342.783
494.03	394.182
495.1	426.266
496.171	474.819
497.239	533.344
498.309	521.064
499.379	554.588
500.446	595.41
501.514	549.297
502.584	568.326
503.651	603.029
504.718	569.202
505.788	611.387
506.855	562.066
507.921	602.437
508.988	575.051
510.055	626.412
511.119	577.073
512.186	603.795
513.252	668.159
514.318	741.793
515.382	799.028
516.448	799.464
517.512	882.596
518.577	874.024
519.641	911.522
520.704	900.405
521.768	971.34
522.833	890.232
523.896	1070.13
524.959	1110.59
526.021	1123.07
527.084	1121.4
528.144	1187.94
529.207	1126.89
530.269	1187.11
531.331	1272.69
532.391	1273.68
533.453	1264.82
534.513	1356.24
535.572	1386.44
536.634	1276.04
537.693	1290.61
538.752	1161.7
539.812	1165.66
540.87	1156.75
541.929	1053.17
542.988	1059.63
544.047	904.912
545.105	872.102
546.164	778.297
547.22	711.187
548.278	667.147
549.336	648.166
550.392	546.125
551.448	504.835
552.505	402.148
553.561	417.934
554.616	429.102
555.671	341.495
556.728	333.978
557.783	304.969
558.836	269.401
559.891	288.682
560.946	269.826
562	230.613
563.055	134.03
564.107	202.516
565.161	149.647
566.213	159.766
567.267	126.388
568.318	75.4758
569.37	125.331
570.424	116.032
571.475	84.5999
572.526	55.0505
573.577	85.4546
574.628	126.887
575.679	148.021
576.73	112.988
577.781	117.565
578.829	194.842
579.88	144.228
580.93	153.427
581.978	115.707
583.026	100.984
584.076	156.147
585.124	95.4434
586.172	66.9373
587.221	143.194
588.269	154.181
589.316	157.802
590.363	198.115
591.41	229.205
592.457	221.772
593.502	240.972
594.549	238.247
595.595	221.849
596.64	239.441
597.686	190.957
598.73	171.781
599.776	190.215
600.82	145.184
601.864	136.899
602.908	164.46
603.953	137.852
604.997	143.452
606.04	135.294
607.083	166.731
608.125	140.131
609.168	202.9
610.211	193.721
611.253	165.143
612.294	162.383
613.336	203.9
614.377	224.228
615.419	235.342
616.459	285.19
617.499	299.953
618.539	322.061
619.579	308.181
620.619	329.353
621.658	336.711
622.698	267.565
623.737	218.719
624.776	273.161
625.815	323.944
626.852	312.959
627.891	378.585
628.928	386.107
629.966	404.695
631.003	416.767
632.041	431.516
633.077	429.551
634.114	383.242
635.15	348.046
636.185	359.029
637.221	336.883
638.257	253.927
639.292	292.715
640.328	281.679
641.361	237.386
642.396	219.792
643.431	203.09
644.464	233.347
645.497	169.712
646.532	151.245
647.564	179.721
648.597	183.398
649.629	177.898
650.663	180.668
651.695	146.639
652.727	208.188
653.757	149.309
654.789	112.514
655.821	151.02
656.852	163.822
657.882	141.783
658.913	192.23
659.942	192.233
660.973	164.713
662.002	150.018
663.031	207.737
664.06	207.717
665.09	205.009
666.119	195.958
667.147	189.71
668.175	188.989
669.201	226.875
670.229	181.007
671.257	161.733
672.285	195.808
673.311	155.309
674.338	200.452
675.363	202.376
676.389	184.987
677.416	198.012
678.441	151.986
679.466	168.636
680.491	190.784
681.515	214.748
682.54	127.101
683.565	156.622
684.589	206.474
685.613	237.938
686.635	213.139
687.659	252.069
688.681	205.997
689.705	265.289
690.727	243.201
691.75	309.927
692.772	278.549
693.793	321.211
694.814	372.194
695.835	352.764
696.856	374.04
697.877	358.248
698.898	342.45
699.918	382.192
700.937	395.102
701.957	355.287
702.978	441.31
703.996	403.348
705.016	390.352
706.034	381.966
707.052	377.271
708.069	376.276
709.087	360.507
710.107	340.143
711.124	330.894
712.139	346.617
713.156	290.271
714.173	298.602
715.19	330.93
716.205	314.235
717.222	313.195
718.238	289.038
719.253	254.742
720.267	308.982
721.283	262.758
722.297	282.904
723.311	241.382
724.325	283.645
725.339	241.27
726.353	255.049
727.366	297.37
728.38	259.682
729.391	323.183
730.404	312.135
731.417	301.953
732.428	310.107
733.441	269.517
734.452	295.082
735.463	330.745
736.475	344.42
737.486	313.206
738.496	257.272
739.506	261.912
740.516	293.168
741.526	294.117
742.534	275.757
743.544	278.482
744.554	270.184
745.561	248.13
746.571	290.306
747.578	238.019
748.587	295.82
749.594	203.202
750.601	241.771
751.608	221.642
752.615	257.511
753.621	230.069
754.628	267.851
755.634	196.315
756.641	219.446
757.647	238.941
758.651	193.072
759.657	248.537
760.663	196.142
761.666	215.664
762.67	213.02
763.676	190.017
764.679	189.152
765.682	178.092
766.686	227.099
767.689	217.866
768.692	167.053
769.694	232.785
770.697	239.421
771.698	235.012
772.7	179.626
773.703	162.169
774.703	168.789
775.703	157.706
776.705	197.667
777.705	154.911
778.705	226.408
779.705	153.972
780.705	182.806
781.704	227.48
782.704	203.409
783.703	214.645
784.702	139.361
785.701	206.357
786.698	211.958
787.697	271.525
788.694	221.335
789.693	313.538
790.689	260.566
791.686	219.655
792.682	248.545
793.68	305.341
794.676	323.941
795.672	387.247
796.666	375.191
797.662	377.154
798.658	408.02
799.653	404.401
800.647	445.44
801.642	453.766
802.636	497.391
803.631	500.889
804.624	512.745
805.617	464.144
806.61	479.741
807.602	437.704
808.595	476.478
809.587	450.213
810.58	397.08
811.572	414.484
812.564	423.577
813.554	398.442
814.546	440.949
815.536	374.195
816.528	429.638
817.518	465.608
818.507	439.58
819.499	482.933
820.488	506.852
821.477	479.904
822.466	565.637
823.455	616.126
824.444	719.089
825.431	740.757
826.42	792.878
827.408	812.84
828.395	988.591
829.383	1068.6
830.369	1145.78
831.356	1271.52
832.342	1407.92
833.33	1566.91
834.315	1649.4
835.301	1839.47
836.287	2002.33
837.27	2072.05
838.256	2199.09
839.241	2298.77
840.226	2285.46
841.209	2263.72
842.194	2271.25
843.177	2287.04
844.16	2171.53
845.145	2066.23
846.127	1977.52
847.11	1810.66
848.092	1752.19
849.074	1713.85
850.056	1677.2
851.039	1672.57
852.018	1635.61
853	1650.03
853.982	1699.37
854.962	1723.99
855.941	1724
856.923	1703.13
857.902	1693.52
858.881	1688.66
859.86	1592.71
860.839	1523.3
861.818	1445.39
862.797	1460.27
863.776	1345.12
864.754	1375.34
865.733	1322.62
866.709	1238.65
867.687	1202.61
868.664	1212.69
869.642	1176.88
870.618	1127.35
871.594	1127.59
872.569	1073.54
873.545	1040.67
874.521	1002.23
875.496	1025.48
876.471	923.331
877.447	943.67
878.42	915.081
879.395	934.354
880.37	912.136
881.343	881.66
882.315	887.193
883.29	810.804
884.262	765.785
885.235	779.747
886.207	800.122
887.179	799.227
888.151	773.384
889.123	750.289
890.095	739.198
891.065	752.108
892.037	805.604
893.009	809.342
893.978	782.664
894.948	778.125
895.919	824.346
896.888	890.945
897.857	926.276
898.826	1000.39
899.795	986.78
900.764	1085.63
901.732	1099.38
902.701	1192.33
903.668	1293.45
904.636	1350.26
905.604	1402.55
906.57	1500.18
907.538	1499.39
908.504	1607.65
909.47	1607.32
910.436	1687.45
911.402	1639.37
912.367	1665.1
913.333	1619.54
914.298	1670.85
915.264	1497.33
916.229	1457.79
917.192	1492.3
918.157	1332.64
919.12	1355.36
920.084	1249.46
921.047	1204.61
922.01	1222.67
922.972	1075.62
923.935	1013.73
924.897	975.908
925.859	936.247
926.821	927.247
927.783	844.041
928.743	793.281
929.705	782.395
930.667	774.239
931.626	659.188
932.586	681.654
933.547	653.987
934.506	608.707
935.466	555.075
936.425	524.689
937.384	549.225
938.343	531.793
939.301	491.916
940.26	511.695
941.217	531.498
942.175	477.594
943.132	518.972
944.09	539.872
945.046	496.265
946.002	509.684
946.96	544.625
947.916	520.53
948.872	553.56
949.828	489.065
950.783	588.644
951.737	552.186
952.692	540.989
953.647	591.658
954.601	560.669
955.556	545.653
956.509	515.7
957.464	494.283
958.417	579.978
959.369	589.685
960.322	588.995
961.275	547.735
962.227	607.833
963.179	567.248
964.132	586.791
965.082	632.701
966.034	611.132
966.984	633.842
967.936	656.633
968.885	748.031
969.837	748.145
970.787	795.094
971.736	756.348
972.686	759.831
973.635	813.092
974.584	870.144
975.533	875.64
976.48	976.017
977.429	1006.04
978.378	1008.85
979.325	990.078
980.273	1067.96
981.22	1005.03
982.166	1085.62
983.113	1072.25
984.061	1090.63
985.007	1060.09
985.953	1111.94
986.897	1073.86
987.843	1070.54
988.789	1097.33
989.734	1019.51
990.678	997.906
991.623	982.85
992.567	1001.38
993.51	1049.68
994.453	1109.98
995.398	1124.38
996.341	1313.28
997.284	1502.04
998.227	1672.99
999.168	1711.53
1000.11	1704.49
1001.05	1538.23
1001.99	1427.1
1002.94	1186.66
1003.88	1022.75
1004.82	873.842
1005.76	826.517
1006.7	748.46
1007.64	708.552
1008.58	666.682
1009.52	672.229
1010.46	678.601
1011.4	672.819
1012.34	676.404
1013.27	682.92
1014.21	702.663
1015.15	696.49
1016.09	705.325
1017.03	708.562
1017.96	646.359
1018.9	651.226
1019.84	701.763
1020.77	699.955
1021.71	760.773
1022.65	746.035
1023.58	772.575
1024.52	906.886
1025.45	908.566
1026.39	918.668
1027.32	966.171
1028.26	1005.1
1029.19	1011.05
1030.12	999.09
1031.06	982.454
1031.99	965.004
1032.92	944.894
1033.86	873.184
1034.79	856.016
1035.72	861.4
1036.65	802.597
1037.59	788.887
1038.52	783.575
1039.45	811.257
1040.38	828.569
1041.31	758.989
1042.24	842.415
1043.17	752.88
1044.1	868.421
1045.03	810.014
1045.96	811.235
1046.89	893.029
1047.82	820.711
1048.75	828.985
1049.68	839.234
1050.61	910.236
1051.53	918.49
1052.46	919.887
1053.39	927.727
1054.32	850.771
1055.24	909.751
1056.17	946.901
1057.1	935.658
1058.02	981.607
1058.95	1007.67
1059.88	1026.13
1060.8	994.085
1061.73	1034.39
1062.65	1029.95
1063.58	1058.93
1064.5	1004.04
1065.43	1079.78
1066.35	1010.31
1067.27	981.577
1068.2	1038.37
1069.12	1017.66
1070.04	1075.01
1070.97	1088.67
1071.89	1087.39
1072.81	1163.54
1073.73	1079.13
1074.65	1172.78
1075.58	1149.25
1076.5	1123.59
1077.42	1106.28
1078.34	1102.15
1079.26	1087.5
1080.18	1024.35
1081.1	934.639
1082.02	914.396
1082.94	914.11
1083.86	846.356
1084.78	762.496
1085.7	732.823
1086.61	707.955
1087.53	691.692
1088.45	641.313
1089.37	592.846
1090.28	628.76
1091.2	628.574
1092.12	586.643
1093.03	619.567
1093.95	693.21
1094.87	661.796
1095.78	648.456
1096.7	699.534
1097.61	736.44
1098.53	823.494
1099.44	746.784
1100.36	829.001
1101.27	840.187
1102.19	810.654
1103.1	825.548
1104.01	873.514
1104.93	862.918
1105.84	968.633
1106.75	978.12
1107.67	964.143
1108.58	995.649
1109.49	1072.59
1110.4	1099.31
1111.31	1108.83
1112.22	1094.53
1113.14	1099.98
1114.05	1157.44
1114.96	1175.27
1115.87	1246.17
1116.78	1322.86
1117.69	1260.58
1118.6	1354.16
1119.51	1354.89
1120.42	1458.46
1121.32	1458.96
1122.23	1491.75
1123.14	1501.32
1124.05	1459.43
1124.96	1473.73
1125.86	1532.83
1126.77	1470.76
1127.68	1406.43
1128.58	1421.25
1129.49	1411.88
1130.4	1335.72
1131.3	1371.26
1132.21	1334.77
1133.11	1294.72
1134.02	1334.57
1134.92	1318.85
1135.83	1309.99
1136.73	1314.49
1137.64	1297.13
1138.54	1314.75
1139.44	1314.19
1140.35	1202.39
1141.25	1235.95
1142.15	1173.6
1143.06	1106.56
1143.96	1107.06
1144.86	1112.32
1145.76	1060.37
1146.66	1011.12
1147.57	1010.32
1148.47	943.705
1149.37	905.634
1150.27	934.255
1151.17	884.785
1152.07	902.033
1152.97	823.047
1153.87	833.605
1154.77	745.951
1155.67	752.585
1156.57	646.737
1157.46	640.947
1158.36	608.522
1159.26	562.832
1160.16	534.351
1161.05	507.802
1161.95	472.643
1162.85	463.145
1163.75	401.119
1164.64	390.492
1165.54	425.531
1166.44	406.277
1167.33	368.061
1168.23	373.688
1169.12	346.089
1170.02	358.471
1170.91	360.395
1171.81	346.132
1172.7	356.566
1173.59	376.47
1174.49	350.707
1175.38	342.981
1176.27	376.069
1177.17	377.773
1178.06	360.497
1178.95	377.392
1179.84	394.321
1180.74	375.289
1181.63	372.413
1182.52	406.491
1183.41	425.372
1184.3	409.144
1185.19	435.455
1186.08	401.161
1186.97	415.106
1187.86	400.701
1188.75	429.757
1189.64	427.643
1190.53	442.503
1191.42	449.806
1192.31	475.966
1193.2	502.158
1194.09	520.885
1194.97	492.62
1195.86	510.53
1196.75	533.125
1197.64	499.191
1198.52	516.994
1199.41	543.25
1200.29	528.125
1201.18	529.035
1202.07	516.803
1202.95	568.528
1203.84	522.367
1204.72	531.625
1205.61	501.336
1206.49	469.183
1207.38	507.538
1208.26	516.881
1209.14	528.244
1210.03	480.549
1210.91	501.489
1211.79	470.705
1212.68	474.622
1213.56	480.3
1214.44	506.543
1215.32	493.186
1216.21	500.486
1217.09	486.218
1217.97	485.212
1218.85	520.988
1219.73	549.427
1220.61	485.868
1221.49	515.471
1222.37	589.406
1223.25	575.694
1224.13	579.757
1225.01	611.048
1225.89	654.51
1226.77	699.826
1227.65	708.393
1228.52	722.749
1229.4	764.654
1230.28	759.499
1231.16	769.562
1232.03	761.683
1232.91	760.387
1233.79	767.541
1234.66	745.194
1235.54	730.311
1236.42	738.11
1237.29	742.062
1238.17	758.353
1239.04	671.168
1239.92	621.037
1240.79	673.558
1241.67	647.245
1242.54	575.267
1243.41	620.291
1244.29	634.904
1245.16	604.773
1246.03	609.893
1246.91	653.163
1247.78	623.898
1248.65	597.387
1249.52	648.107
1250.4	656.743
1251.27	633.834
1252.14	651.046
1253.01	659.72
1253.88	665.589
1254.75	666.711
1255.62	696.483
1256.49	658.346
1257.36	726.199
1258.23	714.635
1259.1	708.735
1259.97	748.641
1260.84	724.557
1261.71	713.881
1262.57	766.245
1263.44	742.317
1264.31	749.923
1265.18	756.591
1266.05	829.076
1266.91	777.492
1267.78	826.017
1268.65	837.278
1269.51	878.99
1270.38	880.611
1271.24	968.884
1272.11	1013.25
1272.97	996.616
1273.84	1079.87
1274.7	1113.61
1275.57	1122.64
1276.43	1163.3
1277.3	1199.36
1278.16	1173.92
1279.02	1141.53
1279.89	1187.52
1280.75	1180.77
1281.61	1159.35
1282.48	1146.13
1283.34	1072.78
1284.2	1106.12
1285.06	1094.75
1285.92	1018.73
1286.78	993.949
1287.65	954.174
1288.51	901.024
1289.37	885.838
1290.23	849.676
1291.09	845.602
1291.95	823.214
1292.81	802.446
1293.67	755.46
1294.52	802.542
1295.38	738.949
1296.24	738.201
1297.1	703.348
1297.96	693.19
1298.81	681.786
1299.67	679.309
1300.53	710.264
1301.39	708.545
1302.24	690.815
1303.1	694.288
1303.95	676.848
1304.81	662.277
1305.67	645.107
1306.52	656.592
1307.38	654.456
1308.23	642.181
1309.09	639.803
1309.94	641.238
1310.8	627.187
1311.65	635.754
1312.5	635.367
1313.35	637.157
1314.21	643.267
1315.06	644.966
1315.91	662.658
1316.77	662.326
1317.62	696.433
1318.47	720.76
1319.32	716.442
1320.17	735.965
1321.02	766.959
1321.87	791.289
1322.73	809.677
1323.57	822.097
1324.43	836.326
1325.28	863.738
1326.13	890.687
1326.97	919.944
1327.82	939.177
1328.67	927.213
1329.52	989.121
1330.37	995.084
1331.22	1006.37
1332.06	1048.43
1332.91	1073.58
1333.76	1075.87
1334.61	1099.85
1335.45	1123.52
1336.3	1124.3
1337.15	1145.88
1337.99	1131.13
1338.84	1175.85
1339.68	1182.24
1340.53	1198.67
1341.37	1213.89
1342.22	1224.54
1343.06	1209.09
1343.91	1217.37
1344.75	1242.34
1345.6	1246.39
1346.44	1255.74
1347.28	1257.15
1348.12	1269.1
1348.97	1256.01
1349.81	1251.53
1350.65	1254.83
1351.49	1240.86
1352.33	1254.18
1353.18	1258.7
1354.02	1266.99
1354.86	1270.79
1355.7	1282.62
1356.54	1289.6
1357.38	1277.41
1358.22	1285.19
1359.06	1278.98
1359.9	1273.06
1360.74	1270.79
1361.58	1294.73
1362.42	1309.65
1363.25	1282.65
1364.09	1260.58
1364.93	1276.25
1365.77	1278.07
1366.6	1257.15
1367.19	1262.75
1368.1	1267.94
1369.01	1277
1369.92	1293.85
1370.83	1262.34
1371.74	1242.52
1372.65	1235.4
1373.56	1233.13
1374.47	1199.35
1375.37	1178.33
1376.28	1156.27
1377.19	1191.14
1378.1	1174.81
1379	1163.35
1379.91	1157.78
1380.82	1150.23
1381.72	1110.3
1382.63	1138.88
1383.54	1130.07
1384.44	1089.85
1385.35	1063.29
1386.25	1095.29
1387.16	1058.07
1388.06	1049.25
1388.97	1047.34
1389.87	1036.76
1390.78	1049.55
1391.68	1034.23
1392.59	1037.38
1393.49	1029.83
1394.39	996.084
1395.3	964.221
1396.2	948.759
1397.1	899.477
1398	886.013
1398.91	837.959
1399.81	792.983
1400.71	780.87
1401.61	779.372
1402.52	742.276
1403.42	749.342
1404.32	742.897
1405.22	745.069
1406.12	743.441
1407.02	722.764
1407.92	698.406
1408.82	699.033
1409.72	704.515
1410.62	726.258
1411.52	654.362
1412.42	699.897
1413.32	689.028
1414.21	710.544
1415.11	692.918
1416.01	681.014
1416.91	669.133
1417.81	664.922
1418.71	660.796
1419.6	664.399
1420.5	646.271
1421.4	650.12
1422.29	621.698
1423.19	674.083
1424.09	631.291
1424.98	635.955
1425.88	659.559
1426.77	620.392
1427.67	690.542
1428.56	685.655
1429.46	660.875
1430.35	722.607
1431.25	741.656
1432.14	742.737
1433.04	755.32
1433.93	755.65
1434.82	774.136
1435.72	808.883
1436.61	745.558
1437.5	764.163
1438.39	818.093
1439.29	799.503
1440.18	819.999
1441.07	879.617
1441.96	882.799
1442.85	936.655
1443.75	941.827
1444.64	992.148
1445.53	1074.34
1446.42	1043.61
1447.31	1100.12
1448.2	1091.23
1449.09	1133.04
1449.98	1155.46
1450.87	1112.45
1451.76	1148.36
1452.65	1190.31
1453.54	1184.46
1454.43	1203.92
1455.31	1230.23
1456.2	1156.93
1457.09	1170.16
1457.98	1163.67
1458.87	1144.35
1459.75	1146.26
1460.64	1110.68
1461.53	1088.96
1462.41	1134.32
1463.3	1096.57
1464.19	1095.49
1465.07	1134.88
1465.96	1114.73
1466.85	1157.38
1467.73	1106.78
1468.61	1107.67
1469.5	1094.15
1470.38	1038.05
1471.27	982.955
1472.15	952.088
1473.04	929.862
1473.92	969.678
1474.8	942.397
1475.69	983.082
1476.57	975.296
1477.45	900.656
1478.34	930.1
1479.22	922.716
1480.1	854.968
1480.98	826.843
1481.86	800.36
1482.75	794.981
1483.63	804.943
1484.51	778.96
1485.39	713.398
1486.27	719.791
1487.15	612.094
1488.03	549.068
1488.91	522.829
1489.79	481.991
1490.67	413.98
1491.55	418.472
1492.43	376.57
1493.31	372.387
1494.19	334.497
1495.07	294.758
1495.94	326.349
1496.82	311.678
1497.7	328.739
1498.58	289.996
1499.45	297.39
1500.33	275.025
1501.21	293.922
1502.09	267.791
1502.96	262.769
1503.84	273.061
1504.72	289.071
1505.59	263.998
1506.47	265.66
1507.34	239.669
1508.22	271.804
1509.09	258.234
1509.97	265.625
1510.84	249.288
1511.72	238.687
1512.59	254.673
1513.46	216.556
1514.34	243.855
1515.21	252.131
1516.08	220.633
1516.96	244.942
1517.83	255.045
1518.7	232.136
1519.57	266.767
1520.45	211.931
1521.32	232.47
1522.19	233.272
1523.06	235.047
1523.93	234.026
1524.8	207.642
1525.67	203.8
1526.54	195.242
1527.41	221.392
1528.28	250.314
1529.16	213.588
1530.02	218.15
1530.89	231.171
1531.76	205.826
1532.63	217.035
1533.5	230.13
1534.37	237.601
1535.24	221.645
1536.11	240.322
1536.97	229.027
1537.84	240.208
1538.71	226.137
1539.57	219.589
1540.44	222.441
1541.31	207.525
1542.18	217.918
1543.04	266.766
1543.91	226.498
1544.77	204.936
1545.64	218.052
1546.5	244.284
1547.37	205.789
1548.24	224.576
1549.1	224.67
1549.96	228.601
1550.83	215.667
1551.69	198.955
1552.56	232.16
1553.42	221.957
1554.28	211.675
1555.15	203.231
1556.01	211.789
1556.87	208.1
1557.73	216.771
1558.6	234.99
1559.46	210.597
1560.32	180.43
1561.18	172.968
1562.04	224.414
1562.9	206.41
1563.77	236.927
1564.63	208.452
1565.49	239.074
1566.35	212.569
1567.21	201.329
1568.07	241.709
1568.93	222.83
1569.79	220.174
1570.64	220.357
1571.5	217.628
1572.36	189.899
1573.22	218.84
1574.08	243.025
1574.94	240.317
1575.8	224.138
1576.65	220.477
1577.51	280.523
1578.37	260.457
1579.22	282.877
1580.08	283.049
1580.94	278.371
1581.79	294.047
1582.65	322.377
1583.51	302.257
1584.36	283.089
1585.22	309.584
1586.07	246.571
1586.93	234.079
1587.78	249.808
1588.63	257.732
1589.49	248.076
1590.34	254.97
1591.2	262.8
1592.05	275.467
1592.9	277.362
1593.76	261.684
1594.61	297.753
1595.46	309.488
1596.32	295.919
1597.17	360.553
1598.02	375.444
1598.87	398.166
1599.72	392.471
1600.58	434.655
1601.43	447.372
1602.28	450.194
1603.13	413.789
1603.98	408.667
1604.83	397.681
1605.68	362.318
1606.53	344.615
1607.38	309.392
1608.23	308.377
1609.08	281.957
1609.93	288.691
1610.77	308.043
1611.62	275.641
1612.47	280.302
1613.32	258.688
1614.17	276.082
1615.01	260.423
1615.86	281.777
1616.71	258.36
1617.55	252.43
1618.4	257.153
1619.25	269.595
1620.09	269.361
1620.94	276.878
1621.79	250.467
1622.63	239.626
1623.48	276.287
1624.32	227.763
1625.17	292.53
1626.01	269.225
1626.86	290.437
1627.7	280.684
1628.54	235.143
1629.39	264.056
1630.23	304.525
1631.07	243.496
1631.92	267.466
1632.76	269.201
1633.6	258.397
1634.45	284.242
1635.29	290.82
1636.13	284.899
1636.97	296.318
1637.81	287.526
1638.66	301.821
1639.5	282.464
1640.34	269.869
1641.18	304.401
1642.02	308.214
1642.86	270.733
1643.7	286.12
1644.54	273.628
1645.38	288.036
1646.22	291.851
1647.06	298.542
1647.89	306.202
1648.73	278.328
1649.57	306.259
1650.41	323.692
1651.25	283.444
1652.09	294.219
1652.92	306.917
1653.76	304.144
1654.6	300.333
1655.43	280.074
1656.27	281.998
1657.11	283.005
1657.94	318.848
1658.78	312.321
1659.62	290.36
1660.45	278.998
1661.29	285.965
1662.12	263.79
1662.96	292.918
1663.79	289.075
1664.62	283.324
1665.46	263.078
1666.29	286.577
1667.13	271.293
1667.96	276.439
1668.79	301.078
1669.63	274.057
1670.46	268.427
1671.29	283.268
1672.12	266.818
1672.96	247.387
1673.79	266.081
1674.62	258.36
1675.45	253.586
1676.28	248.836
1677.11	254.904
1677.95	249.222
1678.78	279.896
1679.61	231.909
1680.44	281.246
1681.27	244.914
1682.1	245.946
1682.93	223.326
1683.75	224.362
1684.58	254.016
1685.41	263.019
1686.24	244.416
1687.07	226.779
1687.9	217.019
1688.73	206.249
1689.55	256.8
1690.38	252.944
1691.21	223.313
1692.04	210.471
1692.86	224.334
1693.69	241.138
1694.52	236.139
1695.34	234.133
1696.17	218.305
1696.99	243.152
1697.82	242.286
1698.64	204.722
1699.47	239.578
1700.29	218.803
1701.12	237.706
1701.94	204.896
1702.77	221.728
1703.59	231.58
1704.41	251.35
1705.24	237.367
1706.06	245.235
1706.88	246.17
1707.71	246.124
1708.53	261.959
1709.35	221.239
1710.17	298.561
1711	260.786
1711.82	255.723
1712.64	258.569
1713.46	268.339
1714.28	287.025
1715.1	268.112
1715.92	297.739
1716.74	276.899
1717.56	294.637
1718.38	301.426
1719.2	304.168
1720.02	322.64
1720.84	301.581
1721.66	318.062
1722.48	317.863
1723.3	337.477
1724.11	375.89
1724.93	340.425
1725.75	340.359
1726.57	367.751
1727.39	360.552
1728.2	376.893
1729.02	370.614
1729.84	372.254
1730.65	375.927
1731.47	350.24
1732.29	374.554
1733.1	353.76
1733.92	391.664
1734.73	393.295
1735.55	376.354
1736.36	365.324
1737.18	351.414
1737.99	377.525
1738.81	360.704
1739.62	325.363
1740.43	377.65
1741.25	320.909
1742.06	319.668
1742.87	315.544
1743.69	297.862
1744.5	296.708
1745.31	283.922
1746.13	249.827
1746.94	277.773
1747.75	240.835
1748.56	221.372
1749.37	224.197
1750.18	227.995
1750.99	247.266
1751.81	210.424
1752.61	208.404
1753.42	223.791
1754.24	182.171
1755.04	218.852
1755.85	181.133
1756.66	205.244
1757.47	195.506
1758.28	219.535
1759.09	194.297
1759.9	214.416
1760.71	196.942
1761.52	204.578
1762.32	214.18
1763.13	190.078
1763.94	154.41
1764.74	173.675
1765.55	163.047
1766.36	165.916
1767.17	178.44
1767.97	196.781
1768.78	159.215
1769.58	179.537
1770.39	133.255
1771.19	181.58
1772	173.882
1772.8	164.237
1773.61	162.32
1774.41	174.914
1775.22	162.378
1776.02	154.674
1776.83	188.583
1777.63	156.678
1778.43	162.531
1779.23	138.363
1780.04	153.944
1780.84	164.716
1781.64	179.405
1782.44	152.329
1783.25	179.679
1784.05	160.329
1784.85	172.114
1785.65	173.185
1786.45	164.501
1787.25	160.689
1788.05	177.39
1788.86	185.316
1789.65	159.013
1790.46	159.096
1791.25	147.418
1792.05	130.823
1792.85	165.193
1793.65	182.937
1794.45	160.474
1795.25	154.702
1796.05	129.267
1796.85	163.849
1797.64	168.934
1798.44	184.866
1799.24	155.382
1800.04	181.161
1800.83	173.339
1801.63	175.387
1802.43	168.527
1803.22	178.491
1804.02	178.557
1804.82	162.762
1805.61	174.705
1806.41	155.905
1807.2	161.892
1808	178.805
1808.79	156.026
1809.59	140.192
1810.38	191.935
1811.18	178.094
1811.97	160.238
1812.76	177.165
1813.56	182.116
1814.35	194.002
1815.14	165.097
1815.94	191.917
1816.73	168.047
1817.52	156.142
1818.31	138.272
1819.1	155.239
1819.9	172.189
1820.69	156.23
1821.48	174.109
1822.27	137.198
1823.06	174.976
1823.85	147.053
1824.64	179.858
1825.43	159.906
1826.22	179.747
1827.01	153.809
1827.8	161.694
1828.59	174.556
1829.38	174.508
1830.17	181.432
1830.96	164.499
1831.74	200.222
1832.53	174.299
1833.32	161.278
1834.11	149.242
1834.89	146.138
1835.68	159.885
1836.47	162.722
1837.26	149.726
1838.04	162.467
1838.83	158.384
1839.61	181.96
1840.4	179.818
1841.19	175.687
1841.97	186.332
1842.76	172.343
1843.54	178.069
1844.33	200.527
1845.11	154.22
1845.89	199.32
1846.68	166.833
1847.46	152.031
1848.25	138.21
1849.03	187.17
1849.81	185.105
1850.6	147.768
1851.38	162.397
1852.16	145.676
1852.94	144.627
1853.72	175.871
1854.51	178.691
1855.29	152.153
1856.07	153.976
1856.85	168.487
1857.63	160.531
1858.41	158.439
1859.19	143.688
1859.97	148.447
1860.75	166.85
1861.53	164.827
1862.31	163.801
1863.09	163.764
1863.87	154.968
1864.65	143.24
1865.43	162.609
1866.21	143.052
1866.99	167.2
1867.76	144.719
1868.54	163.978
1869.32	143.5
1870.1	173.451
1870.87	158.867
1871.65	146.248
1872.43	174.323
1873.2	150.086
1873.98	136.493
1874.76	159.696
1875.53	157.714
1876.31	178.019
1877.08	139.276
1877.86	179.972
1878.63	184.852
1879.41	171.317
1880.18	168.422
1880.96	178.112
1881.73	151.917
1882.5	180.02
1883.28	123.776
1884.05	153.849
1884.82	156.785
1885.6	143.227
1886.37	185.961
1887.14	151.996
1887.91	157.828
1888.68	152.977
1889.46	163.678
1890.23	164.689
1891	159.895
1891.77	146.372
1892.54	153.311
1893.31	120.315
1894.08	149.726
1894.85	160.627
1895.62	173.472
1896.39	146.157
1897.16	154.988
1897.93	164.76
1898.7	152.004
1899.47	174.51
1900.24	139.295
1901.01	182.486
1901.77	156.157
1902.54	149.434
1903.31	148.582
1904.08	163.443
1904.84	147.791
1905.61	168.538
1906.38	122.3
1907.14	150.928
1907.91	152.961
1908.68	157.966
1909.44	158.051
1910.21	150.245
1910.97	150.349
1911.74	159.37
1912.51	160.482
1913.27	161.591
1914.03	149.795
1914.8	140.947
1915.56	151.941
1916.33	169.89
1917.09	144.091
1917.85	141.137
1918.62	157.073
1919.38	165.053
1920.14	134.221
1920.9	154.164
1921.67	159.205
1922.43	169.267
1923.19	152.436
1923.95	165.549
1924.71	150.698
1925.47	163.812
1926.24	173.905
1927	133.896
1927.76	176.961
1928.52	163.919
1929.28	139.846
1930.04	153.822
1930.8	161.785
1931.56	171.753
1932.32	151.701
1933.08	160.698
1933.83	142.689
1934.59	170.763
1935.35	132.735
1936.11	145.787
1936.87	130.747
1937.62	130.704
1938.38	162.692
1939.14	167.595
1939.89	177.503
1940.65	152.402
1941.41	147.351
1942.16	154.319
1942.92	137.271
1943.68	155.209
1944.43	177.094
1945.19	153.961
1945.94	206.696
1946.7	161.606
1947.45	158.451
1948.21	153.327
1948.96	163.153
1949.71	173.979
1950.47	159.954
1951.22	186.692
1951.98	159.772
1952.73	136.841
1953.48	167.51
1954.23	163.402
1954.99	149.355
1955.74	177.874
1956.49	162.803
1957.24	178.394
1957.99	197.932
1958.75	142.533
1959.5	162.147
1960.25	154.171
1961	158.014
1961.75	143.126
1962.5	173.478
1963.25	158.552
1964	179.976
1964.75	168.014
1965.5	133.535
1966.25	151.02
1967	176.286
1967.74	196.581
1968.49	162.123
1969.24	207.679
1969.99	188.861
1970.74	149.702
1971.48	125.239
1972.23	190.18
1972.98	160.954
1973.73	181.248
1974.47	135.561
1975.22	173.244
1975.96	185.655
1976.71	165.118
1977.46	165.873
1978.2	185.95
1978.95	169.368
1979.69	182.744
1980.44	160.491
1981.18	186.467
1981.93	151.729
1982.67	179.613
1983.41	162.171
1984.16	149.515
1984.9	201.267
1985.64	172.204
1986.39	169.108
1987.13	153.575
1987.87	150.552
1988.61	166.712
1989.36	152.259
1990.1	156.01
1990.84	176.023
1991.58	175.945
1992.32	180.65
1993.06	127.065
1993.81	174.813
1994.55	158.56
1995.29	169.103
1996.03	169.162
1996.77	141.489
1997.51	192.305
1998.24	165.565
1998.98	180.952
1999.72	177.155
2000.46	158.956
2001.2	178.152
2001.94	154.191
2002.68	167.656
2003.41	152.345
2004.15	133.189
2004.89	147.648
2005.63	170.769
2006.36	146.773
2007.1	163.158
2007.84	159.343
2008.57	159.385
2009.31	154.63
2010.05	158.567
2010.78	151.923
2011.52	132.735
2012.25	141.533
2012.99	164.838
2013.72	179.449
2014.46	160.171
2015.19	158.292
2015.92	184.508
2016.66	155.511
2017.39	171.131
2018.13	141.175
2018.86	169.506
2019.59	158.991
2020.32	132.864
2021.06	152.51
2021.79	143.019
2022.52	156.087
2023.25	132.821
2023.98	158.823
2024.72	140.776
2025.45	137.248
2026.18	163.457
2026.91	159.123
2027.64	169.298
2028.37	146.967
2029.1	153.213
2029.83	172.32
2030.56	170.943
2031.29	184.94
2032.02	172.548
2032.75	166.83
2033.47	158.537
2034.2	150.724
2034.93	138.236
2035.66	136.311
2036.39	149.755
2037.11	157.682
2037.84	152.98
2038.57	150.586
2039.3	158.219
2040.02	166.238
2040.75	148.918
2041.47	172.984
2042.2	159.133
2042.93	163.626
2043.65	142.728
2044.38	161.68
2045.1	164.217
2045.83	185.454
2046.55	146.724
2047.28	181.476
2048	168.256
2048.73	147.345
2049.45	152.508
2050.17	159.811
2050.9	161.634
2051.62	162.928
2052.34	166.151
2053.07	165.996
2053.79	150.934
2054.51	161.059
2055.23	168.578
2055.95	173.762
2056.68	155.009
2057.4	164.102
2058.12	179.722
2058.84	184.194
2059.56	162.161
2060.28	174.092
2061	163.526
2061.72	164.748
2062.44	154.721
2063.16	158.105
2063.88	139.661
2064.6	166.625
2065.32	156.489
2066.03	175.438
2066.75	166.367
2067.47	152.667
2068.19	162.636
2068.91	182.142
2069.62	184.19
2070.34	166.929
2071.06	164.487
2071.77	168.865
2072.49	177.481
2073.21	169.326
2073.92	163.905
2074.64	160.338
2075.36	165.729
2076.07	165.473
2076.79	165.47
2077.5	186.798
2078.22	167.071
2078.93	153.213
2079.64	149.07
2080.36	151.99
2081.07	154.167
2081.79	165.641
2082.5	175.559
2083.21	166.562
2083.93	180.007
2084.64	164.095
2085.35	173.26
2086.07	163.135
2086.78	141.89
2087.49	181.348
2088.2	176.435
2088.91	174.732
2089.62	183.975
2090.33	187.48
2091.04	172.313
2091.76	152.444
2092.47	156.157
2093.18	185.379
2093.89	188.03
2094.6	171.289
2095.3	191.488
2096.01	178.068
2096.72	193.205
2097.43	197.34
2098.14	188.142
2098.85	171.395
2099.56	158.318
2100.09	164.851
2100.87	193.452
2101.65	188.443
2102.43	184.429
2103.21	179.419
2103.99	176.36
2104.77	193.984
2105.55	166.2
2106.32	160.112
2107.1	164.856
2107.88	180.429
2108.66	184.247
2109.44	167.498
2110.22	173.36
2110.99	189.029
2111.77	164.413
2112.55	183.883
2113.33	177.8
2114.1	177.591
2114.88	168.619
2115.66	161.671
2116.43	169.428
2117.21	195.771
2117.99	193.815
2118.76	173.29
2119.54	186.9
2120.31	207.305
2121.09	181.85
2121.86	179.812
2122.64	165.119
2123.41	190.38
2124.19	164.032
2124.96	193.206
2125.74	172.749
2126.51	172.768
2127.28	192.292
2128.06	188.451
2128.83	167.05
2129.61	180.718
2130.38	175.844
2131.15	192.414
2131.92	179.735
2132.7	178.771
2133.47	176.844
2134.24	185.655
2135.01	179.827
2135.78	163.253
2136.55	186.705
2137.33	182.831
2138.1	186.787
2138.87	189.789
2139.64	177.169
2140.41	174.342
2141.18	178.387
2141.95	195.199
2142.72	181.621
2143.49	170.952
2144.26	169.089
2145.03	185.89
2145.8	182.033
2146.57	191.965
2147.33	188.142
2148.1	166.591
2148.87	195.367
2149.64	202.458
2150.41	159.094
2151.17	182.947
2151.94	166.204
2152.71	172.237
2153.48	163.42
2154.24	187.372
2155.01	183.565
2155.78	157.873
2156.54	166.98
2157.31	190.052
2158.08	189.205
2158.84	156.383
2159.61	168.462
2160.37	193.534
2161.14	158.594
2161.9	178.664
2162.67	183.752
2163.43	155.812
2164.2	180.018
2164.96	178.194
2165.72	186.426
2166.49	170.497
2167.25	182.706
2168.01	142.471
2168.78	154.604
2169.54	192.961
2170.3	205.129
2171.07	187.057
2171.83	193.244
2172.59	189.352
2173.35	158.123
2174.11	152.145
2174.88	181.598
2175.64	186.7
2176.4	168.453
2177.16	158.351
2177.92	165.5
2178.68	179.781
2179.44	211.358
2180.2	168.859
2180.96	196.428
2181.72	175.213
2182.48	222.114
2183.24	174.386
2184	195.824
2184.76	222.339
2185.52	193.874
2186.28	161.331
2187.04	164.422
2187.79	185.847
2188.55	215.429
2189.31	184.933
2190.07	200.264
2190.83	223.746
2191.58	206.478
2192.34	168.822
2193.1	190.25
2193.85	199.428
2194.61	179.035
2195.37	200.364
2196.12	202.311
2196.88	187.975
2197.63	196.021
2198.39	181.741
2199.15	174.614
2199.9	200.002
2200.66	196.973
2201.41	199.004
2202.16	206.072
2202.92	183.688
2203.67	202.859
2204.43	164.282
2205.18	180.433
2205.93	182.443
2206.69	184.489
2207.44	194.652
2208.19	174.451
2208.95	203.819
2209.7	176.48
2210.45	193.635
2211.2	184.475
2211.95	166.228
2212.71	176.277
2213.46	181.272
2214.21	186.258
2214.96	181.148
2215.71	204.244
2216.46	179.967
2217.21	198.971
2217.96	186.767
2218.71	208.72
2219.46	196.528
2220.21	211.442
2220.96	182.29
2221.71	198.257
2222.46	165.186
2223.21	183.168
2223.96	200.116
2224.71	227.01
2225.46	187.926
2226.21	191.804
2226.95	179.732
2227.7	199.582
2228.45	195.525
2229.2	203.431
2229.94	194.418
2230.69	217.239
2231.44	225.128
2232.18	219.096
2232.93	193.201
2233.68	227.868
2234.42	214.861
2235.17	223.663
2235.92	217.591
2236.66	210.551
2237.41	212.445
2238.15	221.284
2238.9	251.881
2239.64	246.893
2240.38	249.807
2241.13	223.085
2241.87	203.285
2242.62	219.014
2243.36	189.365
2244.1	226.769
2244.85	209.954
2245.59	196.111
2246.33	242.334
2247.08	168.473
2247.82	218.61
2248.56	213.635
2249.3	188.993
2250.05	201.688
2250.79	201.604
2251.53	195.641
2252.27	187.743
2253.01	194.581
2253.75	183.801
2254.49	175.005
2255.23	196.607
2255.97	171.164
2256.71	206.492
2257.45	195.729
2258.19	199.648
2258.93	183.946
2259.67	203.505
2260.41	170.182
2261.15	181.93
2261.89	200.565
2262.63	201.619
2263.36	196.825
2264.1	189.099
2264.84	193.128
2265.58	183.408
2266.32	197.204
2267.05	206.072
2267.79	190.392
2268.53	177.649
2269.26	189.433
2270	211.036
2270.74	202.256
2271.48	189.575
2272.21	200.468
2272.95	188.806
2273.68	180.093
2274.42	197.924
2275.15	191.179
2275.89	198.198
2276.62	190.436
2277.36	194.472
2278.09	190.61
2278.83	183.776
2279.56	204.537
2280.29	209.523
2281.03	194.787
2281.76	182.026
2282.49	188.017
2283.23	194.035
2283.96	191.196
2284.69	184.422
2285.42	183.578
2286.16	192.612
2286.89	189.747
2287.62	184.868
2288.35	174.028
2289.08	178.042
2289.81	183.069
2290.55	167.32
2291.28	183.321
2292.01	171.578
2292.74	179.693
2293.47	186.824
2294.2	172.06
2294.93	206.04
2295.66	184.237
2296.39	180.325
2297.11	162.439
2297.85	167.469
2298.57	182.483
2299.3	139.693
2300.03	197.665
2300.76	166.864
2301.49	167.996
2302.22	167.117
2302.94	170.218
2303.67	177.308
2304.4	150.368
2305.12	207.532
2305.85	171.594
2306.58	181.741
2307.31	187.888
2308.03	197.039
2308.76	179.068
2309.48	183.163
2310.21	188.257
2310.93	180.296
2311.66	173.348
2312.38	163.391
2313.11	182.611
2313.83	188.761
2314.56	180.801
2315.28	189.943
2316.01	178.924
2316.73	148.755
2317.45	178.055
2318.18	177.134
2318.9	153.019
2319.62	171.271
2320.35	158.228
2321.07	180.512
2321.79	162.393
2322.52	165.48
2323.24	184.743
2323.96	156.516
2324.68	165.686
2325.4	119.234
2326.12	131.424
2326.84	118.317
2327.56	136.569
2328.29	120.42
2329.01	118.442
2329.73	116.472
2330.45	106.406
2331.17	129.764
2331.89	142.997
2332.61	162.303
2333.32	153.218
2334.04	169.461
2334.76	164.418
2335.48	158.368
2336.2	162.465
2336.92	190.905
2337.64	165.621
2338.35	158.579
2339.07	170.801
2339.79	175.915
2340.51	165.81
2341.23	128.317
2341.94	144.614
2342.66	143.677
2343.37	146.811
2344.09	156.038
2344.81	182.525
2345.52	133.763
2346.24	151.034
2346.95	155.068
2347.67	162.146
2348.38	127.628
2349.1	154.046
2349.82	156.14
2350.53	131.852
2351.24	107.545
2351.96	141.147
2352.67	134.075
2353.39	162.557
2354.1	151.375
2354.81	141.208
2355.53	136.129
2356.24	141.218
2356.95	123.976
2357.66	158.542
2358.38	139.289
2359.09	119.022
2359.8	137.368
2360.51	118.123
2361.22	119.211
2361.94	132.517
2362.65	146.862
2363.36	141.865
2364.07	117.491
2364.78	136.914
2365.49	146.128
2366.2	119.646
2366.91	164.503
2367.62	146.168
2368.33	117.656
2369.04	97.3063
2369.75	102.436
2370.46	145.275
2371.16	145.313
2371.87	133.117
2372.58	135.189
2373.29	146.437
2374	146.477
2374.71	123.069
2375.41	149.616
2376.12	121.103
2376.83	123.177
2377.53	130.355
2378.24	132.441
2378.95	124.333
2379.65	115.201
2380.36	122.39
2381.07	132.633
2381.77	142.866
2382.48	133.705
2383.18	131.701
2383.89	131.759
2384.59	150.223
2385.3	136.013
2386	152.454
2386.71	145.357
2387.41	96.2965
2388.12	136.178
2388.82	131.055
2389.52	137.18
2390.23	125.956
2390.93	125.989
2391.63	143.401
2392.34	135.267
2393.04	106.682
2393.74	131.216
2394.44	148.588
2395.15	147.583
2395.85	128.216
2396.55	125.206
2397.25	169.212
2397.95	112.029
2398.65	125.348
2399.35	126.376
2400.05	115.126
2400.75	171.275
2401.45	152.871
2402.15	133.477
2402.85	165.131
2403.55	130.476
2404.25	137.673
2404.95	121.396
2405.65	150.046
2406.35	151.122
2407.05	138.908
2407.75	153.25
2408.44	135.92
2409.14	113.481
2409.84	150.318
2410.54	181.032
2411.24	126.895
2411.93	119.765
2412.63	157.594
2413.33	141.235
2414.02	104.449
2414.72	133.036
2415.42	126.902
2416.11	122.817
2416.81	159.548
2417.5	161.596
2418.2	165.698
2418.9	145.331
2419.59	119.865
2420.28	155.593
2420.98	122.963
2421.67	118.879
2422.37	137.203
2423.06	169.769
2423.75	117.818
2424.45	162.631
2425.14	136.208
2425.84	158.685
2426.53	123.108
2427.22	129.289
2427.91	118.123
2428.61	140.576
2429.3	137.512
2429.99	142.575
2430.68	137.433
2431.37	140.425
2432.07	105.803
2432.76	164.694
2433.45	137.241
2434.14	134.196
2434.83	90.572
2435.52	159.632
2436.21	156.619
2436.9	124.152
2437.59	130.236
2438.28	135.28
2438.97	130.17
2439.66	147.353
2440.35	151.369
2441.04	134.145
2441.72	115.933
2442.41	152.358
2443.1	161.455
2443.79	150.315
2444.48	158.376
2445.16	183.603
2445.85	132.075
2446.54	156.312
2447.23	142.196
2447.91	133.135
2448.6	149.308
2449.29	155.378
2449.97	169.508
2450.66	131.166
2451.34	149.329
2452.03	150.35
2452.72	146.337
2453.4	171.573
2454.09	133.267
2454.77	151.411
2455.46	126.189
2456.14	193.623
2456.82	144.229
2457.51	134.132
2458.19	159.254
2458.88	178.36
2459.56	157.282
2460.24	148.281
2460.92	176.49
2461.61	144.361
2462.29	151.448
2462.97	191.724
2463.66	159.556
2464.34	150.511
2465.02	156.536
2465.7	145.456
2466.38	167.532
2467.06	168.502
2467.75	172.498
2468.42	171.494
2469.11	184.567
2469.79	195.658
2470.47	144.521
2471.15	189.772
2471.83	200.887
2472.51	204.955
2473.19	175.852
2473.86	167.83
2474.54	158.798
2475.22	169.855
2475.9	188.955
2476.58	173.93
2477.26	182.023
2477.94	193.151
2478.61	178.159
2479.29	170.192
2479.97	183.324
2480.65	172.311
2481.32	182.408
2482	170.377
2482.68	173.438
2483.35	164.432
2484.03	147.375
2484.71	185.653
2485.38	181.655
2486.06	171.602
2486.73	163.556
2487.41	204.797
2488.08	181.679
2488.76	153.556
2489.43	192.846
2490.11	213.059
2490.78	185.982
2491.45	182.047
2492.13	196.234
2492.8	148.945
2493.48	166.135
2494.15	205.509
2494.82	206.591
2495.49	187.518
2496.17	162.395
2496.84	209.966
2497.51	177.775
2498.18	152.613
2498.86	188.089
2499.53	159.825
2500.2	157.834
2500.87	213.495
2501.54	195.326
2502.21	174.149
2502.88	206.643
2503.55	182.475
2504.22	201.867
2504.89	215.178
2505.56	162.52
2506.23	188.96
2506.9	156.532
2507.57	199.212
2508.24	202.334
2508.91	187.199
2509.58	191.367
2510.25	157.913
2510.91	180.345
2511.58	192.597
2512.25	194.672
2512.92	177.427
2513.59	185.626
2514.25	149.07
2514.92	177.651
2515.59	206.256
2516.25	200.234
2516.92	198.269
2517.59	154.501
2518.25	181.044
2518.92	190.258
2519.58	151.562
2520.25	151.608
2520.91	197.559
2521.58	188.468
2522.24	172.245
2522.91	180.529
2523.57	194.961
2524.24	187.933
2524.9	205.44
2525.56	190.197
2526.23	160.597
2526.89	194.472
2527.55	203.774
2528.22	180.276
2528.88	192.627
2529.54	198.812
2530.21	187.557
2530.87	169.127
2531.53	194.781
2532.19	216.372
2532.85	230.843
2533.51	200.214
2534.18	179.823
2534.84	159.392
2535.5	213.942
2536.16	200.617
2536.82	181.085
2537.48	167.705
2538.14	171.794
2538.8	204.651
2539.46	159.505
2540.12	170.865
2540.78	178.148
2541.44	203.955
2542.09	200.986
2542.75	204.169
2543.41	202.178
2544.07	189.857
2544.73	206.311
2545.39	207.291
2546.04	190.773
2546.7	194.816
2547.36	195.788
2548.02	191.655
2548.67	208.083
2549.33	195.8
2549.98	211.247
2550.64	216.438
2551.3	195.959
2551.95	177.527
2552.61	180.66
2553.26	201.258
2553.92	208.499
2554.57	185.928
2555.23	210.586
2555.88	224.928
2556.54	212.541
2557.19	196.051
2557.85	190.864
2558.5	195.95
2559.15	215.405
2559.81	221.566
2560.46	235.943
2561.11	228.812
2561.77	232.939
2562.42	228.845
2563.07	237.009
2563.72	219.544
2564.37	261.424
2565.03	236.791
2565.68	230.607
2566.33	258.198
2566.98	216.323
2567.63	216.378
2568.28	200.073
2568.93	237.931
2569.58	253.251
2570.23	206.193
2570.88	218.406
2571.53	217.353
2572.18	229.61
2572.83	238.834
2573.48	245.013
2574.13	213.402
2574.78	241
2575.43	244.061
2576.07	246.081
2576.72	252.174
2577.37	229.698
2578.02	264.36
2578.67	239.857
2579.31	243.901
2579.96	227.542
2580.61	236.645
2581.26	244.715
2581.9	253.807
2582.55	234.439
2583.19	249.709
2583.84	230.428
2584.49	198.951
2585.13	231.576
2585.78	250.943
2586.42	205.13
2587.07	239.651
2587.71	246.652
2588.36	217.066
2589	242.336
2589.65	216.888
2590.29	250.305
2590.93	225.958
2591.58	242.194
2592.22	253.385
2592.86	221.003
2593.51	254.54
2594.15	227.242
2594.79	202.978
2595.43	253.803
2596.07	217.331
2596.72	247.831
2597.36	228.555
2598	249.856
2598.64	225.469
2599.28	251.813
2599.92	207.172
2600.56	246.733
2601.2	243.727
2601.85	250.879
2602.49	235.717
2603.13	249.955
2603.76	239.828
2604.4	235.774
2605.04	234.758
2605.68	237.802
2606.32	238.825
2606.96	242.89
2607.6	265.188
2608.24	245.91
2608.88	253.977
2609.51	254.945
2610.15	239.727
2610.79	266.051
2611.43	249.899
2612.06	226.692
2612.7	248.066
2613.34	248.183
2613.97	255.391
2614.61	269.687
2615.25	287.018
2615.88	226.225
2616.52	257.747
2617.15	246.659
2617.79	269.075
2618.42	268.154
2619.06	244.886
2619.69	242.936
2620.33	262.311
2620.96	249.152
2621.6	273.581
2622.23	257.351
2622.86	306.175
2623.5	261.509
2624.13	269.717
2624.76	250.485
2625.4	270.915
2626.03	273.029
2626.66	261.896
2627.29	282.294
2627.93	273.179
2628.56	295.625
2629.19	293.667
2629.82	285.62
2630.45	299.988
2631.08	276.664
2631.71	278.794
2632.34	260.525
2632.98	304.432
2633.61	340.206
2634.24	311.758
2634.87	315.972
2635.5	324.29
2636.12	315.256
2636.75	324.598
2637.38	310.427
2638.01	328.946
2638.64	322.917
2639.27	343.462
2639.9	316.939
2640.53	314.945
2641.15	336.467
2641.78	345.705
2642.41	330.396
2643.04	356.032
2643.66	358.165
2644.29	336.782
2644.92	372.741
2645.54	335.993
2646.17	326.865
2646.8	361.761
2647.42	355.648
2648.05	350.54
2648.67	361.82
2649.3	357.745
2649.92	389.553
2650.55	382.463
2651.17	388.73
2651.8	370.422
2652.42	368.529
2653.05	403.571
2653.67	379.087
2654.29	368.928
2654.92	364.889
2655.54	408.05
2656.16	382.402
2656.79	396.802
2657.41	411.016
2658.03	418.869
2658.65	401.759
2659.27	387.141
2659.9	390.765
2660.52	402.306
2661.14	417.561
2661.76	406.461
2662.38	409.025
2663	390.235
2663.62	404.43
2664.24	376.854
2664.86	375.335
2665.48	400.898
2666.1	441.641
2666.72	397.547
2667.34	395.45
2667.96	395.388
2668.58	409.519
2669.2	394.973
2669.82	406.806
2670.44	366.485
2671.05	413.768
2671.67	405.728
2672.29	439.426
2672.91	419.618
2673.53	420.344
2674.14	418.98
2674.76	397.955
2675.38	397.633
2675.99	401.857
2676.61	441.526
2677.23	434.035
2677.84	451.898
2678.46	443.893
2679.07	467.829
2679.69	466.61
2680.3	485.72
2680.92	476.826
2681.53	489.714
2682.15	526.721
2682.76	511.966
2683.38	526.954
2683.99	545.893
2684.61	538.715
2685.22	549.462
2685.83	532.177
2686.44	516.011
2687.06	512.943
2687.67	494.338
2688.28	519.795
2688.9	523.934
2689.51	529.927
2690.12	533.815
2690.73	545.476
2691.34	525.058
2691.96	553.466
2692.57	540.929
2693.18	537.013
2693.79	548.665
2694.4	573.488
2695.01	580.41
2695.62	549.063
2696.23	539.985
2696.84	558.613
2697.45	556.251
2698.06	559.385
2698.67	555.008
2699.28	560.608
2699.88	554.802
2700.49	563.071
2701.1	561.552
2701.71	573.665
2702.32	563.097
2702.93	573.673
2703.53	571.827
2704.14	578.96
2704.75	591.651
2705.36	604.591
2705.96	590.017
2706.57	585.821
2707.17	585.591
2707.78	587.007
2708.39	592.458
2708.99	595.008
2709.6	614.92
2710.2	604.615
2710.81	611.08
2711.41	609.324
2712.02	601.183
2712.62	613.966
2713.23	633.562
2713.83	632.414
2714.44	635.908
2715.04	650.167
2715.64	644.353
2716.25	647.943
2716.85	651.171
2717.45	667.577
2718.05	670.396
2718.66	667.238
2719.26	668.21
2719.86	668.222
2720.46	669.085
2721.06	681.328
2721.67	679.631
2722.27	704.263
2722.87	707.634
2723.47	714.284
2724.07	708.896
2724.67	703.93
2725.27	701.93
2725.71	698.049
2726.38	724.398
2727.06	719.071
2727.73	777.759
2728.4	746.889
2729.07	741.496
2729.74	791.074
2730.42	769.671
2731.09	793.133
2731.76	768.979
2732.43	748.96
2733.1	772.686
2733.77	791.31
2734.44	762.03
2735.11	807.955
2735.78	806.944
2736.45	776.307
2737.12	804.616
2737.79	819.631
2738.46	841.745
2739.13	777.472
2739.8	784.465
2740.47	829.195
2741.14	823.258
2741.81	789.987
2742.47	814.758
2743.14	843.64
2743.81	840.94
2744.48	783.164
2745.15	827.177
2745.81	806.973
2746.48	818.368
2747.15	802.274
2747.81	813.729
2748.48	839.449
2749.15	784.502
2749.81	825.339
2750.48	790.57
2751.15	822.051
2751.81	817.859
2752.48	820.943
2753.14	815.042
2753.81	783.802
2754.47	777.131
2755.14	787.765
2755.8	755.33
2756.47	785.064
2757.13	785.024
2757.8	770.629
2758.46	713.368
2759.13	770.675
2759.79	757.596
2760.45	775.26
2761.12	753.02
2761.78	750.097
2762.44	775.688
2763.1	785.831
2763.77	754.022
2764.43	744.8
2765.09	751.061
2765.76	751.339
2766.42	746.614
2767.08	760.376
2767.74	752.605
2768.4	807.304
2769.06	809.633
2769.72	770.834
2770.38	796.609
2771.05	774.141
2771.71	795.832
2772.37	840.183
2773.03	818.909
2773.69	821.302
2774.35	867.887
2775.01	900.036
2775.67	916.664
2776.33	911.593
2776.99	945.545
2777.64	959.972
2778.3	991.946
2778.96	1016.8
2779.62	1026.24
2780.28	1056.23
2780.94	1077.9
2781.59	1101.55
2782.25	1071.68
2782.91	1059.4
2783.57	1069.9
2784.22	1034.23
2784.88	1065.58
2785.54	1068.08
2786.2	1038.48
2786.85	1051.87
2787.51	1046.44
2788.16	1046.02
2788.82	1021.92
2789.48	1015.51
2790.13	1048.49
2790.79	1048.79
2791.44	1087.35
2792.1	1071.31
2792.75	1085.99
2793.41	1106.6
2794.06	1119.76
2794.72	1112.16
2795.37	1116.87
2796.02	1096.92
2796.68	1152.2
2797.33	1124.25
2797.98	1145.81
2798.64	1130.43
2799.29	1136.74
2799.94	1135.88
2800.6	1170.04
2801.25	1194.97
2801.9	1205.48
2802.55	1203.6
2803.21	1216.08
2803.86	1242.88
2804.51	1280.92
2805.16	1277.69
2805.81	1256.93
2806.46	1253.7
2807.11	1282.4
2807.77	1297.73
2808.42	1351.08
2809.07	1350.84
2809.72	1359.75
2810.37	1362.41
2811.02	1401.03
2811.67	1406.85
2812.32	1430.28
2812.97	1454.91
2813.61	1483.79
2814.26	1505.57
2814.91	1504.75
2815.56	1477.16
2816.21	1497.82
2816.86	1543.05
2817.51	1554.25
2818.15	1599.26
2818.8	1584.55
2819.45	1625.25
2820.1	1609.49
2820.74	1651.39
2821.39	1667.86
2822.04	1665.03
2822.69	1742.4
2823.33	1734.41
2823.98	1731.28
2824.63	1735.04
2825.27	1740.62
2825.92	1781.04
2826.56	1828.76
2827.21	1819.25
2827.85	1908.5
2828.5	1890.23
2829.14	1866.96
2829.79	1947.46
2830.43	1935.68
2831.08	1970.15
2831.72	1919.35
2832.37	1962.96
2833.01	2011.56
2833.65	2027.09
2834.3	2074.29
2834.94	2096.65
2835.58	2066.47
2836.23	2076.27
2836.87	2115.82
2837.51	2114.38
2838.16	2209.66
2838.8	2183.06
2839.44	2232.69
2840.08	2239.32
2840.72	2277.72
2841.36	2240.89
2842.01	2300.38
2842.65	2306.31
2843.29	2312.26
2843.93	2415.86
2844.57	2346
2845.21	2354.25
2845.85	2406.67
2846.49	2483.82
2847.13	2545.76
2847.77	2526.88
2848.41	2540.12
2849.05	2568.86
2849.69	2595.33
2850.33	2611.03
2850.97	2625.1
2851.61	2573.89
2852.24	2603.71
2852.88	2662.45
2853.52	2726.83
2854.16	2754.9
2854.8	2724.92
2855.43	2753.66
2856.07	2798.64
2856.71	2838.06
2857.35	2869.9
2857.98	2903.67
2858.62	2878.04
2859.26	2980.43
2859.89	3001.09
2860.53	3113.63
2861.16	3135.5
2861.8	3135.31
2862.44	3211.89
2863.07	3282.99
2863.71	3329.29
2864.34	3396.38
2864.98	3485.4
2865.61	3536.56
2866.25	3708.38
2866.88	3740.98
2867.52	3802.16
2868.15	3948.68
2868.78	3969.24
2869.42	4050.67
2870.05	4129.28
2870.69	4210.4
2871.32	4318.91
2871.95	4404.16
2872.58	4513.39
2873.22	4559.52
2873.85	4696.14
2874.48	4772.41
2875.11	4873.26
2875.75	5008.36
2876.38	5050.95
2877.01	5108.74
2877.64	5180.71
2878.27	5280.17
2878.9	5349.83
2879.53	5391.34
2880.16	5409.48
2880.79	5415.43
2881.42	5496.25
2882.05	5516.3
2882.68	5649.25
2883.31	5669.38
2883.94	5746.3
2884.57	5805.56
2885.2	5831.56
2885.83	5934.08
2886.46	6012.81
2887.09	6099.33
2887.72	6128.65
2888.35	6192.28
2888.97	6244.89
2889.6	6329.98
2890.23	6337.85
2890.86	6498.01
2891.49	6559.12
2892.11	6563.12
2892.74	6610.35
2893.37	6704.5
2893.99	6740.12
2894.62	6909.95
2895.25	6925.47
2895.87	6961.9
2896.5	7037.16
2897.12	7128.89
2897.75	7113.89
2898.38	7152.58
2899	7227.88
2899.63	7360.77
2900.25	7462.52
2900.88	7462.37
2901.5	7525.18
2902.12	7526.57
2902.75	7549.5
2903.37	7613.88
2904	7632.67
2904.62	7710.42
2905.25	7735.68
2905.87	7653.48
2906.49	7803.48
2907.11	7799.62
2907.74	7834.2
2908.36	7690.49
2908.98	7777
2909.6	7774.95
2910.23	7807.98
2910.85	7806.4
2911.47	7673.25
2912.09	7710.79
2912.71	7712.2
2913.33	7711.24
2913.96	7642.92
2914.58	7619.66
2915.2	7556.47
2915.82	7454.43
2916.44	7451.24
2917.06	7496.56
2917.68	7352.97
2918.3	7323.68
2918.92	7264.47
2919.54	7304.25
2920.16	7276.1
2920.77	7185.69
2921.39	7183.64
2922.01	7105.73
2922.63	6999.41
2923.25	7027.1
2923.87	7009.96
2924.48	7043.76
2925.1	7033.49
2925.72	7064.4
2926.34	7075.15
2926.95	6994.95
2927.57	7014.92
2928.19	7036.65
2928.8	7132.34
2929.42	7103.56
2930.04	7186.65
2930.65	7249.08
2931.27	7237.13
2931.89	7374
2932.5	7361.47
2933.12	7420.02
2933.73	7556.26
2934.35	7673
2934.96	7697.01
2935.58	7774.56
2936.19	7887.8
2936.81	7927.14
2937.42	7988.86
2938.03	8109.42
2938.65	8123.33
2939.26	8169.85
2939.88	8103.19
2940.49	8167.48
2941.1	8157.6
2941.71	8185.27
2942.33	8074.56
2942.94	8020.86
2943.55	7916.7
2944.17	7884.12
2944.78	7911.87
2945.39	7852.71
2946	7724.44
2946.61	7669.06
2947.22	7534.13
2947.83	7552.77
2948.45	7440.56
2949.06	7450.5
2949.67	7307.08
2950.28	7229.53
2950.89	7205.76
2951.5	7091.26
2952.11	7012.8
2952.72	6907.74
2953.33	6847.72
2953.94	6841.53
2954.54	6708.1
2955.15	6690.22
2955.76	6515.22
2956.37	6480.54
2956.98	6482.05
2957.59	6328.97
2958.2	6194.27
2958.8	6166.58
2959.41	6094.41
2960.02	6079.59
2960.63	5870.68
2961.23	5812.86
2961.84	5686.41
2962.45	5703.35
2963.05	5658.83
2963.66	5518.36
2964.27	5438.8
2964.87	5378.89
2965.48	5295.14
2966.08	5180.78
2966.69	5195.95
2967.29	5013.55
2967.9	4936.31
2968.5	4872.68
2969.11	4765.5
2969.71	4802.7
2970.32	4665.76
2970.92	4570.86
2971.53	4485.78
2972.13	4358.48
2972.74	4287.08
2973.34	4217.73
2973.94	4153.72
2974.54	4087.34
2975.15	4033.57
2975.75	3870.76
2976.35	3837.1
2976.96	3746.67
2977.56	3756.06
2978.16	3672.1
2978.76	3556.21
2979.36	3467.94
2979.97	3426.96
2980.57	3395.42
2981.17	3290.97
2981.77	3244.62
2982.37	3075.65
2982.97	3100.02
2983.57	3015.46
2984.17	2890.11
2984.77	2905.57
2985.37	2806.01
2985.97	2701.98
2986.57	2681.3
2987.17	2610.53
2987.77	2594.9
2988.37	2522.52
2988.97	2443.59
2989.57	2397.12
2990.17	2350.49
2990.76	2277.24
2991.36	2177.52
2991.96	2170.16
2992.56	2142.44
2993.16	2088.07
2993.75	2010
2994.35	1968.58
2994.95	1908.6
2995.54	1924.32
2996.14	1827.71
2996.74	1828.56
2997.33	1740.73
2997.93	1753.32
2998.52	1666.76
2999.12	1672.25
2999.72	1626.52
3000.31	1606.34
3000.91	1553.39
3001.5	1523.97
3002.1	1512.94
3002.69	1500.78
3003.29	1429.08
3003.88	1407.46
3004.47	1387.88
3005.07	1375.59
3005.66	1375.81
3006.26	1303.56
3006.85	1300.13
3007.44	1303.95
3008.04	1244.06
3008.63	1231.14
3009.22	1189.21
3009.81	1170.66
3010.41	1174.59
3011	1134.41
3011.59	1139.53
3012.18	1107.86
3012.77	1094.77
3013.36	1071.44
3013.96	1047.04
3014.55	1049.3
3015.14	1037.2
3015.73	1041.62
3016.32	1000.91
3016.91	997.254
3017.5	971.95
3018.09	985.626
3018.68	941.504
3019.27	933.309
3019.86	904.519
3020.45	926.271
3021.04	932.722
3021.63	912.502
3022.22	920.129
3022.8	909.141
3023.39	926.919
3023.98	872.392
3024.57	890.034
3025.16	878.792
3025.74	889.237
3026.33	885.226
3026.92	899.738
3027.5	872.882
3028.09	854.211
3028.68	863.386
3029.26	851.978
3029.85	871.643
3030.44	881.141
3031.02	870.118
3031.61	873.6
3032.19	838.816
3032.78	849.391
3033.37	890.861
3033.95	873.315
3034.54	869.16
3035.12	845.367
3035.71	876.387
3036.29	862.983
3036.87	869.228
3037.46	866.172
3038.04	848.661
3038.63	845.676
3039.21	898.627
3039.79	866.892
3040.38	870.409
3040.96	872.917
3041.54	828.731
3042.12	876.583
3042.71	867.254
3043.29	856.705
3043.87	849.16
3044.45	852.996
3045.03	867.267
3045.62	878.578
3046.2	879.703
3046.78	873.704
3047.36	908.132
3047.94	903.2
3048.52	880.581
3049.1	929.345
3049.68	918.984
3050.26	941.722
3050.84	941.646
3051.42	995.42
3052	1020.19
3052.58	1024.25
3053.16	1000.37
3053.74	1038.66
3054.32	1051.15
3054.89	1061.68
3055.47	1071.29
3056.05	1061.29
3056.63	1091.7
3057.21	1106.5
3057.78	1114.93
3058.36	1107.64
3058.94	1128.21
3059.52	1072.01
3060.09	1128.82
3060.67	1086.23
3061.25	1123.54
3061.82	1094.6
3062.4	1064.63
3062.97	1080.2
3063.55	1079.1
3064.13	1047.88
3064.7	1073.63
3065.28	1066.3
3065.85	1060.1
3066.43	1032.22
3067	1031.27
3067.58	1037.48
3068.15	1009.36
3068.72	1019.4
3069.3	974.483
3069.87	958.569
3070.45	951.045
3071.02	1009.87
3071.59	962.338
3072.17	932.478
3072.74	899.506
3073.31	872.654
3073.89	867.407
3074.46	884.821
3075.03	882.556
3075.6	882.423
3076.17	849.335
3076.74	845.32
3077.32	840.37
3077.89	845.796
3078.46	833.603
3079.03	804.764
3079.6	837.901
3080.17	791.246
3080.74	839.692
3081.31	793.94
3081.88	825.733
3082.45	794.464
3083.02	823.159
3083.59	806.407
3084.16	786.577
3084.73	803.924
3085.3	799.608
3085.87	810.822
3086.43	762.275
3087	782.959
3087.57	793.408
3088.14	777.059
3088.71	800.937
3089.28	789.645
3089.84	791.685
3090.41	782.312
3090.98	756.402
3091.54	767.648
3092.11	753.099
3092.68	791.16
3093.24	744.617
3093.81	804.302
3094.38	777.367
3094.94	784.485
3095.51	785.439
3096.07	762.693
3096.64	799.711
3097.2	775.902
3097.77	781.978
3098.33	791.184
3098.9	797.37
3099.46	811.871
3100.03	767.687
3100.59	795.618
3101.15	807.013
3101.72	780.205
3102.28	772.916
3102.84	798.558
3103.41	770.604
3103.97	835.338
3104.53	784.714
3105.1	807.195
3105.66	811.146
3106.22	790.422
3106.78	817.063
3107.34	807.724
3107.91	843.672
3108.47	830.268
3109.03	833.357
3109.59	800.506
3110.15	841.801
3110.71	841.003
3111.27	819.656
3111.83	774.582
3112.39	842.667
3112.95	829.252
3113.51	814.677
3114.07	810.338
3114.63	845.12
3115.19	866.597
3115.75	836.734
3116.31	842.95
3116.87	853.291
3117.43	866.669
3117.98	865.557
3118.54	820.139
3119.1	877.529
3119.66	869.107
3120.22	873.076
3120.77	853.479
3121.33	874.025
3121.89	878.149
3122.44	894.579
3123	853.393
3123.56	865.563
3124.11	868.417
3124.67	876.381
3125.23	906.955
3125.78	851.387
3126.34	909.853
3126.89	848.344
3127.45	873.123
3128	855.85
3128.56	912.501
3129.11	868.476
3129.67	864.438
3130.22	927.09
3130.78	896.197
3131.33	869.352
3131.88	906.118
3132.44	917.188
3132.99	918.006
3133.54	922.971
3134.1	924.921
3134.65	911.552
3135.2	929.009
3135.76	923.934
3136.31	928.101
3136.86	909.69
3137.41	919.982
3137.96	943.586
3138.51	940.491
3139.07	969.18
3139.62	936.313
3140.17	917.814
3140.72	953.693
3141.27	937.276
3141.82	981.379
3142.37	971.107
3142.92	946.445
3143.47	978.167
3144.02	990.408
3144.57	1001.67
3145.12	979.189
3145.67	985.512
3146.22	994.989
3146.77	987.054
3147.32	997.555
3147.86	963.837
3148.41	998.783
3148.96	979.217
3149.51	1017.04