401.058	1104.38
402.149	1071.31
403.243	1125.22
404.332	1073.17
405.424	1006.06
406.515	999.39
407.606	987.123
408.697	924.16
409.785	858.546
410.876	802.43
411.967	775.417
413.055	774.549
414.143	703.382
415.233	819.955
416.321	741.222
417.409	747.385
418.499	739.624
419.586	746.832
420.673	801.393
421.761	849.553
422.848	912.619
423.935	933.317
425.02	854.465
426.106	973.077
427.193	997.492
428.278	1051.25
429.364	1006.37
430.45	1137.24
431.534	1123.77
432.618	1125.25
433.704	1124.27
434.788	1162.1
435.871	1156.87
436.955	1206.79
438.038	1117.89
439.123	1084.13
440.204	1052.31
441.287	1012.44
442.37	1006.88
443.452	916.711
444.535	915.871
445.615	822.544
446.698	815.717
447.78	736.608
448.86	688.816
449.939	605.913
451.021	636.861
452.101	636.489
453.18	512.909
454.262	585.681
455.341	506.247
456.42	437.766
457.499	487.048
458.578	428.692
459.654	424.214
460.733	472.729
461.811	404.3
462.89	463.15
463.966	388.15
465.044	395.862
466.12	344.931
467.197	366.566
468.273	387.239
469.349	380.814
470.426	359.356
471.501	381.535
472.576	398.962
473.651	395.005
474.726	420.829
475.801	437.452
476.876	462.503
477.95	506.135
479.022	421.741
480.097	414.274
481.171	474.386
482.243	530.66
483.317	516.491
484.388	530.071
485.46	514.975
486.533	517.417
487.605	482.003
488.676	618.051
489.747	584.451
490.818	680.711
491.889	645.479
492.959	683.026
494.03	706.855
495.1	703.115
496.171	765.436
497.239	800.024
498.309	822.506
499.379	803.626
500.446	907.553
501.514	850.352
502.584	874.843
503.651	903.176
504.718	792.569
505.788	919.06
506.855	830.503
507.921	927.749
508.988	909.633
510.055	862.217
511.119	897.254
512.186	865.501
513.252	917.199
514.318	978.177
515.382	1010.83
516.448	980.253
517.512	1031.42
518.577	1055.19
519.641	1033.13
520.704	1042.44
521.768	1092.39
522.833	1071.43
523.896	1177.7
524.959	1186.9
526.021	1249.39
527.084	1233.95
528.144	1323.67
529.207	1305.21
530.269	1371.08
531.331	1444.77
532.391	1507.97
533.453	1499.43
534.513	1493.8
535.572	1537.21
536.634	1384.26
537.693	1484.48
538.752	1351.04
539.812	1330.93
540.87	1298.89
541.929	1259.69
542.988	1243.1
544.047	1164.16
545.105	1130.71
546.164	1129.58
547.22	1034.58
548.278	1072.72
549.336	1054.56
550.392	1013.94
551.448	944.522
552.505	884.64
553.561	953.543
554.616	895.802
555.671	805.444
556.728	869.636
557.783	867.465
558.836	813.896
559.891	865.292
560.946	767.003
562	745.029
563.055	747.313
564.107	754.363
565.161	715.199
566.213	707.543
567.267	679.501
568.318	650.529
569.37	689.948
570.424	650.842
571.475	658.871
572.526	618.953
573.577	710.92
574.628	680.258
575.679	698.456
576.73	747.057
577.781	663.165
578.829	845.306
579.88	773.534
580.93	792.882
581.978	737.706
583.026	708.254
584.076	668.658
585.124	608.831
586.172	604.171
587.221	695.064
588.269	668.296
589.316	690.157
590.363	725.701
591.41	667.618
592.457	748.075
593.502	674.645
594.549	697.689
595.595	794.344
596.64	707.781
597.686	664.3
598.73	653.736
599.776	759.678
600.82	688.05
601.864	713.743
602.908	676.099
603.953	666.208
604.997	682.28
606.04	767.557
607.083	706.584
608.125	640.802
609.168	703.861
610.211	762.161
611.253	668.185
612.294	723.586
613.336	733.852
614.377	826.267
615.419	912.271
616.459	1093.26
617.499	1135.75
618.539	1250.99
619.579	1217.66
620.619	1156.71
621.658	1069.1
622.698	909.671
623.737	927.326
624.776	1009.58
625.815	1108.52
626.852	1128.24
627.891	1292.93
628.928	1394.07
629.966	1523.83
631.003	1623.87
632.041	1586.88
633.077	1583.73
634.114	1494.57
635.15	1399.98
636.185	1349.9
637.221	1249.38
638.257	1121.4
639.292	1111.51
640.328	1060.96
641.361	1026.8
642.396	928.789
643.431	798.423
644.464	797.973
645.497	732.219
646.532	689.648
647.564	615.999
648.597	645.476
649.629	652.024
650.663	630.049
651.695	627.305
652.727	599.64
653.757	528.731
654.789	557.027
655.821	582.558
656.852	452.161
657.882	482.431
658.913	490.736
659.942	442.195
660.973	403.727
662.002	462.42
663.031	465.132
664.06	442.239
665.09	451.56
666.119	438.124
667.147	469.786
668.175	483.187
669.201	469.892
670.229	449.086
671.257	373.803
672.285	460.431
673.311	407.117
674.338	405.413
675.363	425.902
676.389	377.37
677.416	412.702
678.441	384.369
679.466	434.356
680.491	384.609
681.515	400.319
682.54	389.276
683.565	409.645
684.589	417.182
685.613	422.034
686.635	405.707
687.659	462.364
688.681	449.747
689.705	434.316
690.727	441.045
691.75	517.162
692.772	517.389
693.793	486.101
694.814	533.475
695.835	542.833
696.856	521.577
697.877	518.802
698.898	510.458
699.918	534.516
700.937	567.843
701.957	496.632
702.978	582.722
703.996	525.4
705.016	538.365
706.034	533.732
707.052	486.555
708.069	529.064
709.087	460.669
710.107	463.475
711.124	412.716
712.139	488.58
713.156	409.214
714.173	420.396
715.19	425.997
716.205	414.905
717.222	403.753
718.238	423.937
719.253	396.106
720.267	445.741
721.283	436.382
722.297	389.312
723.311	467.499
724.325	424.197
725.339	414.071
726.353	457.346
727.366	439.951
728.38	457.542
729.391	540.449
730.404	497.27
731.417	586.454
732.428	585.379
733.441	581.475
734.452	586.748
735.463	631.537
736.475	632.361
737.486	626.89
738.496	593.994
739.506	611.611
740.516	630.146
741.526	645.881
742.534	623.912
743.544	664.295
744.554	651.42
745.561	653.236
746.571	623.896
747.578	658.808
748.587	681.837
749.594	599.414
750.601	624.349
751.608	596.11
752.615	630.319
753.621	616.859
754.628	609.873
755.634	574.443
756.641	587.764
757.647	551.435
758.651	574.946
759.657	599.417
760.663	536.265
761.666	604.997
762.67	608.173
763.676	576.161
764.679	609.668
765.682	553.437
766.686	632.108
767.689	644.217
768.692	676.737
769.694	636.359
770.697	544.292
771.698	624.504
772.7	571.42
773.703	556.244
774.703	556.693
775.703	529.085
776.705	563.551
777.705	529.171
778.705	573.75
779.705	578.469
780.705	590.733
781.704	598.447
782.704	583.885
783.703	586.017
784.702	579.71
785.701	654.265
786.698	614.382
787.697	656.381
788.694	656.575
789.693	749.887
790.689	648.688
791.686	670.308
792.682	676.954
793.68	759.877
794.676	705.891
795.672	821.397
796.666	766.628
797.662	826.499
798.658	906.015
799.653	896.994
800.647	1001.51
801.642	1037.78
802.636	1048.69
803.631	1091.11
804.624	1125.1
805.617	1059.55
806.61	1093.55
807.602	1078.25
808.595	1087.97
809.587	1096.7
810.58	1050.68
811.572	1025.18
812.564	1022.97
813.554	1059.79
814.546	1043.87
815.536	981.686
816.528	961.153
817.518	1030.36
818.507	1001.48
819.499	1058.63
820.488	1106.52
821.477	1092.41
822.466	1157.66
823.455	1282.71
824.444	1351.2
825.431	1439.87
826.42	1511.96
827.408	1582.39
828.395	1758.98
829.383	1868.44
830.369	1993.45
831.356	2136.5
832.342	2358.08
833.33	2627.73
834.315	2761.01
835.301	3032.28
836.287	3336.23
837.27	3544.6
838.256	3770.18
839.241	3923.56
840.226	3948.3
841.209	3898.36
842.194	3873.01
843.177	3809.99
844.16	3634.09
845.145	3382.08
846.127	3142.98
847.11	2961.74
848.092	2797.84
849.074	2665.92
850.056	2651.49
851.039	2585.3
852.018	2593.38
853	2582.88
853.982	2667.98
854.962	2748.62
855.941	2817.65
856.923	2862.29
857.902	2892.63
858.881	2758.58
859.86	2595.02
860.839	2538.91
861.818	2316.73
862.797	2208.37
863.776	2095.12
864.754	1957.74
865.733	1885.68
866.709	1820.09
867.687	1757.37
868.664	1679.17
869.642	1716.16
870.618	1613.39
871.594	1634.98
872.569	1540.6
873.545	1569.63
874.521	1481.64
875.496	1485.7
876.471	1384.61
877.447	1441
878.42	1368.23
879.395	1405.05
880.37	1404.97
881.343	1314.64
882.315	1254.84
883.29	1278.99
884.262	1169.61
885.235	1156.98
886.207	1214.34
887.179	1181.27
888.151	1160.09
889.123	1134.28
890.095	1121.4
891.065	1105.82
892.037	1187.05
893.009	1231.45
893.978	1162.46
894.948	1160.79
895.919	1203.45
896.888	1237.93
897.857	1297.41
898.826	1332.95
899.795	1316.71
900.764	1407.36
901.732	1491.3
902.701	1500.27
903.668	1586.63
904.636	1601.02
905.604	1697.6
906.57	1711.39
907.538	1729.13
908.504	1790.48
909.47	1866.86
910.436	1835.48
911.402	1816.16
912.367	1868.82
913.333	1831.73
914.298	1883.16
915.264	1798.52
916.229	1767.42
917.192	1772.46
918.157	1708.25
919.12	1690.44
920.084	1616.23
921.047	1589.2
922.01	1555.56
922.972	1460.59
923.935	1429.44
924.897	1436.28
925.859	1306.81
926.821	1279.43
927.783	1208.48
928.743	1179.26
929.705	1149.99
930.667	1143.85
931.626	1033.59
932.586	1055.28
933.547	1038.95
934.506	1031.11
935.466	920.998
936.425	937.448
937.384	929.666
938.343	930.191
939.301	956.753
940.26	968.367
941.217	954.807
942.175	938.505
943.132	964.311
944.09	994.892
945.046	998.404
946.002	979.426
946.96	978.156
947.916	945.893
948.872	1009.15
949.828	902.687
950.783	1006.21
951.737	957.708
952.692	964.45
953.647	959.834
954.601	948.602
955.556	916.767
956.509	873.795
957.464	943.594
958.417	953.501
959.369	922.12
960.322	924.448
961.275	934.073
962.227	991.385
963.179	957.348
964.132	942.094
965.082	976.749
966.034	1005.98
966.984	976.252
967.936	987.013
968.885	1012.78
969.837	969.751
970.787	1030.86
971.736	1059.81
972.686	1035.08
973.635	1021.66
974.584	1135.07
975.533	1085.23
976.48	1179.1
977.429	1146.31
978.378	1177.36
979.325	1230.92
980.273	1245.06
981.22	1262.9
982.166	1318.21
983.113	1333.96
984.061	1395.47
985.007	1419.26
985.953	1487.86
986.897	1495.53
987.843	1561.36
988.789	1593.69
989.734	1571.05
990.678	1625.23
991.623	1680.32
992.567	1816.61
993.51	2043.27
994.453	2253.66
995.398	2657.93
996.341	3346.42
997.284	4036.18
998.227	4751.65
999.168	5213.28
1000.11	5354.32
1001.05	5037.22
1001.99	4321.92
1002.94	3434.9
1003.88	2674.07
1004.82	2057.85
1005.76	1723.9
1006.7	1464.43
1007.64	1366.96
1008.58	1224.55
1009.52	1166.76
1010.46	1134.89
1011.4	1106.71
1012.34	1087
1013.27	1188.58
1014.21	1224.35
1015.15	1132.74
1016.09	1116.72
1017.03	1150.12
1017.96	1175.01
1018.9	1182.89
1019.84	1266.27
1020.77	1338.36
1021.71	1327.4
1022.65	1437.16
1023.58	1554.77
1024.52	1729.88
1025.45	1824.03
1026.39	1974.52
1027.32	2196.24
1028.26	2359.65
1029.19	2383.91
1030.12	2444.6
1031.06	2314.8
1031.99	2240.64
1032.92	2124.52
1033.86	1974.73
1034.79	1829.55
1035.72	1713.27
1036.65	1640
1037.59	1614.53
1038.52	1530.38
1039.45	1458.36
1040.38	1454.26
1041.31	1471.87
1042.24	1471.51
1043.17	1361.43
1044.1	1373.19
1045.03	1381.17
1045.96	1426.16
1046.89	1484.64
1047.82	1411.82
1048.75	1406.41
1049.68	1421.01
1050.61	1405.19
1051.53	1534.52
1052.46	1512.5
1053.39	1558.58
1054.32	1553.07
1055.24	1548.42
1056.17	1666.52
1057.1	1754.39
1058.02	1774
1058.95	1833.72
1059.88	1967.75
1060.8	1877.97
1061.73	1886.2
1062.65	1926.87
1063.58	1838.01
1064.5	1778.72
1065.43	1736.48
1066.35	1738.77
1067.27	1793.04
1068.2	1782.82
1069.12	1747.41
1070.04	1819.57
1070.97	1734.85
1071.89	1798.18
1072.81	1768.79
1073.73	1728.37
1074.65	1723.28
1075.58	1639.94
1076.5	1599.14
1077.42	1586.6
1078.34	1567.19
1079.26	1528.68
1080.18	1549.17
1081.1	1522.15
1082.02	1456.18
1082.94	1428.26
1083.86	1387.97
1084.78	1396.12
1085.7	1356.83
1086.61	1373.64
1087.53	1307.99
1088.45	1320.21
1089.37	1266.03
1090.28	1249.73
1091.2	1301.58
1092.12	1284.12
1093.03	1283.7
1093.95	1274.82
1094.87	1333.27
1095.78	1353.04
1096.7	1288.69
1097.61	1314.31
1098.53	1373.97
1099.44	1434.52
1100.36	1396.55
1101.27	1417.16
1102.19	1397.02
1103.1	1374.96
1104.01	1410.57
1104.93	1429.22
1105.84	1507.55
1106.75	1507.68
1107.67	1482.53
1108.58	1578.54
1109.49	1627.37
1110.4	1621.18
1111.31	1634.58
1112.22	1646.78
1113.14	1712.72
1114.05	1779.59
1114.96	1815.4
1115.87	1893.94
1116.78	2015.18
1117.69	2053.24
1118.6	2125.15
1119.51	2147.58
1120.42	2192.42
1121.32	2277.8
1122.23	2333.2
1123.14	2335.35
1124.05	2300.47
1124.96	2279.49
1125.86	2236.18
1126.77	2134.05
1127.68	2092.99
1128.58	2049.35
1129.49	1892.12
1130.4	1881.38
1131.3	1839.09
1132.21	1806.32
1133.11	1794.69
1134.02	1835.58
1134.92	1890.19
1135.83	1889.24
1136.73	1869.43
1137.64	1917.89
1138.54	1968.1
1139.44	1954.49
1140.35	1883.76
1141.25	1869.08
1142.15	1822.2
1143.06	1778.29
1143.96	1790.57
1144.86	1700.04
1145.76	1661.69
1146.66	1685.04
1147.57	1632.02
1148.47	1608.38
1149.37	1594.22
1150.27	1602.93
1151.17	1589.79
1152.07	1550.96
1152.97	1543.58
1153.87	1467.55
1154.77	1435.26
1155.67	1418.11
1156.57	1245.56
1157.46	1236.92
1158.36	1169.29
1159.26	1102.74
1160.16	1064.89
1161.05	1055.69
1161.95	1000.69
1162.85	936.951
1163.75	901.62
1164.64	885.179
1165.54	936.251
1166.44	908.262
1167.33	828.071
1168.23	839.384
1169.12	816.586
1170.02	829.054
1170.91	851.044
1171.81	804.512
1172.7	803.568
1173.59	795.897
1174.49	803.372
1175.38	838.327
1176.27	888.377
1177.17	915.536
1178.06	902.808
1178.95	957.46
1179.84	971.423
1180.74	1000.67
1181.63	1004.44
1182.52	993.065
1183.41	966.463
1184.3	1003.17
1185.19	1027.41
1186.08	950.313
1186.97	976.321
1187.86	991.924
1188.75	1015.09
1189.64	1032.58
1190.53	1056.64
1191.42	1074.07
1192.31	1103.79
1193.2	1173.15
1194.09	1174.87
1194.97	1173
1195.86	1229.61
1196.75	1192.96
1197.64	1161.86
1198.52	1160.81
1199.41	1149.39
1200.29	1125.79
1201.18	1095.69
1202.07	1084.47
1202.95	1044.06
1203.84	986.626
1204.72	993.02
1205.61	956.06
1206.49	941.656
1207.38	979.008
1208.26	860.678
1209.14	870.286
1210.03	847.21
1210.91	841.125
1211.79	763.53
1212.68	811.813
1213.56	810.054
1214.44	810.919
1215.32	813.525
1216.21	827.36
1217.09	811.191
1217.97	793.313
1218.85	837.655
1219.73	868.167
1220.61	810.51
1221.49	843.24
1222.37	914.652
1223.25	950.234
1224.13	991.316
1225.01	1052.02
1225.89	1153.15
1226.77	1234.41
1227.65	1323.31
1228.52	1356.77
1229.4	1399.03
1230.28	1382.04
1231.16	1348.17
1232.03	1323.76
1232.91	1352.29
1233.79	1287.84
1234.66	1250.63
1235.54	1277.75
1236.42	1272.47
1237.29	1260.45
1238.17	1204.75
1239.04	1140.52
1239.92	1102.95
1240.79	1044.51
1241.67	1002.25
1242.54	969.493
1243.41	956.703
1244.29	959.155
1245.16	958.78
1246.03	894.552
1246.91	951.375
1247.78	937.567
1248.65	923.627
1249.52	950.6
1250.4	937.364
1251.27	958.454
1252.14	945.194
1253.01	953.015
1253.88	969.512
1254.75	949.75
1255.62	1001.62
1256.49	974.103
1257.36	1014.31
1258.23	1046.75
1259.1	1055.19
1259.97	1080.76
1260.84	1061.45
1261.71	1120.46
1262.57	1092.67
1263.44	1059.25
1264.31	1128.94
1265.18	1138.54
1266.05	1203.46
1266.91	1231.1
1267.78	1270.1
1268.65	1358.59
1269.51	1393.57
1270.38	1545.69
1271.24	1662.39
1272.11	1768.46
1272.97	1883.9
1273.84	2059.12
1274.7	2158.13
1275.57	2300.86
1276.43	2383.22
1277.3	2413.45
1278.16	2464.34
1279.02	2516.65
1279.89	2554.65
1280.75	2544.83
1281.61	2571.22
1282.48	2572.49
1283.34	2543.81
1284.2	2523.34
1285.06	2423.96
1285.92	2382.5
1286.78	2267.46
1287.65	2211.37
1288.51	2089.27
1289.37	2012.31
1290.23	2002.99
1291.09	1884.26
1291.95	1724.24
1292.81	1658.86
1293.67	1587.33
1294.52	1547.14
1295.38	1494.55
1296.24	1497.88
1297.1	1470.86
1297.96	1442.16
1298.81	1411.54
1299.67	1360.16
1300.53	1373.44
1301.39	1363.55
1302.24	1330.14
1303.1	1283.82
1303.95	1252.79
1304.81	1201.96
1305.67	1207.09
1306.52	1164.33
1307.38	1133.39
1308.23	1107.74
1309.09	1085.61
1309.94	1044.93
1310.8	1024.68
1311.65	988.214
1312.5	975.643
1313.35	964.725
1314.21	969.503
1315.06	949.537
1315.91	928.924
1316.77	923.831
1317.62	935.989
1318.47	920.247
1319.32	941.042
1320.17	919.97
1321.02	927.754
1321.87	938.664
1322.73	952.459
1323.57	972.468
1324.43	966.25
1325.28	997.069
1326.13	1008.21
1326.97	1039.58
1327.82	1037.63
1328.67	1051.06
1329.52	1040.93
1330.37	1076.4
1331.22	1073.51
1332.06	1094.08
1332.91	1106.45
1333.76	1104.73
1334.61	1113.22
1335.45	1132.75
1336.3	1133.43
1337.15	1129.44
1337.99	1150.1
1338.84	1160.43
1339.68	1189.37
1340.53	1180.57
1341.37	1173.96
1342.22	1190.97
1343.06	1195.2
1343.91	1191.52
1344.75	1203.17
1345.6	1197.93
1346.44	1225.11
1347.28	1215.12
1348.12	1197.02
1348.97	1216.64
1349.81	1221.42
1350.65	1245.87
1351.49	1222.51
1352.33	1220.12
1353.18	1218.86
1354.02	1247.35
1354.86	1268.08
1355.7	1281.31
1356.54	1301.69
1357.38	1297.12
1358.22	1319.69
1359.06	1327.99
1359.9	1345.87
1360.74	1346.4
1361.58	1337.57
1362.42	1350.33
1363.25	1359.9
1364.09	1343.82
1364.93	1340.64
1365.77	1331.29
1366.6	1318.92
1367.19	1351.55
1368.1	1281.03
1369.01	1348.23
1369.92	1339.53
1370.83	1338.59
1371.74	1308.97
1372.65	1273.34
1373.56	1257.33
1374.47	1271.79
1375.37	1230.14
1376.28	1213.02
1377.19	1211.54
1378.1	1179.52
1379	1195.59
1379.91	1213.58
1380.82	1136.41
1381.72	1135.73
1382.63	1099.68
1383.54	1123.23
1384.44	1112.37
1385.35	1077.02
1386.25	1087.57
1387.16	1072.8
1388.06	1078.6
1388.97	1091.28
1389.87	1077.77
1390.78	1099.31
1391.68	1115.05
1392.59	1133.69
1393.49	1144.52
1394.39	1174.64
1395.3	1079.75
1396.2	1082.57
1397.1	1029.31
1398	930.858
1398.91	945.438
1399.81	894.632
1400.71	872.86
1401.61	851.14
1402.52	818.832
1403.42	810.503
1404.32	778.129
1405.22	808.096
1406.12	799.74
1407.02	779.053
1407.92	770.958
1408.82	797.406
1409.72	786.65
1410.62	798.857
1411.52	770.914
1412.42	781.117
1413.32	769.292
1414.21	794.614
1415.11	801.751
1416.01	768.857
1416.91	773.137
1417.81	786.027
1418.71	809.462
1419.6	795.007
1420.5	803.533
1421.4	840.724
1422.29	884.658
1423.19	853.45
1424.09	916.282
1424.98	909.551
1425.88	959.759
1426.77	994.695
1427.67	1026.79
1428.56	1094.1
1429.46	1140.59
1430.35	1235.62
1431.25	1272.82
1432.14	1356.75
1433.04	1419.97
1433.93	1483.45
1434.82	1518.58
1435.72	1521.49
1436.61	1557.8
1437.5	1598
1438.39	1611.53
1439.29	1676.58
1440.18	1729.17
1441.07	1753.9
1441.96	1852.13
1442.85	1928.39
1443.75	2026.88
1444.64	2087.47
1445.53	2152.38
1446.42	2218.54
1447.31	2275.14
1448.2	2315.13
1449.09	2292.22
1449.98	2289.09
1450.87	2326.21
1451.76	2274.08
1452.65	2290.67
1453.54	2234.71
1454.43	2183.93
1455.31	2172.72
1456.2	2093.57
1457.09	2047.5
1457.98	1998.76
1458.87	1969.85
1459.75	1915.74
1460.64	1825.25
1461.53	1797.17
1462.41	1831.53
1463.3	1816.75
1464.19	1863.84
1465.07	1848.4
1465.96	1922.6
1466.85	1969.17
1467.73	1975.78
1468.61	1931.07
1469.5	1920.57
1470.38	1783.16
1471.27	1820.54
1472.15	1725.84
1473.04	1749.42
1473.92	1850.49
1474.8	1809.6
1475.69	1866.77
1476.57	1860.01
1477.45	1864.24
1478.34	1907.68
1479.22	1802.62
1480.1	1745.95
1480.98	1722.84
1481.86	1676.73
1482.75	1668.9
1483.63	1677.16
1484.51	1632.95
1485.39	1541.56
1486.27	1466.21
1487.15	1227.63
1488.03	1097.78
1488.91	979.537
1489.79	868.912
1490.67	777.504
1491.55	735.359
1492.43	651.7
1493.31	629.963
1494.19	594.827
1495.07	543.405
1495.94	559.48
1496.82	506.196
1497.7	483.714
1498.58	482.358
1499.45	452.165
1500.33	435.445
1501.21	459.982
1502.09	399.271
1502.96	432.454
1503.84	414.926
1504.72	407.936
1505.59	395.215
1506.47	370.095
1507.34	377.401
1508.22	366.602
1509.09	337.767
1509.97	346.089
1510.84	370.594
1511.72	341.928
1512.59	335.125
1513.46	355.806
1514.34	312.901
1515.21	324.938
1516.08	343.534
1516.96	329.947
1517.83	352.265
1518.7	294.403
1519.57	347.858
1520.45	304.295
1521.32	325.755
1522.19	297.4
1523.06	304.837
1523.93	284.108
1524.8	271.852
1525.67	261.461
1526.54	292.359
1527.41	279.083
1528.28	298.632
1529.16	273.168
1530.02	272.123
1530.89	275.804
1531.76	267.357
1532.63	263.63
1533.5	280.521
1534.37	268.374
1535.24	270.258
1536.11	291.786
1536.97	271.167
1537.84	292.687
1538.71	256.198
1539.57	267.492
1540.44	255.427
1541.31	251.823
1542.18	263.232
1543.04	274.644
1543.91	283.216
1544.77	246.703
1545.64	226.089
1546.5	261.751
1547.37	263.649
1548.24	229.009
1549.1	246.061
1549.96	244.433
1550.83	231.58
1551.69	227.198
1552.56	250.125
1553.42	236.223
1554.28	252.447
1555.15	199.672
1556.01	225.292
1556.87	255.706
1557.73	239.872
1558.6	239.232
1559.46	257.594
1560.32	228.493
1561.18	208.779
1562.04	264.108
1562.9	217.632
1563.77	250.11
1564.63	246.457
1565.49	226.655
1566.35	274.603
1567.21	252.036
1568.07	274.374
1568.93	261.341
1569.79	258.788
1570.64	267.699
1571.5	244.907
1572.36	243.189
1573.22	277.99
1574.08	281.114
1574.94	299.675
1575.8	305.772
1576.65	354.334
1577.51	343.127
1578.37	359.892
1579.22	376.644
1580.08	430.159
1580.94	475.015
1581.79	550.96
1582.65	533.972
1583.51	531.567
1584.36	501.985
1585.22	485.957
1586.07	392.012
1586.93	396.245
1587.78	375.105
1588.63	334.399
1589.49	378.492
1590.34	367.916
1591.2	367.031
1592.05	392.437
1592.9	407.053
1593.76	426.535
1594.61	460.693
1595.46	514.469
1596.32	590.858
1597.17	654.747
1598.02	774.5
1598.87	870.904
1599.72	939.881
1600.58	1055.69
1601.43	1040.09
1602.28	1081.01
1603.13	1026.79
1603.98	936.32
1604.83	882.101
1605.68	755.717
1606.53	648.093
1607.38	581.629
1608.23	532.795
1609.08	483.94
1609.93	462.356
1610.77	393.847
1611.62	387.762
1612.47	391.416
1613.32	368.807
1614.17	349.207
1615.01	306.323
1615.86	348.158
1616.71	299.479
1617.55	278.992
1618.4	293.471
1619.25	269.977
1620.09	281.437
1620.94	317.122
1621.79	313.991
1622.63	264.398
1623.48	291.407
1624.32	299.073
1625.17	301.927
1626.01	269.958
1626.86	329.917
1627.7	307.629
1628.54	272.767
1629.39	307.517
1630.23	330.619
1631.07	305.365
1631.92	318.723
1632.76	324.328
1633.6	331.853
1634.45	330.717
1635.29	347.912
1636.13	359.344
1636.97	351.533
1637.81	352.388
1638.66	397.48
1639.5	351.216
1640.34	345.378
1641.18	397.244
1642.02	391.495
1642.86	359.835
1643.7	396.428
1644.54	382.073
1645.38	380.193
1646.22	390.784
1647.06	400.403
1647.89	418.682
1648.73	368.757
1649.57	398.685
1650.41	412.364
1651.25	370.299
1652.09	382.152
1652.92	378.575
1653.76	399.994
1654.6	392.397
1655.43	373.159
1656.27	389.606
1657.11	365.603
1657.94	383.2
1658.78	404.796
1659.62	410.057
1660.45	370.791
1661.29	386.598
1662.12	377.12
1662.96	354.952
1663.79	388.016
1664.62	365.858
1665.46	353.473
1666.29	331.454
1667.13	346.405
1667.96	366.288
1668.79	350.162
1669.63	316.419
1670.46	330.404
1671.29	343.393
1672.12	327.036
1672.96	324.317
1673.79	307.875
1674.62	310.995
1675.45	259.285
1676.28	306.542
1677.11	312.71
1677.95	282.588
1678.78	294.673
1679.61	272.325
1680.44	288.279
1681.27	257.909
1682.1	285.586
1682.93	285.683
1683.75	281.862
1684.58	278.074
1685.41	302.926
1686.24	267.62
1687.07	261.904
1687.9	292.74
1688.73	274.154
1689.55	305.005
1690.38	287.365
1691.21	284.536
1692.04	282.656
1692.86	266.856
1693.69	252.998
1694.52	291.627
1695.34	276.794
1696.17	292.724
1696.99	325.582
1697.82	303.993
1698.64	286.367
1699.47	319.339
1700.29	304.609
1701.12	350.407
1701.94	334.538
1702.77	338.484
1703.59	358.286
1704.41	369.134
1705.24	374.029
1706.06	378.942
1706.88	412.653
1707.71	407.68
1708.53	410.655
1709.35	425.529
1710.17	444.348
1711	468.079
1711.82	501.666
1712.64	480.676
1713.46	552.809
1714.28	585.297
1715.1	549.519
1715.92	587.068
1716.74	599.897
1717.56	637.417
1718.38	655.005
1719.2	712.924
1720.02	678.739
1720.84	738.297
1721.66	755.449
1722.48	794.474
1723.3	831.774
1724.11	846.608
1724.93	881.184
1725.75	880.113
1726.57	927.004
1727.39	924.343
1728.2	945.111
1729.02	953.074
1729.84	933.692
1730.65	991.998
1731.47	1010.19
1732.29	988.203
1733.1	992.59
1733.92	958.672
1734.73	1010.77
1735.55	967.025
1736.36	944.892
1737.18	910.187
1737.99	911.65
1738.81	860.443
1739.62	819.942
1740.43	831.991
1741.25	813.841
1742.06	728.696
1742.87	724.349
1743.69	676.389
1744.5	680.904
1745.31	601.058
1746.13	564.911
1746.94	558.847
1747.75	482.14
1748.56	452
1749.37	402.556
1750.18	377.338
1750.99	393.722
1751.81	375.264
1752.61	344.241
1753.42	306.479
1754.24	331.575
1755.04	317.076
1755.85	288.097
1756.66	280.362
1757.47	275.484
1758.28	258.975
1759.09	246.309
1759.9	260.66
1760.71	229.718
1761.52	244.141
1762.32	228.733
1763.13	253.835
1763.94	193.161
1764.74	220.188
1765.55	212.502
1766.36	219.274
1767.17	210.643
1767.97	230.969
1768.78	196.36
1769.58	186.83
1770.39	167.636
1771.19	191.876
1772	201.621
1772.8	165.938
1773.61	176.637
1774.41	219.257
1775.22	178.735
1776.02	143.029
1776.83	168.272
1777.63	184.819
1778.43	173.296
1779.23	154.997
1780.04	157.062
1780.84	186.322
1781.64	183.597
1782.44	178.929
1783.25	176.193
1784.05	150.074
1784.85	183.334
1785.65	183.485
1786.45	179.734
1787.25	195.505
1788.05	170.274
1788.86	157.716
1789.65	150.028
1790.46	165.814
1791.25	137.54
1792.05	142.545
1792.85	165.205
1793.65	172.206
1794.45	137.021
1795.25	142.085
1796.05	129.471
1796.85	154.256
1797.64	143.608
1798.44	169.43
1799.24	169.602
1800.04	177.654
1800.83	166.911
1801.63	170.983
1802.43	176.044
1803.22	173.189
1804.02	152.499
1804.82	180.344
1805.61	156.653
1806.41	156.738
1807.2	181.623
1808	167.825
1808.79	142.112
1809.59	148.173
1810.38	183.071
1811.18	192.145
1811.97	169.369
1812.76	149.53
1813.56	131.645
1814.35	137.618
1815.14	186.359
1815.94	169.463
1816.73	173.492
1817.52	147.706
1818.31	150.786
1819.1	159.839
1819.9	136.991
1820.69	132.038
1821.48	154.951
1822.27	161.909
1823.06	176.833
1823.85	114.119
1824.64	147.972
1825.43	140.015
1826.22	169.86
1827.01	153.922
1827.8	177.768
1828.59	177.751
1829.38	150.913
1830.17	161.863
1830.96	151.938
1831.74	181.75
1832.53	146.943
1833.32	139.943
1834.11	166.673
1834.89	139.808
1835.68	167.484
1836.47	168.388
1837.26	157.419
1838.04	142.509
1838.83	142.444
1839.61	173.985
1840.4	154.131
1841.19	155.993
1841.97	144.043
1842.76	150.821
1843.54	168.422
1844.33	192.905
1845.11	124.053
1845.89	137.784
1846.68	149.551
1847.46	138.731
1848.25	143.61
1849.03	145.536
1849.81	134.716
1850.6	158.215
1851.38	141.536
1852.16	147.401
1852.94	149.34
1853.72	162.032
1854.51	183.501
1855.29	153.1
1856.07	141.294
1856.85	182.233
1857.63	149.923
1858.41	158.618
1859.19	152.69
1859.97	144.833
1860.75	155.501
1861.53	154.505
1862.31	159.37
1863.09	154.517
1863.87	136.042
1864.65	140.904
1865.43	153.518
1866.21	130.131
1866.99	124.234
1867.76	137.746
1868.54	171.609
1869.32	153.117
1870.1	150.176
1870.87	151.144
1871.65	163.759
1872.43	167.666
1873.2	163.821
1873.98	142.527
1874.76	164.81
1875.53	162.878
1876.31	154.181
1877.08	137.759
1877.86	153.316
1878.63	138.856
1879.41	144.739
1880.18	174.848
1880.96	151.623
1881.73	124.506
1882.5	165.261
1883.28	130.397
1884.05	119.783
1884.82	153.802
1885.6	148.054
1886.37	167.538
1887.14	159.833
1887.91	140.464
1888.68	148.285
1889.46	169.72
1890.23	157.172
1891	169.923
1891.77	151.585
1892.54	144.937
1893.31	144.147
1894.08	151.176
1894.85	135.736
1895.62	165.227
1896.39	145.781
1897.16	135.081
1897.93	149.796
1898.7	174.288
1899.47	175.306
1900.24	135.242
1901.01	175.534
1901.77	152.183
1902.54	124.88
1903.31	147.631
1904.08	161.55
1904.84	157.751
1905.61	154.914
1906.38	123.493
1907.14	129.495
1907.91	162.135
1908.68	169.162
1909.44	132.764
1910.21	154.627
1910.97	142.91
1911.74	148.997
1912.51	165.991
1913.27	140.381
1914.03	158.374
1914.8	171.416
1915.56	149.691
1916.33	157.745
1917.09	150.877
1917.85	135.041
1918.62	152.018
1919.38	122.229
1920.14	149.164
1920.9	142.273
1921.67	152.334
1922.43	148.478
1923.19	140.65
1923.95	183.752
1924.71	143.969
1925.47	170.124
1926.24	173.257
1927	126.284
1927.76	150.367
1928.52	170.423
1929.28	153.41
1930.04	147.408
1930.8	154.421
1931.56	158.433
1932.32	175.469
1933.08	173.504
1933.83	130.512
1934.59	174.654
1935.35	155.71
1936.11	185.855
1936.87	153.825
1937.62	129.775
1938.38	142.779
1939.14	171.78
1939.89	156.713
1940.65	174.703
1941.41	141.682
1942.16	177.716
1942.92	173.72
1943.68	173.698
1944.43	158.641
1945.19	164.547
1945.94	169.422
1946.7	142.374
1947.45	149.256
1948.21	154.151
1948.96	176.969
1949.71	166.956
1950.47	137.082
1951.22	147.983
1951.98	143.978
1952.73	136
1953.48	170.695
1954.23	148.788
1954.99	169.496
1955.74	144.596
1956.49	185.99
1957.24	190.75
1957.99	177.769
1958.75	165.834
1959.5	169.72
1960.25	191.354
1961	145.005
1961.75	156.757
1962.5	180.271
1963.25	181.122
1964	169.202
1964.75	164.176
1965.5	139.56
1966.25	153.182
1967	160.892
1967.74	200.815
1968.49	150.796
1969.24	156.462
1969.99	151.409
1970.74	141.53
1971.48	130.737
1972.23	203.498
1972.98	151.028
1973.73	170.408
1974.47	171.331
1975.22	182.88
1975.96	182.753
1976.71	158.41
1977.46	162.134
1978.2	163.931
1978.95	146.46
1979.69	166.655
1980.44	147.351
1981.18	168.56
1981.93	154.113
1982.67	148.325
1983.41	177.179
1984.16	186.707
1984.9	151.946
1985.64	175.827
1986.39	156.477
1987.13	170.736
1987.87	139.02
1988.61	144.712
1989.36	163.819
1990.1	161.878
1990.84	151.336
1991.58	179.047
1992.32	185.716
1993.06	148.429
1993.81	154.177
1994.55	187.668
1995.29	177.232
1996.03	183.076
1996.77	159.28
1997.51	159.398
1998.24	153.759
1998.98	172.06
1999.72	181.727
2000.46	157.821
2001.2	156.92
2001.94	156.984
2002.68	176.253
2003.41	165.788
2004.15	162.048
2004.89	165.033
2005.63	155.517
2006.36	160.411
2007.1	146.06
2007.84	152.869
2008.57	181.833
2009.31	160.756
2010.05	156.064
2010.78	160.065
2011.52	151.538
2012.25	139.134
2012.99	157.641
2013.72	166.48
2014.46	156.916
2015.19	121.181
2015.92	152.267
2016.66	168.857
2017.39	161.241
2018.13	159.47
2018.86	157.721
2019.59	135.547
2020.32	132.806
2021.06	174.915
2021.79	148.937
2022.52	155.026
2023.25	134.123
2023.98	156.876
2024.72	130.395
2025.45	146.114
2026.18	154.167
2026.91	187.087
2027.64	170.418
2028.37	166.33
2029.1	146.732
2029.83	175.299
2030.56	192.169
2031.29	168.13
2032.02	174.061
2032.75	144.514
2033.47	140.943
2034.2	134.302
2034.93	143.108
2035.66	160.066
2036.39	165.469
2037.11	157.745
2037.84	159.61
2038.57	151.997
2039.3	145.641
2040.02	173.609
2040.75	137.756
2041.47	191.489
2042.2	142.907
2042.93	151.351
2043.65	157.278
2044.38	154.194
2045.1	168.347
2045.83	158.948
2046.55	148.529
2047.28	173.122
2048	141.612
2048.73	169.02
2049.45	164.686
2050.17	156.447
2050.9	170.307
2051.62	175.745
2052.34	167.27
2053.07	169.109
2053.79	148.705
2054.51	165.052
2055.23	184.302
2055.95	154.861
2056.68	146.741
2057.4	157.339
2058.12	174.685
2058.84	184.768
2059.56	170.506
2060.28	169.164
2061	160.924
2061.72	175.258
2062.44	168.735
2063.16	175.807
2063.88	181.236
2064.6	161.128
2065.32	170.26
2066.03	171.807
2066.75	183.291
2067.47	172.496
2068.19	178.039
2068.91	174.436
2069.62	170.218
2070.34	164.691
2071.06	172.292
2071.77	177.516
2072.49	183.211
2073.21	157.777
2073.92	170.911
2074.64	167.099
2075.36	177.489
2076.07	180.914
2076.79	164.537
2077.5	189.474
2078.22	172.791
2078.93	154.529
2079.64	171.491
2080.36	163.491
2081.07	172.163
2081.79	173.655
2082.5	159.832
2083.21	168.079
2083.93	171.419
2084.64	178.81
2085.35	176.103
2086.07	160.092
2086.78	159.801
2087.49	185.694
2088.2	173.354
2088.91	168.316
2089.62	177.136
2090.33	181.87
2091.04	181.499
2091.76	170.836
2092.47	146.898
2093.18	142.47
2093.89	176.889
2094.6	169.895
2095.3	193.254
2096.01	167.904
2096.72	169.612
2097.43	160.416
2098.14	152.07
2098.85	157.052
2099.56	164.186
2100.09	160.13
2100.87	181.819
2101.65	196.589
2102.43	155.034
2103.21	176.71
2103.99	150.951
2104.77	191.288
2105.55	174.349
2106.32	140.686
2107.1	168.071
2107.88	184.626
2108.66	187.464
2109.44	182.503
2110.22	183.465
2110.99	193.254
2111.77	152.945
2112.55	176.348
2113.33	180.066
2114.1	199.414
2114.88	186.514
2115.66	182.488
2116.43	172.676
2117.21	197.078
2117.99	200.99
2118.76	166.809
2119.54	180.429
2120.31	198.892
2121.09	174.422
2121.86	175.318
2122.64	164.531
2123.41	186.877
2124.19	179.039
2124.96	219.903
2125.74	173.171
2126.51	148.858
2127.28	185.922
2128.06	171.373
2128.83	180.199
2129.61	182.182
2130.38	168.544
2131.15	183.174
2131.92	195.861
2132.7	182.233
2133.47	179.343
2134.24	193.046
2135.01	186.256
2135.78	168.721
2136.55	181.446
2137.33	160.981
2138.1	158.103
2138.87	178.701
2139.64	186.63
2140.41	146.635
2141.18	150.674
2141.95	202.778
2142.72	205.91
2143.49	184.476
2144.26	153.15
2145.03	190.613
2145.8	178.901
2146.57	191.801
2147.33	192.922
2148.1	181.257
2148.87	171.564
2149.64	196.44
2150.41	145.176
2151.17	163.096
2151.94	167.157
2152.71	167.261
2153.48	183.254
2154.24	174.481
2155.01	162.732
2155.78	178.821
2156.54	171.04
2157.31	160.24
2158.08	168.366
2158.84	143.533
2159.61	169.61
2160.37	158.703
2161.14	160.774
2161.9	172.853
2162.67	179.957
2163.43	173.076
2164.2	154.185
2164.96	176.454
2165.72	207.831
2166.49	184.899
2167.25	162.886
2168.01	162.974
2168.78	177.145
2169.54	190.307
2170.3	161.119
2171.07	181.401
2171.83	182.55
2172.59	188.779
2173.35	169.714
2174.11	158.697
2174.88	190.196
2175.64	173.01
2176.4	162.885
2177.16	153.827
2177.92	163.036
2178.68	195.609
2179.44	186.633
2180.2	154.31
2180.96	173.777
2181.72	186.138
2182.48	196.458
2183.24	185.389
2184	192.612
2184.76	215.087
2185.52	195.815
2186.28	195.88
2187.04	191.878
2187.79	176.683
2188.55	190.003
2189.31	173.793
2190.07	214.619
2190.83	207.574
2191.58	225.994
2192.34	204.674
2193.1	181.301
2193.85	192.548
2194.61	210.889
2195.37	235.285
2196.12	220.958
2196.88	199.518
2197.63	224.855
2198.39	199.418
2199.15	189.268
2199.9	181.184
2200.66	219.805
2201.41	206.638
2202.16	195.469
2202.92	207.596
2203.67	206.51
2204.43	208.467
2205.18	212.477
2205.93	191.231
2206.69	190.271
2207.44	178.201
2208.19	180.297
2208.95	182.37
2209.7	192.502
2210.45	195.518
2211.2	160.102
2211.95	204.537
2212.71	196.417
2213.46	188.308
2214.21	220.557
2214.96	199.322
2215.71	191.197
2216.46	193.133
2217.21	228.249
2217.96	194.935
2218.71	205.858
2219.46	194.697
2220.21	193.599
2220.96	209.565
2221.71	186.496
2222.46	184.487
2223.21	193.484
2223.96	177.453
2224.71	218.38
2225.46	217.279
2226.21	222.156
2226.95	221.055
2227.7	227.951
2228.45	210.959
2229.2	226.849
2229.94	243.723
2230.69	255.61
2231.44	278.421
2232.18	266.431
2232.93	297.149
2233.68	318.882
2234.42	331.632
2235.17	345.331
2235.92	327.309
2236.66	319.231
2237.41	333.951
2238.15	321.01
2238.9	370.381
2239.64	364.396
2240.38	347.543
2241.13	298.103
2241.87	280.274
2242.62	271.332
2243.36	268.312
2244.1	255.44
2244.85	217.951
2245.59	211.027
2246.33	236.6
2247.08	224.763
2247.82	231.627
2248.56	230.608
2249.3	222.693
2250.05	199.055
2250.79	183.295
2251.53	227.403
2252.27	209.713
2253.01	227.357
2253.75	193.078
2254.49	188.233
2255.23	173.6
2255.97	204.062
2256.71	211.974
2257.45	182.617
2258.19	198.329
2258.93	203.233
2259.67	199.307
2260.41	186.577
2261.15	217.933
2261.89	188.627
2262.63	180.897
2263.36	230.988
2264.1	197.829
2264.84	203.856
2265.58	206.924
2266.32	196.229
2267.05	194.335
2267.79	197.328
2268.53	190.5
2269.26	194.466
2270	236.697
2270.74	202.447
2271.48	199.61
2272.21	216.429
2272.95	218.556
2273.68	204.982
2274.42	180.583
2275.15	220.101
2275.89	212.404
2276.62	228.318
2277.36	195.948
2278.09	196.06
2278.83	195.174
2279.56	213.01
2280.29	212.113
2281.03	218.119
2281.76	200.462
2282.49	197.611
2283.23	195.768
2283.96	197.901
2284.69	203.023
2285.42	203.214
2286.16	221.197
2286.89	220.357
2287.62	205.617
2288.35	204.713
2289.08	197.869
2289.81	216.803
2290.55	178.308
2291.28	215.176
2292.01	210.441
2292.74	213.658
2293.47	207.927
2294.2	183.262
2294.93	217.282
2295.66	200.497
2296.39	185.661
2297.11	165.814
2297.85	205.759
2298.57	219.815
2299.3	221.949
2300.03	199.177
2300.76	195.37
2301.49	204.548
2302.22	181.729
2302.94	174.866
2303.67	194.998
2304.4	179.107
2305.12	208.277
2305.85	212.448
2306.58	227.665
2307.31	154.627
2308.03	202.934
2308.76	218.131
2309.48	193.144
2310.21	233.433
2310.93	198.385
2311.66	193.486
2312.38	200.666
2313.11	187.74
2313.83	163.724
2314.56	202.112
2315.28	190.138
2316.01	195.271
2316.73	192.346
2317.45	214.634
2318.18	216.784
2318.9	202.806
2319.62	196.888
2320.35	194.992
2321.07	228.426
2321.79	210.348
2322.52	210.445
2323.24	212.571
2323.96	170.232
2324.68	206.738
2325.4	186.624
2326.12	182.675
2326.84	156.454
2327.56	158.552
2328.29	144.46
2329.01	139.481
2329.73	138.56
2330.45	147.774
2331.17	168.139
2331.89	180.4
2332.61	198.73
2333.32	197.787
2334.04	205.952
2334.76	194.857
2335.48	184.784
2336.2	218.309
2336.92	204.211
2337.64	179.976
2338.35	198.323
2339.07	199.424
2339.79	213.702
2340.51	180.297
2341.23	167.188
2341.94	187.586
2342.66	203.957
2343.37	183.788
2344.09	200.175
2344.81	196.211
2345.52	192.201
2346.24	190.18
2346.95	207.432
2347.67	212.488
2348.38	196.257
2349.1	181.092
2349.82	181.193
2350.53	172.182
2351.24	158.086
2351.96	169.374
2352.67	189.784
2353.39	197.962
2354.1	213.227
2354.81	193.93
2355.53	192.932
2356.24	180.778
2356.95	188.955
2357.66	191.055
2358.38	211.451
2359.09	191.229
2359.8	201.496
2360.51	177.22
2361.22	198.703
2361.94	206.994
2362.65	193.923
2363.36	210.373
2364.07	187.078
2364.78	213.686
2365.49	197.453
2366.2	219.926
2366.91	228.109
2367.62	207.757
2368.33	176.215
2369.04	197.673
2369.75	200.802
2370.46	205.974
2371.16	198.914
2371.87	202.04
2372.58	217.396
2373.29	235.815
2374	253.223
2374.71	169.705
2375.41	228.914
2376.12	197.378
2376.83	194.39
2377.53	245.457
2378.24	200.673
2378.95	203.832
2379.65	189.648
2380.36	226.477
2381.07	208.179
2381.77	206.194
2382.48	236.866
2383.18	212.446
2383.89	235.017
2384.59	246.406
2385.3	246.585
2386	226.3
2386.71	211.071
2387.41	200.9
2388.12	193.756
2388.82	225.436
2389.52	237.694
2390.23	217.293
2390.93	193.865
2391.63	263.424
2392.34	196.067
2393.04	226.775
2393.74	206.37
2394.44	256.445
2395.15	221.756
2395.85	217.747
2396.55	264.853
2397.25	248.634
2397.95	212.964
2398.65	231.426
2399.35	207.934
2400.05	198.727
2400.75	244.659
2401.45	238.507
2402.15	235.452
2402.85	284.476
2403.55	234.555
2404.25	237.721
2404.95	230.691
2405.65	214.463
2406.35	270.741
2407.05	242.228
2407.75	245.371
2408.44	244.427
2409.14	224.076
2409.84	251.762
2410.54	253.901
2411.24	226.38
2411.93	235.634
2412.63	276.542
2413.33	263.246
2414.02	223.385
2414.72	246.854
2415.42	245.815
2416.11	212.135
2416.81	216.231
2417.5	252.983
2418.2	265.27
2418.9	264.316
2419.59	238.887
2420.28	229.763
2420.98	235.907
2421.67	294.005
2422.37	230.757
2423.06	233.772
2423.75	231.721
2424.45	274.516
2425.14	234.903
2425.84	244.204
2426.53	226.016
2427.22	220.032
2427.91	229.304
2428.61	240.568
2429.3	204.892
2429.99	219.121
2430.68	245.518
2431.37	248.462
2432.07	235.137
2432.76	268.581
2433.45	226.897
2434.14	243.148
2434.83	190.414
2435.52	243.269
2436.21	239.275
2436.9	235.25
2437.59	221.037
2438.28	239.25
2438.97	201.676
2439.66	258.353
2440.35	232.985
2441.04	217.787
2441.72	232.976
2442.41	222.874
2443.1	224.904
2443.79	260.28
2444.48	235.99
2445.16	246.065
2445.85	246.048
2446.54	241.016
2447.23	252.161
2447.91	232.023
2448.6	253.269
2449.29	233.115
2449.97	255.335
2450.66	219.023
2451.34	247.286
2452.03	244.292
2452.72	245.348
2453.4	222.204
2454.09	242.409
2454.77	214.183
2455.46	238.338
2456.14	264.449
2456.82	236.176
2457.51	254.222
2458.19	268.272
2458.88	279.35
2459.56	270.369
2460.24	265.436
2460.92	263.529
2461.61	241.503
2462.29	255.674
2462.97	270.838
2463.66	255.8
2464.34	238.725
2465.02	269.893
2465.7	251.765
2466.38	265.789
2467.06	255.704
2467.75	258.699
2468.42	246.67
2469.11	286.872
2469.79	272.91
2470.47	271.017
2471.15	277.164
2471.83	285.314
2472.51	300.474
2473.19	269.392
2473.86	273.448
2474.54	277.489
2475.22	260.443
2475.9	274.547
2476.58	250.52
2477.26	295.822
2477.94	269.838
2478.61	258.921
2479.29	252.012
2479.97	289.326
2480.65	266.288
2481.32	281.451
2482	238.276
2482.68	283.623
2483.35	246.493
2484.03	258.657
2484.71	264.774
2485.38	251.749
2486.06	267.88
2486.73	234.698
2487.41	280.987
2488.08	244.819
2488.76	251.933
2489.43	240.975
2490.11	285.385
2490.78	265.413
2491.45	257.51
2492.13	278.804
2492.8	246.682
2493.48	250.819
2494.15	268.06
2494.82	272.213
2495.49	251.175
2496.17	266.479
2496.84	279.805
2497.51	259.81
2498.18	248.874
2498.86	280.37
2499.53	266.315
2500.2	250.195
2500.87	283.631
2501.54	300.903
2502.21	258.533
2502.88	273.885
2503.55	263.968
2504.22	273.304
2504.89	296.824
2505.56	260.458
2506.23	306.227
2506.9	292.112
2507.57	302.361
2508.24	281.173
2508.91	289.459
2509.58	283.541
2510.25	279.631
2510.91	285.854
2511.58	267.642
2512.25	326.705
2512.92	277.974
2513.59	294.36
2514.25	272.114
2514.92	281.428
2515.59	305.011
2516.25	281.732
2516.92	291.026
2517.59	285.014
2518.25	281.021
2518.92	282.118
2519.58	250.595
2520.25	304.724
2520.91	251.817
2521.58	302.965
2522.24	280.701
2522.91	299.288
2523.57	267.833
2524.24	312.001
2524.9	300.956
2525.56	311.372
2526.23	281.846
2526.89	301.452
2527.55	264.71
2528.22	284.298
2528.88	272.096
2529.54	308.04
2530.21	306.035
2530.87	285.577
2531.53	299.99
2532.19	282.679
2532.85	334.127
2533.51	291.274
2534.18	285.348
2534.84	283.499
2535.5	303.173
2536.16	311.47
2536.82	302.223
2537.48	286.78
2538.14	278.539
2538.8	313.462
2539.46	291.966
2540.12	281.82
2540.78	269.655
2541.44	283.199
2542.09	287.496
2542.75	290.742
2543.41	305.265
2544.07	334.14
2544.73	292.974
2545.39	286.752
2546.04	307.231
2546.7	314.323
2547.36	272.146
2548.02	309.08
2548.67	301.918
2549.33	310.196
2549.98	324.661
2550.64	330.925
2551.3	303.305
2551.95	325.995
2552.61	301.449
2553.26	302.578
2553.92	341.709
2554.57	317.117
2555.23	306.861
2555.88	356.118
2556.54	339.595
2557.19	351.791
2557.85	298.37
2558.5	350.588
2559.15	361.843
2559.81	373.146
2560.46	370.142
2561.11	359.974
2561.77	354.911
2562.42	381.567
2563.07	350.803
2563.72	338.442
2564.37	400.76
2565.03	380.183
2565.68	368.869
2566.33	375.003
2566.98	357.693
2567.63	372.11
2568.28	361.989
2568.93	367.16
2569.58	386.575
2570.23	355.853
2570.88	344.547
2571.53	390.459
2572.18	361.888
2572.83	384.42
2573.48	368.179
2574.13	377.457
2574.78	355.044
2575.43	377.522
2576.07	372.398
2576.72	364.203
2577.37	372.339
2578.02	403.94
2578.67	352.922
2579.31	351.87
2579.96	371.172
2580.61	351.722
2581.26	357.734
2581.9	370.882
2582.55	369.827
2583.19	354.597
2583.84	370.965
2584.49	375.16
2585.13	385.452
2585.78	372.282
2586.42	332.579
2587.07	360.971
2587.71	350.651
2588.36	329.151
2589	379.753
2589.65	362.379
2590.29	382.595
2590.93	369.405
2591.58	361.335
2592.22	366.481
2592.86	387.88
2593.51	380.919
2594.15	382.086
2594.79	333.544
2595.43	397.628
2596.07	393.698
2596.72	372.464
2597.36	367.423
2598	376.549
2598.64	363.319
2599.28	375.457
2599.92	342.991
2600.56	362.291
2601.2	398.87
2601.85	374.628
2602.49	413.267
2603.13	351.467
2603.76	353.538
2604.4	381.954
2605.04	369.795
2605.68	375.896
2606.32	357.676
2606.96	361.762
2607.6	396.239
2608.24	374.939
2608.88	390.092
2609.51	385.986
2610.15	383.929
2610.79	354.591
2611.43	380.995
2612.06	364.938
2612.7	376.259
2613.34	350.106
2613.97	347.241
2614.61	368.692
2615.25	389.117
2615.88	359.824
2616.52	360.959
2617.15	351.951
2617.79	367.314
2618.42	352.231
2619.06	358.471
2619.69	391.12
2620.33	386.162
2620.96	394.388
2621.6	373.118
2622.23	349.806
2622.86	385.451
2623.5	379.451
2624.13	387.711
2624.76	372.604
2625.4	360.543
2626.03	346.425
2626.66	366.876
2627.29	374.082
2627.93	342.614
2628.56	377.31
2629.19	382.522
2629.82	385.727
2630.45	411.357
2631.08	393.189
2631.71	386.204
2632.34	384.294
2632.98	374.219
2633.61	404.937
2634.24	402.033
2634.87	416.51
2635.5	384.065
2636.12	404.7
2636.75	380.39
2637.38	385.684
2638.01	402.209
2638.64	396.227
2639.27	426.021
2639.9	431.251
2640.53	420.089
2641.15	414.022
2641.78	419.199
2642.41	404.944
2643.04	433.687
2643.66	455.308
2644.29	408.386
2644.92	452.585
2645.54	438.42
2646.17	414.999
2646.8	427.394
2647.42	412.091
2648.05	426.478
2648.67	441.884
2649.3	447.059
2649.92	444.068
2650.55	451.362
2651.17	438.199
2651.8	446.592
2652.42	461.164
2653.05	443.939
2653.67	431.811
2654.29	451.464
2654.92	433.09
2655.54	447.533
2656.16	440.397
2656.79	457.908
2657.41	474.139
2658.03	476.05
2658.65	478.175
2659.27	467.04
2659.9	475.615
2660.52	461.976
2661.14	527.102
2661.76	468.836
2662.38	500.019
2663	471.072
2663.62	468.081
2664.24	487.805
2664.86	473.811
2665.48	514.335
2666.1	524.544
2666.72	483.551
2667.34	501.54
2667.96	501.18
2668.58	491.787
2669.2	495.102
2669.82	517.221
2670.44	485.85
2671.05	482.023
2671.67	512.406
2672.29	540.663
2672.91	529.337
2673.53	524.408
2674.14	529.591
2674.76	512.141
2675.38	539.657
2675.99	524.747
2676.61	540.404
2677.23	571.016
2677.84	575.401
2678.46	603.358
2679.07	621.706
2679.69	650.234
2680.3	693.658
2680.92	713.065
2681.53	742.06
2682.15	795.443
2682.76	807.909
2683.38	820.655
2683.99	837.305
2684.61	850.345
2685.22	830.422
2685.83	812.551
2686.44	800.012
2687.06	781.905
2687.67	771.495
2688.28	801.074
2688.9	800.243
2689.51	776.973
2690.12	821.288
2690.73	827.058
2691.34	837.947
2691.96	835.467
2692.57	826.088
2693.18	838.134
2693.79	824.453
2694.4	868.946
2695.01	879.153
2695.62	874.405
2696.23	874.793
2696.84	858.357
2697.45	863.411
2698.06	862.338
2698.67	855.315
2699.28	863.364
2699.88	864.675
2700.49	881.329
2701.1	878.077
2701.71	890.686
2702.32	891.128
2702.93	874.496
2703.53	881.399
2704.14	886.474
2704.75	882.221
2705.36	879.745
2705.96	918.02
2706.57	927.504
2707.17	915.522
2707.78	914.461
2708.39	923.101
2708.99	949.053
2709.6	959.98
2710.2	955.22
2710.81	991.407
2711.41	988.668
2712.02	997.626
2712.62	989.078
2713.23	994.917
2713.83	1009.31
2714.44	1026.06
2715.04	1050.94
2715.64	1043.94
2716.25	1064.72
2716.85	1069.53
2717.45	1101.29
2718.05	1085.16
2718.66	1085.88
2719.26	1106.73
2719.86	1109.04
2720.46	1096.36
2721.06	1128.4
2721.67	1116.81
2722.27	1160.49
2722.87	1138.89
2723.47	1165.48
2724.07	1165.8
2724.67	1169.69
2725.27	1190.07
2725.71	1185.46
2726.38	1183.21
2727.06	1213.35
2727.73	1247.41
2728.4	1235.64
2729.07	1251.38
2729.74	1221.56
2730.42	1222.47
2731.09	1262.25
2731.76	1291.08
2732.43	1249.92
2733.1	1247.42
2733.77	1279.46
2734.44	1305.28
2735.11	1323.8
2735.78	1313.63
2736.45	1322.62
2737.12	1312.14
2737.79	1360.56
2738.46	1367.25
2739.13	1321.14
2739.8	1361.58
2740.47	1357.53
2741.14	1384.22
2741.81	1314.53
2742.47	1312.07
2743.14	1321.84
2743.81	1280.64
2744.48	1309.6
2745.15	1306.88
2745.81	1271.49
2746.48	1287.06
2747.15	1247.64
2747.81	1235.77
2748.48	1293.23
2749.15	1231.22
2749.81	1292.47
2750.48	1237.25
2751.15	1233.98
2751.81	1281.74
2752.48	1210.39
2753.14	1238.25
2753.81	1207.22
2754.47	1147.7
2755.14	1171.82
2755.8	1108.85
2756.47	1087.52
2757.13	1097.69
2757.8	1103.7
2758.46	1060.73
2759.13	1063.91
2759.79	1056.02
2760.45	1009.37
2761.12	1020.97
2761.78	1032.42
2762.44	1039.6
2763.1	1004.71
2763.77	1000.49
2764.43	1057.74
2765.09	1037.46
2765.76	1020.45
2766.42	1012.8
2767.08	1069.74
2767.74	1036.52
2768.4	1079.05
2769.06	1076.34
2769.72	1077.62
2770.38	1099.34
2771.05	1114.89
2771.71	1155.11
2772.37	1202.64
2773.03	1179.44
2773.69	1236.43
2774.35	1296.55
2775.01	1330.89
2775.67	1382.56
2776.33	1429.97
2776.99	1448.51
2777.64	1549.33
2778.3	1614.27
2778.96	1696.83
2779.62	1690.97
2780.28	1786.9
2780.94	1840.5
2781.59	1795.19
2782.25	1799.27
2782.91	1822.01
2783.57	1767.82
2784.22	1760.19
2784.88	1745.5
2785.54	1735.92
2786.2	1770.38
2786.85	1671.43
2787.51	1710.15
2788.16	1694
2788.82	1698.47
2789.48	1722.79
2790.13	1750.64
2790.79	1743.93
2791.44	1779.7
2792.1	1786.6
2792.75	1834.43
2793.41	1837.52
2794.06	1878.33
2794.72	1846.78
2795.37	1855.33
2796.02	1829.97
2796.68	1916.96
2797.33	1882.71
2797.98	1965.96
2798.64	1896.1
2799.29	1993.03
2799.94	2011.85
2800.6	2052.34
2801.25	2024.92
2801.9	2081.91
2802.55	2131.65
2803.21	2115.38
2803.86	2132.94
2804.51	2183.28
2805.16	2208.77
2805.81	2249.67
2806.46	2272.05
2807.11	2260.51
2807.77	2337.5
2808.42	2345.45
2809.07	2396.47
2809.72	2425.68
2810.37	2438.29
2811.02	2539.26
2811.67	2516.01
2812.32	2553.67
2812.97	2614.23
2813.61	2594.9
2814.26	2690.81
2814.91	2655.22
2815.56	2737.73
2816.21	2765.66
2816.86	2792.38
2817.51	2819.95
2818.15	2904.86
2818.8	2971.05
2819.45	2943.62
2820.1	3001.5
2820.74	3048.37
2821.39	3000.17
2822.04	3068.41
2822.69	3185.08
2823.33	3182.41
2823.98	3190.54
2824.63	3245.35
2825.27	3278.14
2825.92	3333.4
2826.56	3420.69
2827.21	3502.24
2827.85	3523.77
2828.5	3488.22
2829.14	3524.76
2829.79	3567.66
2830.43	3639.48
2831.08	3659.05
2831.72	3680.64
2832.37	3716.44
2833.01	3715.98
2833.65	3792.24
2834.3	3805.45
2834.94	3891.31
2835.58	3934.77
2836.23	3859.91
2836.87	3938.06
2837.51	4018.39
2838.16	4123.75
2838.8	4160.87
2839.44	4131.76
2840.08	4236.34
2840.72	4247.36
2841.36	4264.06
2842.01	4438.51
2842.65	4431.91
2843.29	4440.73
2843.93	4518.55
2844.57	4635.56
2845.21	4614.05
2845.85	4746.6
2846.49	4841.33
2847.13	4883.02
2847.77	4892.47
2848.41	4987.74
2849.05	5096.58
2849.69	5229.72
2850.33	5090.39
2850.97	5128.82
2851.61	5088.11
2852.24	5130.3
2852.88	5262.19
2853.52	5393
2854.16	5399.81
2854.8	5348.04
2855.43	5319.11
2856.07	5403.87
2856.71	5526.91
2857.35	5544.31
2857.98	5559.42
2858.62	5636.69
2859.26	5784.88
2859.89	5905.33
2860.53	6022.29
2861.16	6175.1
2861.8	6208.68
2862.44	6487.5
2863.07	6578.18
2863.71	6734.65
2864.34	7038.81
2864.98	7192.14
2865.61	7392.39
2866.25	7629.93
2866.88	7821.95
2867.52	7896.92
2868.15	8151.8
2868.78	8314.57
2869.42	8595.99
2870.05	8698.58
2870.69	8942.37
2871.32	9201.81
2871.95	9144.47
2872.58	9442.56
2873.22	9625.85
2873.85	9940.54
2874.48	10091.1
2875.11	10282.5
2875.75	10396.8
2876.38	10462.4
2877.01	10547.1
2877.64	10514.3
2878.27	10467.9
2878.9	10516
2879.53	10529.4
2880.16	10367.5
2880.79	10392.7
2881.42	10299
2882.05	10272.7
2882.68	10147.4
2883.31	10085.8
2883.94	10174
2884.57	10117.6
2885.2	10104.4
2885.83	10103.6
2886.46	10099.8
2887.09	10057.3
2887.72	10118.3
2888.35	10094.2
2888.97	10103.4
2889.6	10162.9
2890.23	10207.1
2890.86	10279.4
2891.49	10359.3
2892.11	10298.9
2892.74	10351.2
2893.37	10423.6
2893.99	10622.8
2894.62	10582
2895.25	10626.2
2895.87	10772.3
2896.5	10856.6
2897.12	11003.8
2897.75	11012.8
2898.38	11063.7
2899	11116
2899.63	11203.3
2900.25	11429.7
2900.88	11500.7
2901.5	11623.2
2902.12	11633.2
2902.75	11815.9
2903.37	11845.5
2904	11977.5
2904.62	11954.9
2905.25	12035.9
2905.87	12126.7
2906.49	12267.8
2907.11	12367
2907.74	12284
2908.36	12408.9
2908.98	12458
2909.6	12616.1
2910.23	12636.4
2910.85	12666.3
2911.47	12595.8
2912.09	12679
2912.71	12614.5
2913.33	12665.1
2913.96	12642.9
2914.58	12657.3
2915.2	12533.1
2915.82	12389
2916.44	12403.6
2917.06	12314.6
2917.68	12259.4
2918.3	12182.9
2918.92	12145.5
2919.54	12019.7
2920.16	12047
2920.77	11897.4
2921.39	11802.7
2922.01	11783.7
2922.63	11758.9
2923.25	11794.2
2923.87	11714.6
2924.48	11636.3
2925.1	11670.6
2925.72	11862
2926.34	11757.2
2926.95	11886.6
2927.57	11946.7
2928.19	11942.1
2928.8	12127.1
2929.42	12109.2
2930.04	12363.3
2930.65	12398.2
2931.27	12650.2
2931.89	12762.3
2932.5	13047.9
2933.12	13291.3
2933.73	13430.5
2934.35	13702.2
2934.96	13972.3
2935.58	14222.9
2936.19	14563.5
2936.81	14692.6
2937.42	14917.5
2938.03	15092.9
2938.65	15233.6
2939.26	15234.9
2939.88	15257.6
2940.49	15237.5
2941.1	14969.3
2941.71	14863
2942.33	14645.6
2942.94	14318
2943.55	14015.2
2944.17	13797.1
2944.78	13571.7
2945.39	13429.7
2946	13076.8
2946.61	12817.6
2947.22	12488.7
2947.83	12213
2948.45	12071.7
2949.06	11800.5
2949.67	11674.6
2950.28	11353.7
2950.89	11308.4
2951.5	10990.4
2952.11	10780.7
2952.72	10642.7
2953.33	10438.6
2953.94	10346.9
2954.54	10169.6
2955.15	10034
2955.76	9789.59
2956.37	9629.41
2956.98	9513.77
2957.59	9404.19
2958.2	9241.96
2958.8	9141.5
2959.41	9034.82
2960.02	8899.44
2960.63	8790.72
2961.23	8625
2961.84	8516.39
2962.45	8489.21
2963.05	8360.64
2963.66	8268.46
2964.27	8086.3
2964.87	7978.92
2965.48	7948.04
2966.08	7852.75
2966.69	7700.34
2967.29	7639.52
2967.9	7438.13
2968.5	7409.61
2969.11	7235.41
2969.71	7053.5
2970.32	6996.25
2970.92	6872.42
2971.53	6737.09
2972.13	6581.11
2972.74	6501.27
2973.34	6297.48
2973.94	6241.56
2974.54	6087.54
2975.15	6003.83
2975.75	5878.14
2976.35	5746.6
2976.96	5666.34
2977.56	5571.18
2978.16	5453.45
2978.76	5320.12
2979.36	5163.1
2979.97	5130.36
2980.57	5049.71
2981.17	4884.81
2981.77	4767.59
2982.37	4633.14
2982.97	4544.1
2983.57	4403.48
2984.17	4309.22
2984.77	4215.71
2985.37	4173.36
2985.97	4014.23
2986.57	3945.82
2987.17	3807.88
2987.77	3738.27
2988.37	3674.28
2988.97	3539.99
2989.57	3466.72
2990.17	3424.98
2990.76	3271.59
2991.36	3234.18
2991.96	3230.83
2992.56	3115
2993.16	3014.5
2993.75	2936.32
2994.35	2935.63
2994.95	2814.96
2995.54	2798.66
2996.14	2686.49
2996.74	2697.49
2997.33	2665.96
2997.93	2534.5
2998.52	2526.9
2999.12	2473.22
2999.72	2474.73
3000.31	2423.99
3000.91	2339.45
3001.5	2324.52
3002.1	2220.41
3002.69	2295.37
3003.29	2234.93
3003.88	2214.28
3004.47	2166.97
3005.07	2131.12
3005.66	2070.01
3006.26	2043.09
3006.85	2002.11
3007.44	1955.04
3008.04	1955
3008.63	1911.53
3009.22	1864.54
3009.81	1801.81
3010.41	1740.98
3011	1686.37
3011.59	1769.47
3012.18	1705.04
3012.77	1650
3013.36	1637.08
3013.96	1585.08
3014.55	1573.07
3015.14	1558
3015.73	1564.63
3016.32	1511.79
3016.91	1485.73
3017.5	1485.33
3018.09	1489.9
3018.68	1410.85
3019.27	1479.89
3019.86	1425.38
3020.45	1407.05
3021.04	1465.13
3021.63	1378.16
3022.22	1388.06
3022.8	1391.69
3023.39	1407.53
3023.98	1387.12
3024.57	1353.24
3025.16	1375.07
3025.74	1383.52
3026.33	1381.64
3026.92	1366.25
3027.5	1385.83
3028.09	1393.93
3028.68	1375.17
3029.26	1377.14
3029.85	1397.88
3030.44	1402.34
3031.02	1409.06
3031.61	1383.86
3032.19	1394.74
3032.78	1389.97
3033.37	1443.92
3033.95	1435.69
3034.54	1443.92
3035.12	1423.22
3035.71	1464.58
3036.29	1474.97
3036.87	1436.79
3037.46	1479.25
3038.04	1475.22
3038.63	1508.5
3039.21	1509.9
3039.79	1501.16
3040.38	1528.78
3040.96	1488.12
3041.54	1462.83
3042.12	1485.96
3042.71	1522.21
3043.29	1504.26
3043.87	1522.38
3044.45	1520.8
3045.03	1534.89
3045.62	1564.77
3046.2	1557.68
3046.78	1584.97
3047.36	1607.18
3047.94	1602.43
3048.52	1695.96
3049.1	1731.32
3049.68	1755.14
3050.26	1816.15
3050.84	1890.57
3051.42	2000.18
3052	2077.67
3052.58	2115.81
3053.16	2179.86
3053.74	2263.68
3054.32	2311.45
3054.89	2297.33
3055.47	2363.19
3056.05	2423.04
3056.63	2415.55
3057.21	2444.15
3057.78	2489.04
3058.36	2452.67
3058.94	2457.48
3059.52	2413.44
3060.09	2465.86
3060.67	2463.54
3061.25	2463.55
3061.82	2381.85
3062.4	2430.73
3062.97	2458.76
3063.55	2480.35
3064.13	2383.67
3064.7	2352.27
3065.28	2329.3
3065.85	2317.93
3066.43	2264.24
3067	2235.41
3067.58	2184.63
3068.15	2140.79
3068.72	2021.04
3069.3	2000.55
3069.87	1872.48
3070.45	1845.03
3071.02	1800.32
3071.59	1718.68
3072.17	1686.86
3072.74	1587.78
3073.31	1553.72
3073.89	1488.42
3074.46	1459.17
3075.03	1409.21
3075.6	1373.85
3076.17	1332.49
3076.74	1263.41
3077.32	1225.47
3077.89	1206.19
3078.46	1140.29
3079.03	1145.65
3079.6	1092.9
3080.17	1086.57
3080.74	1061.51
3081.31	1060.16
3081.88	1008.13
3082.45	995.405
3083.02	979.617
3083.59	992.778
3084.16	934.695
3084.73	924.135
3085.3	929.082
3085.87	888.684
3086.43	866.962
3087	874.242
3087.57	873.358
3088.14	869.416
3088.71	827.243
3089.28	831.443
3089.84	816.969
3090.41	777.662
3090.98	833.294
3091.54	809.447
3092.11	816.563
3092.68	766.932
3093.24	787.441
3093.81	774.936
3094.38	791.315
3094.94	761.323
3095.51	796.301
3096.07	767.375
3096.64	756.99
3097.2	729.071
3097.77	731.038
3098.33	748.495
3098.9	736.142
3099.46	777.43
3100.03	738.398
3100.59	761.178
3101.15	754.025
3101.72	732.376
3102.28	725.098
3102.84	698.209
3103.41	702.211
3103.97	743.277
3104.53	722.537
3105.1	746.066
3105.66	707.84
3106.22	720.067
3106.78	737.464
3107.34	731.225
3107.91	713.696
3108.47	700.303
3109.03	726.026
3109.59	718.889
3110.15	726.225
3110.71	722.315
3111.27	708.142
3111.83	686.725
3112.39	700.223
3112.95	704.325
3113.51	702.136
3114.07	677.249
3114.63	685.317
3115.19	707.854
3115.75	681.09
3116.31	697.592
3116.87	665.748
3117.43	665.758
3117.98	708.908
3118.54	685.125
3119.1	693.196
3119.66	705.383
3120.22	664.161
3120.77	644.589
3121.33	698.031
3121.89	653.857
3122.44	709.35
3123	685.657
3123.56	662.934
3124.11	700.771
3124.67	687.227
3125.23	708.617
3125.78	648.983
3126.34	698.227
3126.89	684.948
3127.45	687.123
3128	649.284
3128.56	678.175
3129.11	673.15
3129.67	676.294
3130.22	669.109
3130.78	689.598
3131.33	676.143
3131.88	648.284
3132.44	691.24
3132.99	662.361
3133.54	667.379
3134.1	684.752
3134.65	686.785
3135.2	698.09
3135.76	660.185
3136.31	714.607
3136.86	642.846
3137.41	700.327
3137.96	688.03
3138.51	650.069
3139.07	722.886
3139.62	708.501
3140.17	674.633
3140.72	722.833
3141.27	658.22
3141.82	696.177
3142.37	714.635
3142.92	701.274
3143.47	686.875
3144.02	686.839
3144.57	716.573
3145.12	710.482
3145.67	720.869
3146.22	708.746
3146.77	666.878
3147.32	668.073
3147.86	694.875
3148.41	699.021
3148.96	720.54
3149.51	729.677