401.058	914.949
402.149	822.434
403.243	850.111
404.332	907.896
405.424	794.736
406.515	795.844
407.606	833.689
408.697	759.596
409.785	733.603
410.876	663.528
411.967	714.494
413.055	754.913
414.143	683.777
415.233	720.09
416.321	694.662
417.409	721.381
418.499	735.027
419.586	671.788
420.673	745.901
421.761	818.169
422.848	801.818
423.935	831.827
425.02	819.466
426.106	912.277
427.193	873.135
428.278	907.638
429.364	946.624
430.45	976.368
431.534	972.19
432.618	907.589
433.704	958.082
434.788	869.121
435.871	872.117
436.955	931.177
438.038	819.258
439.123	814.873
440.204	837.244
441.287	787.151
442.37	747.344
443.452	721.44
444.535	766.533
445.615	686.933
446.698	667.096
447.78	660.948
448.86	618.686
449.939	554.257
451.021	563.898
452.101	598.66
453.18	522.312
454.262	608.075
455.341	451.653
456.42	430.488
457.499	504.827
458.578	470.602
459.654	456.853
460.733	455.244
461.811	459.266
462.89	438.218
463.966	452.477
465.044	422.079
466.12	370.232
467.197	459.85
468.273	420.013
469.349	413.592
470.426	434.022
471.501	444.058
472.576	464.223
473.651	453.713
474.726	456.296
475.801	442.288
476.876	482.184
477.95	538.803
479.022	498.923
480.097	454.348
481.171	553.362
482.243	549.395
483.317	583.336
484.388	634.782
485.46	466.225
486.533	511.18
487.605	470.24
488.676	553.77
489.747	489.844
490.818	589.86
491.889	605.257
492.959	498.501
494.03	557.298
495.1	579.32
496.171	623.314
497.239	661.65
498.309	650.284
499.379	670.043
500.446	666.894
501.514	682.162
502.584	741.494
503.651	748.802
504.718	725.126
505.788	751.854
506.855	716.363
507.921	710.145
508.988	762.508
510.055	729.727
511.119	769.323
512.186	706.393
513.252	705.804
514.318	733.691
515.382	739.633
516.448	712.581
517.512	605.652
518.577	732.963
519.641	706.964
520.704	631.295
521.768	686.368
522.833	659.464
523.896	739.524
524.959	731.797
526.021	783.938
527.084	773.053
528.144	782.37
529.207	721.426
530.269	805.712
531.331	903.225
532.391	916.959
533.453	880.01
534.513	945.088
535.572	971.219
536.634	908.881
537.693	879.657
538.752	888.337
539.812	811.407
540.87	908.513
541.929	824.41
542.988	838.213
544.047	812.042
545.105	802.556
546.164	744.272
547.22	783.714
548.278	740.674
549.336	825.346
550.392	820.304
551.448	787.353
552.505	767.605
553.561	835.598
554.616	811.413
555.671	735.972
556.728	807.635
557.783	777.561
558.836	822.688
559.891	796.924
560.946	837.076
562	795.555
563.055	715.298
564.107	784.443
565.161	717.488
566.213	719.089
567.267	678.093
568.318	662.992
569.37	683.928
570.424	634.672
571.475	673.166
572.526	655.381
573.577	681.879
574.628	654.92
575.679	644.582
576.73	651.781
577.781	728.979
578.829	761.126
579.88	713.288
580.93	682.966
581.978	694.953
583.026	704.14
584.076	642.478
585.124	659.884
586.172	563.305
587.221	648.698
588.269	653.179
589.316	631.895
590.363	683.99
591.41	659.871
592.457	707.329
593.502	673.325
594.549	717.454
595.595	733.424
596.64	709.22
597.686	651.05
598.73	706.637
599.776	792.376
600.82	808.975
601.864	815.354
602.908	785.053
603.953	820.215
604.997	882.346
606.04	845.401
607.083	860.938
608.125	848.724
609.168	858.398
610.211	888.138
611.253	885.463
612.294	952.85
613.336	1028.61
614.377	1149.66
615.419	1429.44
616.459	1691.66
617.499	1783.03
618.539	1878.82
619.579	1780.82
620.619	1618.35
621.658	1409
622.698	1321.49
623.737	1352.08
624.776	1512.77
625.815	1666.21
626.852	1909.32
627.891	2085.33
628.928	2270.75
629.966	2426.62
631.003	2513.85
632.041	2483.26
633.077	2562
634.114	2301.72
635.15	2186.51
636.185	2041.24
637.221	1868.75
638.257	1689.18
639.292	1635.12
640.328	1497.9
641.361	1433.26
642.396	1266.88
643.431	1233.07
644.464	1115.38
645.497	981.33
646.532	892.652
647.564	887.917
648.597	844.744
649.629	866.935
650.663	820.138
651.695	747.499
652.727	740.024
653.757	692.024
654.789	647.698
655.821	575.9
656.852	555.608
657.882	564.762
658.913	528.118
659.942	536.446
660.973	438.359
662.002	457.62
663.031	531.838
664.06	474.108
665.09	481.604
666.119	450.761
667.147	453.059
668.175	447.149
669.201	454.058
670.229	443.368
671.257	382.814
672.285	480.492
673.311	416.135
674.338	378.528
675.363	375.064
676.389	404.836
677.416	445.718
678.441	391.573
679.466	420.343
680.491	425.036
681.515	420.446
682.54	374.355
683.565	362.446
684.589	394.884
685.613	424.646
686.635	428.636
687.659	417.868
688.681	421.868
689.705	434.17
690.727	422.398
691.75	471.673
692.772	469.112
693.793	470.224
694.814	539.824
695.835	475.1
696.856	491.818
697.877	507.568
698.898	503.857
699.918	500.156
700.937	539.042
701.957	502.071
702.978	546.531
703.996	473.488
705.016	490.164
706.034	457.799
707.052	447.625
708.069	427.288
709.087	439.32
710.107	444.905
711.124	394.15
712.139	424.737
713.156	399.893
714.173	381.506
715.19	410.214
716.205	379.728
717.222	413.843
718.238	432.179
719.253	363.761
720.267	429.09
721.283	431.721
722.297	416.886
723.311	421.426
724.325	463.72
725.339	490.388
726.353	505.14
727.366	539.26
728.38	602.857
729.391	675.655
730.404	679.387
731.417	735.421
732.428	716.817
733.441	723.868
734.452	757.526
735.463	807.743
736.475	849.807
737.486	845.237
738.496	819.701
739.506	861.218
740.516	880.712
741.526	891.879
742.534	881.834
743.544	930.443
744.554	937.709
745.561	912.875
746.571	928.454
747.578	928.499
748.587	938.693
749.594	870.97
750.601	898.697
751.608	836.563
752.615	882.776
753.621	836.357
754.628	850.606
755.634	821.75
756.641	870.187
757.647	841.428
758.651	847.659
759.657	886.168
760.663	804.776
761.666	942.922
762.67	859.464
763.676	870.99
764.679	897.184
765.682	901.076
766.686	994.547
767.689	933.633
768.692	907.946
769.694	886.149
770.697	840.518
771.698	884.874
772.7	861.732
773.703	779.08
774.703	806.62
775.703	793.963
776.705	777.335
777.705	794.008
778.705	830.186
779.705	774.535
780.705	812.847
781.704	828.073
782.704	841.493
783.703	870.681
784.702	855.136
785.701	903.674
786.698	869.388
787.697	944.902
788.694	855.823
789.693	1013.41
790.689	927.173
791.686	949.78
792.682	976.001
793.68	1052.39
794.676	1043.07
795.672	1054.29
796.666	1100.11
797.662	1182.42
798.658	1246.21
799.653	1309.95
800.647	1341.81
801.642	1391.08
802.636	1530.4
803.631	1517.67
804.624	1566.33
805.617	1614.03
806.61	1628.26
807.602	1477.97
808.595	1547.84
809.587	1530.3
810.58	1431.15
811.572	1403.58
812.564	1432.72
813.554	1403.64
814.546	1430.24
815.536	1400.36
816.528	1363.99
817.518	1367.38
818.507	1373.55
819.499	1423.21
820.488	1411.84
821.477	1453.09
822.466	1556.07
823.455	1624.59
824.444	1709.47
825.431	1781.3
826.42	1868.87
827.408	2039.58
828.395	2113.83
829.383	2294.16
830.369	2401.62
831.356	2654.99
832.342	2849.61
833.33	3123.52
834.315	3353.83
835.301	3656.9
836.287	3859.71
837.27	3979.95
838.256	4095.44
839.241	4147.89
840.226	4162.58
841.209	3983.16
842.194	3972.52
843.177	3854.38
844.16	3703.3
845.145	3431.08
846.127	3252.66
847.11	3086.16
848.092	2996.76
849.074	2808.77
850.056	2799.88
851.039	2721.74
852.018	2686.58
853	2663.2
853.982	2746.45
854.962	2713.11
855.941	2703.09
856.923	2708.18
857.902	2640.09
858.881	2595.18
859.86	2453.64
860.839	2470.21
861.818	2291.3
862.797	2245.56
863.776	2176.51
864.754	2146.85
865.733	2090.4
866.709	1979.68
867.687	1963.89
868.664	1923.41
869.642	1917.16
870.618	1840.19
871.594	1880.24
872.569	1757.38
873.545	1765.28
874.521	1748.28
875.496	1731.21
876.471	1749.97
877.447	1736.33
878.42	1692.13
879.395	1670.86
880.37	1679.97
881.343	1597.91
882.315	1576.8
883.29	1509.76
884.262	1405.03
885.235	1444.98
886.207	1425.86
887.179	1405.7
888.151	1364.24
889.123	1334.73
890.095	1377.14
891.065	1344.97
892.037	1428.98
893.009	1435.59
893.978	1444.98
894.948	1460.85
895.919	1511.85
896.888	1551.02
897.857	1560.78
898.826	1598.25
899.795	1544.23
900.764	1648.74
901.732	1638.52
902.701	1692.67
903.668	1776.2
904.636	1741.67
905.604	1806.87
906.57	1785.63
907.538	1781.24
908.504	1876.73
909.47	1850.74
910.436	1899.66
911.402	1905.3
912.367	1892.41
913.333	1946.83
914.298	2092.6
915.264	2036.67
916.229	2013.01
917.192	1939.46
918.157	1884.56
919.12	1902.91
920.084	1846.39
921.047	1769.43
922.01	1764.6
922.972	1665.05
923.935	1635.8
924.897	1599.1
925.859	1473.38
926.821	1468.31
927.783	1361.23
928.743	1274.51
929.705	1270.34
930.667	1312.54
931.626	1166.09
932.586	1265.88
933.547	1214.29
934.506	1182.34
935.466	1162.59
936.425	1208.99
937.384	1164.09
938.343	1125.59
939.301	1217.51
940.26	1198.44
941.217	1239.1
942.175	1238.8
943.132	1177.89
944.09	1251.61
945.046	1200.1
946.002	1221.5
946.96	1266.26
947.916	1229.45
948.872	1225.34
949.828	1201.47
950.783	1229.1
951.737	1233.19
952.692	1192.11
953.647	1193.12
954.601	1124.65
955.556	1180.06
956.509	1132.43
957.464	1184.48
958.417	1192.63
959.369	1182.04
960.322	1172.26
961.275	1205.43
962.227	1256.13
963.179	1164.7
964.132	1226.4
965.082	1138.91
966.034	1194.45
966.984	1173.23
967.936	1180.3
968.885	1153.49
969.837	1189.46
970.787	1144.32
971.736	1153.5
972.686	1171.96
973.635	1148.16
974.584	1213.66
975.533	1187.27
976.48	1259.55
977.429	1231.45
978.378	1292.54
979.325	1319.83
980.273	1347.1
981.22	1393.1
982.166	1514.08
983.113	1571.07
984.061	1667.2
985.007	1756.46
985.953	1802.39
986.897	1889.46
987.843	2020.61
988.789	2111.73
989.734	2148.85
990.678	2295.57
991.623	2415.12
992.567	2687.78
993.51	3220.75
994.453	3953.84
995.398	4812.96
996.341	6210.62
997.284	7565.09
998.227	8881.43
999.168	9453.4
1000.11	9406.75
1001.05	8488.65
1001.99	6918.55
1002.94	5329.03
1003.88	3970.28
1004.82	3012.37
1005.76	2445.72
1006.7	1995.41
1007.64	1769.43
1008.58	1586.98
1009.52	1472.31
1010.46	1397.51
1011.4	1334.78
1012.34	1365.32
1013.27	1369.11
1014.21	1301.53
1015.15	1341.37
1016.09	1377.71
1017.03	1417.8
1017.96	1419.48
1018.9	1488.14
1019.84	1617.32
1020.77	1708.13
1021.71	1882.18
1022.65	2033.21
1023.58	2172.61
1024.52	2599.8
1025.45	2814.5
1026.39	3157.88
1027.32	3374.77
1028.26	3603.48
1029.19	3674.11
1030.12	3692.85
1031.06	3543.65
1031.99	3359.15
1032.92	3101.78
1033.86	2773.09
1034.79	2516.55
1035.72	2288.72
1036.65	2092.35
1037.59	2069.96
1038.52	1915.24
1039.45	1847.15
1040.38	1818.64
1041.31	1716.44
1042.24	1722.78
1043.17	1692.17
1044.1	1585.84
1045.03	1645.89
1045.96	1581.23
1046.89	1569.75
1047.82	1545.29
1048.75	1567.48
1049.68	1550.92
1050.61	1578.9
1051.53	1636.13
1052.46	1682.61
1053.39	1749.66
1054.32	1644.31
1055.24	1654.88
1056.17	1800.56
1057.1	1857.07
1058.02	1984.23
1058.95	1998.34
1059.88	2043.88
1060.8	1932.22
1061.73	2011.93
1062.65	1976.39
1063.58	1987.66
1064.5	1945.6
1065.43	1942.54
1066.35	1924.83
1067.27	1888.43
1068.2	1836.2
1069.12	1842.7
1070.04	1876.7
1070.97	1798.61
1071.89	1770.58
1072.81	1722.17
1073.73	1638.91
1074.65	1674.73
1075.58	1592.33
1076.5	1555.34
1077.42	1598.04
1078.34	1492.01
1079.26	1555.34
1080.18	1519.71
1081.1	1453.71
1082.02	1494.24
1082.94	1532.82
1083.86	1451.65
1084.78	1418.95
1085.7	1434.72
1086.61	1459.1
1087.53	1528.17
1088.45	1470.16
1089.37	1449.15
1090.28	1457.47
1091.2	1471.34
1092.12	1439.6
1093.03	1485.54
1093.95	1491.73
1094.87	1468.72
1095.78	1445.88
1096.7	1429.79
1097.61	1415.66
1098.53	1491.41
1099.44	1530.19
1100.36	1479.91
1101.27	1499.56
1102.19	1400.91
1103.1	1391.14
1104.01	1447.54
1104.93	1452.96
1105.84	1459.48
1106.75	1479.45
1107.67	1489.27
1108.58	1594.74
1109.49	1562.25
1110.4	1698.86
1111.31	1653.63
1112.22	1739.59
1113.14	1756.35
1114.05	1841.18
1114.96	1898.72
1115.87	1948.91
1116.78	2076.77
1117.69	2080.81
1118.6	2074.25
1119.51	2109.93
1120.42	2218.09
1121.32	2184.44
1122.23	2118.02
1123.14	2122.99
1124.05	2081.41
1124.96	2049.87
1125.86	1980.8
1126.77	1884.12
1127.68	1858.05
1128.58	1803.87
1129.49	1674.14
1130.4	1561.03
1131.3	1564.36
1132.21	1463.46
1133.11	1522.01
1134.02	1452.99
1134.92	1496.12
1135.83	1472.23
1136.73	1438.92
1137.64	1480.52
1138.54	1534.35
1139.44	1511.12
1140.35	1491.59
1141.25	1587.06
1142.15	1527.73
1143.06	1512.24
1143.96	1530.1
1144.86	1527.99
1145.76	1566.7
1146.66	1643.37
1147.57	1679.88
1148.47	1643.86
1149.37	1666.86
1150.27	1717.49
1151.17	1740.56
1152.07	1850.39
1152.97	1868.78
1153.87	1824.22
1154.77	1766.21
1155.67	1694.72
1156.57	1631.72
1157.46	1563.01
1158.36	1437.25
1159.26	1367.86
1160.16	1321.48
1161.05	1314.25
1161.95	1240.24
1162.85	1189.87
1163.75	1188.81
1164.64	1125.57
1165.54	1190.8
1166.44	1172.2
1167.33	1096.65
1168.23	1130.73
1169.12	1107.91
1170.02	1070.93
1170.91	1077.72
1171.81	1088.25
1172.7	1150.99
1173.59	1177.48
1174.49	1174.39
1175.38	1192.1
1176.27	1218.25
1177.17	1291.74
1178.06	1310.1
1178.95	1424.28
1179.84	1483.56
1180.74	1508.91
1181.63	1483.25
1182.52	1489.83
1183.41	1524.7
1184.3	1471.28
1185.19	1505.7
1186.08	1497.37
1186.97	1518.32
1187.86	1526.04
1188.75	1547.02
1189.64	1609.51
1190.53	1611.55
1191.42	1674.86
1192.31	1706.15
1193.2	1803.53
1194.09	1864.42
1194.97	1813.56
1195.86	1854.19
1196.75	1846.71
1197.64	1784.48
1198.52	1726.86
1199.41	1687.1
1200.29	1678.47
1201.18	1546.74
1202.07	1562.78
1202.95	1520.48
1203.84	1388.67
1204.72	1353.58
1205.61	1265.71
1206.49	1280.3
1207.38	1243.35
1208.26	1137.2
1209.14	1118.68
1210.03	1085.37
1210.91	1034.29
1211.79	985.948
1212.68	1033.36
1213.56	1006.21
1214.44	1013.62
1215.32	946.571
1216.21	959.409
1217.09	961.043
1217.97	962.869
1218.85	997.844
1219.73	991.775
1220.61	982.175
1221.49	976.458
1222.37	1047.99
1223.25	1093.09
1224.13	1098.4
1225.01	1158.19
1225.89	1230.08
1226.77	1273.6
1227.65	1266.25
1228.52	1314.8
1229.4	1322.09
1230.28	1281.43
1231.16	1294.77
1232.03	1260.85
1232.91	1242.92
1233.79	1214.41
1234.66	1221.75
1235.54	1227.98
1236.42	1251.16
1237.29	1183.14
1238.17	1157.8
1239.04	1098.32
1239.92	1094.93
1240.79	1085.91
1241.67	1095.97
1242.54	1078.47
1243.41	1050.51
1244.29	1070.16
1245.16	1066.98
1246.03	1047.63
1246.91	1058.75
1247.78	1082.21
1248.65	1032.05
1249.52	1068.59
1250.4	1105.02
1251.27	1071.68
1252.14	1097.58
1253.01	1133.11
1253.88	1128.63
1254.75	1119.42
1255.62	1115.91
1256.49	1109.43
1257.36	1164.93
1258.23	1145.75
1259.1	1210.53
1259.97	1188.31
1260.84	1189.02
1261.71	1206
1262.57	1212.56
1263.44	1215.38
1264.31	1240.22
1265.18	1225.02
1266.05	1307.1
1266.91	1271.78
1267.78	1330.8
1268.65	1430.73
1269.51	1420.89
1270.38	1504.39
1271.24	1578.24
1272.11	1671.02
1272.97	1784.6
1273.84	1860.93
1274.7	2009.48
1275.57	2100.95
1276.43	2147.29
1277.3	2258.6
1278.16	2339.63
1279.02	2381.07
1279.89	2464.36
1280.75	2569.72
1281.61	2593.91
1282.48	2702.49
1283.34	2748.98
1284.2	2733.56
1285.06	2785.08
1285.92	2717.27
1286.78	2725.58
1287.65	2659.89
1288.51	2527.96
1289.37	2412.5
1290.23	2312.01
1291.09	2239.39
1291.95	2154.06
1292.81	2130.68
1293.67	2018.43
1294.52	2046.83
1295.38	1958.66
1296.24	1940.4
1297.1	1967.7
1297.96	1927.23
1298.81	1902.59
1299.67	1876.8
1300.53	1885.36
1301.39	1853.3
1302.24	1804.66
1303.1	1747.65
1303.95	1669.75
1304.81	1609.17
1305.67	1609.53
1306.52	1559.68
1307.38	1510.31
1308.23	1423.19
1309.09	1394.57
1309.94	1321.68
1310.8	1272.55
1311.65	1233.47
1312.5	1191.42
1313.35	1158.76
1314.21	1162.74
1315.06	1109.25
1315.91	1086.94
1316.77	1052.76
1317.62	1048.99
1318.47	1055.77
1319.32	1063.85
1320.17	1033.13
1321.02	1057.43
1321.87	1060.47
1322.73	1030.35
1323.57	1060.94
1324.43	1038.63
1325.28	1060.18
1326.13	1049.82
1326.97	1048.26
1327.82	1043.39
1328.67	1045.58
1329.52	1035.67
1330.37	1073.97
1331.22	1056.48
1332.06	1071.14
1332.91	1063.89
1333.76	1075.1
1334.61	1072.94
1335.45	1061.63
1336.3	1059.77
1337.15	1075.33
1337.99	1076.07
1338.84	1080.13
1339.68	1078.78
1340.53	1104.6
1341.37	1096.43
1342.22	1086.99
1343.06	1081.23
1343.91	1094.28
1344.75	1110.53
1345.6	1109.26
1346.44	1131.77
1347.28	1099.2
1348.12	1114.82
1348.97	1110.44
1349.81	1101.59
1350.65	1118.75
1351.49	1135.03
1352.33	1138.56
1353.18	1135.38
1354.02	1159.98
1354.86	1151.19
1355.7	1172.1
1356.54	1218.1
1357.38	1213.74
1358.22	1261.58
1359.06	1281.04
1359.9	1280.18
1360.74	1315.17
1361.58	1311.03
1362.42	1319.09
1363.25	1305.27
1364.09	1326.43
1364.93	1337.77
1365.77	1331.95
1366.6	1322.1
1367.19	1309.75
1368.1	1355.37
1369.01	1286.72
1369.92	1287.87
1370.83	1271.18
1371.74	1295.7
1372.65	1261.05
1373.56	1214.54
1374.47	1251.64
1375.37	1197.2
1376.28	1156.5
1377.19	1193.37
1378.1	1141.71
1379	1115.58
1379.91	1108.1
1380.82	1086.88
1381.72	1070.55
1382.63	1080.57
1383.54	1033.68
1384.44	988.687
1385.35	1018.89
1386.25	1015.84
1387.16	949.491
1388.06	1007.97
1388.97	1000.29
1389.87	959.637
1390.78	975.434
1391.68	983.486
1392.59	989.606
1393.49	971.465
1394.39	958.127
1395.3	971.799
1396.2	908.021
1397.1	928.328
1398	900.388
1398.91	845.598
1399.81	848.796
1400.71	791.444
1401.61	805.358
1402.52	780.767
1403.42	801.273
1404.32	784.255
1405.22	794.081
1406.12	791.479
1407.02	782.279
1407.92	747.398
1408.82	776.722
1409.72	786.041
1410.62	798.246
1411.52	779.853
1412.42	770
1413.32	817.341
1414.21	851.215
1415.11	820.189
1416.01	839.665
1416.91	833.426
1417.81	870.062
1418.71	913.425
1419.6	917.002
1420.5	944.531
1421.4	940.858
1422.29	1009.53
1423.19	1033.51
1424.09	1132.49
1424.98	1139.04
1425.88	1195.85
1426.77	1269.7
1427.67	1345.44
1428.56	1463.05
1429.46	1614.01
1430.35	1729.95
1431.25	1897.36
1432.14	1960.51
1433.04	2115.2
1433.93	2122.88
1434.82	2208.82
1435.72	2263.59
1436.61	2276.57
1437.5	2276.27
1438.39	2283.58
1439.29	2349.07
1440.18	2405.86
1441.07	2499.73
1441.96	2602.08
1442.85	2760.86
1443.75	2888.42
1444.64	3018.46
1445.53	3162.67
1446.42	3166.42
1447.31	3321.71
1448.2	3377.77
1449.09	3383.23
1449.98	3353.52
1450.87	3317.82
1451.76	3291
1452.65	3217.67
1453.54	3159.54
1454.43	3069.19
1455.31	3002.93
1456.2	2923.55
1457.09	2813.23
1457.98	2693.16
1458.87	2600.47
1459.75	2495.13
1460.64	2363.17
1461.53	2318.92
1462.41	2230.74
1463.3	2165.95
1464.19	2124.11
1465.07	2075.82
1465.96	2012.26
1466.85	2018.07
1467.73	1960.63
1468.61	1894.58
1469.5	1890.87
1470.38	1741.81
1471.27	1752.96
1472.15	1670.86
1473.04	1607.03
1473.92	1640.11
1474.8	1575.93
1475.69	1580.68
1476.57	1546.73
1477.45	1478.06
1478.34	1444.62
1479.22	1381.14
1480.1	1369.05
1480.98	1300.19
1481.86	1290.16
1482.75	1248.56
1483.63	1257.18
1484.51	1222.08
1485.39	1142.64
1486.27	1051.99
1487.15	979.111
1488.03	881.235
1488.91	842.41
1489.79	777.316
1490.67	723.682
1491.55	684.474
1492.43	671.353
1493.31	639.947
1494.19	621.194
1495.07	600.592
1495.94	574.25
1496.82	556.569
1497.7	534.046
1498.58	523.993
1499.45	486.077
1500.33	495.222
1501.21	500.531
1502.09	442.654
1502.96	471.971
1503.84	468.751
1504.72	430.188
1505.59	450.857
1506.47	425.686
1507.34	403.396
1508.22	414.468
1509.09	385.589
1509.97	402.427
1510.84	405.043
1511.72	374.457
1512.59	379.971
1513.46	358.888
1514.34	372.844
1515.21	345.998
1516.08	345.649
1516.96	334.889
1517.83	367.58
1518.7	331.388
1519.57	349.944
1520.45	334.619
1521.32	336.298
1522.19	324.862
1523.06	340.748
1523.93	305.911
1524.8	301.166
1525.67	287.007
1526.54	292.539
1527.41	285.829
1528.28	315.689
1529.16	308.022
1530.02	304.147
1530.89	270.35
1531.76	277.823
1532.63	273.158
1533.5	306.907
1534.37	298.505
1535.24	292.895
1536.11	292.882
1536.97	290.051
1537.84	309.695
1538.71	277.884
1539.57	262.968
1540.44	253.712
1541.31	269.783
1542.18	286.827
1543.04	282.309
1543.91	289.008
1544.77	243.113
1545.64	248.772
1546.5	291.937
1547.37	262.872
1548.24	252.631
1549.1	253.735
1549.96	242.721
1550.83	246.804
1551.69	236.794
1552.56	255.021
1553.42	228.858
1554.28	264.91
1555.15	231.034
1556.01	233.041
1556.87	243.606
1557.73	247.637
1558.6	223.326
1559.46	256.849
1560.32	216.357
1561.18	223.249
1562.04	251.009
1562.9	242.587
1563.77	263.654
1564.63	243.82
1565.49	275.479
1566.35	257.659
1567.21	277.095
1568.07	275.566
1568.93	259.667
1569.79	254.242
1570.64	266.989
1571.5	297.953
1572.36	298.195
1573.22	293.627
1574.08	333.316
1574.94	356.737
1575.8	393.723
1576.65	381.611
1577.51	448.632
1578.37	492.549
1579.22	595.469
1580.08	665.584
1580.94	735.772
1581.79	831.28
1582.65	825.18
1583.51	785.181
1584.36	716.009
1585.22	640.868
1586.07	556.791
1586.93	472.524
1587.78	464.107
1588.63	477.088
1589.49	440.274
1590.34	501.939
1591.2	482.531
1592.05	527.459
1592.9	596.714
1593.76	676.669
1594.61	695.202
1595.46	818.308
1596.32	1003.19
1597.17	1140.6
1598.02	1325.21
1598.87	1520.77
1599.72	1716.33
1600.58	1816.7
1601.43	1874.54
1602.28	1835.02
1603.13	1737.45
1603.98	1568.39
1604.83	1361.36
1605.68	1187.88
1606.53	963.904
1607.38	850.522
1608.23	748.937
1609.08	710.802
1609.93	596.41
1610.77	515.148
1611.62	503.132
1612.47	469.673
1613.32	457.728
1614.17	407.91
1615.01	390.319
1615.86	356.23
1616.71	336.741
1617.55	336.672
1618.4	313.199
1619.25	293.576
1620.09	316.666
1620.94	281.491
1621.79	310.377
1622.63	270.471
1623.48	302.317
1624.32	260.604
1625.17	307.987
1626.01	284.724
1626.86	326.297
1627.7	303.04
1628.54	269.145
1629.39	313.562
1630.23	324.095
1631.07	302.706
1631.92	343.095
1632.76	336.138
1633.6	336.903
1634.45	355.034
1635.29	389.552
1636.13	406.74
1636.97	412.384
1637.81	414.176
1638.66	399.616
1639.5	377.384
1640.34	426.323
1641.18	421.476
1642.02	452.243
1642.86	436.925
1643.7	445.652
1644.54	444.76
1645.38	446.727
1646.22	425.594
1647.06	432.326
1647.89	440.031
1648.73	431.443
1649.57	434.464
1650.41	413.53
1651.25	420.559
1652.09	425.707
1652.92	435.654
1653.76	421.422
1654.6	451.445
1655.43	398.451
1656.27	426.475
1657.11	376.431
1657.94	403.688
1658.78	454.287
1659.62	413.181
1660.45	402.96
1661.29	416.856
1662.12	390.919
1662.96	394.928
1663.79	381.461
1664.62	397.127
1665.46	380.878
1666.29	368.596
1667.13	388.449
1667.96	362.642
1668.79	367.95
1669.63	320.576
1670.46	338.472
1671.29	321.189
1672.12	327.301
1672.96	318.716
1673.79	298.36
1674.62	299.519
1675.45	266.416
1676.28	289.175
1677.11	281.598
1677.95	258.324
1678.78	296.926
1679.61	238.192
1680.44	278.73
1681.27	283.802
1682.1	274.063
1682.93	265.291
1683.75	296.939
1684.58	299.075
1685.41	284.485
1686.24	293.586
1687.07	280.976
1687.9	276.246
1688.73	258.642
1689.55	315.211
1690.38	284.709
1691.21	262.075
1692.04	314.669
1692.86	309.768
1693.69	320.671
1694.52	321.655
1695.34	327.621
1696.17	345.542
1696.99	374.458
1697.82	341.001
1698.64	428.587
1699.47	394.13
1700.29	393.341
1701.12	402.397
1701.94	427.263
1702.77	430.2
1703.59	474.807
1704.41	480.656
1705.24	501.405
1706.06	545.99
1706.88	551.892
1707.71	583.617
1708.53	595.509
1709.35	641.123
1710.17	682.728
1711	727.234
1711.82	736.944
1712.64	770.366
1713.46	836.43
1714.28	824.245
1715.1	870.568
1715.92	925.88
1716.74	972.324
1717.56	999.88
1718.38	1015.35
1719.2	1119.49
1720.02	1123.47
1720.84	1203.32
1721.66	1261.49
1722.48	1300.24
1723.3	1384.72
1724.11	1401.55
1724.93	1430.25
1725.75	1490.19
1726.57	1552.56
1727.39	1584.84
1728.2	1627.59
1729.02	1623.11
1729.84	1649.32
1730.65	1689.54
1731.47	1650.55
1732.29	1692.95
1733.1	1654.84
1733.92	1642.99
1734.73	1678.92
1735.55	1624.89
1736.36	1618.9
1737.18	1550.6
1737.99	1468.8
1738.81	1432.86
1739.62	1374.43
1740.43	1363.67
1741.25	1229.35
1742.06	1185.68
1742.87	1136.35
1743.69	1075.53
1744.5	1009.01
1745.31	902.807
1746.13	869.41
1746.94	829.291
1747.75	745.69
1748.56	679.647
1749.37	615.63
1750.18	571.014
1750.99	567.037
1751.81	478.899
1752.61	471.047
1753.42	461.282
1754.24	383.91
1755.04	412.89
1755.85	361.681
1756.66	321.087
1757.47	306.537
1758.28	337.323
1759.09	296.626
1759.9	306.124
1760.71	272.267
1761.52	249.089
1762.32	280.904
1763.13	250.108
1763.94	224.134
1764.74	245.379
1765.55	218.412
1766.36	250.247
1767.17	232.942
1767.97	239.774
1768.78	190.7
1769.58	221.702
1770.39	180.318
1771.19	184.281
1772	177.599
1772.8	197.962
1773.61	168.071
1774.41	207.789
1775.22	145.987
1776.02	153.808
1776.83	166.473
1777.63	156.879
1778.43	152.128
1779.23	148.356
1780.04	146.54
1780.84	136.981
1781.64	173.065
1782.44	135.343
1783.25	133.546
1784.05	151.208
1784.85	158.167
1785.65	170.003
1786.45	141.858
1787.25	156.629
1788.05	160.679
1788.86	151.05
1789.65	139.448
1790.46	134.675
1791.25	145.558
1792.05	125.093
1792.85	151.667
1793.65	152.776
1794.45	148.013
1795.25	134.421
1796.05	99.1819
1796.85	106.217
1797.64	127.063
1798.44	143.007
1799.24	108.602
1800.04	155.149
1800.83	137.476
1801.63	135.599
1802.43	132.728
1803.22	159.556
1804.02	105.183
1804.82	130.035
1805.61	144.989
1806.41	123.252
1807.2	142.175
1808	165.084
1808.79	113.555
1809.59	132.518
1810.38	133.616
1811.18	165.539
1811.97	138.774
1812.76	131.865
1813.56	135.87
1814.35	148.806
1815.14	139.85
1815.94	154.784
1816.73	140.905
1817.52	134.016
1818.31	133.11
1819.1	106.303
1819.9	110.34
1820.69	118.336
1821.48	112.365
1822.27	132.277
1823.06	129.285
1823.85	131.28
1824.64	113.373
1825.43	110.396
1826.22	110.396
1827.01	112.376
1827.8	124.299
1828.59	129.264
1829.38	135.235
1830.17	147.179
1830.96	119.363
1831.74	132.285
1832.53	140.21
1833.32	122.288
1834.11	124.217
1834.89	107.293
1835.68	117.149
1836.47	141.851
1837.26	123.966
1838.04	124.899
1838.83	77.389
1839.61	145.523
1840.4	129.636
1841.19	144.336
1841.97	101.843
1842.76	131.299
1843.54	118.417
1844.33	145.879
1845.11	106.524
1845.89	116.33
1846.68	116.318
1847.46	117.286
1848.25	106.47
1849.03	105.466
1849.81	112.308
1850.6	131.892
1851.38	110.319
1852.16	136.762
1852.94	113.24
1853.72	133.776
1854.51	128.837
1855.29	97.4876
1856.07	110.145
1856.85	144.265
1857.63	134.423
1858.41	115.82
1859.19	81.6531
1859.97	101.106
1860.75	109.843
1861.53	144.87
1862.31	138.058
1863.09	126.394
1863.87	81.6512
1864.65	120.569
1865.43	130.271
1866.21	108.837
1866.99	104.893
1867.76	120.357
1868.54	115.438
1869.32	131.866
1870.1	116.337
1870.87	101.81
1871.65	113.457
1872.43	92.1766
1873.2	97.0472
1873.98	116.439
1874.76	123.228
1875.53	120.331
1876.31	127.129
1877.08	98.1138
1877.86	128.193
1878.63	150.546
1879.41	116.695
1880.18	115.776
1880.96	98.3621
1881.73	100.33
1882.5	113.934
1883.28	83.9129
1884.05	96.5674
1884.82	112.147
1885.6	105.416
1886.37	125.86
1887.14	103.582
1887.91	120.136
1888.68	111.441
1889.46	119.266
1890.23	122.252
1891	111.65
1891.77	94.2466
1892.54	123.586
1893.31	82.8032
1894.08	106.361
1894.85	121.169
1895.62	133.046
1896.39	108.691
1897.16	113.643
1897.93	92.1366
1898.7	119.566
1899.47	131.349
1900.24	95.1878
1901.01	135.457
1901.77	134.632
1902.54	118.114
1903.31	120.226
1904.08	114.455
1904.84	129.327
1905.61	147.156
1906.38	84.2043
1907.14	102.018
1907.91	104.073
1908.68	128.831
1909.44	107.221
1910.21	105.353
1910.97	105.468
1911.74	137.26
1912.51	122.55
1913.27	120.7
1914.03	127.768
1914.8	123.915
1915.56	120.045
1916.33	119.141
1917.09	118.224
1917.85	115.308
1918.62	113.378
1919.38	128.36
1920.14	77.6574
1920.9	103.602
1921.67	127.592
1922.43	114.75
1923.19	104.901
1923.95	140.984
1924.71	121.156
1925.47	113.283
1926.24	144.412
1927	132.477
1927.76	119.505
1928.52	149.576
1929.28	121.548
1930.04	142.583
1930.8	141.587
1931.56	116.569
1932.32	144.617
1933.08	105.61
1933.83	108.663
1934.59	126.756
1935.35	118.818
1936.11	125.899
1936.87	107.896
1937.62	94.8759
1938.38	140.954
1939.14	136.904
1939.89	127.856
1940.65	117.832
1941.41	114.836
1942.16	138.865
1942.92	118.865
1943.68	116.856
1944.43	145.808
1945.19	120.752
1945.94	143.625
1946.7	127.563
1947.45	120.503
1948.21	118.445
1948.96	153.222
1949.71	134.267
1950.47	97.4459
1951.22	108.36
1951.98	135.162
1952.73	109.312
1953.48	116.227
1954.23	141.96
1954.99	126.003
1955.74	114.011
1956.49	148.511
1957.24	134.538
1957.99	155.157
1958.75	127.455
1959.5	137.271
1960.25	139.209
1961	108.638
1961.75	122.377
1962.5	150.83
1963.25	131.064
1964	132.929
1964.75	141.664
1965.5	135.687
1966.25	136.574
1967	122.767
1967.74	147.087
1968.49	112.748
1969.24	128.208
1969.99	133.894
1970.74	103.608
1971.48	125.878
1972.23	125.818
1972.98	142.286
1973.73	126.739
1974.47	142.224
1975.22	129.558
1975.96	156.585
1976.71	117.751
1977.46	128.277
1978.2	129.136
1978.95	142.56
1979.69	134.791
1980.44	118.386
1981.18	124.177
1981.93	112.624
1982.67	120.333
1983.41	129.934
1984.16	137.566
1984.9	122.075
1985.64	108.519
1986.39	127.616
1987.13	139.021
1987.87	134.148
1988.61	97.7117
1989.36	148.418
1990.1	119.691
1990.84	127.332
1991.58	131.143
1992.32	140.691
1993.06	105.323
1993.81	130.186
1994.55	143.605
1995.29	167.573
1996.03	140.896
1996.77	118.035
1997.51	146.857
1998.24	114.389
1998.98	127.883
1999.72	166.298
2000.46	122.252
2001.2	107.917
2001.94	126.197
2002.68	150.255
2003.41	130.182
2004.15	126.427
2004.89	105.373
2005.63	135.248
2006.36	122.825
2007.1	82.4875
2007.84	106.599
2008.57	134.584
2009.31	119.266
2010.05	98.1664
2010.78	132.026
2011.52	117.687
2012.25	131.343
2012.99	135.343
2013.72	106.438
2014.46	135.565
2015.19	111.443
2015.92	131.868
2016.66	119.366
2017.39	128.21
2018.13	109.907
2018.86	143.102
2019.59	117.997
2020.32	129.854
2021.06	101.743
2021.79	104.082
2022.52	94.7697
2023.25	123.814
2023.98	134.345
2024.72	113.941
2025.45	121.149
2026.18	128.554
2026.91	130.876
2027.64	127.737
2028.37	110.683
2029.1	118.849
2029.83	137.272
2030.56	139.367
2031.29	155.407
2032.02	126.428
2032.75	128.762
2033.47	126.656
2034.2	108.74
2034.93	128.118
2035.66	105.509
2036.39	124.249
2037.11	125.876
2037.84	116.694
2038.57	119.042
2039.3	104.254
2040.02	134.399
2040.75	137.237
2041.47	149.728
2042.2	115.904
2042.93	124.128
2043.65	113.855
2044.38	117.066
2045.1	109.887
2045.83	130.825
2046.55	107.747
2047.28	126.725
2048	138.3
2048.73	107.424
2049.45	115.646
2050.17	109.102
2050.9	127.754
2051.62	129.618
2052.34	128.327
2053.07	128.225
2053.79	126.561
2054.51	132.879
2055.23	138.655
2055.95	130.275
2056.68	123.658
2057.4	113.549
2058.12	138.769
2058.84	150.917
2059.56	139.523
2060.28	132.754
2061	123.658
2061.72	132.71
2062.44	113.953
2063.16	135.749
2063.88	126.98
2064.6	123.985
2065.32	127.859
2066.03	146.089
2066.75	129.831
2067.47	130.658
2068.19	133.426
2068.91	142.005
2069.62	122.66
2070.34	123.219
2071.06	132.313
2071.77	139.279
2072.49	139.781
2073.21	132.657
2073.92	128.694
2074.64	112.927
2075.36	112.996
2076.07	125.087
2076.79	117.122
2077.5	129.019
2078.22	114.975
2078.93	122.941
2079.64	136.393
2080.36	132.066
2081.07	127.415
2081.79	126.066
2082.5	122.495
2083.21	130.466
2083.93	141.584
2084.64	134.908
2085.35	153.564
2086.07	151.536
2086.78	129.227
2087.49	139.314
2088.2	148.122
2088.91	131.195
2089.62	125.709
2090.33	143.703
2091.04	152.432
2091.76	134.514
2092.47	118.368
2093.18	130.768
2093.89	143.038
2094.6	113.039
2095.3	161.787
2096.01	154.235
2096.72	133.292
2097.43	135.831
2098.14	135.025
2098.85	135.625
2099.56	143.359
2100.09	134.676
2100.87	145.498
2101.65	141.498
2102.43	149.36
2103.21	159.184
2103.99	140.343
2104.77	142.212
2105.55	144.046
2106.32	143.889
2107.1	127.999
2107.88	125.92
2108.66	128.791
2109.44	118.935
2110.22	138.552
2110.99	132.64
2111.77	120.808
2112.55	155.019
2113.33	148.969
2114.1	129.233
2114.88	165.256
2115.66	139.76
2116.43	136.791
2117.21	169
2117.99	160.217
2118.76	136.774
2119.54	136.737
2120.31	169.849
2121.09	149.291
2121.86	151.171
2122.64	143.315
2123.41	131.578
2124.19	137.384
2124.96	146.123
2125.74	148.067
2126.51	130.563
2127.28	145.213
2128.06	150.135
2128.83	142.379
2129.61	163.852
2130.38	131.683
2131.15	140.458
2131.92	149.239
2132.7	148.28
2133.47	123.919
2134.24	144.436
2135.01	151.296
2135.78	115.202
2136.55	105.456
2137.33	135.754
2138.1	110.394
2138.87	134.876
2139.64	142.774
2140.41	148.744
2141.18	129.271
2141.95	148.994
2142.72	158.941
2143.49	131.568
2144.26	129.69
2145.03	141.562
2145.8	125.884
2146.57	135.796
2147.33	124.063
2148.1	158.686
2148.87	154.889
2149.64	146.142
2150.41	120.547
2151.17	118.648
2151.94	136.544
2152.71	141.58
2153.48	124.818
2154.24	144.778
2155.01	138.956
2155.78	119.2
2156.54	140.232
2157.31	140.364
2158.08	139.486
2158.84	109.633
2159.61	126.69
2160.37	124.754
2161.14	133.808
2161.9	134.863
2162.67	145.946
2163.43	133.023
2164.2	150.2
2164.96	155.387
2165.72	160.591
2166.49	138.611
2167.25	152.821
2168.01	117.622
2168.78	127.74
2169.54	155.005
2170.3	136.898
2171.07	127.885
2171.83	144.143
2172.59	135.164
2173.35	143.376
2174.11	117.141
2174.88	145.574
2175.64	135.469
2176.4	134.463
2177.16	130.47
2177.92	145.756
2178.68	142.816
2179.44	151.062
2180.2	141.054
2180.96	127.989
2181.72	144.387
2182.48	141.457
2183.24	152.754
2184	144.699
2184.76	180.398
2185.52	174.355
2186.28	144.894
2187.04	127.651
2187.79	157.245
2188.55	177.687
2189.31	142.122
2190.07	178.866
2190.83	148.383
2191.58	203.47
2192.34	163.805
2193.1	132.277
2193.85	171.034
2194.61	159.84
2195.37	164.915
2196.12	182.169
2196.88	176.004
2197.63	156.647
2198.39	168.817
2199.15	142.429
2199.9	162.772
2200.66	171.954
2201.41	157.776
2202.16	163.869
2202.92	163.841
2203.67	185.076
2204.43	147.547
2205.18	176.891
2205.93	148.567
2206.69	156.714
2207.44	158.806
2208.19	154.824
2208.95	153.859
2209.7	179.173
2210.45	154.885
2211.2	126.563
2211.95	157.878
2212.71	155.838
2213.46	157.84
2214.21	151.766
2214.96	149.725
2215.71	161.781
2216.46	137.559
2217.21	184.791
2217.96	162.571
2218.71	147.416
2219.46	151.355
2220.21	174.349
2220.96	157.267
2221.71	182.284
2222.46	158.253
2223.21	182.266
2223.96	148.236
2224.71	184.183
2225.46	185.102
2226.21	183.019
2226.95	203.881
2227.7	188.864
2228.45	197.786
2229.2	236.574
2229.94	256.427
2230.69	277.257
2231.44	315.961
2232.18	355.62
2232.93	355.504
2233.68	365.29
2234.42	394.871
2235.17	412.487
2235.92	394.412
2236.66	422.908
2237.41	426.685
2238.15	414.69
2238.9	399.776
2239.64	373.028
2240.38	405.56
2241.13	363.994
2241.87	297.771
2242.62	308.55
2243.36	266.067
2244.1	289.662
2244.85	221.614
2245.59	233.397
2246.33	204.815
2247.08	170.356
2247.82	202.813
2248.56	180.172
2249.3	162.452
2250.05	187.956
2250.79	148.642
2251.53	165.298
2252.27	155.478
2253.01	175.096
2253.75	157.485
2254.49	158.518
2255.23	166.424
2255.97	155.711
2256.71	168.519
2257.45	147.002
2258.19	148.016
2258.93	147.052
2259.67	173.507
2260.41	140.22
2261.15	142.211
2261.89	163.81
2262.63	178.592
2263.36	142.469
2264.1	146.508
2264.84	146.625
2265.58	165.364
2266.32	150.734
2267.05	168.457
2267.79	157.712
2268.53	143.038
2269.26	154.852
2270	165.695
2270.74	147.129
2271.48	162.917
2272.21	147.327
2272.95	172.003
2273.68	156.431
2274.42	150.679
2275.15	172.466
2275.89	153.91
2276.62	156.004
2277.36	148.233
2278.09	161.14
2278.83	171.085
2279.56	154.408
2280.29	176.177
2281.03	149.631
2281.76	152.671
2282.49	167.563
2283.23	153.861
2283.96	159.918
2284.69	178.845
2285.42	151.328
2286.16	147.51
2286.89	182.267
2287.62	163.555
2288.35	176.504
2289.08	157.768
2289.81	153.903
2290.55	158.982
2291.28	157.154
2292.01	157.33
2292.74	145.593
2293.47	158.69
2294.2	151.894
2294.93	156.02
2295.66	131.235
2296.39	166.197
2297.11	130.399
2297.85	144.423
2298.57	158.463
2299.3	143.616
2300.03	173.68
2300.76	153.875
2301.49	138.042
2302.22	158.168
2302.94	149.291
2303.67	151.398
2304.4	163.515
2305.12	181.66
2305.85	153.751
2306.58	177.951
2307.31	153.028
2308.03	182.262
2308.76	196.443
2309.48	167.428
2310.21	183.597
2310.93	166.619
2311.66	139.589
2312.38	154.787
2313.11	149.883
2313.83	173.159
2314.56	195.433
2315.28	159.277
2316.01	168.43
2316.73	153.403
2317.45	172.652
2318.18	167.724
2318.9	153.721
2319.62	142.733
2320.35	154.949
2321.07	155.042
2321.79	158.157
2322.52	178.447
2323.24	149.236
2323.96	146.297
2324.68	151.448
2325.4	116.144
2326.12	126.339
2326.84	123.376
2327.56	109.277
2328.29	125.535
2329.01	121.562
2329.73	117.596
2330.45	116.672
2331.17	126.892
2331.89	136.099
2332.61	157.458
2333.32	158.536
2334.04	148.455
2334.76	172.831
2335.48	157.688
2336.2	157.758
2336.92	182.169
2337.64	154.883
2338.35	156.995
2339.07	166.201
2339.79	189.602
2340.51	168.367
2341.23	146.121
2341.94	169.554
2342.66	149.364
2343.37	161.671
2344.09	181.093
2344.81	191.351
2345.52	161.928
2346.24	162.961
2346.95	159.908
2347.67	154.828
2348.38	145.715
2349.1	138.666
2349.82	191.546
2350.53	166.284
2351.24	147.101
2351.96	151.266
2352.67	146.256
2353.39	190.012
2354.1	170.722
2354.81	164.641
2355.53	147.395
2356.24	157.588
2356.95	172.872
2357.66	159.733
2358.38	169.965
2359.09	164.971
2359.8	163.032
2360.51	197.7
2361.22	181.56
2361.94	179.663
2362.65	188.97
2363.36	194.209
2364.07	159.695
2364.78	139.404
2365.49	181.266
2366.2	154.81
2366.91	178.286
2367.62	181.376
2368.33	148.813
2369.04	167.211
2369.75	166.259
2370.46	188.75
2371.16	182.704
2371.87	156.268
2372.58	169.58
2373.29	189.012
2374	188.064
2374.71	154.492
2375.41	199.422
2376.12	184.195
2376.83	191.4
2377.53	175.156
2378.24	171.157
2378.95	193.69
2379.65	160.111
2380.36	173.458
2381.07	192.918
2381.77	190.929
2382.48	219.557
2383.18	192.071
2383.89	199.318
2384.59	198.432
2385.3	219.02
2386	203.831
2386.71	202.91
2387.41	171.26
2388.12	157.987
2388.82	217.271
2389.52	180.487
2390.23	209.126
2390.93	176.499
2391.63	199.053
2392.34	169.494
2393.04	208.374
2393.74	192.055
2394.44	205.358
2395.15	205.396
2395.85	196.276
2396.55	186.158
2397.25	226.121
2397.95	209.865
2398.65	199.701
2399.35	181.324
2400.05	193.578
2400.75	231.34
2401.45	201.713
2402.15	182.335
2402.85	242.585
2403.55	175.307
2404.25	178.458
2404.95	196.934
2405.65	222.565
2406.35	237.983
2407.05	232.959
2407.75	195.231
2408.44	237.193
2409.14	172.897
2409.84	213.858
2410.54	248.698
2411.24	207.884
2411.93	222.247
2412.63	227.381
2413.33	203.878
2414.02	172.205
2414.72	226.322
2415.42	207.935
2416.11	216.1
2416.81	203.869
2417.5	213.079
2418.2	232.505
2418.9	196.867
2419.59	203.053
2420.28	241.867
2420.98	204.152
2421.67	254.102
2422.37	219.403
2423.06	216.309
2423.75	220.37
2424.45	242.802
2425.14	204.199
2425.84	225.709
2426.53	177.958
2427.22	191.321
2427.91	205.682
2428.61	191.456
2429.3	214.905
2429.99	229.127
2430.68	196.47
2431.37	224.879
2432.07	195.305
2432.76	240.962
2433.45	223.656
2434.14	209.452
2434.83	199.349
2435.52	243.065
2436.21	243.128
2436.9	213.724
2437.59	211.691
2438.28	230.921
2438.97	209.565
2439.66	219.639
2440.35	205.424
2441.04	212.5
2441.72	193.284
2442.41	189.257
2443.1	240.849
2443.79	220.612
2444.48	205.43
2445.16	247.84
2445.85	222.574
2446.54	203.408
2447.23	204.458
2447.91	205.518
2448.6	236.857
2449.29	195.505
2449.97	216.721
2450.66	186.467
2451.34	258.108
2452.03	205.689
2452.72	218.846
2453.4	229.989
2454.09	238.089
2454.77	205.829
2455.46	218.9
2456.14	256.098
2456.82	210.719
2457.51	222.741
2458.19	210.659
2458.88	214.707
2459.56	213.763
2460.24	232.948
2460.92	252.149
2461.61	198.94
2462.29	223.161
2462.97	247.373
2463.66	245.409
2464.34	229.339
2465.02	240.397
2465.7	216.247
2466.38	242.34
2467.06	226.236
2467.75	215.183
2468.42	191.115
2469.11	204.215
2469.79	227.381
2470.47	210.414
2471.15	248.679
2471.83	263.85
2472.51	251.88
2473.19	199.698
2473.86	237.911
2474.54	222.87
2475.22	198.799
2475.9	231.983
2476.58	214.98
2477.26	249.222
2477.94	222.216
2478.61	226.356
2479.29	232.504
2479.97	240.649
2480.65	235.704
2481.32	250.861
2482	213.716
2482.68	244.974
2483.35	205.823
2484.03	227.034
2484.71	225.095
2485.38	225.149
2486.06	223.169
2486.73	221.177
2487.41	222.204
2488.08	225.261
2488.76	220.301
2489.43	203.297
2490.11	236.621
2490.78	241.794
2491.45	206.686
2492.13	230.982
2492.8	229.076
2493.48	204.983
2494.15	214.147
2494.82	239.459
2495.49	219.415
2496.17	223.599
2496.84	220.739
2497.51	226.975
2498.18	226.128
2498.86	226.26
2499.53	217.249
2500.2	229.449
2500.87	241.639
2501.54	237.662
2502.21	241.818
2502.88	221.727
2503.55	241.15
2504.22	216.004
2504.89	252.674
2505.56	230.492
2506.23	222.469
2506.9	241.831
2507.57	249.024
2508.24	224.773
2508.91	250.3
2509.58	217.94
2510.25	221.117
2510.91	247.658
2511.58	236.557
2512.25	254.934
2512.92	229.585
2513.59	249.01
2514.25	215.553
2514.92	210.59
2515.59	215.809
2516.25	230.191
2516.92	225.203
2517.59	257.906
2518.25	237.598
2518.92	236.65
2519.58	219.392
2520.25	228.651
2520.91	233.853
2521.58	224.8
2522.24	216.785
2522.91	250.65
2523.57	216.097
2524.24	254.095
2524.9	221.532
2525.56	223.72
2526.23	234.09
2526.89	242.409
2527.55	243.554
2528.22	248.787
2528.88	248.876
2529.54	270.465
2530.21	240.785
2530.87	270.548
2531.53	223.464
2532.19	274.815
2532.85	286.259
2533.51	269.029
2534.18	226.116
2534.84	261.218
2535.5	244.908
2536.16	251.142
2536.82	246.016
2537.48	252.162
2538.14	269.604
2538.8	240.865
2539.46	228.605
2540.12	268.766
2540.78	265.84
2541.44	276.294
2542.09	270.299
2542.75	248.84
2543.41	238.651
2544.07	264.436
2544.73	250.035
2545.39	246.913
2546.04	246.852
2546.7	260.14
2547.36	254.951
2548.02	227.221
2548.67	247.778
2549.33	253.998
2549.98	266.399
2550.64	287.024
2551.3	276.849
2551.95	263.59
2552.61	253.41
2553.26	260.691
2553.92	271.049
2554.57	269.054
2555.23	256.748
2555.88	295.75
2556.54	274.122
2557.19	301.738
2557.85	259.618
2558.5	265.732
2559.15	307.741
2559.81	312.899
2560.46	306.815
2561.11	284.345
2561.77	313.09
2562.42	281.354
2563.07	316.163
2563.72	314.05
2564.37	327.264
2565.03	312.857
2565.68	320.988
2566.33	322.017
2566.98	317.991
2567.63	290.485
2568.28	304.888
2568.93	336.638
2569.58	323.346
2570.23	314.102
2570.88	337.539
2571.53	332.393
2572.18	339.561
2572.83	347.795
2573.48	331.547
2574.13	298.949
2574.78	328.615
2575.43	356.198
2576.07	312.285
2576.72	296.959
2577.37	319.393
2578.02	339.783
2578.67	336.707
2579.31	294.876
2579.96	304.007
2580.61	334.498
2581.26	302.844
2581.9	317.031
2582.55	352.613
2583.19	326.192
2583.84	367.988
2584.49	337.581
2585.13	334.634
2585.78	347.922
2586.42	315.344
2587.07	340.689
2587.71	342.576
2588.36	342.405
2589	363.564
2589.65	354.31
2590.29	361.344
2590.93	354.238
2591.58	368.466
2592.22	327.992
2592.86	362.562
2593.51	380.944
2594.15	322.261
2594.79	347.769
2595.43	370.24
2596.07	380.514
2596.72	334.91
2597.36	386.717
2598	359.297
2598.64	343.026
2599.28	370.381
2599.92	374.422
2600.56	367.351
2601.2	380.602
2601.85	362.44
2602.49	372.675
2603.13	372.744
2603.76	382.925
2604.4	342.371
2605.04	363.677
2605.68	345.442
2606.32	363.718
2606.96	366.787
2607.6	392.137
2608.24	372.862
2608.88	376.869
2609.51	368.713
2610.15	350.459
2610.79	343.392
2611.43	346.507
2612.06	324.362
2612.7	363.017
2613.34	349.016
2613.97	349.189
2614.61	377.735
2615.25	389.031
2615.88	361.763
2616.52	362.895
2617.15	341.704
2617.79	336.758
2618.42	359.235
2619.06	330.939
2619.69	361.546
2620.33	346.418
2620.96	346.506
2621.6	343.525
2622.23	364.928
2622.86	349.752
2623.5	332.563
2624.13	329.626
2624.76	348.061
2625.4	343.111
2626.03	326.951
2626.66	339.256
2627.29	354.598
2627.93	317.019
2628.56	347.638
2629.19	315.176
2629.82	323.451
2630.45	367.393
2631.08	368.566
2631.71	356.477
2632.34	337.229
2632.98	331.22
2633.61	371.103
2634.24	350.848
2634.87	352.038
2635.5	388.976
2636.12	349.357
2636.75	335.237
2637.38	306.785
2638.01	357.019
2638.64	351.022
2639.27	347.05
2639.9	365.565
2640.53	358.486
2641.15	361.621
2641.78	353.494
2642.41	349.466
2643.04	359.783
2643.66	372.177
2644.29	348.774
2644.92	397.049
2645.54	358.283
2646.17	354.307
2646.8	363.618
2647.42	369.827
2648.05	345.28
2648.67	378.103
2649.3	372.007
2649.92	373.106
2650.55	368.09
2651.17	371.302
2651.8	401.201
2652.42	398.316
2653.05	376.959
2653.67	401.756
2654.29	384.441
2654.92	374.27
2655.54	406.164
2656.16	356.929
2656.79	397.025
2657.41	390.741
2658.03	424.079
2658.65	409.793
2659.27	389.896
2659.9	413.572
2660.52	415.373
2661.14	451.947
2661.76	426.406
2662.38	429.49
2663	419.691
2663.62	411.791
2664.24	398.342
2664.86	429.102
2665.48	448.811
2666.1	470.849
2666.72	443.636
2667.34	432.775
2667.96	456.632
2668.58	444.558
2669.2	443.934
2669.82	458.489
2670.44	448.724
2671.05	456.331
2671.67	445.1
2672.29	471.892
2672.91	473.07
2673.53	489.996
2674.14	443.089
2674.76	446.732
2675.38	461.601
2675.99	461.073
2676.61	483.854
2677.23	490.213
2677.84	480.821
2678.46	513.51
2679.07	522.578
2679.69	522.603
2680.3	531.668
2680.92	537.681
2681.53	564.241
2682.15	576.89
2682.76	577.809
2683.38	618.628
2683.99	613.804
2684.61	611.289
2685.22	600.463
2685.83	595.245
2686.44	593.402
2687.06	611.054
2687.67	596.339
2688.28	621.947
2688.9	628.283
2689.51	632.307
2690.12	631.291
2690.73	644.982
2691.34	653.113
2691.96	668.084
2692.57	664.215
2693.18	684.932
2693.79	684.736
2694.4	696.897
2695.01	715.872
2695.62	694.395
2696.23	691.308
2696.84	710.165
2697.45	719.023
2698.06	713.064
2698.67	716.234
2699.28	733.513
2699.88	713.748
2700.49	728.515
2701.1	724.349
2701.71	740.461
2702.32	743.113
2702.93	750.678
2703.53	744.756
2704.14	776.546
2704.75	781.986
2705.36	769.543
2705.96	774.107
2706.57	772.698
2707.17	803.678
2707.78	802.665
2708.39	808.861
2708.99	831.969
2709.6	861.751
2710.2	853.259
2710.81	846.708
2711.41	873.976
2712.02	898.23
2712.62	913.965
2713.23	926.127
2713.83	933.74
2714.44	949.773
2715.04	954.854
2715.64	983.814
2716.25	985.543
2716.85	989.768
2717.45	1007.28
2718.05	1016.86
2718.66	1011.48
2719.26	1030.11
2719.86	1065.91
2720.46	1062.32
2721.06	1085.88
2721.67	1102.25
2722.27	1064.57
2722.87	1113.35
2723.47	1128.37
2724.07	1138.13
2724.67	1148.21
2725.27	1160.55
2725.71	1180.12
2726.38	1193.15
2727.06	1173.42
2727.73	1244.12
2728.4	1243.53
2729.07	1206.43
2729.74	1253.84
2730.42	1255.77
2731.09	1312.82
2731.76	1231.91
2732.43	1241.57
2733.1	1246.19
2733.77	1290.44
2734.44	1293.88
2735.11	1309.35
2735.78	1340.92
2736.45	1340.75
2737.12	1366.89
2737.79	1381.74
2738.46	1417.91
2739.13	1363.65
2739.8	1359.37
2740.47	1349.22
2741.14	1351.51
2741.81	1319.45
2742.47	1307.83
2743.14	1307.43
2743.81	1304.92
2744.48	1264.62
2745.15	1259.86
2745.81	1255.04
2746.48	1233.92
2747.15	1156.77
2747.81	1150.99
2748.48	1182.93
2749.15	1122.94
2749.81	1150.53
2750.48	1100.43
2751.15	1112.48
2751.81	1108.25
2752.48	1099.11
2753.14	1056.57
2753.81	1036.68
2754.47	1001.58
2755.14	971.47
2755.8	964.656
2756.47	938.203
2757.13	920.786
2757.8	936.018
2758.46	897.148
2759.13	920.755
2759.79	872.969
2760.45	907.045
2761.12	895.086
2761.78	879.921
2762.44	912.682
2763.1	891.103
2763.77	852.128
2764.43	895.072
2765.09	889.089
2765.76	813.701
2766.42	873.519
2767.08	893.512
2767.74	891.974
2768.4	900.602
2769.06	905.023
2769.72	907.293
2770.38	901.286
2771.05	923.995
2771.71	916.979
2772.37	962.396
2773.03	927.821
2773.69	956.98
2774.35	981.017
2775.01	1000.87
2775.67	1058.66
2776.33	1060.8
2776.99	1087.57
2777.64	1119.49
2778.3	1131.94
2778.96	1189.74
2779.62	1180.71
2780.28	1175.74
2780.94	1211.82
2781.59	1203.58
2782.25	1205.62
2782.91	1206.72
2783.57	1199.76
2784.22	1175.48
2784.88	1181.15
2785.54	1154.85
2786.2	1156.2
2786.85	1141.77
2787.51	1152.82
2788.16	1113.21
2788.82	1124.1
2789.48	1057.98
2790.13	1160.95
2790.79	1117.02
2791.44	1161.8
2792.1	1125.19
2792.75	1205.86
2793.41	1188.34
2794.06	1165.42
2794.72	1181.5
2795.37	1155.31
2796.02	1190.93
2796.68	1210.18
2797.33	1131.81
2797.98	1208.93
2798.64	1196.65
2799.29	1190.62
2799.94	1162
2800.6	1229.11
2801.25	1246.85
2801.9	1253.26
2802.55	1316.27
2803.21	1265.95
2803.86	1267.02
2804.51	1287.55
2805.16	1328.6
2805.81	1287.26
2806.46	1335.5
2807.11	1368.31
2807.77	1376.43
2808.42	1353.64
2809.07	1417.19
2809.72	1412.72
2810.37	1439.02
2811.02	1482.77
2811.67	1466.98
2812.32	1504.8
2812.97	1537.65
2813.61	1546
2814.26	1554.43
2814.91	1592.69
2815.56	1608.29
2816.21	1623.82
2816.86	1653.64
2817.51	1697.74
2818.15	1671.82
2818.8	1724.91
2819.45	1774.83
2820.1	1736.45
2820.74	1786.56
2821.39	1787.64
2822.04	1841.32
2822.69	1842.72
2823.33	1944.68
2823.98	1901.48
2824.63	1941.16
2825.27	1957.97
2825.92	1992.16
2826.56	2072.66
2827.21	2046.7
2827.85	2094.92
2828.5	2129
2829.14	2124.26
2829.79	2150.43
2830.43	2215.71
2831.08	2290.33
2831.72	2251.95
2832.37	2317.23
2833.01	2373.08
2833.65	2419.47
2834.3	2445.08
2834.94	2549.61
2835.58	2598.46
2836.23	2639.99
2836.87	2682.49
2837.51	2763.08
2838.16	2795.68
2838.8	2870.74
2839.44	2929.73
2840.08	3096.72
2840.72	3143.5
2841.36	3171.44
2842.01	3335.66
2842.65	3429.83
2843.29	3528.11
2843.93	3685.05
2844.57	3730.19
2845.21	3893.52
2845.85	4011.69
2846.49	4084.82
2847.13	4226.05
2847.77	4261.03
2848.41	4428.02
2849.05	4472.91
2849.69	4639.81
2850.33	4607.38
2850.97	4685.98
2851.61	4682.43
2852.24	4725.81
2852.88	4808.53
2853.52	4923.99
2854.16	4929.73
2854.8	4987.77
2855.43	5080.02
2856.07	5100.97
2856.71	5268.19
2857.35	5356.55
2857.98	5448.8
2858.62	5610.4
2859.26	5788.4
2859.89	6016.9
2860.53	6190.52
2861.16	6412.4
2861.8	6640.73
2862.44	6908.27
2863.07	7126.69
2863.71	7538.63
2864.34	7897.42
2864.98	8156.98
2865.61	8479.01
2866.25	8795.11
2866.88	9083.2
2867.52	9548
2868.15	9732.82
2868.78	9967.73
2869.42	10299.7
2870.05	10587.9
2870.69	10805.2
2871.32	11129.2
2871.95	11263.5
2872.58	11540.8
2873.22	11855
2873.85	11976.1
2874.48	12351.2
2875.11	12412.8
2875.75	12596.5
2876.38	12627.6
2877.01	12619
2877.64	12535.5
2878.27	12414.8
2878.9	12165.8
2879.53	11979.1
2880.16	11844.8
2880.79	11515.8
2881.42	11309.2
2882.05	11096.1
2882.68	10917.9
2883.31	10729.8
2883.94	10601.2
2884.57	10560.5
2885.2	10418.7
2885.83	10339.2
2886.46	10253.3
2887.09	10246.3
2887.72	10248
2888.35	10207.3
2888.97	10298.8
2889.6	10247.9
2890.23	10273.4
2890.86	10370.7
2891.49	10402.7
2892.11	10563.5
2892.74	10673.4
2893.37	10832.6
2893.99	10944.2
2894.62	10970.2
2895.25	11108.5
2895.87	11326.9
2896.5	11485.6
2897.12	11590.3
2897.75	11752.5
2898.38	11807.9
2899	11948.3
2899.63	12113.2
2900.25	12375.4
2900.88	12553.2
2901.5	12587.7
2902.12	12755.9
2902.75	12862.2
2903.37	13028.3
2904	13338.8
2904.62	13404.6
2905.25	13364.4
2905.87	13588.7
2906.49	13873.8
2907.11	13898.5
2907.74	14062.1
2908.36	14166.1
2908.98	14262.4
2909.6	14496.4
2910.23	14709.1
2910.85	14797.2
2911.47	14769.1
2912.09	14890.3
2912.71	15157.7
2913.33	15162.1
2913.96	15243.9
2914.58	15348.6
2915.2	15263.2
2915.82	15411.9
2916.44	15340.4
2917.06	15466.8
2917.68	15403.3
2918.3	15447.6
2918.92	15412.1
2919.54	15338.2
2920.16	15467.5
2920.77	15417.6
2921.39	15382.8
2922.01	15398.8
2922.63	15292
2923.25	15399.9
2923.87	15427.6
2924.48	15357.8
2925.1	15392.7
2925.72	15602.1
2926.34	15540.4
2926.95	15777.9
2927.57	15797.7
2928.19	16006.7
2928.8	16145.7
2929.42	16344
2930.04	16661.2
2930.65	16803.8
2931.27	17226.8
2931.89	17560.3
2932.5	17959.2
2933.12	18254.9
2933.73	18607.6
2934.35	18942.4
2934.96	19453.6
2935.58	19738.4
2936.19	20252.3
2936.81	20383.5
2937.42	20734.1
2938.03	21021.9
2938.65	21278
2939.26	21230.2
2939.88	21113.8
2940.49	20921.4
2941.1	20672.2
2941.71	20411.9
2942.33	19916.5
2942.94	19488.3
2943.55	18856.9
2944.17	18549.1
2944.78	18201.7
2945.39	17687.7
2946	17170.7
2946.61	16654
2947.22	16152
2947.83	15878.3
2948.45	15445.8
2949.06	14981
2949.67	14655.7
2950.28	14347.8
2950.89	14110.3
2951.5	13749.7
2952.11	13397.1
2952.72	13126.1
2953.33	12808.4
2953.94	12614.8
2954.54	12406.1
2955.15	12279.4
2955.76	11946.3
2956.37	11830.8
2956.98	11793.9
2957.59	11424
2958.2	11378.2
2958.8	11227.8
2959.41	11234.6
2960.02	10976.7
2960.63	10998.4
2961.23	10825.4
2961.84	10677.2
2962.45	10609.4
2963.05	10580.6
2963.66	10398.9
2964.27	10171.9
2964.87	10079.9
2965.48	10021.5
2966.08	9940.03
2966.69	9742.59
2967.29	9615.81
2967.9	9463.47
2968.5	9311.66
2969.11	9183.95
2969.71	9043.45
2970.32	8928.1
2970.92	8620.04
2971.53	8591.81
2972.13	8400.96
2972.74	8181.04
2973.34	8014.72
2973.94	7936.27
2974.54	7717.46
2975.15	7686.15
2975.75	7441.75
2976.35	7340.64
2976.96	7240.82
2977.56	7068.8
2978.16	6856.76
2978.76	6687.53
2979.36	6539.73
2979.97	6467
2980.57	6419.27
2981.17	6290.36
2981.77	6096.12
2982.37	5894.69
2982.97	5792.83
2983.57	5667.97
2984.17	5552.63
2984.77	5356.34
2985.37	5208.44
2985.97	5165.16
2986.57	5005.95
2987.17	4857.11
2987.77	4758.09
2988.37	4666.58
2988.97	4548.68
2989.57	4428.13
2990.17	4312.4
2990.76	4185.45
2991.36	4083.36
2991.96	4051.26
2992.56	3951.79
2993.16	3827.7
2993.75	3723.82
2994.35	3673.81
2994.95	3666.49
2995.54	3561.93
2996.14	3426.05
2996.74	3449.24
2997.33	3353.34
2997.93	3297.69
2998.52	3242.17
2999.12	3225.5
2999.72	3142.2
3000.31	3160.17
3000.91	3120.81
3001.5	3055.84
3002.1	3024.56
3002.69	2978.72
3003.29	2954.13
3003.88	2919.08
3004.47	2840.99
3005.07	2806.15
3005.66	2775.88
3006.26	2701.05
3006.85	2672.7
3007.44	2594.22
3008.04	2544.23
3008.63	2453.73
3009.22	2426.32
3009.81	2377.93
3010.41	2315.98
3011	2281.82
3011.59	2232.53
3012.18	2190.73
3012.77	2150.17
3013.36	2092.2
3013.96	2040.31
3014.55	2024.28
3015.14	2019.58
3015.73	2009.9
3016.32	2003.5
3016.91	1943.72
3017.5	1904.41
3018.09	1909.1
3018.68	1870.26
3019.27	1873.43
3019.86	1829.23
3020.45	1850.08
3021.04	1876.37
3021.63	1840.05
3022.22	1857.37
3022.8	1846.74
3023.39	1863.74
3023.98	1793.88
3024.57	1806.47
3025.16	1833.52
3025.74	1818.29
3026.33	1869.1
3026.92	1854.78
3027.5	1903.24
3028.09	1883.42
3028.68	1872.86
3029.26	1932.57
3029.85	1949.21
3030.44	1942.44
3031.02	1935.95
3031.61	1930.6
3032.19	1989.22
3032.78	1985.65
3033.37	2032.44
3033.95	2018.03
3034.54	2056.22
3035.12	2028.26
3035.71	2057.22
3036.29	2080.03
3036.87	2126.65
3037.46	2138.12
3038.04	2195.13
3038.63	2167.51
3039.21	2179.41
3039.79	2167.8
3040.38	2242.31
3040.96	2206.14
3041.54	2235.01
3042.12	2211.68
3042.71	2231.35
3043.29	2227.74
3043.87	2272.53
3044.45	2286.2
3045.03	2324.93
3045.62	2386.81
3046.2	2345.65
3046.78	2395.89
3047.36	2447.33
3047.94	2530.83
3048.52	2571.7
3049.1	2708.64
3049.68	2802.9
3050.26	2927.03
3050.84	3081.11
3051.42	3240.32
3052	3396.39
3052.58	3510
3053.16	3608.12
3053.74	3744.71
3054.32	3864
3054.89	3924.68
3055.47	4001.33
3056.05	4071.03
3056.63	4119.01
3057.21	4059.92
3057.78	4096.7
3058.36	4094.49
3058.94	4149.85
3059.52	4065.03
3060.09	4077.76
3060.67	4065.95
3061.25	4059.73
3061.82	4079.69
3062.4	4040.61
3062.97	4090.41
3063.55	4038.32
3064.13	3931.06
3064.7	3901.51
3065.28	3836.98
3065.85	3751.04
3066.43	3691.25
3067	3612.79
3067.58	3443.9
3068.15	3410.21
3068.72	3232.08
3069.3	3062.05
3069.87	3008.03
3070.45	2880.94
3071.02	2780.24
3071.59	2654.17
3072.17	2508.69
3072.74	2409.72
3073.31	2309.49
3073.89	2168.6
3074.46	2081.3
3075.03	2026.04
3075.6	1924.41
3076.17	1859.26
3076.74	1723.05
3077.32	1678
3077.89	1599.88
3078.46	1544.43
3079.03	1502.25
3079.6	1478.49
3080.17	1343.81
3080.74	1320.76
3081.31	1272.8
3081.88	1271.35
3082.45	1192.4
3083.02	1160.03
3083.59	1150.42
3084.16	1125.34
3084.73	1092.02
3085.3	1017.46
3085.87	1011.1
3086.43	1012.07
3087	992.531
3087.57	980.317
3088.14	967.109
3088.71	899.147
3089.28	885.804
3089.84	854.812
3090.41	871.245
3090.98	828.817
3091.54	824.581
3092.11	820.349
3092.68	820.238
3093.24	774.729
3093.81	780.792
3094.38	705.408
3094.94	733.162
3095.51	718.669
3096.07	721.705
3096.64	703.085
3097.2	683.42
3097.77	675.094
3098.33	647.233
3098.9	657.548
3099.46	681.318
3100.03	661.854
3100.59	660.925
3101.15	655.831
3101.72	625.944
3102.28	647.533
3102.84	609.327
3103.41	636.011
3103.97	640.018
3104.53	671.816
3105.1	637.713
3105.66	607.747
3106.22	612.794
3106.78	629.181
3107.34	597.24
3107.91	610.583
3108.47	618.799
3109.03	608.527
3109.59	608.586
3110.15	607.676
3110.71	586.244
3111.27	584.386
3111.83	569.117
3112.39	555.827
3112.95	565.088
3113.51	558.813
3114.07	509.268
3114.63	537.963
3115.19	552.297
3115.75	522.457
3116.31	520.438
3116.87	495.791
3117.43	495.805
3117.98	513.259
3118.54	503.918
3119.1	516.15
3119.66	479.038
3120.22	475.889
3120.77	472.781
3121.33	492.316
3121.89	436.839
3122.44	448.15
3123	479.978
3123.56	413.121
3124.11	462.328
3124.67	445.779
3125.23	449.786
3125.78	438.437
3126.34	463.065
3126.89	440.535
3127.45	459.1
3128	399.659
3128.56	429.533
3129.11	418.315
3129.67	423.498
3130.22	444.053
3130.78	435.812
3131.33	418.297
3131.88	417.193
3132.44	458.159
3132.99	388.294
3133.54	436.456
3134.1	443.602
3134.65	452.83
3135.2	424.134
3135.76	396.477
3136.31	456.016
3136.86	394.505
3137.41	430.44
3137.96	430.458
3138.51	414.05
3139.07	440.72
3139.62	404.814
3140.17	368.912
3140.72	425.331
3141.27	401.753
3141.82	410.998
3142.37	446.902
3142.92	418.178
3143.47	390.475
3144.02	411.998
3144.57	405.855
3145.12	402.823
3145.67	414.189
3146.22	388.66
3146.77	415.461
3147.32	429.944
3147.86	415.655
3148.41	430.06
3148.96	432.1
3149.51	419.734