401.058	914.949
402.149	915.164
403.243	917.218
404.332	876.703
405.424	847.533
406.515	798.627
407.606	805.394
408.697	699.344
409.785	639.573
410.876	618.392
411.967	690.964
413.055	649.922
414.143	521.881
415.233	610.737
416.321	558.468
417.409	502.633
418.499	573.311
419.586	540.924
420.673	600.403
421.761	666.36
422.848	651.984
423.935	774.404
425.02	775.907
426.106	782.044
427.193	848.96
428.278	882.549
429.364	897.616
430.45	926.468
431.534	943.452
432.618	883.446
433.704	951.387
434.788	930.401
435.871	878.268
436.955	992.462
438.038	967.862
439.123	896.381
440.204	908.651
441.287	764.746
442.37	810.538
443.452	675.937
444.535	764.336
445.615	666.26
446.698	589.123
447.78	527.488
448.86	487.956
449.939	450.29
451.021	445.988
452.101	430.654
453.18	394.937
454.262	376.744
455.341	284.221
456.42	299.204
457.499	326.205
458.578	304.955
459.654	292.096
460.733	246.783
461.811	305.502
462.89	219.306
463.966	177.652
465.044	245.729
466.12	205.895
467.197	204.192
468.273	286.285
469.349	267.744
470.426	210.94
471.501	236.934
472.576	241.464
473.651	217.198
474.726	280.261
475.801	263.531
476.876	295.103
477.95	269.179
479.022	324.861
480.097	276.626
481.171	376.648
482.243	297.775
483.317	361.5
484.388	406.628
485.46	409.175
486.533	359.996
487.605	316.412
488.676	433.251
489.747	494.648
490.818	544.966
491.889	498.768
492.959	494.996
494.03	523.456
495.1	569.367
496.171	579.368
497.239	614.045
498.309	627.473
499.379	682.994
500.446	675.245
501.514	724.373
502.584	654.64
503.651	661.952
504.718	667.547
505.788	723.544
506.855	712.755
507.921	730.33
508.988	733.245
510.055	729.754
511.119	691.493
512.186	726.558
513.252	751.627
514.318	814.363
515.382	785.479
516.448	798.824
517.512	808.559
518.577	901.083
519.641	894.524
520.704	821.782
521.768	918.502
522.833	949.006
523.896	973.003
524.959	1010.69
526.021	1052.77
527.084	1068.73
528.144	1097.44
529.207	1087.31
530.269	1181.79
531.331	1279.45
532.391	1386.01
533.453	1365.3
534.513	1336.32
535.572	1381.42
536.634	1245.99
537.693	1242.02
538.752	1166.17
539.812	1140.44
540.87	1103.67
541.929	1121.14
542.988	1015
544.047	971.266
545.105	902.177
546.164	956.942
547.22	826.417
548.278	774.954
549.336	805.464
550.392	785.499
551.448	745.097
552.505	670.364
553.561	756.07
554.616	719.767
555.671	633.143
556.728	641.472
557.783	614.259
558.836	650.191
559.891	627.366
560.946	662.109
562	621.673
563.055	533.202
564.107	591.331
565.161	523.534
566.213	508.559
567.267	513.921
568.318	501.683
569.37	560.59
570.424	503.089
571.475	465.977
572.526	470.428
573.577	555.089
574.628	519.89
575.679	581.442
576.73	633.767
577.781	610.646
578.829	594.961
579.88	582.094
580.93	597.771
581.978	597.799
583.026	522.375
584.076	514.075
585.124	536.1
586.172	457.006
587.221	474.424
588.269	507.427
589.316	484.355
590.363	517.241
591.41	528.057
592.457	549.898
593.502	524.175
594.549	525.205
595.595	589.688
596.64	548.863
597.686	538.318
598.73	502.868
599.776	544.431
600.82	467.292
601.864	555.501
602.908	529.809
603.953	498.747
604.997	545.983
606.04	530.846
607.083	570.972
608.125	529.974
609.168	570.85
610.211	581.167
611.253	556.35
612.294	563.795
613.336	612.78
614.377	756.824
615.419	758.866
616.459	891.861
617.499	946.347
618.539	983.202
619.579	1013.55
620.619	919.421
621.658	829.988
622.698	750.767
623.737	779.472
624.776	829.433
625.815	919.114
626.852	1032.88
627.891	1105.26
628.928	1179.56
629.966	1245.53
631.003	1331.67
632.041	1320.56
633.077	1370.1
634.114	1217.36
635.15	1150.54
636.185	1117.12
637.221	1035.97
638.257	931.021
639.292	922.946
640.328	817.023
641.361	801.333
642.396	698.789
643.431	676.359
644.464	641.917
645.497	590.06
646.532	476.731
647.564	492.324
648.597	516.285
649.629	533.856
650.663	508.196
651.695	478.798
652.727	462.2
653.757	425.337
654.789	382.054
655.821	417.759
656.852	398.43
657.882	372.749
658.913	406.74
659.942	361.865
660.973	308.723
662.002	308.745
663.031	344.495
664.06	349.11
665.09	362.993
666.119	385.275
667.147	353.544
668.175	340.176
669.201	375.494
670.229	302.168
671.257	311.53
672.285	358.566
673.311	261.983
674.338	311.812
675.363	299.105
676.389	327.906
677.416	326.322
678.441	289.641
679.466	331.299
680.491	327.681
681.515	333.246
682.54	265.946
683.565	307.525
684.589	316.883
685.613	344.762
686.635	305.307
687.659	324.025
688.681	332.588
689.705	311.547
690.727	352.452
691.75	393.366
692.772	398.181
693.793	396.491
694.814	466.073
695.835	426.342
696.856	458.797
697.877	399.552
698.898	449.541
699.918	405.12
700.937	509.709
701.957	403.339
702.978	478.328
703.996	421.934
705.016	445.083
706.034	414.567
707.052	432.13
708.069	406.241
709.087	404.404
710.107	358.234
711.124	382.323
712.139	404.585
713.156	297.486
714.173	348.398
715.19	345.681
716.205	327.212
717.222	326.246
718.238	314.163
719.253	326.055
720.267	348.072
721.283	344.288
722.297	334.089
723.311	302.752
724.325	340.473
725.339	326.681
726.353	366.28
727.366	320.364
728.38	399.578
729.391	438.317
730.404	434.694
731.417	472.384
732.428	476.867
733.441	450.048
734.452	492.12
735.463	459.853
736.475	516.691
737.486	476.361
738.496	489.324
739.506	445.433
740.516	540.115
741.526	555.838
742.534	490.728
743.544	525.617
744.554	523.772
745.561	571.473
746.571	542.136
747.578	516.509
748.587	562.461
749.594	466.264
750.601	537.047
751.608	519.796
752.615	519.099
753.621	457.843
754.628	537.132
755.634	454.777
756.641	469.854
757.647	513.516
758.651	444.878
759.657	542.073
760.663	437.36
761.666	541.102
762.67	503.597
763.676	465.068
764.679	487.448
765.682	506.997
766.686	557.005
767.689	522.887
768.692	526.726
769.694	474.266
770.697	492.219
771.698	489.013
772.7	459.895
773.703	443.681
774.703	461.694
775.703	439.623
776.705	451.785
777.705	460.149
778.705	487.088
779.705	453.725
780.705	472.462
781.704	486.634
782.704	503.629
783.703	471.323
784.702	484.518
785.701	524.641
786.698	507.071
787.697	582.547
788.694	567.835
789.693	629.476
790.689	559.893
791.686	572.179
792.682	630.028
793.68	643.112
794.676	658.029
795.672	681.361
796.666	669.403
797.662	797.232
798.658	770.529
799.653	792.221
800.647	869.7
801.642	883.624
802.636	891.784
803.631	1000.38
804.624	965.541
805.617	925.174
806.61	993.628
807.602	902.177
808.595	974.211
809.587	939.38
810.58	924.061
811.572	916.23
812.564	860.324
813.554	883.294
814.546	886.862
815.536	883.96
816.528	845.862
817.518	883.638
818.507	865.891
819.499	963.767
820.488	995.957
821.477	1004.98
822.466	1033.3
823.455	1146.41
824.444	1283.27
825.431	1272.38
826.42	1446.86
827.408	1487.83
828.395	1656.14
829.383	1734.3
830.369	1849.2
831.356	2045.67
832.342	2224.98
833.33	2468.05
834.315	2656.56
835.301	2887.48
836.287	3209.82
837.27	3477.85
838.256	3682.3
839.241	3787.9
840.226	3829.14
841.209	3824.2
842.194	3753.82
843.177	3656.79
844.16	3438.61
845.145	3208.61
846.127	2905.14
847.11	2740.38
848.092	2592.98
849.074	2513.44
850.056	2448.41
851.039	2467.76
852.018	2426.18
853	2495.7
853.982	2577.13
854.962	2697.31
855.941	2758.05
856.923	2797.16
857.902	2781.5
858.881	2719.16
859.86	2504.96
860.839	2347.55
861.818	2148.34
862.797	1985.63
863.776	1888.95
864.754	1845.51
865.733	1739.4
866.709	1675.67
867.687	1624.93
868.664	1549.49
869.642	1531.24
870.618	1468.94
871.594	1460.11
872.569	1464.23
873.545	1367.04
874.521	1288.21
875.496	1294.99
876.471	1284.19
877.447	1222.58
878.42	1215.26
879.395	1259.46
880.37	1175.54
881.343	1173.68
882.315	1132.29
883.29	1114.04
884.262	1049.78
885.235	1043.58
886.207	1005.05
887.179	1023.59
888.151	984.904
889.123	993.206
890.095	965.585
891.065	1045.85
892.037	1006.33
893.009	1078.36
893.978	1051.77
894.948	1041.79
895.919	1126.84
896.888	1113.33
897.857	1094.36
898.826	1178.74
899.795	1133.85
900.764	1230.01
901.732	1277.97
902.701	1364.5
903.668	1380.78
904.636	1421.97
905.604	1517.66
906.57	1485.36
907.538	1492.93
908.504	1608.63
909.47	1646.19
910.436	1657.17
911.402	1615.58
912.367	1658.91
913.333	1641.14
914.298	1649.99
915.264	1589.34
916.229	1573.93
917.192	1539.14
918.157	1506.32
919.12	1490.29
920.084	1491.92
921.047	1387.94
922.01	1379.25
922.972	1272.17
923.935	1323.5
924.897	1247.77
925.859	1164.64
926.821	1178.04
927.783	1042.07
928.743	1081.5
929.705	989.963
930.667	1015.37
931.626	962.686
932.586	994.578
933.547	901.06
934.506	889.429
935.466	811.807
936.425	822.599
937.384	863.197
938.343	791.905
939.301	769.91
940.26	801.043
941.217	837.813
942.175	848.53
943.132	835.978
944.09	871.148
945.046	806.288
946.002	844.284
946.96	877.587
947.916	834.965
948.872	777.255
949.828	749.468
950.783	821.044
951.737	804.401
952.692	758.58
953.647	798.058
954.601	770.882
955.556	792.521
956.509	751.405
957.464	819.284
958.417	831.944
959.369	806.132
960.322	815.926
961.275	813.308
962.227	839.612
963.179	856.355
964.132	835.493
965.082	860.772
966.034	856.185
966.984	838.624
967.936	845.572
968.885	876.926
969.837	873.363
970.787	892.172
971.736	860.061
972.686	911.503
973.635	889.665
974.584	911.102
975.533	940.136
976.48	1005.85
977.429	1021.87
978.378	1031.32
979.325	1043.59
980.273	1065.23
981.22	1088.71
982.166	1129.96
983.113	1179.52
984.061	1189.5
985.007	1276.18
985.953	1262.42
986.897	1314.23
987.843	1372.65
988.789	1400.35
989.734	1364.64
990.678	1483.37
991.623	1494.52
992.567	1574.74
993.51	1860.36
994.453	2092.31
995.398	2518.12
996.341	3099.34
997.284	3678.2
998.227	4257.67
999.168	4575.93
1000.11	4629.57
1001.05	4152.41
1001.99	3534.15
1002.94	2761.77
1003.88	2166.71
1004.82	1689.21
1005.76	1460.45
1006.7	1223.27
1007.64	1152.77
1008.58	1053.21
1009.52	988.902
1010.46	980.37
1011.4	1006.25
1012.34	912.987
1013.27	972.655
1014.21	936.638
1015.15	947.407
1016.09	1000.27
1017.03	1036.4
1017.96	1022.01
1018.9	1010.24
1019.84	1096.39
1020.77	1119.89
1021.71	1221
1022.65	1271.86
1023.58	1351.05
1024.52	1566.25
1025.45	1607.83
1026.39	1809.68
1027.32	1923.46
1028.26	2050.15
1029.19	2119.35
1030.12	2072.97
1031.06	2031.32
1031.99	1954.23
1032.92	1858.61
1033.86	1680.41
1034.79	1592.4
1035.72	1496.66
1036.65	1393.08
1037.59	1421.23
1038.52	1296.42
1039.45	1310.19
1040.38	1289.98
1041.31	1210.24
1042.24	1284.43
1043.17	1220.6
1044.1	1273.92
1045.03	1190.14
1045.96	1246.41
1046.89	1251.8
1047.82	1268.79
1048.75	1252.83
1049.68	1280.57
1050.61	1306.41
1051.53	1358.7
1052.46	1332.79
1053.39	1418.76
1054.32	1371.39
1055.24	1480.85
1056.17	1591.33
1057.1	1578.36
1058.02	1714.94
1058.95	1765.12
1059.88	1746.77
1060.8	1768.35
1061.73	1809.9
1062.65	1686.62
1063.58	1693
1064.5	1591.68
1065.43	1612.34
1066.35	1631.78
1067.27	1603.05
1068.2	1572.87
1069.12	1603.36
1070.04	1596.58
1070.97	1581.46
1071.89	1666.71
1072.81	1533.61
1073.73	1523.58
1074.65	1501.28
1075.58	1454.07
1076.5	1428.49
1077.42	1402.65
1078.34	1354.73
1079.26	1380.04
1080.18	1307.36
1081.1	1261.39
1082.02	1258.24
1082.94	1213.26
1083.86	1187.29
1084.78	1203.11
1085.7	1168.62
1086.61	1167.45
1087.53	1126.5
1088.45	1056.21
1089.37	1049.49
1090.28	1059.78
1091.2	1111.68
1092.12	1045.96
1093.03	1104.36
1093.95	1082.28
1094.87	1107.65
1095.78	1105.68
1096.7	1153.01
1097.61	1168.22
1098.53	1182.45
1099.44	1251.52
1100.36	1237.23
1101.27	1300.44
1102.19	1246.28
1103.1	1222.37
1104.01	1251.4
1104.93	1265.36
1105.84	1332.36
1106.75	1359.88
1107.67	1349.82
1108.58	1417.43
1109.49	1399.06
1110.4	1526.17
1111.31	1473.35
1112.22	1504.47
1113.14	1578.01
1114.05	1594.79
1114.96	1635.34
1115.87	1711.04
1116.78	1887.09
1117.69	1811.68
1118.6	1950.71
1119.51	2010.98
1120.42	2106.88
1121.32	2160.16
1122.23	2163.62
1123.14	2212.04
1124.05	2147.81
1124.96	2148.47
1125.86	2086.11
1126.77	1944.99
1127.68	1916.12
1128.58	1853.43
1129.49	1773.01
1130.4	1716.77
1131.3	1685.91
1132.21	1681.62
1133.11	1706.95
1134.02	1729.83
1134.92	1765.46
1135.83	1811.85
1136.73	1817.62
1137.64	1845.16
1138.54	1907.68
1139.44	1910.2
1140.35	1822.35
1141.25	1805.75
1142.15	1779.76
1143.06	1686.38
1143.96	1721.44
1144.86	1665.15
1145.76	1620.12
1146.66	1598.69
1147.57	1528.5
1148.47	1469.61
1149.37	1437.33
1150.27	1436.51
1151.17	1386.19
1152.07	1389.26
1152.97	1365.66
1153.87	1306.76
1154.77	1229.67
1155.67	1205.85
1156.57	1132.42
1157.46	1055.19
1158.36	987.568
1159.26	947.68
1160.16	899.317
1161.05	903.414
1161.95	870.303
1162.85	835.155
1163.75	782.677
1164.64	777.71
1165.54	774.55
1166.44	750.447
1167.33	723.594
1168.23	707.342
1169.12	705.471
1170.02	693.203
1170.91	695.209
1171.81	679.109
1172.7	668.662
1173.59	724.716
1174.49	700.837
1175.38	702.569
1176.27	795.413
1177.17	807.428
1178.06	778.626
1178.95	858.933
1179.84	831.224
1180.74	887.031
1181.63	842.486
1182.52	871.857
1183.41	841.481
1184.3	856.449
1185.19	874.122
1186.08	844.401
1186.97	833.601
1187.86	876.676
1188.75	881.018
1189.64	920.274
1190.53	923.639
1191.42	969.416
1192.31	952.075
1193.2	1004.54
1194.09	1044.89
1194.97	1002.55
1195.86	1045.02
1196.75	1033.78
1197.64	972.575
1198.52	997.904
1199.41	1013.8
1200.29	993.034
1201.18	930.956
1202.07	931.956
1202.95	902.838
1203.84	851.063
1204.72	861.252
1205.61	801.782
1206.49	790.259
1207.38	891.515
1208.26	756.286
1209.14	763.054
1210.03	737.112
1210.91	724.385
1211.79	709.743
1212.68	707.202
1213.56	696.964
1214.44	698.788
1215.32	743.742
1216.21	704.034
1217.09	710.45
1217.97	740.485
1218.85	723.752
1219.73	791.802
1220.61	709.635
1221.49	769.574
1222.37	817.368
1223.25	885.876
1224.13	936.357
1225.01	1024.41
1225.89	1106.65
1226.77	1253.96
1227.65	1313.61
1228.52	1315.91
1229.4	1343.97
1230.28	1303.32
1231.16	1334.65
1232.03	1274.25
1232.91	1326.43
1233.79	1266.69
1234.66	1237.06
1235.54	1244.24
1236.42	1243.69
1237.29	1173.76
1238.17	1116.14
1239.04	1100.32
1239.92	1037.07
1240.79	990.968
1241.67	982.908
1242.54	933.963
1243.41	883.083
1244.29	896.92
1245.16	847.917
1246.03	834.147
1246.91	874.718
1247.78	879.001
1248.65	828.762
1249.52	877.673
1250.4	859.653
1251.27	895.06
1252.14	864.606
1253.01	896.286
1253.88	895.574
1254.75	911.139
1255.62	918.087
1256.49	880.039
1257.36	955.606
1258.23	952.688
1259.1	993.625
1259.97	1014.43
1260.84	955.99
1261.71	994.974
1262.57	981.521
1263.44	1028.26
1264.31	1104.62
1265.18	1078.91
1266.05	1155.27
1266.91	1173.38
1267.78	1217.15
1268.65	1343.79
1269.51	1414.04
1270.38	1537.55
1271.24	1716.17
1272.11	1855.54
1272.97	1937.61
1273.84	2089.97
1274.7	2304.96
1275.57	2397.24
1276.43	2413.34
1277.3	2504.02
1278.16	2522.17
1279.02	2545.48
1279.89	2621.98
1280.75	2591.16
1281.61	2551.39
1282.48	2552.57
1283.34	2493.69
1284.2	2423.05
1285.06	2356.98
1285.92	2279.42
1286.78	2182.98
1287.65	2133.3
1288.51	1951.75
1289.37	1861.48
1290.23	1745.75
1291.09	1706.03
1291.95	1609.8
1292.81	1519.15
1293.67	1449.82
1294.52	1410.76
1295.38	1367.31
1296.24	1372.14
1297.1	1335.14
1297.96	1290.48
1298.81	1276.5
1299.67	1230.59
1300.53	1245.36
1301.39	1262.53
1302.24	1204.04
1303.1	1165.47
1303.95	1128.68
1304.81	1085.31
1305.67	1070.12
1306.52	1047.74
1307.38	1019.37
1308.23	993.327
1309.09	976.077
1309.94	944.861
1310.8	926.368
1311.65	880.648
1312.5	875.132
1313.35	881.163
1314.21	843.761
1315.06	871.371
1315.91	854.927
1316.77	802.961
1317.62	837.192
1318.47	848.573
1319.32	855.527
1320.17	834.018
1321.02	846.574
1321.87	854.758
1322.73	888.127
1323.57	884.365
1324.43	884.876
1325.28	880.051
1326.13	912.12
1326.97	921.431
1327.82	919.607
1328.67	947.914
1329.52	943.1
1330.37	963.188
1331.22	1003.26
1332.06	993.033
1332.91	1011.11
1333.76	995.021
1334.61	1019.2
1335.45	1032.15
1336.3	1000.83
1337.15	1041
1337.99	1046.63
1338.84	1061.11
1339.68	1055.32
1340.53	1060.5
1341.37	1072.2
1342.22	1079.06
1343.06	1055.95
1343.91	1077.22
1344.75	1101.9
1345.6	1100.31
1346.44	1124.37
1347.28	1109.29
1348.12	1084.98
1348.97	1091.22
1349.81	1076.21
1350.65	1122.58
1351.49	1128.2
1352.33	1137.32
1353.18	1143.48
1354.02	1143.94
1354.86	1156.19
1355.7	1178.54
1356.54	1195.62
1357.38	1178.11
1358.22	1197.05
1359.06	1242.41
1359.9	1233.37
1360.74	1231.52
1361.58	1284.57
1362.42	1269.68
1363.25	1240.58
1364.09	1215.9
1364.93	1209.41
1365.77	1217.63
1366.6	1208.84
1367.19	1185.61
1368.1	1235.13
1369.01	1236.36
1369.92	1208.95
1370.83	1175.51
1371.74	1185.28
1372.65	1191.98
1373.56	1178.95
1374.47	1163.9
1375.37	1151.79
1376.28	1093.39
1377.19	1115.55
1378.1	1099.29
1379	1055.51
1379.91	1056.9
1380.82	1060.23
1381.72	1029.2
1382.63	1028.49
1383.54	991.424
1384.44	1011
1385.35	1004.07
1386.25	989.326
1387.16	986.352
1388.06	990.28
1388.97	978.718
1389.87	1000.29
1390.78	1060.73
1391.68	1060.96
1392.59	1074.79
1393.49	1090.51
1394.39	1114.85
1395.3	1069.36
1396.2	1010.32
1397.1	939.753
1398	886.722
1398.91	836.764
1399.81	768.705
1400.71	747.015
1401.61	752.303
1402.52	746.01
1403.42	739.656
1404.32	729.409
1405.22	722.992
1406.12	741.522
1407.02	709.391
1407.92	692.726
1408.82	711.556
1409.72	676.931
1410.62	727.384
1411.52	663.167
1412.42	711.599
1413.32	710.302
1414.21	729.931
1415.11	701.841
1416.01	706.155
1416.91	701.904
1417.81	731.955
1418.71	731.639
1419.6	725.756
1420.5	739.987
1421.4	749.597
1422.29	745.966
1423.19	813.637
1424.09	782.31
1424.98	803.166
1425.88	842.937
1426.77	875.047
1427.67	931.874
1428.56	962.143
1429.46	1056.14
1430.35	1097.02
1431.25	1197.86
1432.14	1272.26
1433.04	1273.66
1433.93	1351.33
1434.82	1395.9
1435.72	1399.68
1436.61	1441.62
1437.5	1448.36
1438.39	1500.91
1439.29	1547.75
1440.18	1592.61
1441.07	1655.51
1441.96	1724.06
1442.85	1811.75
1443.75	1876.68
1444.64	1944.85
1445.53	2021.13
1446.42	2051.7
1447.31	2087.04
1448.2	2107.68
1449.09	2130.8
1449.98	2118.97
1450.87	2113.74
1451.76	2047.11
1452.65	2029.91
1453.54	2047.88
1454.43	2004.63
1455.31	1950.78
1456.2	1944.82
1457.09	1871.6
1457.98	1794.78
1458.87	1763.93
1459.75	1735.91
1460.64	1741.1
1461.53	1726.52
1462.41	1702.74
1463.3	1691.72
1464.19	1751.31
1465.07	1866.78
1465.96	1900.22
1466.85	1957.46
1467.73	1959.22
1468.61	1937.8
1469.5	1919.53
1470.38	1823.85
1471.27	1799.11
1472.15	1765.57
1473.04	1829.94
1473.92	1915.47
1474.8	1848.35
1475.69	1908.42
1476.57	1934.68
1477.45	1915.61
1478.34	1907.57
1479.22	1871.52
1480.1	1835.29
1480.98	1752.86
1481.86	1747.58
1482.75	1745.53
1483.63	1746.93
1484.51	1666.76
1485.39	1586
1486.27	1449.6
1487.15	1252.66
1488.03	1049.21
1488.91	960.017
1489.79	825.198
1490.67	714.465
1491.55	683.963
1492.43	628.35
1493.31	553.554
1494.19	527.145
1495.07	511.418
1495.94	497.648
1496.82	442.475
1497.7	457.549
1498.58	407.196
1499.45	386.669
1500.33	381.519
1501.21	414.725
1502.09	330.109
1502.96	350.904
1503.84	339.171
1504.72	337.012
1505.59	336.753
1506.47	335.523
1507.34	331.421
1508.22	315.898
1509.09	287.101
1509.97	302.11
1510.84	289.586
1511.72	286.597
1512.59	291.207
1513.46	292.94
1514.34	299.363
1515.21	265.009
1516.08	237.311
1516.96	273.915
1517.83	251.922
1518.7	262.052
1519.57	301.399
1520.45	239.038
1521.32	266.181
1522.19	260.421
1523.06	267.867
1523.93	222.707
1524.8	248.986
1525.67	224.507
1526.54	202.833
1527.41	214.001
1528.28	257.97
1529.16	223.152
1530.02	235.243
1530.89	237.995
1531.76	210.82
1532.63	198.661
1533.5	258.627
1534.37	212.761
1535.24	211.834
1536.11	238.047
1536.97	210.879
1537.84	256.742
1538.71	206.208
1539.57	211.875
1540.44	204.472
1541.31	194.285
1542.18	186.913
1543.04	217.98
1543.91	193.693
1544.77	161.851
1545.64	208.791
1546.5	228.5
1547.37	202.248
1548.24	191.99
1549.1	200.57
1549.96	176.346
1550.83	180.347
1551.69	182.493
1552.56	189.336
1553.42	158.391
1554.28	169.844
1555.15	161.435
1556.01	182.312
1556.87	187.17
1557.73	165.596
1558.6	206.556
1559.46	178.395
1560.32	178.639
1561.18	152.224
1562.04	186.59
1562.9	169.573
1563.77	183.944
1564.63	181.207
1565.49	190.898
1566.35	181.575
1567.21	204.738
1568.07	215.543
1568.93	194.779
1569.79	197.902
1570.64	227.854
1571.5	218.466
1572.36	218.647
1573.22	199.602
1574.08	245.95
1574.94	230.785
1575.8	226.216
1576.65	255.408
1577.51	281.754
1578.37	301.362
1579.22	350.943
1580.08	366.698
1580.94	413.446
1581.79	474.81
1582.65	458.729
1583.51	444.608
1584.36	403.285
1585.22	376.466
1586.07	328.164
1586.93	292.414
1587.78	290.692
1588.63	291.866
1589.49	286.179
1590.34	322.413
1591.2	306.875
1592.05	326.42
1592.9	339.088
1593.76	388.827
1594.61	388.83
1595.46	456.255
1596.32	501.374
1597.17	602.33
1598.02	683.917
1598.87	746.02
1599.72	811.995
1600.58	906.231
1601.43	920.966
1602.28	865.983
1603.13	852.937
1603.98	808.516
1604.83	726.012
1605.68	624.114
1606.53	547.778
1607.38	469.602
1608.23	417.839
1609.08	380.711
1609.93	382.58
1610.77	324.839
1611.62	321.719
1612.47	300.076
1613.32	318.421
1614.17	286.181
1615.01	284.188
1615.86	257.896
1616.71	261.772
1617.55	239.346
1618.4	218.833
1619.25	222.592
1620.09	272.924
1620.94	241.666
1621.79	227.923
1622.63	192.912
1623.48	224.794
1624.32	230.542
1625.17	275.026
1626.01	245.962
1626.86	248.839
1627.7	258.483
1628.54	218.793
1629.39	243.886
1630.23	264.108
1631.07	272.691
1631.92	248.412
1632.76	277.213
1633.6	266.444
1634.45	295.214
1635.29	297.975
1636.13	301.72
1636.97	284.301
1637.81	293.836
1638.66	296.629
1639.5	301.351
1640.34	303.21
1641.18	341.625
1642.02	341.639
1642.86	310.932
1643.7	320.603
1644.54	310.083
1645.38	333.19
1646.22	327.436
1647.06	338.977
1647.89	363.981
1648.73	324.623
1649.57	331.459
1650.41	355.686
1651.25	302.032
1652.09	333.099
1652.92	315.994
1653.76	341.237
1654.6	360.629
1655.43	327.881
1656.27	293.197
1657.11	297.149
1657.94	351.39
1658.78	345.906
1659.62	345.305
1660.45	314.688
1661.29	306.233
1662.12	300.591
1662.96	293.91
1663.79	328.896
1664.62	310.597
1665.46	290.415
1666.29	310.102
1667.13	286.144
1667.96	302.065
1668.79	288.79
1669.63	288.14
1670.46	279.646
1671.29	262.311
1672.12	251.762
1672.96	250.954
1673.79	248.172
1674.62	249.301
1675.45	230.858
1676.28	249.666
1677.11	200.85
1677.95	238.374
1678.78	224.865
1679.61	201.474
1680.44	236.078
1681.27	192.883
1682.1	214.629
1682.93	218.646
1683.75	236.479
1684.58	215.909
1685.41	255.518
1686.24	225.114
1687.07	207.514
1687.9	225.464
1688.73	228.592
1689.55	232.7
1690.38	238.78
1691.21	207.211
1692.04	202.336
1692.86	212.281
1693.69	229.13
1694.52	232.1
1695.34	226.178
1696.17	209.404
1696.99	261.053
1697.82	241.405
1698.64	275.335
1699.47	275.531
1700.29	253.826
1701.12	259.867
1701.94	240.019
1702.77	273.777
1703.59	258.831
1704.41	284.595
1705.24	290.499
1706.06	300.387
1706.88	313.266
1707.71	356.917
1708.53	329.134
1709.35	352.939
1710.17	407.474
1711	385.588
1711.82	399.367
1712.64	399.226
1713.46	449.595
1714.28	468.255
1715.1	470.125
1715.92	504.712
1716.74	523.485
1717.56	526.38
1718.38	580.605
1719.2	577.278
1720.02	592.59
1720.84	593.022
1721.66	639.866
1722.48	663.184
1723.3	722.179
1724.11	737.991
1724.93	742.011
1725.75	733.072
1726.57	800.704
1727.39	790.263
1728.2	806.238
1729.02	826.112
1729.84	845.098
1730.65	846.569
1731.47	821.688
1732.29	849.756
1733.1	847.357
1733.92	842.892
1734.73	836.399
1735.55	822.094
1736.36	798.105
1737.18	765.434
1737.99	775.752
1738.81	714.873
1739.62	677.388
1740.43	686.619
1741.25	660.799
1742.06	601.033
1742.87	588.996
1743.69	554.698
1744.5	525.316
1745.31	513.425
1746.13	459.872
1746.94	436.417
1747.75	388.806
1748.56	340.299
1749.37	334.429
1750.18	305.351
1750.99	342.061
1751.81	304.271
1752.61	268.429
1753.42	264.513
1754.24	220.031
1755.04	214.235
1755.85	225.841
1756.66	227.771
1757.47	199.719
1758.28	193.858
1759.09	165.784
1759.9	213.931
1760.71	188.789
1761.52	198.399
1762.32	180.098
1763.13	146.401
1763.94	140.655
1764.74	152.252
1765.55	141.67
1766.36	148.439
1767.17	144.618
1767.97	174.568
1768.78	131.252
1769.58	122.655
1770.39	119.841
1771.19	154.684
1772	110.31
1772.8	128.721
1773.61	140.374
1774.41	128.836
1775.22	109.559
1776.02	111.558
1776.83	122.269
1777.63	104.91
1778.43	115.63
1779.23	138.969
1780.04	113.872
1780.84	93.6089
1781.64	145.189
1782.44	118.129
1783.25	115.34
1784.05	116.431
1784.85	110.695
1785.65	111.771
1786.45	109.922
1787.25	128.571
1788.05	116.967
1788.86	108.28
1789.65	108.381
1790.46	96.7318
1791.25	102.692
1792.05	102.775
1792.85	113.645
1793.65	94.1227
1794.45	119.746
1795.25	91.3846
1796.05	95.4399
1796.85	108.372
1797.64	109.502
1798.44	117.53
1799.24	111.732
1800.04	124.682
1800.83	119.838
1801.63	142.676
1802.43	134.856
1803.22	110.195
1804.02	96.4066
1804.82	99.4487
1805.61	117.36
1806.41	123.378
1807.2	103.604
1808	120.54
1808.79	103.739
1809.59	116.732
1810.38	121.792
1811.18	123.87
1811.97	113.002
1812.76	95.1382
1813.56	118.045
1814.35	117.053
1815.14	120.036
1815.94	109.109
1816.73	108.152
1817.52	103.238
1818.31	95.3447
1819.1	102.38
1819.9	97.4467
1820.69	76.5504
1821.48	113.412
1822.27	107.43
1823.06	127.339
1823.85	112.409
1824.64	101.469
1825.43	113.419
1826.22	96.5003
1827.01	106.44
1827.8	109.412
1828.59	110.401
1829.38	101.461
1830.17	92.5303
1830.96	101.491
1831.74	109.444
1832.53	117.374
1833.32	91.5178
1834.11	93.4637
1834.89	86.476
1835.68	109.228
1836.47	102.241
1837.26	127.93
1838.04	72.4751
1838.83	88.2654
1839.61	111.934
1840.4	115.814
1841.19	114.744
1841.97	78.1903
1842.76	96.8381
1843.54	99.7231
1844.33	138.993
1845.11	96.6923
1845.89	92.7484
1846.68	95.687
1847.46	83.8975
1848.25	76.0356
1849.03	84.8508
1849.81	89.7375
1850.6	107.367
1851.38	116.174
1852.16	90.6946
1852.94	108.315
1853.72	118.082
1854.51	121.955
1855.29	110.166
1856.07	114.996
1856.85	128.604
1857.63	101.206
1858.41	88.4752
1859.19	105.977
1859.97	94.2458
1860.75	87.4069
1861.53	138.984
1862.31	102.976
1863.09	119.53
1863.87	82.5689
1864.65	67.9822
1865.43	90.3418
1866.21	75.7316
1866.99	99.9743
1867.76	91.1796
1868.54	92.0995
1869.32	89.1559
1870.1	91.0787
1870.87	116.268
1871.65	94.9781
1872.43	102.754
1873.2	110.527
1873.98	107.637
1874.76	123.141
1875.53	121.209
1876.31	96.0485
1877.08	82.5222
1877.86	101.938
1878.63	113.621
1879.41	96.2316
1880.18	126.327
1880.96	87.581
1881.73	98.2712
1882.5	95.3889
1883.28	68.2709
1884.05	98.3768
1884.82	94.5486
1885.6	73.251
1886.37	109.214
1887.14	94.6962
1887.91	93.7643
1888.68	93.8034
1889.46	103.564
1890.23	113.343
1891	92.0351
1891.77	99.9125
1892.54	117.563
1893.31	94.3185
1894.08	91.5276
1894.85	83.8386
1895.62	106.436
1896.39	103.589
1897.16	88.9585
1897.93	121.288
1898.7	94.8754
1899.47	117.421
1900.24	101.816
1901.01	115.627
1901.77	110.855
1902.54	84.4888
1903.31	100.321
1904.08	93.5455
1904.84	97.5715
1905.61	100.607
1906.38	83.9337
1907.14	91.8855
1907.91	94.9164
1908.68	94.9958
1909.44	131.616
1910.21	88.2601
1910.97	99.234
1911.74	88.4573
1912.51	119.266
1913.27	115.425
1914.03	107.602
1914.8	106.709
1915.56	102.824
1916.33	105.882
1917.09	106.944
1917.85	89.1015
1918.62	117.006
1919.38	58.3465
1920.14	73.3162
1920.9	94.2766
1921.67	95.3447
1922.43	112.382
1923.19	89.5559
1923.95	111.638
1924.71	128.761
1925.47	90.8773
1926.24	126.993
1927	75.9949
1927.76	102.069
1928.52	103.093
1929.28	101.102
1930.04	84.0885
1930.8	115.134
1931.56	83.109
1932.32	103.147
1933.08	107.18
1933.83	102.22
1934.59	101.276
1935.35	100.337
1936.11	120.438
1936.87	85.3903
1937.62	89.4094
1938.38	95.4093
1939.14	91.3783
1939.89	100.367
1940.65	105.36
1941.41	98.3607
1942.16	81.3666
1942.92	91.3827
1943.68	90.3782
1944.43	116.343
1945.19	130.264
1945.94	130.172
1946.7	102.154
1947.45	91.1278
1948.21	113.982
1948.96	121.892
1949.71	136.767
1950.47	102.925
1951.22	89.9849
1951.98	85.0038
1952.73	106.834
1953.48	81.9893
1954.23	103.775
1954.99	137.399
1955.74	79.8558
1956.49	121.315
1957.24	129.103
1957.99	116.172
1958.75	102.302
1959.5	86.4995
1960.25	119.001
1961	94.346
1961.75	104.154
1962.5	109.013
1963.25	120.73
1964	113.766
1964.75	125.459
1965.5	89.1064
1966.25	127.249
1967	101.707
1967.74	155.373
1968.49	110.286
1969.24	115.025
1969.99	115.861
1970.74	99.2097
1971.48	103.023
1972.23	126.279
1972.98	95.1877
1973.73	96.1473
1974.47	111.644
1975.22	106.748
1975.96	128.951
1976.71	127.874
1977.46	92.9651
1978.2	110.271
1978.95	112.132
1979.69	137.161
1980.44	111.114
1981.18	126.541
1981.93	112.094
1982.67	118.836
1983.41	104.359
1984.16	135.104
1984.9	106.153
1985.64	107.021
1986.39	102.13
1987.13	127.937
1987.87	101.037
1988.61	93.3408
1989.36	119.163
1990.1	97.1407
1990.84	109.567
1991.58	126.768
1992.32	116.239
1993.06	91.3875
1993.81	100.958
1994.55	99.0786
1995.29	118.25
1996.03	136.499
1996.77	127.986
1997.51	126.169
1998.24	102.308
1998.98	123.46
1999.72	119.686
2000.46	86.1738
2001.2	114.029
2001.94	124.632
2002.68	106.461
2003.41	94.0458
2004.15	117.164
2004.89	115.32
2005.63	116.355
2006.36	100.074
2007.1	97.2438
2007.84	102.11
2008.57	123.35
2009.31	102.243
2010.05	76.3097
2010.78	109.183
2011.52	113.161
2012.25	118.113
2012.99	116.297
2013.72	98.0162
2014.46	105.837
2015.19	105.91
2015.92	117.608
2016.66	96.3682
2017.39	132.355
2018.13	109.195
2018.86	123.916
2019.59	99.7555
2020.32	101.844
2021.06	102.956
2021.79	114.994
2022.52	103.729
2023.25	91.767
2023.98	105.525
2024.72	92.9205
2025.45	79.577
2026.18	131.109
2026.91	99.0312
2027.64	118.209
2028.37	113.95
2029.1	126.142
2029.83	128.672
2030.56	127.714
2031.29	137.768
2032.02	124.825
2032.75	90.295
2033.47	115.586
2034.2	100.763
2034.93	109.572
2035.66	78.8844
2036.39	104.964
2037.11	122.655
2037.84	108.188
2038.57	116.504
2039.3	105.414
2040.02	132.56
2040.75	101.941
2041.47	135.521
2042.2	119.739
2042.93	113.943
2043.65	122.992
2044.38	109.784
2045.1	108.96
2045.83	106.515
2046.55	97.0541
2047.28	126.714
2048	96.2653
2048.73	105.13
2049.45	108.145
2050.17	109.883
2050.9	115.584
2051.62	116.321
2052.34	113.65
2053.07	118.593
2053.79	107.002
2054.51	122.291
2055.23	113.46
2055.95	109.177
2056.68	106.98
2057.4	105.459
2058.12	129.737
2058.84	134.275
2059.56	113.527
2060.28	108.449
2061	103.408
2061.72	106.765
2062.44	103.05
2063.16	113.783
2063.88	116.796
2064.6	117.72
2065.32	114.132
2066.03	122.009
2066.75	126.705
2067.47	114.769
2068.19	121.085
2068.91	124.056
2069.62	111.347
2070.34	124.157
2071.06	120.763
2071.77	127.154
2072.49	128.573
2073.21	128.283
2073.92	113.528
2074.64	106.551
2075.36	115.535
2076.07	116.912
2076.79	122.61
2077.5	122.865
2078.22	117.241
2078.93	111.789
2079.64	103.797
2080.36	109.784
2081.07	113.984
2081.79	118.219
2082.5	128.761
2083.21	124.31
2083.93	126.087
2084.64	123.261
2085.35	115.744
2086.07	118.074
2086.78	95.9517
2087.49	129.624
2088.2	116.636
2088.91	112.751
2089.62	115.319
2090.33	131.094
2091.04	134.927
2091.76	117.445
2092.47	107.586
2093.18	111.373
2093.89	130.991
2094.6	107.854
2095.3	146.222
2096.01	136.704
2096.72	125.998
2097.43	117.516
2098.14	108.599
2098.85	118.849
2099.56	126.577
2100.09	107.126
2100.87	138.721
2101.65	120.888
2102.43	122.828
2103.21	113.895
2103.99	119.76
2104.77	148.281
2105.55	115.614
2106.32	113.519
2107.1	108.479
2107.88	119.192
2108.66	106.355
2109.44	118.105
2110.22	134.78
2110.99	120.037
2111.77	142.549
2112.55	133.61
2113.33	123.667
2114.1	124.5
2114.88	117.536
2115.66	140.895
2116.43	126.213
2117.21	129.138
2117.99	154.523
2118.76	120.345
2119.54	107.626
2120.31	161.237
2121.09	134.834
2121.86	125.026
2122.64	134.718
2123.41	134.673
2124.19	126.848
2124.96	152.141
2125.74	103.46
2126.51	117.111
2127.28	138.578
2128.06	136.678
2128.83	130.87
2129.61	135.768
2130.38	130.901
2131.15	138.704
2131.92	127.008
2132.7	131.9
2133.47	117.293
2134.24	123.174
2135.01	124.176
2135.78	124.198
2136.55	103.716
2137.33	127.18
2138.1	119.405
2138.87	129.232
2139.64	140.064
2140.41	121.567
2141.18	124.605
2141.95	131.58
2142.72	151.328
2143.49	124.934
2144.26	134.851
2145.03	165.417
2145.8	115.311
2146.57	140.975
2147.33	128.263
2148.1	133.306
2148.87	136.398
2149.64	125.66
2150.41	80.2668
2151.17	114.967
2151.94	128.902
2152.71	124.025
2153.48	115.188
2154.24	124.222
2155.01	108.445
2155.78	100.598
2156.54	87.7535
2157.31	123.725
2158.08	131.816
2158.84	108.95
2159.61	127.009
2160.37	109.078
2161.14	102.123
2161.9	130.187
2162.67	136.264
2163.43	116.322
2164.2	122.452
2164.96	114.555
2165.72	128.764
2166.49	121.851
2167.25	129
2168.01	105.885
2168.78	120.035
2169.54	137.214
2170.3	122.13
2171.07	129.265
2171.83	128.351
2172.59	130.486
2173.35	131.611
2174.11	95.2405
2174.88	113.53
2175.64	130.791
2176.4	124.717
2177.16	118.707
2177.92	110.679
2178.68	130.055
2179.44	133.232
2180.2	115.101
2180.96	139.631
2181.72	120.459
2182.48	147.031
2183.24	134.936
2184	136.049
2184.76	171.759
2185.52	143.33
2186.28	131.186
2187.04	144.495
2187.79	137.449
2188.55	146.698
2189.31	145.767
2190.07	161.132
2190.83	144.919
2191.58	195.942
2192.34	150.174
2193.1	130.885
2193.85	151.314
2194.61	144.211
2195.37	157.447
2196.12	165.559
2196.88	161.449
2197.63	165.481
2198.39	149.221
2199.15	158.384
2199.9	159.448
2200.66	155.445
2201.41	147.37
2202.16	166.666
2202.92	154.479
2203.67	141.275
2204.43	141.255
2205.18	152.392
2205.93	152.422
2206.69	137.303
2207.44	150.538
2208.19	140.494
2208.95	128.408
2209.7	146.656
2210.45	154.757
2211.2	120.38
2211.95	146.657
2212.71	135.544
2213.46	125.454
2214.21	136.558
2214.96	135.544
2215.71	157.696
2216.46	143.555
2217.21	171.678
2217.96	145.46
2218.71	151.418
2219.46	137.306
2220.21	164.331
2220.96	163.294
2221.71	145.263
2222.46	139.273
2223.21	152.297
2223.96	134.294
2224.71	149.271
2225.46	159.216
2226.21	190.093
2226.95	163.1
2227.7	166.055
2228.45	171.016
2229.2	168.019
2229.94	191.893
2230.69	215.747
2231.44	224.666
2232.18	217.677
2232.93	222.606
2233.68	244.389
2234.42	257.196
2235.17	271.949
2235.92	255.971
2236.66	280.613
2237.41	264.697
2238.15	263.661
2238.9	277.477
2239.64	278.446
2240.38	259.655
2241.13	261.602
2241.87	199.381
2242.62	226.986
2243.36	190.467
2244.1	207.208
2244.85	190.438
2245.59	169.747
2246.33	199.282
2247.08	152.043
2247.82	200.256
2248.56	185.493
2249.3	152.057
2250.05	160.881
2250.79	190.305
2251.53	149.067
2252.27	173.586
2253.01	169.683
2253.75	148.163
2254.49	137.445
2255.23	165.945
2255.97	145.44
2256.71	171.002
2257.45	134.793
2258.19	164.242
2258.93	169.164
2259.67	139.791
2260.41	142.755
2261.15	161.4
2261.89	144.828
2262.63	157.659
2263.36	149.948
2264.1	165.764
2264.84	135.503
2265.58	144.44
2266.32	123.931
2267.05	135.777
2267.79	159.383
2268.53	128.043
2269.26	151.64
2270	182.11
2270.74	141.976
2271.48	165.623
2272.21	137.285
2272.95	164.913
2273.68	143.453
2274.42	133.771
2275.15	158.51
2275.89	154.723
2276.62	177.51
2277.36	168.773
2278.09	164.944
2278.83	153.215
2279.56	157.25
2280.29	186.919
2281.03	135.731
2281.76	165.411
2282.49	157.625
2283.23	158.735
2283.96	168.755
2284.69	163.984
2285.42	166.132
2286.16	159.366
2286.89	178.302
2287.62	120.987
2288.35	149.785
2289.08	141.95
2289.81	159.884
2290.55	146.147
2291.28	178.041
2292.01	141.52
2292.74	153.623
2293.47	156.795
2294.2	143.043
2294.93	169.079
2295.66	160.25
2296.39	153.381
2297.11	114.603
2297.85	140.596
2298.57	160.627
2299.3	159.753
2300.03	145.934
2300.76	150.085
2301.49	164.234
2302.22	146.396
2302.94	154.528
2303.67	142.64
2304.4	138.749
2305.12	185.934
2305.85	178.077
2306.58	154.183
2307.31	167.374
2308.03	165.514
2308.76	161.626
2309.48	167.763
2310.21	179.925
2310.93	148.888
2311.66	138.952
2312.38	117.956
2313.11	167.379
2313.83	150.407
2314.56	172.683
2315.28	143.582
2316.01	142.668
2316.73	129.662
2317.45	161.012
2318.18	160.124
2318.9	139.067
2319.62	152.306
2320.35	149.392
2321.07	148.484
2321.79	157.67
2322.52	168.878
2323.24	146.749
2323.96	124.615
2324.68	129.77
2325.4	147.063
2326.12	126.927
2326.84	109.811
2327.56	122.03
2328.29	97.8221
2329.01	83.7336
2329.73	96.9792
2330.45	119.352
2331.17	94.1274
2331.89	121.576
2332.61	138.89
2333.32	119.707
2334.04	147.138
2334.76	166.458
2335.48	132.068
2336.2	145.323
2336.92	152.509
2337.64	145.508
2338.35	126.331
2339.07	130.471
2339.79	181.27
2340.51	147.871
2341.23	133.751
2341.94	119.64
2342.66	117.716
2343.37	125.956
2344.09	150.455
2344.81	141.406
2345.52	139.437
2346.24	152.68
2346.95	154.722
2347.67	157.778
2348.38	144.614
2349.1	150.771
2349.82	121.43
2350.53	132.714
2351.24	147.058
2351.96	135.987
2352.67	113.704
2353.39	125.962
2354.1	154.463
2354.81	131.125
2355.53	130.151
2356.24	141.373
2356.95	122.139
2357.66	136.431
2358.38	133.465
2359.09	136.603
2359.8	145.846
2360.51	155.105
2361.22	152.178
2361.94	143.155
2362.65	141.254
2363.36	145.46
2364.07	132.334
2364.78	141.606
2365.49	152.898
2366.2	169.266
2366.91	163.196
2367.62	162.223
2368.33	127.635
2369.04	134.835
2369.75	147.139
2370.46	145.18
2371.16	158.506
2371.87	171.83
2372.58	165.788
2373.29	155.67
2374	139.438
2374.71	111.99
2375.41	168.143
2376.12	146.807
2376.83	129.547
2377.53	158.18
2378.24	146.029
2378.95	168.567
2379.65	129.892
2380.36	151.409
2381.07	161.692
2381.77	157.674
2382.48	162.841
2383.18	149.65
2383.89	148.73
2384.59	168.26
2385.3	172.491
2386	193.075
2386.71	142.053
2387.41	104.28
2388.12	136.019
2388.82	163.64
2389.52	156.513
2390.23	151.455
2390.93	142.333
2391.63	185.328
2392.34	141.473
2393.04	162.994
2393.74	143.629
2394.44	194.745
2395.15	175.391
2395.85	165.257
2396.55	172.511
2397.25	182.843
2397.95	142.056
2398.65	171.768
2399.35	155.452
2400.05	145.252
2400.75	182.027
2401.45	152.43
2402.15	158.589
2402.85	211.709
2403.55	158.726
2404.25	170.05
2404.95	187.513
2405.65	179.451
2406.35	189.764
2407.05	181.68
2407.75	168.478
2408.44	151.188
2409.14	167.62
2409.84	194.283
2410.54	206.642
2411.24	165.835
2411.93	190.433
2412.63	226.246
2413.33	184.362
2414.02	147.602
2414.72	167.023
2415.42	172.144
2416.11	176.25
2416.81	179.342
2417.5	170.207
2418.2	200.866
2418.9	192.778
2419.59	174.493
2420.28	190.878
2420.98	174.6
2421.67	184.811
2422.37	170.537
2423.06	190.905
2423.75	168.514
2424.45	200.126
2425.14	189.019
2425.84	180.995
2426.53	170.938
2427.22	172.077
2427.91	188.484
2428.61	182.426
2429.3	163.083
2429.99	181.417
2430.68	157.967
2431.37	174.21
2432.07	172.133
2432.76	207.659
2433.45	186.319
2434.14	170.106
2434.83	136.67
2435.52	200.695
2436.21	160.162
2436.9	181.53
2437.59	159.225
2438.28	158.21
2438.97	160.223
2439.66	178.443
2440.35	180.46
2441.04	171.363
2441.72	163.299
2442.41	182.557
2443.1	182.584
2443.79	194.73
2444.48	196.751
2445.16	183.617
2445.85	157.375
2446.54	169.532
2447.23	187.759
2447.91	156.526
2448.6	163.652
2449.29	184.899
2449.97	186.954
2450.66	158.737
2451.34	177.943
2452.03	168.914
2452.72	196.203
2453.4	183.154
2454.09	198.329
2454.77	183.229
2455.46	201.362
2456.14	191.253
2456.82	195.24
2457.51	192.197
2458.19	183.155
2458.88	206.318
2459.56	206.39
2460.24	197.433
2460.92	216.638
2461.61	197.629
2462.29	227.896
2462.97	217.917
2463.66	182.769
2464.34	205.945
2465.02	189.874
2465.7	189.878
2466.38	219.008
2467.06	186.86
2467.75	195.909
2468.42	204.979
2469.11	198.016
2469.79	217.177
2470.47	215.278
2471.15	232.464
2471.83	227.553
2472.51	249.746
2473.19	224.699
2473.86	205.663
2474.54	203.696
2475.22	216.795
2475.9	204.801
2476.58	209.9
2477.26	202.971
2477.94	220.169
2478.61	192.157
2479.29	210.369
2479.97	227.57
2480.65	202.52
2481.32	214.668
2482	196.642
2482.68	196.725
2483.35	210.9
2484.03	199.924
2484.71	185.918
2485.38	220.196
2486.06	205.148
2486.73	172.992
2487.41	214.272
2488.08	201.249
2488.76	199.315
2489.43	206.461
2490.11	198.537
2490.78	223.839
2491.45	200.819
2492.13	219.078
2492.8	165.785
2493.48	160.841
2494.15	231.502
2494.82	199.351
2495.49	191.407
2496.17	209.717
2496.84	204.838
2497.51	194.907
2498.18	211.238
2498.86	214.407
2499.53	210.462
2500.2	219.639
2500.87	220.713
2501.54	232.931
2502.21	220.906
2502.88	204.865
2503.55	217.195
2504.22	231.574
2504.89	223.637
2505.56	214.643
2506.23	264.469
2506.9	214.835
2507.57	249.441
2508.24	231.291
2508.91	229.406
2509.58	220.418
2510.25	218.523
2510.91	226.771
2511.58	196.355
2512.25	231.013
2512.92	229.066
2513.59	214.93
2514.25	235.406
2514.92	221.298
2515.59	234.679
2516.25	230.739
2516.92	235.951
2517.59	232.994
2518.25	217.792
2518.92	235.201
2519.58	229.168
2520.25	255.772
2520.91	216.118
2521.58	236.654
2522.24	198.033
2522.91	245.173
2523.57	236.172
2524.24	240.449
2524.9	231.417
2525.56	226.455
2526.23	252.194
2526.89	225.705
2527.55	225.83
2528.22	254.639
2528.88	251.664
2529.54	238.414
2530.21	207.722
2530.87	219.051
2531.53	228.346
2532.19	247.93
2532.85	253.219
2533.51	227.767
2534.18	223.856
2534.84	245.609
2535.5	229.303
2536.16	239.658
2536.82	247.906
2537.48	242.764
2538.14	242.762
2538.8	264.352
2539.46	214.112
2540.12	236.819
2540.78	236.971
2541.44	234.056
2542.09	250.676
2542.75	246.711
2543.41	227.27
2544.07	251.007
2544.73	248.968
2545.39	247.917
2546.04	247.868
2546.7	274.524
2547.36	235.456
2548.02	259.068
2548.67	270.395
2549.33	268.416
2549.98	254.141
2550.64	285.04
2551.3	249.206
2551.95	259.573
2552.61	248.376
2553.26	255.667
2553.92	261.924
2554.57	276.379
2555.23	281.546
2555.88	292.826
2556.54	291.74
2557.19	274.226
2557.85	270.067
2558.5	283.364
2559.15	298.742
2559.81	322.352
2560.46	322.427
2561.11	310.215
2561.77	324.626
2562.42	290.852
2563.07	307.234
2563.72	290.806
2564.37	341.904
2565.03	324.435
2565.68	334.619
2566.33	315.214
2566.98	332.664
2567.63	310.282
2568.28	314.474
2568.93	318.63
2569.58	338.064
2570.23	318.609
2570.88	335.928
2571.53	341.007
2572.18	340.017
2572.83	322.736
2573.48	319.771
2574.13	335.179
2574.78	330.135
2575.43	352.625
2576.07	323.016
2576.72	330.151
2577.37	319.94
2578.02	319.941
2578.67	296.486
2579.31	327.064
2579.96	308.678
2580.61	338.162
2581.26	289.211
2581.9	320.718
2582.55	282.043
2583.19	282.088
2583.84	351.361
2584.49	299.592
2585.13	304.79
2585.78	290.609
2586.42	317.073
2587.07	329.21
2587.71	298.595
2588.36	331.987
2589	307.496
2589.65	307.416
2590.29	303.328
2590.93	292.19
2591.58	322.653
2592.22	282.186
2592.86	306.622
2593.51	306.748
2594.15	305.873
2594.79	306.019
2595.43	346.757
2596.07	311.354
2596.72	324.639
2597.36	304.383
2598	313.53
2598.64	306.416
2599.28	320.608
2599.92	295.262
2600.56	312.546
2601.2	327.834
2601.85	327.933
2602.49	307.745
2603.13	323.038
2603.76	297.732
2604.4	298.782
2605.04	317.063
2605.68	317.096
2606.32	320.18
2606.96	328.332
2607.6	341.537
2608.24	315.191
2608.88	349.619
2609.51	304.016
2610.15	328.313
2610.79	298.989
2611.43	321.347
2612.06	265.789
2612.7	306.457
2613.34	296.496
2613.97	307.809
2614.61	328.24
2615.25	325.332
2615.88	299.077
2616.52	292.089
2617.15	300.327
2617.79	297.411
2618.42	315.825
2619.06	323.078
2619.69	317.117
2620.33	314.185
2620.96	319.362
2621.6	314.358
2622.23	304.265
2622.86	312.473
2623.5	296.307
2624.13	297.44
2624.76	317.91
2625.4	303.807
2626.03	305.963
2626.66	307.082
2627.29	344.82
2627.93	321.498
2628.56	318.542
2629.19	309.498
2629.82	335.091
2630.45	350.526
2631.08	325.213
2631.71	338.6
2632.34	312.224
2632.98	329.669
2633.61	378.739
2634.24	331.976
2634.87	355.616
2635.5	381.335
2636.12	348.87
2636.75	338.846
2637.38	331.866
2638.01	340.201
2638.64	319.892
2639.27	386.499
2639.9	362.064
2640.53	337.604
2641.15	363.257
2641.78	366.396
2642.41	347.032
2643.04	378.846
2643.66	378.972
2644.29	349.44
2644.92	394.651
2645.54	357.943
2646.17	359.099
2646.8	371.495
2647.42	368.493
2648.05	374.694
2648.67	372.695
2649.3	377.879
2649.92	381.038
2650.55	385.255
2651.17	377.207
2651.8	393.788
2652.42	375.524
2653.05	403.418
2653.67	407.705
2654.29	386.295
2654.92	395.642
2655.54	399.824
2656.16	406.044
2656.79	421.51
2657.41	405.022
2658.03	405.879
2658.65	407.79
2659.27	389.682
2659.9	416.576
2660.52	406.489
2661.14	443.77
2661.76	427.969
2662.38	457.173
2663	413.579
2663.62	424.817
2664.24	405.474
2664.86	423.281
2665.48	443.16
2666.1	453.543
2666.72	404.261
2667.34	450.264
2667.96	437.701
2668.58	430.75
2669.2	450.975
2669.82	443.391
2670.44	441.946
2671.05	435.527
2671.67	453.93
2672.29	467.547
2672.91	460.352
2673.53	478.083
2674.14	461.97
2674.76	463.747
2675.38	466.727
2675.99	472.225
2676.61	495.808
2677.23	536.328
2677.84	543.065
2678.46	552.325
2679.07	573.235
2679.69	620.642
2680.3	633.53
2680.92	703.442
2681.53	726.688
2682.15	777.638
2682.76	783.702
2683.38	799.525
2683.99	830.865
2684.61	827.166
2685.22	794.016
2685.83	778.898
2686.44	752.649
2687.06	774.325
2687.67	749.843
2688.28	778.911
2688.9	776.607
2689.51	763.893
2690.12	797.883
2690.73	816.596
2691.34	808.476
2691.96	812.029
2692.57	822.099
2693.18	831.553
2693.79	816.082
2694.4	830.781
2695.01	861.541
2695.62	841.441
2696.23	841.46
2696.84	825.939
2697.45	847.473
2698.06	841.66
2698.67	824.55
2699.28	842.321
2699.88	834.191
2700.49	840.691
2701.1	827.895
2701.71	834.223
2702.32	865.702
2702.93	854.156
2703.53	819.716
2704.14	838.785
2704.75	850.497
2705.36	859.176
2705.96	870.324
2706.57	888.212
2707.17	877.586
2707.78	871.23
2708.39	897.756
2708.99	921.133
2709.6	920.456
2710.2	928.98
2710.81	917.733
2711.41	952.306
2712.02	953.476
2712.62	960.113
2713.23	973.503
2713.83	971.665
2714.44	976.879
2715.04	1006.69
2715.64	1011.14
2716.25	1025.25
2716.85	1025.41
2717.45	1032.43
2718.05	1032.27
2718.66	1040.35
2719.26	1061.53
2719.86	1066.17
2720.46	1052.77
2721.06	1076.06
2721.67	1078.9
2722.27	1104.84
2722.87	1077.71
2723.47	1103.54
2724.07	1115.31
2724.67	1120.11
2725.27	1134.33
2725.71	1142.03
2726.38	1145.91
2727.06	1163.85
2727.73	1207.09
2728.4	1144.51
2729.07	1166.39
2729.74	1178.26
2730.42	1172.07
2731.09	1232.16
2731.76	1209.16
2732.43	1204.58
2733.1	1216.31
2733.77	1211.72
2734.44	1207
2735.11	1250.96
2735.78	1260.14
2736.45	1269.14
2737.12	1302.43
2737.79	1317.3
2738.46	1294.51
2739.13	1307.39
2739.8	1248.23
2740.47	1269.59
2741.14	1295.26
2741.81	1313.01
2742.47	1263.75
2743.14	1264.35
2743.81	1260.82
2744.48	1265.33
2745.15	1273.81
2745.81	1244.54
2746.48	1248.9
2747.15	1216.62
2747.81	1205.77
2748.48	1247.92
2749.15	1205.3
2749.81	1247.17
2750.48	1216.45
2751.15	1216.24
2751.81	1225.26
2752.48	1207.96
2753.14	1163.41
2753.81	1140.51
2754.47	1118.75
2755.14	1071.34
2755.8	1086.03
2756.47	1090.26
2757.13	1028.88
2757.8	1059.43
2758.46	999.101
2759.13	996.15
2759.79	978.032
2760.45	997.833
2761.12	999.206
2761.78	1002.48
2762.44	977.95
2763.1	1019.79
2763.77	955.229
2764.43	978.74
2765.09	1009.6
2765.76	995.657
2766.42	992.095
2767.08	1021.38
2767.74	1016.84
2768.4	1034.76
2769.06	1070
2769.72	1080.52
2770.38	1133.03
2771.05	1131.14
2771.71	1151.88
2772.37	1155.26
2773.03	1177.24
2773.69	1244.52
2774.35	1304.64
2775.01	1365.73
2775.67	1399.93
2776.33	1457.64
2776.99	1527.6
2777.64	1584.21
2778.3	1659.45
2778.96	1736.87
2779.62	1742.34
2780.28	1838.29
2780.94	1857.94
2781.59	1868.21
2782.25	1855.82
2782.91	1828.15
2783.57	1884.09
2784.22	1832.24
2784.88	1824.8
2785.54	1815.26
2786.2	1763.18
2786.85	1793.06
2787.51	1786.42
2788.16	1793.93
2788.82	1739.68
2789.48	1783.55
2790.13	1792.88
2790.79	1824.29
2791.44	1854.95
2792.1	1862.92
2792.75	1868.52
2793.41	1909.74
2794.06	1910.37
2794.72	1961.21
2795.37	1942.94
2796.02	1967.99
2796.68	2036.43
2797.33	2059.79
2797.98	2065.87
2798.64	2050.55
2799.29	2096.06
2799.94	2139.6
2800.6	2163.65
2801.25	2137.29
2801.9	2248.87
2802.55	2205.97
2803.21	2284.45
2803.86	2246.41
2804.51	2362.66
2805.16	2352.1
2805.81	2367.24
2806.46	2394.76
2807.11	2466.59
2807.77	2504.45
2808.42	2536.05
2809.07	2574.7
2809.72	2573.02
2810.37	2632.88
2811.02	2665.95
2811.67	2706.39
2812.32	2747.1
2812.97	2788.14
2813.61	2841.79
2814.26	2873
2814.91	2903.21
2815.56	2956.98
2816.21	3038.38
2816.86	3088.75
2817.51	3006.32
2818.15	3111.77
2818.8	3122.43
2819.45	3132.98
2820.1	3225.74
2820.74	3250
2821.39	3287.04
2822.04	3356.35
2822.69	3452.55
2823.33	3438.62
2823.98	3506.33
2824.63	3530.26
2825.27	3556.8
2825.92	3569.88
2826.56	3665.31
2827.21	3700.66
2827.85	3755.03
2828.5	3744.13
2829.14	3772.51
2829.79	3834.98
2830.43	3932.55
2831.08	3881.35
2831.72	3935.88
2832.37	3933.74
2833.01	3999.08
2833.65	4042.47
2834.3	4144.06
2834.94	4156.93
2835.58	4230.14
2836.23	4155.22
2836.87	4203.52
2837.51	4232.47
2838.16	4362.46
2838.8	4391.38
2839.44	4449.59
2840.08	4531.65
2840.72	4556.07
2841.36	4573.83
2842.01	4668.15
2842.65	4702.62
2843.29	4729.91
2843.93	4803.6
2844.57	4884.68
2845.21	4861.12
2845.85	4951.58
2846.49	4956.98
2847.13	5047.99
2847.77	5190.02
2848.41	5170.3
2849.05	5220.61
2849.69	5274.61
2850.33	5264.88
2850.97	5199.43
2851.61	5236.83
2852.24	5263.56
2852.88	5308.09
2853.52	5454.3
2854.16	5464.22
2854.8	5328.2
2855.43	5485.34
2856.07	5473.5
2856.71	5526.62
2857.35	5654.06
2857.98	5631.13
2858.62	5677.56
2859.26	5881.3
2859.89	5976.08
2860.53	6043.66
2861.16	6193.4
2861.8	6324.85
2862.44	6504.8
2863.07	6548.09
2863.71	6775.65
2864.34	6996.37
2864.98	7231.1
2865.61	7270.61
2866.25	7526.68
2866.88	7753.74
2867.52	7855.52
2868.15	8034.11
2868.78	8196.89
2869.42	8412.33
2870.05	8481.92
2870.69	8795.81
2871.32	8894.3
2871.95	9001.95
2872.58	9276.25
2873.22	9367.57
2873.85	9657.4
2874.48	9840.99
2875.11	9939.4
2875.75	10086.6
2876.38	10191.5
2877.01	10252.3
2877.64	10237.9
2878.27	10213.2
2878.9	10236.2
2879.53	10240.2
2880.16	10169.4
2880.79	10197.7
2881.42	10110.2
2882.05	10072.4
2882.68	10111.1
2883.31	10022.6
2883.94	10133.6
2884.57	10064.7
2885.2	9988.1
2885.83	9913.46
2886.46	9999.97
2887.09	10085.5
2887.72	10054.9
2888.35	10100.5
2888.97	10231.6
2889.6	10238
2890.23	10150
2890.86	10213.8
2891.49	10090.4
2892.11	10235.4
2892.74	10164.4
2893.37	10305.7
2893.99	10487.2
2894.62	10371.1
2895.25	10659.8
2895.87	10563.5
2896.5	10617.3
2897.12	10787.4
2897.75	10804.7
2898.38	10685.9
2899	10881.6
2899.63	11073.6
2900.25	11190.1
2900.88	11168.9
2901.5	11246.4
2902.12	11473.2
2902.75	11444.2
2903.37	11585.9
2904	11700.1
2904.62	11664.7
2905.25	11809.6
2905.87	11794.4
2906.49	12059.3
2907.11	12090.3
2907.74	12007.4
2908.36	11986.4
2908.98	12108.9
2909.6	12297.4
2910.23	12181.2
2910.85	12225.7
2911.47	12227.7
2912.09	12143.8
2912.71	12249.4
2913.33	12198.1
2913.96	12177
2914.58	12119
2915.2	12053.6
2915.82	11861.2
2916.44	11820.2
2917.06	11685
2917.68	11577.3
2918.3	11489.2
2918.92	11451.8
2919.54	11378.6
2920.16	11283.3
2920.77	11271.4
2921.39	11181.1
2922.01	11025.9
2922.63	11024.2
2923.25	11030.1
2923.87	10989.3
2924.48	10998
2925.1	11045
2925.72	11094.9
2926.34	11157
2926.95	11106.3
2927.57	11168.7
2928.19	11296.1
2928.8	11452.8
2929.42	11451.6
2930.04	11562.1
2930.65	11705
2931.27	11858.7
2931.89	11991.9
2932.5	12290.5
2933.12	12464.1
2933.73	12578.5
2934.35	12845.3
2934.96	12997.5
2935.58	13238.9
2936.19	13581.9
2936.81	13611.8
2937.42	13800.3
2938.03	14126.2
2938.65	14129.2
2939.26	14044
2939.88	14061.9
2940.49	14021.6
2941.1	13912.8
2941.71	13769.7
2942.33	13538.3
2942.94	13420.3
2943.55	13021.9
2944.17	12928.8
2944.78	12624.3
2945.39	12394
2946	12192.1
2946.61	11909.2
2947.22	11751
2947.83	11455.4
2948.45	11330.8
2949.06	11031.6
2949.67	10859.2
2950.28	10648.8
2950.89	10560.4
2951.5	10347.8
2952.11	10052.5
2952.72	9882.69
2953.33	9794.89
2953.94	9606.95
2954.54	9489.77
2955.15	9268.35
2955.76	9168.13
2956.37	8990.61
2956.98	8938.34
2957.59	8793.79
2958.2	8568.63
2958.8	8473.43
2959.41	8459.88
2960.02	8378.38
2960.63	8251.27
2961.23	8115.79
2961.84	7973.45
2962.45	7887.85
2963.05	7853.42
2963.66	7682.14
2964.27	7524.84
2964.87	7475.16
2965.48	7442.17
2966.08	7261.27
2966.69	7229.34
2967.29	7135.56
2967.9	6910.58
2968.5	6834.9
2969.11	6706.25
2969.71	6558.51
2970.32	6490.07
2970.92	6336.45
2971.53	6271.04
2972.13	6106.81
2972.74	5938.56
2973.34	5846.03
2973.94	5767.76
2974.54	5650
2975.15	5581.96
2975.75	5446.19
2976.35	5345.52
2976.96	5161.7
2977.56	5143.45
2978.16	4993.91
2978.76	4886.24
2979.36	4728.21
2979.97	4686.24
2980.57	4616.84
2981.17	4507.33
2981.77	4436.3
2982.37	4223.99
2982.97	4174.08
2983.57	4078.74
2984.17	3949.82
2984.77	3906.59
2985.37	3797.74
2985.97	3717.4
2986.57	3624.33
2987.17	3520.09
2987.77	3477.06
2988.37	3344.36
2988.97	3272.6
2989.57	3172.74
2990.17	3098.28
2990.76	2959.31
2991.36	3006.96
2991.96	2926.83
2992.56	2860.18
2993.16	2765.85
2993.75	2726.61
2994.35	2684.01
2994.95	2622.77
2995.54	2549.27
2996.14	2475.01
2996.74	2465.58
2997.33	2361.43
2997.93	2335.28
2998.52	2315.36
2999.12	2275.98
2999.72	2239.59
3000.31	2188.81
3000.91	2176.93
3001.5	2105.65
3002.1	2102.91
3002.69	2084.67
3003.29	2047.8
3003.88	1998.48
3004.47	1964.52
3005.07	1933.8
3005.66	1926.95
3006.26	1861.05
3006.85	1831.26
3007.44	1776.93
3008.04	1731.66
3008.63	1741.49
3009.22	1708.87
3009.81	1669.77
3010.41	1621.28
3011	1557.46
3011.59	1558.47
3012.18	1538.15
3012.77	1512.85
3013.36	1469.1
3013.96	1436.59
3014.55	1431.74
3015.14	1406.38
3015.73	1427.36
3016.32	1408.4
3016.91	1390.54
3017.5	1372.61
3018.09	1326.71
3018.68	1291.92
3019.27	1286.83
3019.86	1267.33
3020.45	1275.75
3021.04	1265.84
3021.63	1270.49
3022.22	1240.15
3022.8	1260.23
3023.39	1283.27
3023.98	1232.93
3024.57	1257.84
3025.16	1245.62
3025.74	1225.17
3026.33	1230.5
3026.92	1212.01
3027.5	1263.6
3028.09	1252.11
3028.68	1244.74
3029.26	1252.91
3029.85	1264.36
3030.44	1235.77
3031.02	1256.89
3031.61	1235.77
3032.19	1254.86
3032.78	1237.66
3033.37	1290.56
3033.95	1290.61
3034.54	1281.28
3035.12	1286.43
3035.71	1313.32
3036.29	1328.89
3036.87	1277.27
3037.46	1285.62
3038.04	1300.19
3038.63	1312.78
3039.21	1314.14
3039.79	1334.3
3040.38	1344.26
3040.96	1349.08
3041.54	1309.24
3042.12	1330.27
3042.71	1344.77
3043.29	1306.15
3043.87	1324.35
3044.45	1354.93
3045.03	1326.65
3045.62	1389.67
3046.2	1356.7
3046.78	1396.37
3047.36	1475.48
3047.94	1459.31
3048.52	1478.24
3049.1	1545.7
3049.68	1585.07
3050.26	1665.78
3050.84	1692.58
3051.42	1747.33
3052	1863.16
3052.58	1847.48
3053.16	1925.02
3053.74	1988.15
3054.32	2033.84
3054.89	2064.21
3055.47	2098.95
3056.05	2141.1
3056.63	2147
3057.21	2165.18
3057.78	2133.31
3058.36	2164.36
3058.94	2220.02
3059.52	2115.92
3060.09	2130.05
3060.67	2109.13
3061.25	2136.08
3061.82	2077.17
3062.4	2107.39
3062.97	2156.14
3063.55	2149.79
3064.13	2113.25
3064.7	2035.27
3065.28	2023.73
3065.85	2018.58
3066.43	1981.46
3067	1962.97
3067.58	1882.16
3068.15	1836.3
3068.72	1803.64
3069.3	1699.41
3069.87	1691.48
3070.45	1611.34
3071.02	1581.15
3071.59	1508.82
3072.17	1441.81
3072.74	1394.43
3073.31	1370.72
3073.89	1287.85
3074.46	1272.1
3075.03	1244.94
3075.6	1203.41
3076.17	1145.51
3076.74	1108.46
3077.32	1067.4
3077.89	1050.14
3078.46	1006.97
3079.03	1010.25
3079.6	990.625
3080.17	931.546
3080.74	965.487
3081.31	911.435
3081.88	907.014
3082.45	901.567
3083.02	850.686
3083.59	849.431
3084.16	869.871
3084.73	806.687
3085.3	803.413
3085.87	834.244
3086.43	797.056
3087	750.684
3087.57	745.661
3088.14	767.505
3088.71	747.003
3089.28	755.334
3089.84	749.129
3090.41	724.288
3090.98	718.009
3091.54	706.57
3092.11	730.217
3092.68	690.922
3093.24	673.288
3093.81	698.967
3094.38	681.341
3094.94	664.772
3095.51	681.214
3096.07	708.995
3096.64	650.187
3097.2	674.842
3097.77	672.702
3098.33	653.086
3098.9	695.34
3099.46	665.544
3100.03	654.323
3100.59	642.062
3101.15	657.582
3101.72	657.584
3102.28	669.899
3102.84	611.087
3103.41	598.632
3103.97	658.263
3104.53	645.786
3105.1	628.163
3105.66	631.135
3106.22	646.472
3106.78	648.454
3107.34	622.686
3107.91	639.117
3108.47	642.192
3109.03	653.523
3109.59	606.271
3110.15	636.229
3110.71	627.157
3111.27	653.108
3111.83	624.475
3112.39	619.435
3112.95	636.935
3113.51	629.618
3114.07	623.285
3114.63	619.027
3115.19	631.293
3115.75	617.913
3116.31	618.988
3116.87	629.33
3117.43	618.029
3117.98	598.439
3118.54	598.341
3119.1	658.882
3119.66	597.066
3120.22	579.511
3120.77	592.84
3121.33	589.766
3121.89	615.484
3122.44	639.126
3123	610.309
3123.56	604.046
3124.11	579.252
3124.67	602.716
3125.23	632.348
3125.78	578.891
3126.34	597.358
3126.89	597.421
3127.45	603.696
3128	617.183
3128.56	624.509
3129.11	595.862
3129.67	594.898
3130.22	611.346
3130.78	622.604
3131.33	574.255
3131.88	593.649
3132.44	609.942
3132.99	631.367
3133.54	616.906
3134.1	629.163
3134.65	599.408
3135.2	615.849
3135.76	586.152
3136.31	624.164
3136.86	609.854
3137.41	613.995
3137.96	606.834
3138.51	585.296
3139.07	631.452
3139.62	594.512
3140.17	568.862
3140.72	626.304
3141.27	611.956
3141.82	602.741
3142.37	631.464
3142.92	625.294
3143.47	644.749
3144.02	594.479
3144.57	599.614
3145.12	623.259
3145.67	628.51
3146.22	636.889
3146.77	613.479
3147.32	638.275
3147.86	630.179
3148.41	652.806
3148.96	643.543
3149.51	611.647