401.058	1007.77
402.149	974.772
403.243	974.87
404.332	1055.18
405.424	869.195
406.515	878.685
407.606	891.948
408.697	862.922
409.785	780.438
410.876	711.239
411.967	726.503
413.055	761.269
414.143	672.336
415.233	700.247
416.321	718.64
417.409	679.245
418.499	699.45
419.586	724.322
420.673	710.396
421.761	780.838
422.848	810.693
423.935	818.521
425.02	845.824
426.106	910.938
427.193	925.235
428.278	886.92
429.364	1015.18
430.45	1005.31
431.534	978.116
432.618	1011.8
433.704	1062.26
434.788	1003.61
435.871	1028.66
436.955	1086.81
438.038	1046.59
439.123	983.386
440.204	983.715
441.287	901.478
442.37	942.765
443.452	825.796
444.535	802.708
445.615	765.594
446.698	713.45
447.78	718.39
448.86	653.939
449.939	570.084
451.021	579.717
452.101	579.287
453.18	560.36
454.262	489.417
455.341	372.815
456.42	427.706
457.499	416.656
458.578	414.889
459.654	415.034
460.733	443.104
461.811	397.869
462.89	376.771
463.966	356.576
465.044	377.282
466.12	389.618
467.197	339.561
468.273	384.427
469.349	321.174
470.426	373.273
471.501	330.297
472.576	350.541
473.651	374.474
474.726	449.492
475.801	363.094
476.876	448.444
477.95	390.028
479.022	393.743
480.097	399.249
481.171	540.898
482.243	436.906
483.317	481.088
484.388	531.666
485.46	470.352
486.533	531.903
487.605	562.875
488.676	479.494
489.747	587.799
490.818	600.313
491.889	642.353
492.959	606.346
494.03	639.368
495.1	701.783
496.171	708.057
497.239	705.019
498.309	731.219
499.379	764.646
500.446	810.875
501.514	863.576
502.584	765.412
503.651	780.019
504.718	819.467
505.788	831.545
506.855	807.949
507.921	873.134
508.988	802.809
510.055	842.356
511.119	846.235
512.186	819.035
513.252	809.303
514.318	882.139
515.382	878.045
516.448	933.646
517.512	884.683
518.577	931.306
519.641	953.271
520.704	940.407
521.768	981.952
522.833	935.958
523.896	1105.79
524.959	1096.45
526.021	1090.5
527.084	1173
528.144	1224.81
529.207	1198.03
530.269	1282.35
531.331	1442.92
532.391	1441.32
533.453	1418.8
534.513	1414.92
535.572	1474.02
536.634	1368.39
537.693	1390.5
538.752	1233.78
539.812	1224.79
540.87	1243.87
541.929	1163.66
542.988	1204.75
544.047	1113.63
545.105	1037.19
546.164	1010.78
547.22	981.126
548.278	956.699
549.336	944.177
550.392	853.227
551.448	933.056
552.505	778.093
553.561	920.617
554.616	837.703
555.671	723.107
556.728	758.423
557.783	773.979
558.836	743.721
559.891	780.292
560.946	770.293
562	733.454
563.055	722.752
564.107	699.228
565.161	674.891
566.213	685.749
567.267	679.903
568.318	564.936
569.37	656.131
570.424	658.58
571.475	643.516
572.526	586.989
573.577	631.94
574.628	614.199
575.679	689.513
576.73	681.944
577.781	680.885
578.829	776.514
579.88	757.176
580.93	736.952
581.978	691.883
583.026	681.738
584.076	655.924
585.124	595.165
586.172	558.324
587.221	600.514
588.269	590.294
589.316	643.389
590.363	675.269
591.41	660.306
592.457	682.075
593.502	551.819
594.549	632.587
595.595	709.027
596.64	645.333
597.686	595.365
598.73	630.689
599.776	644.705
600.82	630.964
601.864	670.435
602.908	661.261
603.953	691.786
604.997	680.274
606.04	652.354
607.083	711.917
608.125	667.324
609.168	646.475
610.211	737.027
611.253	667.013
612.294	732.543
613.336	753.86
614.377	858.253
615.419	977.457
616.459	1073.56
617.499	1144.64
618.539	1198.98
619.579	1198.84
620.619	1128.66
621.658	984.795
622.698	949.821
623.737	939.801
624.776	1080.14
625.815	1099.76
626.852	1210.79
627.891	1299.82
628.928	1391.72
629.966	1541.78
631.003	1530.06
632.041	1550.31
633.077	1550.85
634.114	1479.22
635.15	1385.54
636.185	1304.09
637.221	1164.83
638.257	1073.72
639.292	1101.63
640.328	986.486
641.361	1015.04
642.396	881.058
643.431	803.225
644.464	764.08
645.497	702.931
646.532	624.487
647.564	636.354
648.597	636.391
649.629	599.708
650.663	598.865
651.695	535.428
652.727	541.782
653.757	514.062
654.789	468.887
655.821	530.239
656.852	453.975
657.882	416.348
658.913	521.87
659.942	462.307
660.973	407.312
662.002	386.214
663.031	454.933
664.06	367.867
665.09	383.579
666.119	461.812
667.147	395.256
668.175	423.274
669.201	411.754
670.229	390.899
671.257	389.229
672.285	436.258
673.311	318.49
674.338	406.987
675.363	376.807
676.389	374.311
677.416	418.849
678.441	393.271
679.466	388.809
680.491	395.329
681.515	387.958
682.54	321.562
683.565	364.052
684.589	380.792
685.613	426.22
686.635	405.266
687.659	398.165
688.681	413.23
689.705	400.543
690.727	397.993
691.75	480.56
692.772	453.916
693.793	441.119
694.814	470.877
695.835	461.698
696.856	506.178
697.877	502.464
698.898	509.843
699.918	488.537
700.937	526.481
701.957	510.773
702.978	512.656
703.996	498.803
705.016	506.207
706.034	472.895
707.052	456.226
708.069	430.322
709.087	421.078
710.107	425.721
711.124	401.746
712.139	438.784
713.156	376.034
714.173	414
715.19	391.864
716.205	389.079
717.222	381.614
718.238	383.333
719.253	385.025
720.267	389.48
721.283	385.662
722.297	368.066
723.311	418.63
724.325	444.341
725.339	396.475
726.353	424.098
727.366	447.162
728.38	478.538
729.391	521.872
730.404	567.911
731.417	577.967
732.428	522.64
733.441	515.997
734.452	570.875
735.463	589.038
736.475	626.559
737.486	611.898
738.496	595.501
739.506	615.857
740.516	633.46
741.526	644.591
742.534	601.497
743.544	629.019
744.554	632.65
745.561	619.774
746.571	639.955
747.578	579.459
748.587	661.175
749.594	623.685
750.601	620.167
751.608	584.572
752.615	646.301
753.621	598.858
754.628	624.005
755.634	520.55
756.641	555.899
757.647	587.649
758.651	588.148
759.657	612.618
760.663	522.71
761.666	596.96
762.67	622.286
763.676	617.988
764.679	588.641
765.682	646.093
766.686	583.317
767.689	653.649
768.692	606.646
769.694	605.073
770.697	611.998
771.698	635.756
772.7	569.693
773.703	552.649
774.703	567.016
775.703	511.525
776.705	543.189
777.705	542.236
778.705	548.719
779.705	570.14
780.705	543.374
781.704	653.272
782.704	620.127
783.703	620.398
784.702	597.343
785.701	640.258
786.698	602.22
787.697	686.998
788.694	612.744
789.693	724.646
790.689	715.59
791.686	638.51
792.682	711.252
793.68	765.293
794.676	719.67
795.672	849.125
796.666	813.897
797.662	857.933
798.658	908.565
799.653	934.941
800.647	1009.62
801.642	1032.83
802.636	1067.94
803.631	1101.03
804.624	1108
805.617	1114.99
806.61	1096.89
807.602	1075.06
808.595	1113.56
809.587	1090.7
810.58	1053.01
811.572	1029.34
812.564	1037.31
813.554	1010.19
814.546	1031.31
815.536	1045.95
816.528	947.639
817.518	1080.68
818.507	1014.76
819.499	1090.39
820.488	1148.43
821.477	1145.38
822.466	1215.2
823.455	1293.12
824.444	1402.18
825.431	1550.73
826.42	1608.92
827.408	1665.48
828.395	1813.47
829.383	1931.2
830.369	2049.74
831.356	2232.33
832.342	2405.08
833.33	2688.47
834.315	2881.4
835.301	3227.87
836.287	3451.9
837.27	3803.43
838.256	4011.6
839.241	4148.49
840.226	4194.38
841.209	4167.43
842.194	4172.4
843.177	4021.19
844.16	3867.35
845.145	3528.99
846.127	3275.2
847.11	2988.25
848.092	2833.53
849.074	2721.84
850.056	2661.41
851.039	2685.34
852.018	2692.47
853	2704.01
853.982	2809.29
854.962	2901.85
855.941	2994.75
856.923	3048.6
857.902	2987.95
858.881	2905.44
859.86	2785.18
860.839	2569.85
861.818	2373.46
862.797	2212.59
863.776	2039.47
864.754	1979.42
865.733	1931.27
866.709	1819.64
867.687	1720.1
868.664	1671.33
869.642	1610.75
870.618	1638.65
871.594	1545.15
872.569	1520.73
873.545	1494.47
874.521	1438.7
875.496	1451.95
876.471	1366.51
877.447	1364.81
878.42	1376.83
879.395	1316.87
880.37	1334.29
881.343	1275.28
882.315	1267.05
883.29	1208.26
884.262	1179.95
885.235	1149.8
886.207	1148.15
887.179	1109.52
888.151	1102.16
889.123	1136.26
890.095	1075.43
891.065	1087.48
892.037	1142.9
893.009	1178.97
893.978	1184.64
894.948	1146.08
895.919	1219.15
896.888	1213.04
897.857	1207.01
898.826	1311.71
899.795	1248.38
900.764	1379.62
901.732	1388.79
902.701	1487.28
903.668	1517.35
904.636	1568.63
905.604	1585.91
906.57	1651.32
907.538	1645.07
908.504	1662.11
909.47	1700.61
910.436	1811.29
911.402	1719.91
912.367	1779.91
913.333	1726.13
914.298	1769.2
915.264	1691.92
916.229	1663.57
917.192	1692.62
918.157	1574.71
919.12	1618.85
920.084	1553.86
921.047	1505.48
922.01	1482
922.972	1436.12
923.935	1360.45
924.897	1317.19
925.859	1305.48
926.821	1219.63
927.783	1149.57
928.743	1145.4
929.705	1116.1
930.667	1113.65
931.626	1065.63
932.586	1032.48
933.547	996.608
934.506	977.571
935.466	921.397
936.425	904.313
937.384	873.206
938.343	901.658
939.301	900.218
940.26	957.513
941.217	951.404
942.175	887.469
943.132	937.526
944.09	962.471
945.046	1016.47
946.002	950.688
946.96	936.279
947.916	956.456
948.872	947.532
949.828	846.657
950.783	929.51
951.737	924.139
952.692	924.296
953.647	925.295
954.601	879.336
955.556	868.127
956.509	866.418
957.464	934.325
958.417	936.704
959.369	935.369
960.322	913.252
961.275	901.24
962.227	921.883
963.179	950.805
964.132	944.929
965.082	894.106
966.034	920.503
966.984	952.739
967.936	915.552
968.885	965.722
969.837	959.341
970.787	1019.5
971.736	988.279
972.686	982.354
973.635	1013.07
974.584	1028.83
975.533	1042.81
976.48	1079.41
977.429	1123.57
978.378	1158.36
979.325	1179.07
980.273	1226.97
981.22	1188.5
982.166	1281.33
983.113	1269.86
984.061	1317.32
985.007	1349.55
985.953	1423.8
986.897	1493.28
987.843	1466.45
988.789	1576.44
989.734	1539.75
990.678	1563.05
991.623	1666.76
992.567	1813.32
993.51	2153.07
994.453	2380.21
995.398	2862.83
996.341	3539.06
997.284	4268.83
998.227	4980.44
999.168	5312.4
1000.11	5459.92
1001.05	4908.94
1001.99	4136.83
1002.94	3261.92
1003.88	2509.47
1004.82	1989.14
1005.76	1694.3
1006.7	1409.64
1007.64	1294.44
1008.58	1193.96
1009.52	1166.9
1010.46	1115.45
1011.4	1108.68
1012.34	1065.67
1013.27	1073.18
1014.21	1051.15
1015.15	1098.32
1016.09	1083.19
1017.03	1119.36
1017.96	1106.88
1018.9	1144.62
1019.84	1237.31
1020.77	1293.51
1021.71	1362.87
1022.65	1434.31
1023.58	1529.47
1024.52	1737.31
1025.45	1857.67
1026.39	2082.2
1027.32	2178.34
1028.26	2333.29
1029.19	2366.91
1030.12	2392.85
1031.06	2289.31
1031.99	2206.68
1032.92	2102.75
1033.86	1952.93
1034.79	1771.02
1035.72	1698.02
1036.65	1591.74
1037.59	1576.61
1038.52	1479.22
1039.45	1459.08
1040.38	1457.8
1041.31	1398.89
1042.24	1433.45
1043.17	1394.24
1044.1	1372.91
1045.03	1310.9
1045.96	1334.09
1046.89	1402.93
1047.82	1385.92
1048.75	1383.32
1049.68	1356.15
1050.61	1416.24
1051.53	1460.04
1052.46	1509.28
1053.39	1538.23
1054.32	1506.08
1055.24	1581.29
1056.17	1674.65
1057.1	1794.85
1058.02	1817.31
1058.95	1949.38
1059.88	1948.23
1060.8	1964.16
1061.73	1984.79
1062.65	1865.36
1063.58	1918.52
1064.5	1782.95
1065.43	1773.14
1066.35	1791.65
1067.27	1809.64
1068.2	1785.08
1069.12	1803.02
1070.04	1814.16
1070.97	1824.61
1071.89	1742.31
1072.81	1726.23
1073.73	1690.54
1074.65	1688.28
1075.58	1580.16
1076.5	1571.72
1077.42	1526.8
1078.34	1519.76
1079.26	1505.04
1080.18	1455.13
1081.1	1348.24
1082.02	1436.31
1082.94	1361.81
1083.86	1355.72
1084.78	1324.93
1085.7	1357.8
1086.61	1251.21
1087.53	1280.45
1088.45	1250.92
1089.37	1238.47
1090.28	1271.46
1091.2	1245.56
1092.12	1228.1
1093.03	1188.85
1093.95	1262.36
1094.87	1265.89
1095.78	1280.92
1096.7	1321.62
1097.61	1289.48
1098.53	1291.4
1099.44	1350.05
1100.36	1320.59
1101.27	1402.69
1102.19	1387.27
1103.1	1360.46
1104.01	1403.62
1104.93	1475.17
1105.84	1457.1
1106.75	1490.29
1107.67	1449.06
1108.58	1536.54
1109.49	1585.34
1110.4	1656.68
1111.31	1587.78
1112.22	1670.9
1113.14	1704.67
1114.05	1785.71
1114.96	1825.27
1115.87	1904.74
1116.78	1995.72
1117.69	2044.17
1118.6	2085.81
1119.51	2138.48
1120.42	2230.55
1121.32	2410.37
1122.23	2360.88
1123.14	2399.85
1124.05	2412.24
1124.96	2285.43
1125.86	2244.96
1126.77	2159.88
1127.68	2090.39
1128.58	1983.19
1129.49	1916.05
1130.4	1837.96
1131.3	1838.32
1132.21	1724.04
1133.11	1759.77
1134.02	1865.08
1134.92	1919.69
1135.83	1914
1136.73	1919.81
1137.64	1961.65
1138.54	2099.22
1139.44	2002.05
1140.35	1935.12
1141.25	1933.74
1142.15	1847.9
1143.06	1872.46
1143.96	1863.84
1144.86	1863.76
1145.76	1821.65
1146.66	1673.59
1147.57	1687.23
1148.47	1621.67
1149.37	1594.15
1150.27	1580.94
1151.17	1533.48
1152.07	1551.8
1152.97	1475.8
1153.87	1437.87
1154.77	1411.28
1155.67	1379.82
1156.57	1289.2
1157.46	1190.03
1158.36	1158.59
1159.26	1073.92
1160.16	1017
1161.05	1024.93
1161.95	992.786
1162.85	910.921
1163.75	944.206
1164.64	884.853
1165.54	880.67
1166.44	886.001
1167.33	791.53
1168.23	812.344
1169.12	809.504
1170.02	797.23
1170.91	817.301
1171.81	817.358
1172.7	807.837
1173.59	821.065
1174.49	856.079
1175.38	828.283
1176.27	921.054
1177.17	909.257
1178.06	944.89
1178.95	948.299
1179.84	949.925
1180.74	947.893
1181.63	1004.71
1182.52	1001.84
1183.41	1001.74
1184.3	978.768
1185.19	1004.89
1186.08	965.615
1186.97	998.207
1187.86	965.596
1188.75	1013.3
1189.64	991.137
1190.53	1047.26
1191.42	1069.39
1192.31	1122.64
1193.2	1133.59
1194.09	1213.44
1194.97	1172.96
1195.86	1211.66
1196.75	1178.76
1197.64	1163.65
1198.52	1159.76
1199.41	1153.03
1200.29	1118.12
1201.18	1117.17
1202.07	1076.77
1202.95	1049.51
1203.84	993.944
1204.72	970.229
1205.61	979.31
1206.49	916.024
1207.38	916.74
1208.26	857.558
1209.14	859.639
1210.03	850.641
1210.91	834.209
1211.79	813.972
1212.68	790.759
1213.56	804.979
1214.44	772.905
1215.32	809.354
1216.21	772.421
1217.09	803.225
1217.97	782.513
1218.85	804.294
1219.73	841.359
1220.61	818.477
1221.49	851.209
1222.37	934.873
1223.25	947.834
1224.13	1028.53
1225.01	1091.12
1225.89	1236.58
1226.77	1272.53
1227.65	1373.7
1228.52	1417.54
1229.4	1444.7
1230.28	1412.62
1231.16	1416.6
1232.03	1389.4
1232.91	1360.19
1233.79	1366.83
1234.66	1412.18
1235.54	1374.83
1236.42	1337.29
1237.29	1274.97
1238.17	1235.39
1239.04	1167.36
1239.92	1113.63
1240.79	1093.21
1241.67	1054.77
1242.54	980.167
1243.41	956.904
1244.29	983.154
1245.16	937.051
1246.03	942.395
1246.91	932.468
1247.78	968.265
1248.65	928.55
1249.52	965.059
1250.4	956.583
1251.27	938.509
1252.14	932.873
1253.01	955.958
1253.88	994.411
1254.75	991.84
1255.62	1002.62
1256.49	975.086
1257.36	1021.97
1258.23	1010.43
1259.1	1046.57
1259.97	1042.52
1260.84	1075.71
1261.71	1074.56
1262.57	1073.49
1263.44	1099.21
1264.31	1137.4
1265.18	1210.91
1266.05	1241.46
1266.91	1225.19
1267.78	1331.9
1268.65	1415.59
1269.51	1512.5
1270.38	1599.76
1271.24	1782.15
1272.11	1934.81
1272.97	2059.66
1273.84	2198.63
1274.7	2406.9
1275.57	2470.61
1276.43	2577.61
1277.3	2707.13
1278.16	2754.26
1279.02	2773.62
1279.89	2822.99
1280.75	2753.02
1281.61	2726.41
1282.48	2703.17
1283.34	2722.01
1284.2	2632.13
1285.06	2555.28
1285.92	2470.76
1286.78	2373.51
1287.65	2265.46
1288.51	2120.15
1289.37	2021.59
1290.23	1907.9
1291.09	1850.38
1291.95	1789.11
1292.81	1674.89
1293.67	1617
1294.52	1606.55
1295.38	1512.18
1296.24	1494.35
1297.1	1485.95
1297.96	1469.39
1298.81	1431.22
1299.67	1396.72
1300.53	1383.3
1301.39	1362.16
1302.24	1318.63
1303.1	1316.41
1303.95	1265.67
1304.81	1210.72
1305.67	1211.44
1306.52	1174.91
1307.38	1140.57
1308.23	1124.9
1309.09	1083.93
1309.94	1032.48
1310.8	1021.77
1311.65	982.969
1312.5	990.699
1313.35	944.631
1314.21	940.811
1315.06	916.63
1315.91	900.896
1316.77	896.309
1317.62	893.062
1318.47	908.665
1319.32	913.619
1320.17	904.068
1321.02	910.626
1321.87	924.452
1322.73	928.691
1323.57	929.823
1324.43	942.239
1325.28	949.286
1326.13	972.073
1326.97	960.334
1327.82	991.844
1328.67	1003.48
1329.52	1012.73
1330.37	1013.17
1331.22	1028.9
1332.06	1051.11
1332.91	1028.95
1333.76	1047.31
1334.61	1079.95
1335.45	1078.8
1336.3	1064.12
1337.15	1086.18
1337.99	1071.77
1338.84	1095.77
1339.68	1106.35
1340.53	1098.23
1341.37	1110.7
1342.22	1121.49
1343.06	1136.51
1343.91	1135.96
1344.75	1140.02
1345.6	1123.63
1346.44	1152.5
1347.28	1135.42
1348.12	1170.07
1348.97	1160.76
1349.81	1161.49
1350.65	1161.81
1351.49	1174.65
1352.33	1156.61
1353.18	1167.96
1354.02	1197.81
1354.86	1184.45
1355.7	1203.78
1356.54	1243.87
1357.38	1235.85
1358.22	1268.58
1359.06	1278.45
1359.9	1280.75
1360.74	1310.75
1361.58	1311.26
1362.42	1331.83
1363.25	1293.16
1364.09	1275.71
1364.93	1276.26
1365.77	1264.35
1366.6	1262.58
1367.19	1279.89
1368.1	1284.15
1369.01	1270.61
1369.92	1266.82
1370.83	1230.42
1371.74	1190.95
1372.65	1232.1
1373.56	1247.58
1374.47	1224.65
1375.37	1210.54
1376.28	1148.19
1377.19	1187.02
1378.1	1138.31
1379	1122.97
1379.91	1131.18
1380.82	1121.71
1381.72	1073.01
1382.63	1079.11
1383.54	1064.51
1384.44	1072.27
1385.35	1072.11
1386.25	1053.39
1387.16	1038.66
1388.06	1028.9
1388.97	1051.35
1389.87	1046.61
1390.78	1031.26
1391.68	1138.27
1392.59	1121
1393.49	1161.88
1394.39	1117.4
1395.3	1083.52
1396.2	1033.16
1397.1	1014.71
1398	961.6
1398.91	900.005
1399.81	870.413
1400.71	801.493
1401.61	800.969
1402.52	785.987
1403.42	776.716
1404.32	743.406
1405.22	783.941
1406.12	773.683
1407.02	756.835
1407.92	751.614
1408.82	760.851
1409.72	738.628
1410.62	771.857
1411.52	745.823
1412.42	757.936
1413.32	786.191
1414.21	805.771
1415.11	778.581
1416.01	751.407
1416.91	784.246
1417.81	780.947
1418.71	747.322
1419.6	796.564
1420.5	797.474
1421.4	824.194
1422.29	828.174
1423.19	871.123
1424.09	887.342
1424.98	893.915
1425.88	963.13
1426.77	963.836
1427.67	1018.73
1428.56	1097.44
1429.46	1181.91
1430.35	1227.53
1431.25	1280.87
1432.14	1367.63
1433.04	1417.54
1433.93	1521.89
1434.82	1535.15
1435.72	1578.04
1436.61	1596.27
1437.5	1620.27
1438.39	1689.14
1439.29	1768.55
1440.18	1789.65
1441.07	1849.76
1441.96	1983.39
1442.85	2032.9
1443.75	2126.63
1444.64	2174.82
1445.53	2260.86
1446.42	2249.42
1447.31	2289.71
1448.2	2339.29
1449.09	2399.99
1449.98	2328.63
1450.87	2308.05
1451.76	2307.84
1452.65	2290.76
1453.54	2191.44
1454.43	2118.43
1455.31	2169.86
1456.2	2031.78
1457.09	2032.04
1457.98	1961.05
1458.87	1936.96
1459.75	1877.04
1460.64	1870.64
1461.53	1849.34
1462.41	1871.14
1463.3	1806
1464.19	1863.73
1465.07	1961.79
1465.96	2001.06
1466.85	2052.47
1467.73	2114.37
1468.61	2063.82
1469.5	2033.91
1470.38	1966.39
1471.27	1908.67
1472.15	1892.62
1473.04	1892.9
1473.92	1975.51
1474.8	1981.21
1475.69	2015.05
1476.57	2021.88
1477.45	2034.87
1478.34	2022
1479.22	1950.02
1480.1	1900.2
1480.98	1818.75
1481.86	1861.08
1482.75	1840.49
1483.63	1838.89
1484.51	1750.88
1485.39	1695.24
1486.27	1539.4
1487.15	1366.65
1488.03	1164.15
1488.91	1035.23
1489.79	917.804
1490.67	791.535
1491.55	733.905
1492.43	686.936
1493.31	670.953
1494.19	596.241
1495.07	556.373
1495.94	548.351
1496.82	514.316
1497.7	495.666
1498.58	469.303
1499.45	431.432
1500.33	434.869
1501.21	434.478
1502.09	428.363
1502.96	421.326
1503.84	398.061
1504.72	407.316
1505.59	406.042
1506.47	378.996
1507.34	353.884
1508.22	353.571
1509.09	351.375
1509.97	365.381
1510.84	326.211
1511.72	328.893
1512.59	346.761
1513.46	336.125
1514.34	348.196
1515.21	335.573
1516.08	283.203
1516.96	300.856
1517.83	337.355
1518.7	301.189
1519.57	339.553
1520.45	285.631
1521.32	284.513
1522.19	306.949
1523.06	314.371
1523.93	277.651
1524.8	291.695
1525.67	264.378
1526.54	255.826
1527.41	269.775
1528.28	309.016
1529.16	274.162
1530.02	278.727
1530.89	287.079
1531.76	267.38
1532.63	252.402
1533.5	272.089
1534.37	258.057
1535.24	269.294
1536.11	261.782
1536.97	253.327
1537.84	264.54
1538.71	257.058
1539.57	249.615
1540.44	259.07
1541.31	248.896
1542.18	245.291
1543.04	265.12
1543.91	256.789
1544.77	245.592
1545.64	239.978
1546.5	263.43
1547.37	228.724
1548.24	219.401
1549.1	225.167
1549.96	240.421
1550.83	238.836
1551.69	228.794
1552.56	228.133
1553.42	232.128
1554.28	230.393
1555.15	230.497
1556.01	212.644
1556.87	249.656
1557.73	225.284
1558.6	229.349
1559.46	224.917
1560.32	202.41
1561.18	191.211
1562.04	198.961
1562.9	218.095
1563.77	250.559
1564.63	224.037
1565.49	225.17
1566.35	218.729
1567.21	227.596
1568.07	247.021
1568.93	249.255
1569.79	239.007
1570.64	231.579
1571.5	249.059
1572.36	279.027
1573.22	260.011
1574.08	302.544
1574.94	264.31
1575.8	305.047
1576.65	317.906
1577.51	341.404
1578.37	363.95
1579.22	405.833
1580.08	468.061
1580.94	484.847
1581.79	524.933
1582.65	535.062
1583.51	514.201
1584.36	461.273
1585.22	459.778
1586.07	402.777
1586.93	374.863
1587.78	347.847
1588.63	345.142
1589.49	331.665
1590.34	348.385
1591.2	364.078
1592.05	404.113
1592.9	406.028
1593.76	440.135
1594.61	489.894
1595.46	535.854
1596.32	611.26
1597.17	718.133
1598.02	807.609
1598.87	897.172
1599.72	1001.38
1600.58	1052.59
1601.43	1080.04
1602.28	1087.66
1603.13	1001.14
1603.98	921.433
1604.83	831.045
1605.68	751.568
1606.53	647.841
1607.38	530.578
1608.23	504.196
1609.08	471.933
1609.93	444.482
1610.77	407.196
1611.62	367.936
1612.47	379.389
1613.32	381.124
1614.17	333.274
1615.01	324.45
1615.86	292.305
1616.71	310.764
1617.55	280.535
1618.4	266.802
1619.25	281.213
1620.09	273.233
1620.94	294.361
1621.79	289.298
1622.63	259.087
1623.48	262.845
1624.32	249.211
1625.17	289.811
1626.01	289.766
1626.86	313.912
1627.7	271.301
1628.54	291.559
1629.39	287.62
1630.23	308.784
1631.07	294.156
1631.92	301.717
1632.76	288.024
1633.6	317.739
1634.45	333.945
1635.29	318.379
1636.13	347.141
1636.97	353.76
1637.81	361.337
1638.66	350.633
1639.5	324.564
1640.34	348.516
1641.18	372.5
1642.02	382.115
1642.86	360.052
1643.7	341.846
1644.54	369.768
1645.38	373.643
1646.22	351.538
1647.06	385.177
1647.89	378.453
1648.73	368.886
1649.57	385.339
1650.41	409.581
1651.25	346.324
1652.09	369.705
1652.92	390.203
1653.76	391.363
1654.6	396.29
1655.43	365.465
1656.27	372.253
1657.11	356.916
1657.94	354.223
1658.78	377.714
1659.62	372.297
1660.45	354.276
1661.29	385.555
1662.12	369.28
1662.96	336.434
1663.79	366.573
1664.62	340.516
1665.46	329.074
1666.29	344.896
1667.13	355.958
1667.96	338.855
1668.79	328.531
1669.63	320.108
1670.46	318.464
1671.29	337.292
1672.12	294.524
1672.96	286.884
1673.79	311.508
1674.62	282.309
1675.45	279.547
1676.28	307.2
1677.11	271.172
1677.95	245.908
1678.78	266.791
1679.61	241.456
1680.44	277.06
1681.27	281.132
1682.1	281.227
1682.93	253.727
1683.75	239.043
1684.58	254.941
1685.41	256.092
1686.24	257.264
1687.07	263.379
1687.9	256.646
1688.73	258.793
1689.55	281.707
1690.38	294.729
1691.21	264.163
1692.04	256.321
1692.86	240.506
1693.69	261.307
1694.52	275.161
1695.34	301.915
1696.17	278.211
1696.99	302.13
1697.82	295.388
1698.64	307.513
1699.47	347.435
1700.29	319.791
1701.12	302.985
1701.94	328.833
1702.77	349.655
1703.59	341.634
1704.41	337.58
1705.24	335.523
1706.06	397.993
1706.88	384.058
1707.71	382.051
1708.53	405.851
1709.35	415.753
1710.17	469.279
1711	470.182
1711.82	487.893
1712.64	522.396
1713.46	510.295
1714.28	525.953
1715.1	558.488
1715.92	589.094
1716.74	605.87
1717.56	644.365
1718.38	682.712
1719.2	687.22
1720.02	685.639
1720.84	711.63
1721.66	758.37
1722.48	784.571
1723.3	858.312
1724.11	841.608
1724.93	872.23
1725.75	877.058
1726.57	922.954
1727.39	923.236
1728.2	971.518
1729.02	969.623
1729.84	994.376
1730.65	959.464
1731.47	993.34
1732.29	981.15
1733.1	981.611
1733.92	959.433
1734.73	978.272
1735.55	966.783
1736.36	944.639
1737.18	907.969
1737.99	896.742
1738.81	849.431
1739.62	837.176
1740.43	833.624
1741.25	777.529
1742.06	699.202
1742.87	687.093
1743.69	617.786
1744.5	651.425
1745.31	580.31
1746.13	552.884
1746.94	537.127
1747.75	473.972
1748.56	425.43
1749.37	408.885
1750.18	369.14
1750.99	390.35
1751.81	344.802
1752.61	332.144
1753.42	317.571
1754.24	280.803
1755.04	290.454
1755.85	268.228
1756.66	235.362
1757.47	234.346
1758.28	230.394
1759.09	233.171
1759.9	239.802
1760.71	205
1761.52	234.838
1762.32	219.418
1763.13	226.194
1763.94	186.711
1764.74	202.158
1765.55	195.422
1766.36	206.039
1767.17	207.034
1767.97	220.597
1768.78	179.218
1769.58	189.935
1770.39	156.246
1771.19	162.117
1772	183.435
1772.8	157.4
1773.61	180.65
1774.41	177.815
1775.22	164.349
1776.02	148.943
1776.83	166.432
1777.63	157.793
1778.43	152.059
1779.23	168.623
1780.04	154.2
1780.84	156.275
1781.64	165.166
1782.44	152.694
1783.25	169.379
1784.05	159.793
1784.85	164.795
1785.65	182.469
1786.45	139.685
1787.25	174.939
1788.05	153.589
1788.86	154.692
1789.65	126.449
1790.46	146.122
1791.25	144.266
1792.05	119.866
1792.85	150.344
1793.65	140.646
1794.45	154.513
1795.25	146.806
1796.05	120.415
1796.85	154.039
1797.64	105.926
1798.44	122.82
1799.24	148.613
1800.04	154.662
1800.83	138.951
1801.63	172.67
1802.43	147.042
1803.22	165.941
1804.02	134.34
1804.82	147.3
1805.61	152.332
1806.41	154.387
1807.2	202.078
1808	173.388
1808.79	138.728
1809.59	139.809
1810.38	164.75
1811.18	151.925
1811.97	158.966
1812.76	137.122
1813.56	149.075
1814.35	137.126
1815.14	170.933
1815.94	151.042
1816.73	156.051
1817.52	149.153
1818.31	146.249
1819.1	121.425
1819.9	127.445
1820.69	121.484
1821.48	138.409
1822.27	143.367
1823.06	129.41
1823.85	121.439
1824.64	124.424
1825.43	137.357
1826.22	134.355
1827.01	140.298
1827.8	126.346
1828.59	136.271
1829.38	146.206
1830.17	146.21
1830.96	119.376
1831.74	133.281
1832.53	153.116
1833.32	144.114
1834.11	148.005
1834.89	129.072
1835.68	131.967
1836.47	133.871
1837.26	137.757
1838.04	146.586
1838.83	118.825
1839.61	150.369
1840.4	124.596
1841.19	166.91
1841.97	128.33
1842.76	139.047
1843.54	141.889
1844.33	155.563
1845.11	129.95
1845.89	131.879
1846.68	142.653
1847.46	134.767
1848.25	134.729
1849.03	116.047
1849.81	139.542
1850.6	139.503
1851.38	120.857
1852.16	154.143
1852.94	130.606
1853.72	148.187
1854.51	171.606
1855.29	118.709
1856.07	118.639
1856.85	160.556
1857.63	146.789
1858.41	145.721
1859.19	126.144
1859.97	117.316
1860.75	130.903
1861.53	153.261
1862.31	152.274
1863.09	153.247
1863.87	127.949
1864.65	129.882
1865.43	138.597
1866.21	93.824
1866.99	112.219
1867.76	127.667
1868.54	139.22
1869.32	133.333
1870.1	114.886
1870.87	116.815
1871.65	146.853
1872.43	136.218
1873.2	128.485
1873.98	140.114
1874.76	117.833
1875.53	154.629
1876.31	159.477
1877.08	109.147
1877.86	146.965
1878.63	139.274
1879.41	104.437
1880.18	128.709
1880.96	116.131
1881.73	110.332
1882.5	141.377
1883.28	126.862
1884.05	109.446
1884.82	121.135
1885.6	128.952
1886.37	135.798
1887.14	108.655
1887.91	102.861
1888.68	130.09
1889.46	152.48
1890.23	142.83
1891	117.639
1891.77	108.983
1892.54	132.477
1893.31	103.389
1894.08	118.17
1894.85	133.952
1895.62	150.717
1896.39	162.567
1897.16	128.366
1897.93	120.553
1898.7	140.139
1899.47	170.511
1900.24	153.936
1901.01	138.374
1901.77	159.115
1902.54	128.862
1903.31	132.935
1904.08	140.93
1904.84	161.71
1905.61	144.093
1906.38	126.448
1907.14	107.797
1907.91	131.538
1908.68	128.669
1909.44	135.68
1910.21	135.795
1910.97	131.964
1911.74	138.031
1912.51	152.033
1913.27	118.47
1914.03	136.435
1914.8	141.509
1915.56	127.702
1916.33	140.703
1917.09	157.679
1917.85	124.925
1918.62	126.964
1919.38	143.927
1920.14	121.087
1920.9	145.043
1921.67	141.146
1922.43	154.219
1923.19	124.434
1923.95	167.512
1924.71	158.69
1925.47	123.822
1926.24	158.948
1927	149.009
1927.76	117.999
1928.52	140.046
1929.28	152.064
1930.04	103.995
1930.8	142.037
1931.56	142.034
1932.32	143.041
1933.08	152.074
1933.83	136.1
1934.59	149.182
1935.35	156.269
1936.11	133.279
1936.87	143.333
1937.62	117.267
1938.38	145.291
1939.14	138.224
1939.89	165.202
1940.65	153.154
1941.41	123.125
1942.16	137.137
1942.92	120.127
1943.68	155.11
1944.43	159.042
1945.19	145.954
1945.94	162.807
1946.7	161.677
1947.45	107.748
1948.21	151.491
1948.96	165.34
1949.71	161.287
1950.47	150.29
1951.22	123.41
1951.98	149.201
1952.73	128.3
1953.48	164.969
1954.23	138.092
1954.99	165.732
1955.74	140.82
1956.49	147.592
1957.24	127.684
1957.99	172.971
1958.75	152.15
1959.5	143.214
1960.25	157.948
1961	137.207
1961.75	133.2
1962.5	137.045
1963.25	133.004
1964	167.26
1964.75	139.657
1965.5	123.869
1966.25	156.097
1967	167.703
1967.74	159.708
1968.49	141.94
1969.24	162.225
1969.99	151.305
1970.74	136.548
1971.48	128.659
1972.23	166.454
1972.98	148.924
1973.73	160.53
1974.47	155.624
1975.22	149.723
1975.96	139.924
1976.71	149.468
1977.46	129.025
1978.2	154.011
1978.95	149.075
1979.69	144.183
1980.44	159.575
1981.18	166.312
1981.93	125.832
1982.67	149.905
1983.41	136.369
1984.16	143.023
1984.9	130.401
1985.64	156.21
1986.39	144.541
1987.13	155.92
1987.87	122.284
1988.61	130.843
1989.36	140.371
1990.1	150.862
1990.84	140.309
1991.58	146.018
1992.32	189.007
1993.06	111.566
1993.81	121.127
1994.55	130.709
1995.29	166.133
1996.03	130.835
1996.77	136.665
1997.51	145.378
1998.24	128.225
1998.98	148.421
1999.72	169.573
2000.46	138.94
2001.2	153.37
2001.94	158.218
2002.68	153.484
2003.41	145.88
2004.15	131.554
2004.89	129.709
2005.63	163.428
2006.36	123.113
2007.1	130.865
2007.84	130.922
2008.57	151.202
2009.31	120.469
2010.05	124.414
2010.78	141.885
2011.52	130.437
2012.25	131.532
2012.99	146.155
2013.72	130.789
2014.46	154.108
2015.19	129.983
2015.92	146.528
2016.66	120.449
2017.39	151.594
2018.13	151.748
2018.86	145.122
2019.59	128.763
2020.32	135.749
2021.06	142.742
2021.79	128.403
2022.52	135.51
2023.25	108.855
2023.98	156.748
2024.72	126.965
2025.45	137.08
2026.18	130.289
2026.91	131.151
2027.64	163.386
2028.37	148.654
2029.1	151.799
2029.83	147.216
2030.56	140.155
2031.29	154.972
2032.02	167.066
2032.75	132.754
2033.47	146.923
2034.2	126.902
2034.93	127.196
2035.66	122.913
2036.39	139.492
2037.11	149.705
2037.84	151.303
2038.57	148.501
2039.3	129.915
2040.02	140.399
2040.75	142.867
2041.47	136.01
2042.2	128.783
2042.93	132.15
2043.65	130.472
2044.38	148.865
2045.1	137.585
2045.83	129.472
2046.55	152.2
2047.28	149.565
2048	144.748
2048.73	119.317
2049.45	142.177
2050.17	147.824
2050.9	148.612
2051.62	147.567
2052.34	136.488
2053.07	145.636
2053.79	139.398
2054.51	150.78
2055.23	156.158
2055.95	160.064
2056.68	138.241
2057.4	138.533
2058.12	141.646
2058.84	171.246
2059.56	145.149
2060.28	141.401
2061	133.91
2061.72	154.169
2062.44	138.362
2063.16	136.776
2063.88	149.296
2064.6	144.859
2065.32	146.677
2066.03	160.395
2066.75	162.975
2067.47	136.469
2068.19	151.035
2068.91	161.102
2069.62	145.984
2070.34	150.007
2071.06	135.556
2071.77	159.974
2072.49	160.765
2073.21	159.203
2073.92	151.944
2074.64	135.659
2075.36	135.478
2076.07	145.761
2076.79	134.438
2077.5	154.055
2078.22	141.573
2078.93	138.283
2079.64	148.644
2080.36	146.093
2081.07	137.63
2081.79	150.925
2082.5	157.49
2083.21	160.643
2083.93	158.647
2084.64	150.855
2085.35	156.953
2086.07	143.086
2086.78	117.143
2087.49	166.999
2088.2	141.728
2088.91	141.795
2089.62	140.433
2090.33	152.03
2091.04	147.206
2091.76	136.044
2092.47	143.753
2093.18	135.328
2093.89	155.963
2094.6	149.024
2095.3	161.712
2096.01	164.174
2096.72	146.418
2097.43	152.372
2098.14	149.249
2098.85	147.64
2099.56	148.474
2100.09	126.245
2100.87	160.798
2101.65	133.074
2102.43	169.593
2103.21	161.631
2103.99	158.585
2104.77	166.36
2105.55	136.633
2106.32	133.53
2107.1	147.154
2107.88	163.728
2108.66	148.901
2109.44	164.565
2110.22	150.803
2110.99	166.483
2111.77	137.958
2112.55	160.392
2113.33	179.795
2114.1	169.803
2114.88	170.611
2115.66	142.183
2116.43	130.428
2117.21	174.351
2117.99	186.07
2118.76	143.103
2119.54	170.39
2120.31	187.88
2121.09	173.165
2121.86	175.035
2122.64	151.581
2123.41	167.113
2124.19	150.515
2124.96	156.332
2125.74	160.224
2126.51	145.645
2127.28	171.99
2128.06	164.254
2128.83	176
2129.61	166.28
2130.38	156.539
2131.15	159.465
2131.92	168.248
2132.7	173.144
2133.47	152.691
2134.24	183.949
2135.01	163.491
2135.78	151.805
2136.55	147.926
2137.33	145.03
2138.1	147.029
2138.87	170.552
2139.64	172.605
2140.41	141.405
2141.18	165.028
2141.95	174
2142.72	190.841
2143.49	141.886
2144.26	176.388
2145.03	183.371
2145.8	142.129
2146.57	168.791
2147.33	168.907
2148.1	159.189
2148.87	165.267
2149.64	187.167
2150.41	125.011
2151.17	142.914
2151.94	143.988
2152.71	152.994
2153.48	128.307
2154.24	144.3
2155.01	132.516
2155.78	153.543
2156.54	136.768
2157.31	156.835
2158.08	136.017
2158.84	107.161
2159.61	164.189
2160.37	142.277
2161.14	150.34
2161.9	141.396
2162.67	165.501
2163.43	136.56
2164.2	153.741
2164.96	145.878
2165.72	166.154
2166.49	140.155
2167.25	166.456
2168.01	139.328
2168.78	143.405
2169.54	166.641
2170.3	154.594
2171.07	141.553
2171.83	153.782
2172.59	125.598
2173.35	165.181
2174.11	131.872
2174.88	164.367
2175.64	151.227
2176.4	147.181
2177.16	126.969
2177.92	147.327
2178.68	156.562
2179.44	150.609
2180.2	149.743
2180.96	161.075
2181.72	143.94
2182.48	169.496
2183.24	130.941
2184	151.383
2184.76	174.87
2185.52	182.062
2186.28	153.622
2187.04	148.598
2187.79	156.815
2188.55	173.186
2189.31	159.01
2190.07	186.591
2190.83	176.484
2191.58	206.107
2192.34	175.614
2193.1	159.372
2193.85	173.677
2194.61	167.577
2195.37	195.047
2196.12	185.832
2196.88	195.934
2197.63	214.16
2198.39	175.525
2199.15	171.474
2199.9	168.467
2200.66	205.057
2201.41	178.697
2202.16	175.654
2202.92	172.58
2203.67	175.57
2204.43	179.572
2205.18	191.693
2205.93	179.56
2206.69	160.384
2207.44	171.588
2208.19	155.463
2208.95	167.657
2209.7	184.875
2210.45	165.644
2211.2	138.328
2211.95	186.816
2212.71	164.566
2213.46	160.51
2214.21	169.569
2214.96	151.388
2215.71	180.575
2216.46	173.457
2217.21	192.492
2217.96	170.267
2218.71	179.206
2219.46	186.128
2220.21	199.071
2220.96	175.964
2221.71	165.928
2222.46	163.925
2223.21	167.927
2223.96	170.909
2224.71	212.839
2225.46	187.774
2226.21	214.628
2226.95	200.57
2227.7	193.528
2228.45	199.461
2229.2	191.465
2229.94	212.335
2230.69	228.214
2231.44	256.007
2232.18	278.804
2232.93	264.824
2233.68	312.382
2234.42	306.29
2235.17	289.279
2235.92	285.165
2236.66	309.779
2237.41	324.504
2238.15	277.948
2238.9	330.299
2239.64	312.468
2240.38	317.364
2241.13	295.582
2241.87	269.857
2242.62	277.691
2243.36	224.376
2244.1	241.093
2244.85	232.181
2245.59	221.312
2246.33	213.41
2247.08	158.284
2247.82	221.241
2248.56	209.41
2249.3	180.867
2250.05	188.683
2250.79	193.542
2251.53	194.478
2252.27	217.007
2253.01	214.062
2253.75	183.705
2254.49	179.839
2255.23	166.184
2255.97	204.486
2256.71	218.279
2257.45	179.117
2258.19	171.306
2258.93	180.137
2259.67	190.91
2260.41	155.661
2261.15	150.799
2261.89	176.316
2262.63	170.539
2263.36	189.276
2264.1	187.459
2264.84	181.712
2265.58	176.924
2266.32	188.787
2267.05	176.099
2267.79	209.504
2268.53	167.36
2269.26	195.849
2270	217.482
2270.74	167.532
2271.48	167.629
2272.21	137.32
2272.95	184.58
2273.68	182.774
2274.42	178.024
2275.15	181.137
2275.89	166.526
2276.62	203.098
2277.36	170.716
2278.09	188.559
2278.83	189.641
2279.56	204.518
2280.29	195.729
2281.03	182.994
2281.76	187.029
2282.49	204.892
2283.23	185.285
2283.96	212.097
2284.69	175.724
2285.42	209.514
2286.16	198.807
2286.89	191.026
2287.62	162.417
2288.35	166.457
2289.08	199.22
2289.81	198.339
2290.55	178.665
2291.28	188.754
2292.01	192.928
2292.74	180.231
2293.47	205.293
2294.2	168.682
2294.93	182.778
2295.66	183.906
2296.39	173.049
2297.11	153.2
2297.85	196.131
2298.57	190.247
2299.3	186.384
2300.03	176.562
2300.76	163.751
2301.49	152.922
2302.22	168.061
2302.94	169.192
2303.67	181.315
2304.4	172.424
2305.12	200.589
2305.85	193.733
2306.58	190.891
2307.31	177.012
2308.03	199.235
2308.76	202.381
2309.48	166.34
2310.21	208.63
2310.93	160.51
2311.66	180.726
2312.38	172.814
2313.11	144.779
2313.83	178.121
2314.56	207.449
2315.28	184.393
2316.01	191.539
2316.73	170.472
2317.45	199.809
2318.18	185.817
2318.9	162.744
2319.62	184.058
2320.35	181.147
2321.07	184.279
2321.79	160.129
2322.52	193.555
2323.24	181.528
2323.96	161.417
2324.68	151.408
2325.4	156.561
2326.12	142.488
2326.84	128.401
2327.56	133.53
2328.29	121.458
2329.01	124.571
2329.73	98.3354
2330.45	121.713
2331.17	129.911
2331.89	160.4
2332.61	153.388
2333.32	165.617
2334.04	145.402
2334.76	178.902
2335.48	153.625
2336.2	175.997
2336.92	185.207
2337.64	146.769
2338.35	155.981
2339.07	190.548
2339.79	188.593
2340.51	163.301
2341.23	172.511
2341.94	159.416
2342.66	167.653
2343.37	189.111
2344.09	182.126
2344.81	189.338
2345.52	131.458
2346.24	144.695
2346.95	170.091
2347.67	165.009
2348.38	174.164
2349.1	173.207
2349.82	172.29
2350.53	164.289
2351.24	141.042
2351.96	175.702
2352.67	156.465
2353.39	150.413
2354.1	166.703
2354.81	171.802
2355.53	174.872
2356.24	158.657
2356.95	158.709
2357.66	178.072
2358.38	162.914
2359.09	173.16
2359.8	179.355
2360.51	161.17
2361.22	163.322
2361.94	196.013
2362.65	171.735
2363.36	174.93
2364.07	176.075
2364.78	188.408
2365.49	192.56
2366.2	194.646
2366.91	179.391
2367.62	200.825
2368.33	164.186
2369.04	171.378
2369.75	177.562
2370.46	192.921
2371.16	198.089
2371.87	192.041
2372.58	170.701
2373.29	163.633
2374	172.878
2374.71	164.795
2375.41	183.219
2376.12	152.698
2376.83	185.396
2377.53	188.53
2378.24	194.735
2378.95	209.113
2379.65	180.642
2380.36	189.913
2381.07	205.293
2381.77	183.914
2382.48	195.194
2383.18	211.597
2383.89	233.145
2384.59	231.254
2385.3	200.765
2386	219.309
2386.71	194.873
2387.41	161.18
2388.12	198.008
2388.82	220.487
2389.52	192.9
2390.23	169.439
2390.93	176.655
2391.63	229.864
2392.34	195.2
2393.04	184.013
2393.74	197.328
2394.44	229.018
2395.15	249.483
2395.85	213.811
2396.55	194.505
2397.25	237.539
2397.95	175.288
2398.65	178.415
2399.35	198.879
2400.05	200.913
2400.75	239.695
2401.45	214.15
2402.15	213.14
2402.85	208.083
2403.55	190.81
2404.25	213.36
2404.95	217.552
2405.65	229.915
2406.35	216.735
2407.05	198.43
2407.75	214.85
2408.44	227.185
2409.14	204.786
2409.84	234.512
2410.54	242.78
2411.24	201.968
2411.93	166.243
2412.63	219.426
2413.33	192.862
2414.02	198.989
2414.72	210.213
2415.42	222.455
2416.11	210.21
2416.81	227.568
2417.5	232.696
2418.2	227.644
2418.9	223.628
2419.59	181.875
2420.28	221.712
2420.98	208.479
2421.67	245.176
2422.37	205.388
2423.06	208.414
2423.75	206.372
2424.45	242.042
2425.14	215.659
2425.84	211.711
2426.53	198.602
2427.22	209.936
2427.91	194.736
2428.61	226.39
2429.3	219.255
2429.99	226.346
2430.68	206.927
2431.37	230.244
2432.07	207.784
2432.76	218.897
2433.45	208.711
2434.14	185.377
2434.83	199.638
2435.52	198.692
2436.21	209.922
2436.9	211.99
2437.59	215.033
2438.28	227.164
2438.97	217.976
2439.66	232.099
2440.35	212.818
2441.04	197.627
2441.72	204.725
2442.41	194.628
2443.1	205.767
2443.79	221.94
2444.48	234.045
2445.16	244.12
2445.85	187.553
2446.54	185.56
2447.23	188.633
2447.91	193.734
2448.6	223.056
2449.29	222.082
2449.97	232.193
2450.66	196.894
2451.34	238.274
2452.03	213.091
2452.72	220.199
2453.4	230.335
2454.09	230.37
2454.77	221.301
2455.46	176.933
2456.14	245.376
2456.82	213.089
2457.51	199.967
2458.19	196.945
2458.88	246.233
2459.56	231.218
2460.24	247.392
2460.92	247.491
2461.61	248.594
2462.29	236.612
2462.97	259.821
2463.66	256.853
2464.34	229.719
2465.02	250.834
2465.7	241.759
2466.38	238.708
2467.06	247.714
2467.75	227.62
2468.42	247.715
2469.11	247.768
2469.79	252.873
2470.47	233.906
2471.15	267.157
2471.83	263.249
2472.51	260.322
2473.19	229.24
2473.86	239.325
2474.54	264.462
2475.22	219.297
2475.9	238.424
2476.58	235.483
2477.26	252.656
2477.94	230.677
2478.61	225.776
2479.29	225.893
2479.97	224.988
2480.65	199.93
2481.32	222.127
2482	209.122
2482.68	243.399
2483.35	210.287
2484.03	223.451
2484.71	220.507
2485.38	237.67
2486.06	199.469
2486.73	237.722
2487.41	222.656
2488.08	252.869
2488.76	245.901
2489.43	217.839
2490.11	221.987
2490.78	255.344
2491.45	200.101
2492.13	251.597
2492.8	223.498
2493.48	221.581
2494.15	254.946
2494.82	237.918
2495.49	244.102
2496.17	231.143
2496.84	226.27
2497.51	241.605
2498.18	248.855
2498.86	228.77
2499.53	226.842
2500.2	239.045
2500.87	250.226
2501.54	248.274
2502.21	242.316
2502.88	237.412
2503.55	259.885
2504.22	249.958
2504.89	269.407
2505.56	263.466
2506.23	271.688
2506.9	268.731
2507.57	268.825
2508.24	265.902
2508.91	256.913
2509.58	247.93
2510.25	264.336
2510.91	273.604
2511.58	241.152
2512.25	305.298
2512.92	251.477
2513.59	260.735
2514.25	270.024
2514.92	242.687
2515.59	256.068
2516.25	268.428
2516.92	265.49
2517.59	268.644
2518.25	265.668
2518.92	242.298
2519.58	268.879
2520.25	258.775
2520.91	253.787
2521.58	279.43
2522.24	255.112
2522.91	267.554
2523.57	280.021
2524.24	279.203
2524.9	238.47
2525.56	249.88
2526.23	265.381
2526.89	299.32
2527.55	265.649
2528.22	262.69
2528.88	259.708
2529.54	276.175
2530.21	279.295
2530.87	249.615
2531.53	282.474
2532.19	271.308
2532.85	289.932
2533.51	296.307
2534.18	289.356
2534.84	269.013
2535.5	279.43
2536.16	292.863
2536.82	251.762
2537.48	277.428
2538.14	274.324
2538.8	284.604
2539.46	249.758
2540.12	264.249
2540.78	257.213
2541.44	283.085
2542.09	268.867
2542.75	267.988
2543.41	282.504
2544.07	265.067
2544.73	277.42
2545.39	300
2546.04	279.355
2546.7	303.927
2547.36	262.781
2548.02	269.95
2548.67	302.819
2549.33	295.7
2549.98	311.188
2550.64	293.836
2551.3	312.415
2551.95	309.432
2552.61	307.477
2553.26	311.687
2553.92	290.204
2554.57	297.458
2555.23	320.076
2555.88	304.634
2556.54	326.112
2557.19	315.747
2557.85	303.354
2558.5	315.602
2559.15	355.552
2559.81	360.708
2560.46	364.873
2561.11	331.138
2561.77	336.32
2562.42	329.17
2563.07	325.049
2563.72	351.599
2564.37	377.074
2565.03	343.214
2565.68	355.426
2566.33	344.185
2566.98	342.206
2567.63	346.396
2568.28	351.607
2568.93	372.112
2569.58	362.904
2570.23	303.577
2570.88	343.364
2571.53	389.275
2572.18	384.186
2572.83	355.666
2573.48	386.393
2574.13	340.526
2574.78	363.045
2575.43	359.994
2576.07	359.977
2576.72	357.908
2577.37	367.065
2578.02	368.065
2578.67	342.549
2579.31	329.265
2579.96	330.232
2580.61	331.173
2581.26	335.157
2581.9	355.438
2582.55	327.934
2583.19	363.572
2583.84	384.009
2584.49	337.326
2585.13	344.558
2585.78	361.919
2586.42	310.007
2587.07	378.073
2587.71	339.283
2588.36	338.102
2589	330.849
2589.65	351.032
2590.29	353
2590.93	330.691
2591.58	346.951
2592.22	316.615
2592.86	354.227
2593.51	361.454
2594.15	343.342
2594.79	318.125
2595.43	356.828
2596.07	336.647
2596.72	322.514
2597.36	386.506
2598	335.745
2598.64	312.38
2599.28	346.847
2599.92	327.571
2600.56	329.632
2601.2	368.236
2601.85	347.032
2602.49	359.295
2603.13	355.309
2603.76	337.093
2604.4	366.525
2605.04	378.703
2605.68	323.968
2606.32	342.249
2606.96	348.362
2607.6	383.853
2608.24	312.902
2608.88	353.399
2609.51	362.469
2610.15	353.33
2610.79	318.933
2611.43	330.148
2612.06	316.101
2612.7	341.586
2613.34	317.444
2613.97	327.744
2614.61	334.99
2615.25	369.607
2615.88	336.25
2616.52	342.453
2617.15	343.589
2617.79	322.402
2618.42	346.908
2619.06	354.161
2619.69	329.913
2620.33	365.59
2620.96	350.438
2621.6	343.393
2622.23	340.406
2622.86	347.591
2623.5	334.47
2624.13	342.719
2624.76	348.956
2625.4	324.681
2626.03	325.816
2626.66	325.912
2627.29	369.748
2627.93	349.473
2628.56	368.901
2629.19	349.679
2629.82	327.418
2630.45	370.344
2631.08	332.803
2631.71	363.51
2632.34	326.937
2632.98	339.279
2633.61	382.225
2634.24	367.074
2634.87	355.008
2635.5	392.97
2636.12	370.714
2636.75	356.606
2637.38	368.022
2638.01	383.518
2638.64	345.828
2639.27	407.318
2639.9	389.016
2640.53	391.149
2641.15	395.31
2641.78	379.001
2642.41	380.091
2643.04	362.785
2643.66	416.118
2644.29	383.516
2644.92	392.891
2645.54	383.829
2646.17	378.836
2646.8	410.693
2647.42	384.118
2648.05	398.505
2648.67	400.593
2649.3	384.253
2649.92	380.233
2650.55	390.59
2651.17	385.61
2651.8	440.122
2652.42	431.1
2653.05	411.809
2653.67	399.669
2654.29	437.793
2654.92	414.282
2655.54	414.349
2656.16	418.507
2656.79	432.937
2657.41	438.975
2658.03	429.502
2658.65	456.833
2659.27	434.449
2659.9	443.969
2660.52	438.561
2661.14	456.132
2661.76	443.773
2662.38	475.443
2663	449.305
2663.62	438.546
2664.24	430.399
2664.86	462.48
2665.48	471.331
2666.1	482.549
2666.72	447.726
2667.34	469.838
2667.96	460.347
2668.58	464.452
2669.2	466.504
2669.82	468.807
2670.44	459.895
2671.05	471.912
2671.67	482.526
2672.29	494.591
2672.91	495.574
2673.53	497.181
2674.14	511.833
2674.76	497.745
2675.38	491.281
2675.99	513.553
2676.61	518.916
2677.23	558.707
2677.84	565.53
2678.46	596.215
2679.07	617.45
2679.69	630.638
2680.3	675.067
2680.92	709.968
2681.53	719.536
2682.15	802.795
2682.76	812.301
2683.38	835.783
2683.99	861.47
2684.61	849.394
2685.22	822.804
2685.83	810.224
2686.44	810.102
2687.06	800.542
2687.67	782.468
2688.28	816.883
2688.9	813.48
2689.51	798.746
2690.12	838.046
2690.73	842.832
2691.34	856.137
2691.96	845.848
2692.57	866.789
2693.18	845.531
2693.79	865.163
2694.4	878.461
2695.01	899.018
2695.62	878.169
2696.23	880.391
2696.84	864.249
2697.45	883.341
2698.06	856.762
2698.67	888.917
2699.28	886.34
2699.88	843.099
2700.49	878.685
2701.1	882.361
2701.71	883.595
2702.32	883.559
2702.93	887.109
2703.53	872.565
2704.14	910.371
2704.75	902.757
2705.36	884.673
2705.96	907.286
2706.57	919.945
2707.17	929.105
2707.78	934.831
2708.39	947.946
2708.99	954.939
2709.6	984.386
2710.2	985.276
2710.81	986.957
2711.41	1018.37
2712.02	1021.98
2712.62	1026.15
2713.23	1014.43
2713.83	1018.2
2714.44	1033.3
2715.04	1031.17
2715.64	1062.11
2716.25	1092.86
2716.85	1086.44
2717.45	1085.38
2718.05	1079.11
2718.66	1096.61
2719.26	1114.04
2719.86	1113.47
2720.46	1122.93
2721.06	1139.26
2721.67	1146.97
2722.27	1164.1
2722.87	1171.28
2723.47	1204.36
2724.07	1204.18
2724.67	1193.35
2725.27	1189.63
2725.71	1178.98
2726.38	1239.86
2727.06	1228.26
2727.73	1241.97
2728.4	1231.21
2729.07	1230.69
2729.74	1235.43
2730.42	1285.1
2731.09	1311.67
2731.76	1273.44
2732.43	1280.06
2733.1	1300.97
2733.77	1275.03
2734.44	1280.5
2735.11	1321.41
2735.78	1337.71
2736.45	1296.82
2737.12	1332.13
2737.79	1393.78
2738.46	1367.92
2739.13	1384.83
2739.8	1340.9
2740.47	1313.47
2741.14	1390.99
2741.81	1341.64
2742.47	1343.26
2743.14	1351.01
2743.81	1321.03
2744.48	1335.73
2745.15	1337.1
2745.81	1247.7
2746.48	1277.54
2747.15	1226.91
2747.81	1250.73
2748.48	1294.92
2749.15	1245.16
2749.81	1296.21
2750.48	1293.02
2751.15	1262.19
2751.81	1257.94
2752.48	1280.41
2753.14	1277.69
2753.81	1187.49
2754.47	1190.25
2755.14	1111.2
2755.8	1115.67
2756.47	1139.31
2757.13	1107.57
2757.8	1084.97
2758.46	1053.24
2759.13	1033.93
2759.79	1028.08
2760.45	1028.47
2761.12	1003.25
2761.78	1042.32
2762.44	1025.97
2763.1	1035.06
2763.77	1024.7
2764.43	1032.87
2765.09	1035.08
2765.76	1028.3
2766.42	1064.68
2767.08	1055.07
2767.74	1082.32
2768.4	1084.87
2769.06	1098.58
2769.72	1105
2770.38	1142.11
2771.05	1160.74
2771.71	1166.08
2772.37	1174.59
2773.03	1207.87
2773.69	1260.77
2774.35	1329.11
2775.01	1381.97
2775.67	1437.77
2776.33	1510.89
2776.99	1542.8
2777.64	1611.75
2778.3	1737.37
2778.96	1769.54
2779.62	1861.43
2780.28	1893.59
2780.94	1914.27
2781.59	1927.61
2782.25	1947.12
2782.91	1916.36
2783.57	1929.08
2784.22	1873.12
2784.88	1908.95
2785.54	1859.25
2786.2	1831.91
2786.85	1863.84
2787.51	1858.21
2788.16	1831.7
2788.82	1841.26
2789.48	1808.93
2790.13	1897.51
2790.79	1823.93
2791.44	1895.78
2792.1	1905.82
2792.75	1948.53
2793.41	1922.75
2794.06	1996.52
2794.72	1995.82
2795.37	1961.07
2796.02	2076.68
2796.68	2054.53
2797.33	2071.71
2797.98	2112.77
2798.64	2149.91
2799.29	2149.12
2799.94	2123.72
2800.6	2199.22
2801.25	2219.18
2801.9	2254.58
2802.55	2273.45
2803.21	2324.13
2803.86	2361.26
2804.51	2336.42
2805.16	2383.51
2805.81	2424.38
2806.46	2395.28
2807.11	2564.88
2807.77	2615.08
2808.42	2526.26
2809.07	2651.33
2809.72	2633.16
2810.37	2702.26
2811.02	2769.22
2811.67	2875.4
2812.32	2820.52
2812.97	2818.4
2813.61	2881.29
2814.26	2916.61
2814.91	2931.4
2815.56	2970.78
2816.21	3053.2
2816.86	3116.93
2817.51	3139.34
2818.15	3215.98
2818.8	3185.51
2819.45	3225.83
2820.1	3286.73
2820.74	3323.29
2821.39	3310.01
2822.04	3440.95
2822.69	3486.81
2823.33	3518.08
2823.98	3564.21
2824.63	3568.61
2825.27	3658.79
2825.92	3684.15
2826.56	3753.89
2827.21	3816.92
2827.85	3895.9
2828.5	3891.17
2829.14	3921.62
2829.79	3962.56
2830.43	3998.55
2831.08	4027.47
2831.72	4059.44
2832.37	4076.84
2833.01	4158.64
2833.65	4224.64
2834.3	4194.67
2834.94	4288.71
2835.58	4307.44
2836.23	4281.79
2836.87	4392.7
2837.51	4393.88
2838.16	4443.78
2838.8	4534.29
2839.44	4574.03
2840.08	4598.6
2840.72	4632.27
2841.36	4709.61
2842.01	4754.61
2842.65	4810.63
2843.29	4790.66
2843.93	4955.75
2844.57	4990.6
2845.21	5097.46
2845.85	5135.54
2846.49	5263.15
2847.13	5341.87
2847.77	5276.44
2848.41	5440.71
2849.05	5416.06
2849.69	5483.48
2850.33	5565.3
2850.97	5457.64
2851.61	5497.01
2852.24	5526.71
2852.88	5605.05
2853.52	5733.76
2854.16	5758.08
2854.8	5659.15
2855.43	5682.76
2856.07	5754.25
2856.71	5852.65
2857.35	5934.83
2857.98	5949.92
2858.62	5972.7
2859.26	6071.58
2859.89	6243.58
2860.53	6437.89
2861.16	6476.57
2861.8	6620.45
2862.44	6789.09
2863.07	6983.81
2863.71	7154.7
2864.34	7355.85
2864.98	7510.26
2865.61	7710.56
2866.25	8044.02
2866.88	8156.73
2867.52	8255.45
2868.15	8444.36
2868.78	8597.84
2869.42	8912.25
2870.05	8965.37
2870.69	9308.2
2871.32	9422.31
2871.95	9658.11
2872.58	9835.63
2873.22	10052.1
2873.85	10263.6
2874.48	10315.1
2875.11	10588.2
2875.75	10725.2
2876.38	10840.5
2877.01	10764
2877.64	10839.9
2878.27	10956.3
2878.9	10800.6
2879.53	10820.5
2880.16	10784.2
2880.79	10745.2
2881.42	10564.4
2882.05	10461.3
2882.68	10557
2883.31	10383.4
2883.94	10518.4
2884.57	10369.7
2885.2	10446
2885.83	10359.1
2886.46	10454.2
2887.09	10451.6
2887.72	10403.4
2888.35	10487.6
2888.97	10462.4
2889.6	10491.8
2890.23	10523.6
2890.86	10605.4
2891.49	10635.5
2892.11	10575.2
2892.74	10523.2
2893.37	10714.8
2893.99	10743.8
2894.62	10872.1
2895.25	10837
2895.87	11047
2896.5	10997.5
2897.12	11060
2897.75	11216.7
2898.38	11288.6
2899	11287.5
2899.63	11512.1
2900.25	11588.8
2900.88	11733.1
2901.5	11787.5
2902.12	11947.3
2902.75	11946.6
2903.37	12076.9
2904	12104.2
2904.62	12190.6
2905.25	12254.9
2905.87	12387.7
2906.49	12496.3
2907.11	12593.4
2907.74	12502
2908.36	12652.1
2908.98	12730.6
2909.6	12725
2910.23	12852.4
2910.85	12825.6
2911.47	12836.1
2912.09	12701.9
2912.71	12896.8
2913.33	12779.3
2913.96	12790.8
2914.58	12687.6
2915.2	12540.3
2915.82	12450.7
2916.44	12500
2917.06	12330.2
2917.68	12364.2
2918.3	12099.8
2918.92	12174.7
2919.54	11948.1
2920.16	12013.2
2920.77	11843.6
2921.39	11846.5
2922.01	11768.8
2922.63	11668.5
2923.25	11718.5
2923.87	11630.5
2924.48	11706.4
2925.1	11639
2925.72	11808.3
2926.34	11806.3
2926.95	11874.9
2927.57	11902.5
2928.19	11827.7
2928.8	12042
2929.42	12205.4
2930.04	12202.8
2930.65	12466.1
2931.27	12519.1
2931.89	12854.2
2932.5	12971.3
2933.12	13236.7
2933.73	13414.6
2934.35	13707.2
2934.96	13928.2
2935.58	14220.6
2936.19	14388.8
2936.81	14520
2937.42	14615.4
2938.03	14978.8
2938.65	15064.2
2939.26	15093.8
2939.88	14980.7
2940.49	14853.3
2941.1	14787.7
2941.71	14678.4
2942.33	14531.9
2942.94	14309.5
2943.55	13939
2944.17	13595
2944.78	13341.5
2945.39	13126.7
2946	12785.3
2946.61	12507.5
2947.22	12296.1
2947.83	12082.8
2948.45	11923.8
2949.06	11690.1
2949.67	11443.6
2950.28	11309.9
2950.89	11040.3
2951.5	10847.1
2952.11	10615.7
2952.72	10368.9
2953.33	10266.4
2953.94	10075.3
2954.54	9902.13
2955.15	9837.02
2955.76	9537.81
2956.37	9459.5
2956.98	9357.38
2957.59	9134.08
2958.2	9104.27
2958.8	8892.17
2959.41	8859.95
2960.02	8768.02
2960.63	8634.55
2961.23	8444.13
2961.84	8363.5
2962.45	8325.08
2963.05	8174.96
2963.66	8010.75
2964.27	7890.44
2964.87	7790.28
2965.48	7729.51
2966.08	7610.47
2966.69	7502.34
2967.29	7409.58
2967.9	7284.47
2968.5	7182.89
2969.11	7101.44
2969.71	6899
2970.32	6779.03
2970.92	6607.9
2971.53	6601.14
2972.13	6377.26
2972.74	6253.2
2973.34	6092.69
2973.94	6022.5
2974.54	5965.16
2975.15	5764.52
2975.75	5646.11
2976.35	5535.14
2976.96	5456.94
2977.56	5321.77
2978.16	5264.55
2978.76	5073.78
2979.36	4954.72
2979.97	4927.11
2980.57	4841.3
2981.17	4671.27
2981.77	4548.94
2982.37	4510.94
2982.97	4315.33
2983.57	4293.69
2984.17	4175.93
2984.77	4010.79
2985.37	3965.39
2985.97	3863.57
2986.57	3811.5
2987.17	3667.37
2987.77	3625.39
2988.37	3498.86
2988.97	3424.02
2989.57	3383.56
2990.17	3249.63
2990.76	3167.98
2991.36	3165.41
2991.96	3071.95
2992.56	2981.72
2993.16	2928.34
2993.75	2813.31
2994.35	2767.61
2994.95	2743.18
2995.54	2744.31
2996.14	2598.4
2996.74	2586.91
2997.33	2507.31
2997.93	2437.19
2998.52	2422.4
2999.12	2402.48
2999.72	2323.12
3000.31	2315.35
3000.91	2275.84
3001.5	2243.48
3002.1	2205.94
3002.69	2202.03
3003.29	2107.79
3003.88	2108.66
3004.47	2097.21
3005.07	2018.34
3005.66	2037.11
3006.26	1985.58
3006.85	1936.37
3007.44	1910.81
3008.04	1832.76
3008.63	1833.39
3009.22	1742.25
3009.81	1766.78
3010.41	1717.25
3011	1666.75
3011.59	1676.99
3012.18	1626.91
3012.77	1581.09
3013.36	1526.06
3013.96	1519.23
3014.55	1518.5
3015.14	1498.28
3015.73	1473.04
3016.32	1456.15
3016.91	1481.5
3017.5	1415.24
3018.09	1404.34
3018.68	1412.79
3019.27	1377.85
3019.86	1328.48
3020.45	1335.88
3021.04	1377.47
3021.63	1320.34
3022.22	1345.68
3022.8	1335.89
3023.39	1331.08
3023.98	1274.56
3024.57	1315.98
3025.16	1318.2
3025.74	1282.27
3026.33	1338.18
3026.92	1290.79
3027.5	1337.21
3028.09	1297.84
3028.68	1304.9
3029.26	1344.02
3029.85	1395.7
3030.44	1313.47
3031.02	1334.62
3031.61	1339.34
3032.19	1348.13
3032.78	1314.41
3033.37	1397.29
3033.95	1352.89
3034.54	1390.07
3035.12	1376.6
3035.71	1394.19
3036.29	1396.31
3036.87	1408.78
3037.46	1440.9
3038.04	1446.17
3038.63	1443.26
3039.21	1465.33
3039.79	1448.29
3040.38	1457.26
3040.96	1460.06
3041.54	1427.51
3042.12	1447.52
3042.71	1424.71
3043.29	1472.05
3043.87	1477.76
3044.45	1450.31
3045.03	1508.92
3045.62	1507.76
3046.2	1524.47
3046.78	1573.49
3047.36	1588.45
3047.94	1597.16
3048.52	1683.43
3049.1	1708.43
3049.68	1740.54
3050.26	1788.09
3050.84	1887.37
3051.42	1976.27
3052	1991.63
3052.58	2114.68
3053.16	2142.5
3053.74	2202.51
3054.32	2231.63
3054.89	2301.38
3055.47	2382.79
3056.05	2404.3
3056.63	2391.62
3057.21	2424.37
3057.78	2411.18
3058.36	2446.37
3058.94	2440.81
3059.52	2432.02
3060.09	2408.78
3060.67	2374.35
3061.25	2398.19
3061.82	2409.75
3062.4	2376.77
3062.97	2335.36
3063.55	2375.61
3064.13	2332.82
3064.7	2306.61
3065.28	2228.74
3065.85	2268.13
3066.43	2222.73
3067	2150.38
3067.58	2079.92
3068.15	2097.21
3068.72	2000.26
3069.3	1912.5
3069.87	1877.58
3070.45	1812.89
3071.02	1705.1
3071.59	1655.53
3072.17	1610.25
3072.74	1544.26
3073.31	1441.92
3073.89	1439.73
3074.46	1385.67
3075.03	1397.77
3075.6	1264.2
3076.17	1267.29
3076.74	1203.37
3077.32	1165.42
3077.89	1118.19
3078.46	1131.94
3079.03	1088.66
3079.6	1049.37
3080.17	1003.73
3080.74	966.267
3081.31	971.157
3081.88	952.237
3082.45	919.898
3083.02	904.133
3083.59	931.777
3084.16	863.385
3084.73	834.264
3085.3	866.066
3085.87	855.605
3086.43	828.727
3087	828.783
3087.57	835.116
3088.14	820.845
3088.71	799.313
3089.28	765.312
3089.84	791.104
3090.41	736.316
3090.98	711.451
3091.54	720.645
3092.11	732.935
3092.68	752.435
3093.24	696.622
3093.81	682.071
3094.38	685.063
3094.94	697.354
3095.51	696.262
3096.07	692.083
3096.64	665.219
3097.2	672.348
3097.77	678.445
3098.33	657.792
3098.9	661.923
3099.46	701.145
3100.03	687.862
3100.59	647.774
3101.15	626.188
3101.72	657.101
3102.28	665.288
3102.84	640.47
3103.41	601.221
3103.97	668.054
3104.53	644.243
3105.1	653.378
3105.66	670.748
3106.22	620.215
3106.78	658.204
3107.34	657.118
3107.91	632.395
3108.47	644.721
3109.03	664.274
3109.59	614.96
3110.15	649.027
3110.71	646.127
3111.27	636.049
3111.83	617.702
3112.39	607.505
3112.95	610.583
3113.51	621.797
3114.07	607.226
3114.63	611.198
3115.19	629.632
3115.75	628.591
3116.31	650.236
3116.87	571.063
3117.43	624.574
3117.98	601.89
3118.54	601.785
3119.1	610.906
3119.66	600.497
3120.22	603.491
3120.77	579.813
3121.33	592.149
3121.89	598.333
3122.44	612.72
3123	599.314
3123.56	554.006
3124.11	605.225
3124.67	597.872
3125.23	596.703
3125.78	587.379
3126.34	601.733
3126.89	577.158
3127.45	609.086
3128	575.34
3128.56	607.297
3129.11	536.531
3129.67	589.996
3130.22	609.518
3130.78	592.014
3131.33	563.174
3131.88	606.176
3132.44	608.091
3132.99	606.936
3133.54	637.612
3134.1	606.779
3134.65	615.996
3135.2	601.658
3135.76	593.496
3136.31	602.779
3136.86	585.384
3137.41	609.01
3137.96	598.766
3138.51	584.402
3139.07	666.456
3139.62	591.555
3140.17	580.258
3140.72	640.77
3141.27	583.338
3141.82	603.861
3142.37	615.142
3142.92	624.351
3143.47	596.628
3144.02	592.497
3144.57	608.905
3145.12	580.248
3145.67	599.844
3146.22	603.08
3146.77	613.517
3147.32	619.832
3147.86	608.647
3148.41	648.719
3148.96	626.105
3149.51	614.732