401.058	1026.71
402.149	1074.14
403.243	1076.98
404.332	1064.63
405.424	1038.09
406.515	994.62
407.606	1067.07
408.697	956.996
409.785	974.024
410.876	908.398
411.967	871.885
413.055	852.156
414.143	797.698
415.233	816.07
416.321	886.452
417.409	878.38
418.499	844.37
419.586	816.164
420.673	815.996
421.761	872.449
422.848	927.168
423.935	1009.7
425.02	990.766
426.106	1045.66
427.193	998.136
428.278	1126.49
429.364	1143.21
430.45	1155.32
431.534	1148.26
432.618	1180.96
433.704	1213.03
434.788	1204
435.871	1145.48
436.955	1225.71
438.038	1197.46
439.123	1088.31
440.204	1160.4
441.287	1118.73
442.37	1060.76
443.452	951.281
444.535	1000.28
445.615	872.851
446.698	888.214
447.78	865.494
448.86	805.707
449.939	682.145
451.021	756.609
452.101	685.017
453.18	713.438
454.262	707.517
455.341	616.067
456.42	563.371
457.499	541.194
458.578	602.538
459.654	567.45
460.733	548.225
461.811	505.832
462.89	546.135
463.966	503.713
465.044	534.726
466.12	537.828
467.197	547.423
468.273	545.781
469.349	467.632
470.426	533.65
471.501	552.907
472.576	574.823
473.651	526.124
474.726	590.836
475.801	511.809
476.876	614.76
477.95	574.881
479.022	641.633
480.097	531.171
481.171	676.464
482.243	640.916
483.317	658.119
484.388	669.733
485.46	689.629
486.533	695.611
487.605	667.407
488.676	701.898
489.747	757.527
490.818	733.113
491.889	859.684
492.959	807.976
494.03	781.219
495.1	793.989
496.171	822.282
497.239	930.276
498.309	833.389
499.379	957.497
500.446	943.127
501.514	942.655
502.584	956.118
503.651	913.054
504.718	888.455
505.788	983.83
506.855	952.94
507.921	983.361
508.988	989.046
510.055	950.785
511.119	960.182
512.186	977.903
513.252	940.737
514.318	1069.56
515.382	1109.58
516.448	1034.08
517.512	1075.17
518.577	1073.22
519.641	1154.16
520.704	1132.28
521.768	1191.53
522.833	1169.73
523.896	1259.46
524.959	1278.87
526.021	1310.89
527.084	1396.2
528.144	1479.43
529.207	1456.33
530.269	1583.21
531.331	1599.65
532.391	1676.84
533.453	1672.17
534.513	1702.89
535.572	1700.09
536.634	1561.19
537.693	1604.78
538.752	1476.94
539.812	1460.57
540.87	1445.3
541.929	1417.35
542.988	1389.7
544.047	1282.91
545.105	1262.62
546.164	1236.34
547.22	1208.6
548.278	1112.22
549.336	1248.03
550.392	1156.91
551.448	1095.81
552.505	1031.2
553.561	1105.66
554.616	1131.76
555.671	1032.06
556.728	1011.42
557.783	1027.79
558.836	975.021
559.891	939.802
560.946	1017.87
562	1001.2
563.055	914.278
564.107	962.904
565.161	916.219
566.213	896.421
567.267	871.039
568.318	860.429
569.37	887.694
570.424	870.615
571.475	896.962
572.526	856.906
573.577	873.146
574.628	896.755
575.679	938.785
576.73	922.834
577.781	925.385
578.829	1025.57
579.88	927.082
580.93	991.486
581.978	922.481
583.026	879.193
584.076	916.793
585.124	853.217
586.172	758.411
587.221	841.899
588.269	848.14
589.316	820.335
590.363	813.586
591.41	840.746
592.457	861.516
593.502	852.203
594.549	890.829
595.595	865.593
596.64	835.96
597.686	842.151
598.73	818.817
599.776	835.641
600.82	819.139
601.864	785.071
602.908	774.972
603.953	796.333
604.997	791.318
606.04	824.223
607.083	767.893
608.125	774.033
609.168	805.79
610.211	831.819
611.253	840.195
612.294	846.706
613.336	844.976
614.377	952.152
615.419	1011.41
616.459	1161.03
617.499	1142.62
618.539	1253.24
619.579	1156.26
620.619	1172.76
621.658	1067.63
622.698	957.048
623.737	1002.36
624.776	998.849
625.815	1087.63
626.852	1170.07
627.891	1326.45
628.928	1384.21
629.966	1406.84
631.003	1485.6
632.041	1427.38
633.077	1476.88
634.114	1368.38
635.15	1262.75
636.185	1238.52
637.221	1187.79
638.257	1112.36
639.292	1098.77
640.328	993.779
641.361	1002.97
642.396	855.164
643.431	845.537
644.464	794.396
645.497	736.913
646.532	746.753
647.564	732.845
648.597	690.585
649.629	679.654
650.663	676.058
651.695	654.907
652.727	708.106
653.757	565.475
654.789	588.23
655.821	555.911
656.852	558.548
657.882	533.745
658.913	560.379
659.942	544.845
660.973	459.582
662.002	500.829
663.031	531.019
664.06	530.1
665.09	468.839
666.119	504.015
667.147	472.382
668.175	494.047
669.201	489.952
670.229	461.785
671.257	478.55
672.285	473.111
673.311	452.925
674.338	486.202
675.363	471.712
676.389	427.803
677.416	431.804
678.441	444.057
679.466	446.991
680.491	467.353
681.515	436.912
682.54	383.424
683.565	439.752
684.589	429.756
685.613	463.21
686.635	382.262
687.659	445.363
688.681	459.533
689.705	456.119
690.727	490.6
691.75	542.662
692.772	518.816
693.793	500.481
694.814	559.884
695.835	511.815
696.856	511.847
697.877	558.131
698.898	512.741
699.918	549.743
700.937	545.116
701.957	534.037
702.978	570.153
703.996	518.37
705.016	520.225
706.034	514.658
707.052	499.834
708.069	509.975
709.087	459.13
710.107	451.76
711.124	472.142
712.139	466.678
713.156	432.579
714.173	433.586
715.19	414.224
716.205	440.076
717.222	427.054
718.238	424.138
719.253	396.292
720.267	436.696
721.283	396.926
722.297	406.954
723.311	424.369
724.325	431.678
725.339	425.219
726.353	431.685
727.366	450.153
728.38	468.654
729.391	543.27
730.404	546.995
731.417	531.309
732.428	547.711
733.441	532.79
734.452	566.542
735.463	592.972
736.475	614.898
737.486	582.811
738.496	556.323
739.506	570.252
740.516	576.837
741.526	617.34
742.534	556.811
743.544	589.85
744.554	626.524
745.561	595.305
746.571	640.26
747.578	633.884
748.587	637.638
749.594	540.524
750.601	584.706
751.608	594.071
752.615	604.404
753.621	567.968
754.628	564.624
755.634	530.997
756.641	573.714
757.647	548.412
758.651	549.805
759.657	582.545
760.663	496.308
761.666	584.391
762.67	580.156
763.676	552.743
764.679	552.959
765.682	582.678
766.686	603.101
767.689	602.257
768.692	543.232
769.694	557.363
770.697	542.048
771.698	548.147
772.7	547.831
773.703	481.577
774.703	515.402
775.703	512.854
776.705	524.082
777.705	531.497
778.705	550.06
779.705	529.692
780.705	557.727
781.704	596.083
782.704	560.13
783.703	578.052
784.702	578.244
785.701	606.278
786.698	581.265
787.697	684.651
788.694	615.983
789.693	697.175
790.689	678.807
791.686	619.414
792.682	644.669
793.68	735.962
794.676	704.312
795.672	706.223
796.666	777.13
797.662	830.474
798.658	865.263
799.653	890.7
800.647	880.582
801.642	944.812
802.636	986.474
803.631	1001.92
804.624	996.851
805.617	1025.29
806.61	1051.85
807.602	953.863
808.595	998.932
809.587	966.862
810.58	910.709
811.572	945.52
812.564	921.098
813.554	954.23
814.546	971.665
815.536	909.485
816.528	924.13
817.518	968.354
818.507	918.2
819.499	1029
820.488	1056.55
821.477	1025.8
822.466	1115.09
823.455	1190.29
824.444	1322.49
825.431	1413.92
826.42	1502.61
827.408	1557.37
828.395	1688.82
829.383	1793.67
830.369	1898.43
831.356	2059.9
832.342	2219.87
833.33	2564.99
834.315	2660.63
835.301	3002.64
836.287	3300.16
837.27	3527.79
838.256	3791.92
839.241	3842.45
840.226	3985.64
841.209	3955.9
842.194	3906.67
843.177	3771.06
844.16	3608.92
845.145	3355.98
846.127	3044.26
847.11	2786.68
848.092	2675.14
849.074	2545.95
850.056	2441.37
851.039	2490.14
852.018	2534.07
853	2608.17
853.982	2675.78
854.962	2800.53
855.941	2951.35
856.923	2945.44
857.902	2930.73
858.881	2804.05
859.86	2654.3
860.839	2424.21
861.818	2218.57
862.797	2096.38
863.776	1947.2
864.754	1864.15
865.733	1816.95
866.709	1664.84
867.687	1611.34
868.664	1511.04
869.642	1536.96
870.618	1425.88
871.594	1417.03
872.569	1385.22
873.545	1363.53
874.521	1305.89
875.496	1335.7
876.471	1277.9
877.447	1261.45
878.42	1216.33
879.395	1212.61
880.37	1167.39
881.343	1131.43
882.315	1118.6
883.29	1136.28
884.262	1050.82
885.235	1004.06
886.207	1039.27
887.179	1020.93
888.151	1044
889.123	986.845
890.095	968.435
891.065	970.349
892.037	1062.63
893.009	1057.23
893.978	1038.92
894.948	1064.89
895.919	1048.52
896.888	1087.56
897.857	1126.69
898.826	1145.56
899.795	1151.42
900.764	1222.66
901.732	1276.15
902.701	1331.29
903.668	1373.41
904.636	1369.41
905.604	1450.35
906.57	1469.68
907.538	1520.58
908.504	1527.45
909.47	1544.68
910.436	1641.45
911.402	1542.6
912.367	1639.47
913.333	1618.91
914.298	1612.03
915.264	1527.33
916.229	1544.28
917.192	1515.95
918.157	1496.08
919.12	1449.49
920.084	1388.13
921.047	1344.31
922.01	1345.8
922.972	1304.52
923.935	1297.44
924.897	1252.31
925.859	1198.85
926.821	1179.78
927.783	1052.16
928.743	1083.24
929.705	1066
930.667	1037.53
931.626	1007.15
932.586	1002.8
933.547	936.244
934.506	887.419
935.466	866.562
936.425	922.082
937.384	875.148
938.343	838.35
939.301	891.91
940.26	879.234
941.217	947.761
942.175	923.044
943.132	880.634
944.09	927.981
945.046	908.991
946.002	876.845
946.96	882.067
947.916	859.119
948.872	922.335
949.828	854.274
950.783	907.117
951.737	869.846
952.692	842.791
953.647	827.845
954.601	790.34
955.556	844.809
956.509	787.742
957.464	836.857
958.417	878.631
959.369	861.295
960.322	848.55
961.275	863.793
962.227	912.643
963.179	864.521
964.132	838.015
965.082	864.225
966.034	869.025
966.984	893.735
967.936	908.216
968.885	905.744
969.837	945.427
970.787	987.727
971.736	882.276
972.686	962.826
973.635	971.014
974.584	971.766
975.533	1007.35
976.48	1055.23
977.429	1120.98
978.378	1078.81
979.325	1094.82
980.273	1121.15
981.22	1123.98
982.166	1198.99
983.113	1222.26
984.061	1269.74
985.007	1277.63
985.953	1325.69
986.897	1344.68
987.843	1376.88
988.789	1441.06
989.734	1435.27
990.678	1473.55
991.623	1537.06
992.567	1613.53
993.51	1854.26
994.453	2035.76
995.398	2406.5
996.341	2991.5
997.284	3514.44
998.227	4043.61
999.168	4387.11
1000.11	4326.18
1001.05	4038.21
1001.99	3397.61
1002.94	2697.88
1003.88	2160.57
1004.82	1715.65
1005.76	1478.51
1006.7	1337.31
1007.64	1228.61
1008.58	1133.72
1009.52	1096.43
1010.46	1076.68
1011.4	1093.21
1012.34	1030.66
1013.27	1036.3
1014.21	1038.49
1015.15	1037.19
1016.09	1071.45
1017.03	1125.35
1017.96	1127.81
1018.9	1069.37
1019.84	1205.95
1020.77	1278.97
1021.71	1259.58
1022.65	1329.13
1023.58	1448.55
1024.52	1597.39
1025.45	1680.19
1026.39	1874.6
1027.32	2001.54
1028.26	2129.2
1029.19	2129.92
1030.12	2120.15
1031.06	2070.05
1031.99	1968.55
1032.92	1822.2
1033.86	1744.59
1034.79	1648.16
1035.72	1564.71
1036.65	1533.75
1037.59	1482.75
1038.52	1426.83
1039.45	1408.56
1040.38	1405.38
1041.31	1376.68
1042.24	1368.72
1043.17	1441.97
1044.1	1380.94
1045.03	1391.75
1045.96	1406.46
1046.89	1446
1047.82	1393.98
1048.75	1377.17
1049.68	1390.79
1050.61	1483.2
1051.53	1496.64
1052.46	1530.69
1053.39	1579.62
1054.32	1537.01
1055.24	1638.86
1056.17	1748.39
1057.1	1805.83
1058.02	1878.72
1058.95	1936.57
1059.88	2061.11
1060.8	2050.4
1061.73	1962.45
1062.65	1972.63
1063.58	1889.5
1064.5	1809.24
1065.43	1871.95
1066.35	1809.37
1067.27	1827.36
1068.2	1833.31
1069.12	1831.21
1070.04	1902.34
1070.97	1850.87
1071.89	1842.78
1072.81	1765.81
1073.73	1775.83
1074.65	1780.26
1075.58	1643.6
1076.5	1770.39
1077.42	1698.78
1078.34	1601.27
1079.26	1613.16
1080.18	1606.03
1081.1	1562.8
1082.02	1485.41
1082.94	1525.88
1083.86	1521.64
1084.78	1451.86
1085.7	1440.07
1086.61	1433.11
1087.53	1400.65
1088.45	1372.99
1089.37	1356.73
1090.28	1394.45
1091.2	1386.52
1092.12	1416.39
1093.03	1383.7
1093.95	1412.64
1094.87	1417.08
1095.78	1412.22
1096.7	1407.48
1097.61	1441.6
1098.53	1429.32
1099.44	1448.21
1100.36	1557.83
1101.27	1553.8
1102.19	1561.98
1103.1	1485.97
1104.01	1484.67
1104.93	1535.42
1105.84	1585.37
1106.75	1636.51
1107.67	1599.1
1108.58	1737.67
1109.49	1694.82
1110.4	1732.14
1111.31	1750.27
1112.22	1742.57
1113.14	1806.6
1114.05	1847.91
1114.96	1936.63
1115.87	2035.95
1116.78	2051.32
1117.69	2087.48
1118.6	2235.95
1119.51	2262.13
1120.42	2392.92
1121.32	2442.32
1122.23	2486.34
1123.14	2503.6
1124.05	2482.02
1124.96	2405.38
1125.86	2328.11
1126.77	2243.11
1127.68	2187.9
1128.58	2129.12
1129.49	1993.7
1130.4	1930.76
1131.3	1886.54
1132.21	1857.53
1133.11	1897.98
1134.02	1995.72
1134.92	1982.13
1135.83	2040
1136.73	2085.73
1137.64	2098.22
1138.54	2133.3
1139.44	2147.28
1140.35	2109.83
1141.25	2066.69
1142.15	2028.42
1143.06	1928.48
1143.96	1962.69
1144.86	1874.14
1145.76	1783.48
1146.66	1734.47
1147.57	1661.43
1148.47	1682.56
1149.37	1601.7
1150.27	1586.59
1151.17	1538.18
1152.07	1479.33
1152.97	1461.45
1153.87	1454.02
1154.77	1377.87
1155.67	1311.16
1156.57	1211.98
1157.46	1188.09
1158.36	1060.43
1159.26	1101.52
1160.16	1026.5
1161.05	1071.61
1161.95	920.316
1162.85	927.113
1163.75	869.847
1164.64	860.074
1165.54	913.047
1166.44	876.488
1167.33	797.247
1168.23	778.117
1169.12	786.696
1170.02	765.865
1170.91	790.695
1171.81	803.12
1172.7	772.682
1173.59	791.627
1174.49	787.683
1175.38	773.221
1176.27	830.884
1177.17	884.635
1178.06	842.501
1178.95	891.478
1179.84	903.556
1180.74	901.539
1181.63	901.516
1182.52	868.349
1183.41	911.847
1184.3	936.253
1185.19	888.578
1186.08	827.627
1186.97	887.723
1187.86	890.136
1188.75	918.066
1189.64	918.604
1190.53	960.629
1191.42	992.238
1192.31	956.036
1193.2	1019.79
1194.09	1086.49
1194.97	1005.54
1195.86	1027.3
1196.75	1053.72
1197.64	1010.38
1198.52	1160.87
1199.41	1147.56
1200.29	1002.58
1201.18	958.367
1202.07	951.836
1202.95	976.33
1203.84	895.381
1204.72	883.923
1205.61	901.505
1206.49	847.654
1207.38	869.058
1208.26	836.178
1209.14	834.502
1210.03	771.003
1210.91	773.332
1211.79	731.435
1212.68	739.245
1213.56	768.52
1214.44	769.38
1215.32	749.421
1216.21	731.317
1217.09	763.081
1217.97	738.622
1218.85	787.644
1219.73	800.268
1220.61	767.012
1221.49	809.114
1222.37	885.205
1223.25	931.132
1224.13	975.028
1225.01	1082.9
1225.89	1212.32
1226.77	1287.91
1227.65	1352.27
1228.52	1412.16
1229.4	1433.66
1230.28	1413.86
1231.16	1405.55
1232.03	1371.71
1232.91	1405.96
1233.79	1360.5
1234.66	1365.06
1235.54	1329.59
1236.42	1328.11
1237.29	1292.36
1238.17	1229.06
1239.04	1159.13
1239.92	1035.1
1240.79	1025.11
1241.67	1018.01
1242.54	965.272
1243.41	950.57
1244.29	933.968
1245.16	895.462
1246.03	886.484
1246.91	916.588
1247.78	889.397
1248.65	877.341
1249.52	910.026
1250.4	912.054
1251.27	903.532
1252.14	876.892
1253.01	910.478
1253.88	929.823
1254.75	913.864
1255.62	953.297
1256.49	942.964
1257.36	958.316
1258.23	947.747
1259.1	972.438
1259.97	1011.39
1260.84	1012.13
1261.71	1021.51
1262.57	1028.08
1263.44	1045.23
1264.31	1110.14
1265.18	1145.48
1266.05	1196.08
1266.91	1232.29
1267.78	1331.37
1268.65	1375.01
1269.51	1513.89
1270.38	1603.05
1271.24	1750.2
1272.11	1927.64
1272.97	2093.43
1273.84	2271.39
1274.7	2398.81
1275.57	2557.57
1276.43	2636.76
1277.3	2677.84
1278.16	2693.34
1279.02	2744.09
1279.89	2744.37
1280.75	2723.17
1281.61	2739.89
1282.48	2672.13
1283.34	2625.6
1284.2	2525.7
1285.06	2450.78
1285.92	2352.9
1286.78	2188.65
1287.65	2127.56
1288.51	1998.63
1289.37	1881.78
1290.23	1782.93
1291.09	1706.42
1291.95	1624.9
1292.81	1581.64
1293.67	1474.62
1294.52	1453.35
1295.38	1423.36
1296.24	1370.35
1297.1	1325.52
1297.96	1326.56
1298.81	1259.46
1299.67	1239.61
1300.53	1250.18
1301.39	1247.77
1302.24	1214.28
1303.1	1169.78
1303.95	1156.36
1304.81	1076.26
1305.67	1065.33
1306.52	1043.7
1307.38	1008.32
1308.23	1025.3
1309.09	985.332
1309.94	953.254
1310.8	917.442
1311.65	916.864
1312.5	904.083
1313.35	880.608
1314.21	876.309
1315.06	871.026
1315.91	845.519
1316.77	836.729
1317.62	851.687
1318.47	846.821
1319.32	849.084
1320.17	851.176
1321.02	863.625
1321.87	872.374
1322.73	881.857
1323.57	885.099
1324.43	897.877
1325.28	889.04
1326.13	901.174
1326.97	927.883
1327.82	926.522
1328.67	943.151
1329.52	956.241
1330.37	955.33
1331.22	978.496
1332.06	988.212
1332.91	981.766
1333.76	988.031
1334.61	1001.21
1335.45	1026.76
1336.3	1005.46
1337.15	1011.66
1337.99	1026.56
1338.84	1036.04
1339.68	1053.56
1340.53	1061.93
1341.37	1049.29
1342.22	1066.01
1343.06	1055.88
1343.91	1056.41
1344.75	1090.87
1345.6	1094.82
1346.44	1086.33
1347.28	1099.44
1348.12	1080.59
1348.97	1090.44
1349.81	1081
1350.65	1098.43
1351.49	1097.56
1352.33	1086.54
1353.18	1085.32
1354.02	1112.33
1354.86	1118.77
1355.7	1137.15
1356.54	1185.39
1357.38	1197.58
1358.22	1192.34
1359.06	1164.62
1359.9	1228.33
1360.74	1221.59
1361.58	1236.96
1362.42	1236.9
1363.25	1233.28
1364.09	1200.36
1364.93	1195.09
1365.77	1203.81
1366.6	1183.79
1367.19	1171.48
1368.1	1169.81
1369.01	1171.03
1369.92	1191.85
1370.83	1131.82
1371.74	1165.21
1372.65	1163.06
1373.56	1142.16
1374.47	1137.94
1375.37	1112.06
1376.28	1098.91
1377.19	1112.22
1378.1	1061.57
1379	1044.32
1379.91	1057.48
1380.82	1019.62
1381.72	1028.81
1382.63	1002.62
1383.54	982.215
1384.44	1001.79
1385.35	970.457
1386.25	990.871
1387.16	957.684
1388.06	989.871
1388.97	981.226
1389.87	1000.85
1390.78	1031.18
1391.68	1073.16
1392.59	1082.13
1393.49	1147.27
1394.39	1093.12
1395.3	1091.19
1396.2	1016.66
1397.1	957.676
1398	939.353
1398.91	845.011
1399.81	869.395
1400.71	788.929
1401.61	757.641
1402.52	730.199
1403.42	749.784
1404.32	755.836
1405.22	731.18
1406.12	720.97
1407.02	708.949
1407.92	714.28
1408.82	739.79
1409.72	704.198
1410.62	722.155
1411.52	699.007
1412.42	728.328
1413.32	746.104
1414.21	748.545
1415.11	722.346
1416.01	714.262
1416.91	730.945
1417.81	731.487
1418.71	749.235
1419.6	749.999
1420.5	750.917
1421.4	766.229
1422.29	766.402
1423.19	766.55
1424.09	801.791
1424.98	829.3
1425.88	878.569
1426.77	891.657
1427.67	931.373
1428.56	951.188
1429.46	1038.53
1430.35	1102.21
1431.25	1156.49
1432.14	1225.18
1433.04	1260.78
1433.93	1304.2
1434.82	1342.08
1435.72	1379.15
1436.61	1378.19
1437.5	1426.84
1438.39	1484.14
1439.29	1533.83
1440.18	1569.13
1441.07	1632.97
1441.96	1710.11
1442.85	1767.18
1443.75	1855.06
1444.64	1911.72
1445.53	1991.81
1446.42	1968.64
1447.31	2036.54
1448.2	2032.17
1449.09	2049.48
1449.98	2016.48
1450.87	2039.1
1451.76	2042.65
1452.65	1954.24
1453.54	1935.56
1454.43	1913.4
1455.31	1871.99
1456.2	1821.53
1457.09	1805.25
1457.98	1754.51
1458.87	1739.11
1459.75	1722.7
1460.64	1669.87
1461.53	1663.96
1462.41	1683.68
1463.3	1727.87
1464.19	1761.3
1465.07	1820.51
1465.96	1914.1
1466.85	2020.83
1467.73	2007.05
1468.61	2014.73
1469.5	1945.04
1470.38	1894.98
1471.27	1897.43
1472.15	1825.07
1473.04	1904.01
1473.92	2007.99
1474.8	2035.06
1475.69	2026.18
1476.57	2092.24
1477.45	2062.51
1478.34	2062.3
1479.22	1991.32
1480.1	1971.66
1480.98	1881.47
1481.86	1862.53
1482.75	1917.74
1483.63	1817.05
1484.51	1841.57
1485.39	1700.58
1486.27	1599.96
1487.15	1385.55
1488.03	1146.26
1488.91	986.369
1489.79	905.739
1490.67	796.892
1491.55	751.827
1492.43	664.284
1493.31	654.111
1494.19	594.844
1495.07	525.104
1495.94	536.367
1496.82	461.915
1497.7	475.048
1498.58	464.082
1499.45	457.904
1500.33	432.54
1501.21	432.154
1502.09	382.951
1502.96	408.486
1503.84	409.137
1504.72	406.922
1505.59	385.604
1506.47	371.931
1507.34	388.759
1508.22	372.231
1509.09	344.336
1509.97	352.647
1510.84	365.741
1511.72	357.012
1512.59	342.601
1513.46	326.28
1514.34	333.623
1515.21	321.015
1516.08	299.879
1516.96	323.185
1517.83	326.625
1518.7	312.161
1519.57	318.484
1520.45	273.054
1521.32	315.227
1522.19	296.275
1523.06	304.645
1523.93	284.849
1524.8	266.009
1525.67	268.764
1526.54	281.811
1527.41	268.534
1528.28	264.635
1529.16	266.368
1530.02	258.76
1530.89	286.792
1531.76	265.226
1532.63	266.173
1533.5	260.581
1534.37	242.808
1535.24	258.733
1536.11	273.701
1536.97	272.739
1537.84	255.871
1538.71	281.157
1539.57	255.936
1540.44	254.161
1541.31	255.234
1542.18	254.451
1543.04	256.474
1543.91	285.672
1544.77	237.892
1545.64	245.42
1546.5	281.074
1547.37	236.053
1548.24	229.552
1549.1	239.086
1549.96	247.782
1550.83	252.8
1551.69	234.307
1552.56	256.291
1553.42	227.287
1554.28	253.885
1555.15	238.891
1556.01	212.542
1556.87	220.25
1557.73	225.197
1558.6	236.849
1559.46	229.59
1560.32	240.334
1561.18	193.059
1562.04	236.958
1562.9	225.668
1563.77	241.96
1564.63	214.488
1565.49	247.071
1566.35	224.443
1567.21	231.415
1568.07	238.424
1568.93	271.288
1569.79	241.907
1570.64	257.509
1571.5	240.461
1572.36	235.851
1573.22	269.679
1574.08	270.866
1574.94	283.635
1575.8	295.491
1576.65	301.598
1577.51	349.223
1578.37	323.471
1579.22	365.33
1580.08	405.282
1580.94	418.162
1581.79	466.929
1582.65	449.868
1583.51	425.059
1584.36	413.829
1585.22	407.437
1586.07	348.452
1586.93	322.452
1587.78	321.722
1588.63	355.09
1589.49	307.478
1590.34	294.918
1591.2	348.676
1592.05	366.266
1592.9	387.71
1593.76	406.212
1594.61	433.533
1595.46	472.659
1596.32	540.237
1597.17	586.504
1598.02	660.256
1598.87	743.861
1599.72	801.023
1600.58	897.211
1601.43	900.194
1602.28	873.597
1603.13	844.891
1603.98	789.714
1604.83	747.292
1605.68	639.52
1606.53	540.711
1607.38	503.553
1608.23	429.323
1609.08	409.768
1609.93	389.172
1610.77	358.747
1611.62	365.355
1612.47	356.349
1613.32	334.726
1614.17	332.657
1615.01	301.451
1615.86	290.724
1616.71	280.97
1617.55	285.775
1618.4	293.437
1619.25	262.162
1620.09	316.345
1620.94	302.513
1621.79	269.332
1622.63	278.862
1623.48	255.499
1624.32	257.361
1625.17	299.9
1626.01	279.537
1626.86	309.495
1627.7	281.399
1628.54	275.549
1629.39	289.021
1630.23	333.385
1631.07	298.463
1631.92	308.922
1632.76	312.596
1633.6	323.978
1634.45	294.893
1635.29	304.393
1636.13	319.686
1636.97	353.268
1637.81	357.964
1638.66	353.998
1639.5	350.044
1640.34	334.587
1641.18	349.93
1642.02	373.965
1642.86	375.934
1643.7	379.842
1644.54	366.44
1645.38	370.32
1646.22	347.259
1647.06	368.408
1647.89	386.681
1648.73	385.772
1649.57	377.236
1650.41	368.773
1651.25	366.14
1652.09	351.012
1652.92	396.565
1653.76	401.592
1654.6	388.201
1655.43	373.779
1656.27	386.361
1657.11	317.002
1657.94	374.146
1658.78	398.626
1659.62	339.083
1660.45	352.981
1661.29	374.58
1662.12	360.244
1662.96	352.605
1663.79	352.697
1664.62	355.738
1665.46	351.103
1666.29	338.786
1667.13	333.324
1667.96	353.186
1668.79	341.91
1669.63	327.657
1670.46	335.789
1671.29	323.378
1672.12	308.955
1672.96	300.351
1673.79	301.504
1674.62	311.467
1675.45	302.851
1676.28	294.259
1677.11	290.6
1677.95	276.161
1678.78	273.494
1679.61	257.023
1680.44	299.533
1681.27	259.314
1682.1	260.394
1682.93	260.478
1683.75	281.277
1684.58	281.426
1685.41	307.259
1686.24	265.041
1687.07	259.316
1687.9	249.622
1688.73	276.494
1689.55	293.488
1690.38	272.866
1691.21	249.229
1692.04	282.001
1692.86	267.185
1693.69	287.989
1694.52	250.342
1695.34	294.93
1696.17	273.212
1696.99	289.206
1697.82	302.297
1698.64	289.625
1699.47	288.834
1700.29	281.037
1701.12	307.945
1701.94	311.94
1702.77	303.961
1703.59	311.847
1704.41	331.636
1705.24	345.467
1706.06	383.129
1706.88	338.44
1707.71	376.132
1708.53	394.976
1709.35	361.232
1710.17	443.537
1711	440.484
1711.82	433.423
1712.64	425.337
1713.46	489.561
1714.28	499.29
1715.1	481.348
1715.92	509.002
1716.74	517.874
1717.56	567.276
1718.38	557.186
1719.2	585.504
1720.02	604.757
1720.84	604.187
1721.66	656.935
1722.48	695.021
1723.3	674.208
1724.11	738.29
1724.93	707.822
1725.75	757.994
1726.57	801.979
1727.39	779.726
1728.2	828.148
1729.02	797.911
1729.84	800.234
1730.65	869.4
1731.47	821.959
1732.29	834.345
1733.1	857.414
1733.92	820.643
1734.73	825.9
1735.55	811.6
1736.36	788.591
1737.18	797.888
1737.99	752.588
1738.81	719.988
1739.62	701.006
1740.43	709.243
1741.25	619.208
1742.06	616.813
1742.87	605.733
1743.69	569.482
1744.5	561.433
1745.31	519.46
1746.13	504.669
1746.94	473.44
1747.75	446.145
1748.56	382.128
1749.37	361.728
1750.18	369.41
1750.99	382.885
1751.81	307.364
1752.61	313.092
1753.42	308.195
1754.24	290.761
1755.04	289.787
1755.85	243.41
1756.66	260.793
1757.47	249.15
1758.28	258.714
1759.09	232.531
1759.9	236.273
1760.71	223.65
1761.52	229.393
1762.32	235.182
1763.13	186.063
1763.94	199.597
1764.74	205.41
1765.55	203.5
1766.36	214.122
1767.17	200.663
1767.97	230.623
1768.78	200.829
1769.58	196.121
1770.39	161.476
1771.19	181.844
1772	195.444
1772.8	178.115
1773.61	191.709
1774.41	188.883
1775.22	180.263
1776.02	179.381
1776.83	175.594
1777.63	175.678
1778.43	164.145
1779.23	169.092
1780.04	152.737
1780.84	172.284
1781.64	197.705
1782.44	161.939
1783.25	201.986
1784.05	171.987
1784.85	168.236
1785.65	169.346
1786.45	172.408
1787.25	164.74
1788.05	156.088
1788.86	181.637
1789.65	164.178
1790.46	163.327
1791.25	157.57
1792.05	149.842
1792.85	183.284
1793.65	161.84
1794.45	160.021
1795.25	172.96
1796.05	165.289
1796.85	167.46
1797.64	154.85
1798.44	186.596
1799.24	153.205
1800.04	184.953
1800.83	165.312
1801.63	165.42
1802.43	175.42
1803.22	182.459
1804.02	155.824
1804.82	146.007
1805.61	185.743
1806.41	175.915
1807.2	165.086
1808	182.041
1808.79	161.292
1809.59	157.423
1810.38	186.356
1811.18	185.482
1811.97	177.619
1812.76	144.84
1813.56	141.872
1814.35	166.74
1815.14	160.759
1815.94	189.611
1816.73	166.777
1817.52	156.904
1818.31	171.929
1819.1	160.068
1819.9	158.134
1820.69	158.155
1821.48	149.183
1822.27	185.014
1823.06	154.128
1823.85	137.2
1824.64	161.091
1825.43	165.067
1826.22	177.984
1827.01	148.11
1827.8	179.906
1828.59	145.084
1829.38	187.827
1830.17	162.984
1830.96	160.009
1831.74	174.906
1832.53	171.883
1833.32	154.934
1834.11	153.861
1834.89	137.905
1835.68	151.7
1836.47	157.557
1837.26	143.617
1838.04	165.307
1838.83	138.528
1839.61	160.184
1840.4	172.91
1841.19	158.965
1841.97	169.669
1842.76	165.584
1843.54	175.294
1844.33	176.171
1845.11	135.814
1845.89	160.337
1846.68	146.56
1847.46	103.34
1848.25	159.25
1849.03	164.104
1849.81	156.21
1850.6	179.693
1851.38	146.343
1852.16	140.444
1852.94	170.778
1853.72	175.623
1854.51	176.529
1855.29	158.837
1856.07	162.654
1856.85	169.39
1857.63	165.38
1858.41	151.627
1859.19	130.102
1859.97	150.497
1860.75	157.259
1861.53	150.415
1862.31	171.816
1863.09	164.036
1863.87	161.12
1864.65	157.216
1865.43	142.588
1866.21	146.411
1866.99	157.004
1867.76	156.896
1868.54	151.947
1869.32	152.842
1870.1	147.956
1870.87	167.32
1871.65	138.277
1872.43	160.581
1873.2	151.885
1873.98	158.675
1874.76	169.327
1875.53	171.26
1876.31	174.176
1877.08	141.285
1877.86	142.307
1878.63	170.471
1879.41	152.126
1880.18	145.391
1880.96	160.938
1881.73	137.693
1882.5	177.471
1883.28	129.026
1884.05	159.142
1884.82	121.371
1885.6	146.663
1886.37	184.584
1887.14	141.922
1887.91	176.927
1888.68	130.354
1889.46	158.579
1890.23	159.628
1891	174.319
1891.77	145.275
1892.54	161.017
1893.31	136.84
1894.08	166.307
1894.85	167.49
1895.62	183.313
1896.39	145.279
1897.16	186.452
1897.93	173.752
1898.7	160.06
1899.47	178.691
1900.24	120.016
1901.01	183.81
1901.77	168.309
1902.54	157.708
1903.31	140.194
1904.08	152.135
1904.84	173.912
1905.61	134.644
1906.38	150.498
1907.14	131.865
1907.91	168.445
1908.68	173.497
1909.44	122.285
1910.21	161.92
1910.97	164.049
1911.74	158.272
1912.51	183.194
1913.27	146.688
1914.03	157.736
1914.8	159.852
1915.56	155.995
1916.33	176.966
1917.09	180.043
1917.85	150.286
1918.62	155.322
1919.38	159.361
1920.14	141.508
1920.9	164.481
1921.67	175.543
1922.43	143.784
1923.19	146.922
1923.95	179.041
1924.71	163.238
1925.47	172.397
1926.24	188.54
1927	152.581
1927.76	156.631
1928.52	176.681
1929.28	165.668
1930.04	127.615
1930.8	176.672
1931.56	163.657
1932.32	195.7
1933.08	165.7
1933.83	146.73
1934.59	173.844
1935.35	175.936
1936.11	175.01
1936.87	160.013
1937.62	142.971
1938.38	147.947
1939.14	157.909
1939.89	179.878
1940.65	190.848
1941.41	155.816
1942.16	157.824
1942.92	153.823
1943.68	208.805
1944.43	179.728
1945.19	173.622
1945.94	174.489
1946.7	175.348
1947.45	136.359
1948.21	155.194
1948.96	174.022
1949.71	163.008
1950.47	148.039
1951.22	179.796
1951.98	172.79
1952.73	149.899
1953.48	159.766
1954.23	201.334
1954.99	169.466
1955.74	165.345
1956.49	162.206
1957.24	164.019
1957.99	177.698
1958.75	160.823
1959.5	181.46
1960.25	171.551
1961	158.688
1961.75	143.847
1962.5	149.657
1963.25	166.249
1964	192.625
1964.75	168.929
1965.5	190.372
1966.25	169.662
1967	166.583
1967.74	188.895
1968.49	172.072
1969.24	199.145
1969.99	208.628
1970.74	185.057
1971.48	172.271
1972.23	197.42
1972.98	163.384
1973.73	167.229
1974.47	157.476
1975.22	172.902
1975.96	180.52
1976.71	165.844
1977.46	138.624
1978.2	178.089
1978.95	157.703
1979.69	183.667
1980.44	186.521
1981.18	175.912
1981.93	155.674
1982.67	182.637
1983.41	175.834
1984.16	186.316
1984.9	161.161
1985.64	165.81
1986.39	182.924
1987.13	176.058
1987.87	167.319
1988.61	146.178
1989.36	148.05
1990.1	161.414
1990.84	178.601
1991.58	185.26
1992.32	177.58
1993.06	153.668
1993.81	160.364
1994.55	171.867
1995.29	159.507
1996.03	165.339
1996.77	157.795
1997.51	152.163
1998.24	168.549
1998.98	168.641
1999.72	186.929
2000.46	160.141
2001.2	170.744
2001.94	180.399
2002.68	186.234
2003.41	156.567
2004.15	153.777
2004.89	150.987
2005.63	172.223
2006.36	165.576
2007.1	159.879
2007.84	159.951
2008.57	177.359
2009.31	172.649
2010.05	166.031
2010.78	158.462
2011.52	157.652
2012.25	208.045
2012.99	223.701
2013.72	201.62
2014.46	173.677
2015.19	148.598
2015.92	163.219
2016.66	151.696
2017.39	181.898
2018.13	161.694
2018.86	177.44
2019.59	156.258
2020.32	162.306
2021.06	176.16
2021.79	184.17
2022.52	156.495
2023.25	153.439
2023.98	174.246
2024.72	132.398
2025.45	165.984
2026.18	183.205
2026.91	170.539
2027.64	179.224
2028.37	170.655
2029.1	167.73
2029.83	178.135
2030.56	173.262
2031.29	165.456
2032.02	182.815
2032.75	153.057
2033.47	176.504
2034.2	155.586
2034.93	159.329
2035.66	160.735
2036.39	165.064
2037.11	175.318
2037.84	160.502
2038.57	173.694
2039.3	157.503
2040.02	171.22
2040.75	162.39
2041.47	173.032
2042.2	165.062
2042.93	172.303
2043.65	163.183
2044.38	163.07
2045.1	161.3
2045.83	186.74
2046.55	162.387
2047.28	182.301
2048	174.034
2048.73	172.183
2049.45	167.636
2050.17	174.16
2050.9	172.274
2051.62	172.411
2052.34	167.305
2053.07	158.14
2053.79	159.29
2054.51	160.676
2055.23	185.75
2055.95	180.041
2056.68	152.827
2057.4	180.735
2058.12	183.599
2058.84	183.049
2059.56	188.327
2060.28	188.89
2061	166.385
2061.72	182.773
2062.44	167.245
2063.16	182.812
2063.88	168.128
2064.6	180.5
2065.32	181.067
2066.03	168.045
2066.75	165.874
2067.47	161.134
2068.19	181.461
2068.91	189.101
2069.62	183.597
2070.34	185.435
2071.06	194.85
2071.77	170.103
2072.49	181.688
2073.21	180.317
2073.92	180.109
2074.64	161.819
2075.36	159.616
2076.07	180.218
2076.79	169.787
2077.5	177.052
2078.22	166.717
2078.93	160.015
2079.64	169.211
2080.36	155.139
2081.07	161.336
2081.79	168.895
2082.5	176.883
2083.21	175.001
2083.93	171.526
2084.64	164.522
2085.35	163.252
2086.07	185.161
2086.78	142.935
2087.49	198.059
2088.2	193.236
2088.91	165.427
2089.62	172.328
2090.33	193.528
2091.04	186.949
2091.76	161.653
2092.47	158.314
2093.18	182.234
2093.89	178.552
2094.6	173.486
2095.3	193.84
2096.01	185.413
2096.72	187.254
2097.43	174.28
2098.14	175.064
2098.85	177.585
2099.56	166.409
2100.09	165.608
2100.87	200.146
2101.65	171.42
2102.43	196.071
2103.21	174.271
2103.99	182.079
2104.77	197.728
2105.55	174.87
2106.32	151.05
2107.1	163.673
2107.88	168.44
2108.66	175.215
2109.44	167.309
2110.22	173.179
2110.99	203.578
2111.77	176.017
2112.55	174.893
2113.33	178.612
2114.1	174.49
2114.88	197.766
2115.66	174.203
2116.43	159.51
2117.21	194.646
2117.99	197.579
2118.76	172.182
2119.54	175.063
2120.31	217.915
2121.09	176.858
2121.86	178.726
2122.64	183.524
2123.41	190.279
2124.19	208.729
2124.96	200.907
2125.74	171.696
2126.51	186.331
2127.28	197.103
2128.06	211.789
2128.83	220.624
2129.61	190.438
2130.38	187.523
2131.15	196.3
2131.92	168.028
2132.7	175.849
2133.47	180.759
2134.24	193.484
2135.01	190.595
2135.78	185.747
2136.55	162.346
2137.33	192.658
2138.1	182.949
2138.87	187.916
2139.64	180.197
2140.41	197.939
2141.18	182.426
2141.95	206.119
2142.72	203.362
2143.49	163.257
2144.26	184.993
2145.03	242.142
2145.8	182.232
2146.57	187.253
2147.33	171.615
2148.1	186.555
2148.87	219.315
2149.64	210.632
2150.41	136.626
2151.17	170.373
2151.94	176.416
2152.71	170.575
2153.48	184.582
2154.24	157.936
2155.01	155.108
2155.78	192.075
2156.54	162.393
2157.31	193.45
2158.08	187.631
2158.84	166.804
2159.61	177.904
2160.37	170.996
2161.14	172.069
2161.9	164.134
2162.67	196.262
2163.43	161.33
2164.2	177.531
2164.96	184.758
2165.72	187.986
2166.49	212.335
2167.25	163.141
2168.01	166.249
2168.78	186.467
2169.54	199.629
2170.3	179.522
2171.07	183.657
2171.83	158.533
2172.59	171.815
2173.35	198.279
2174.11	180.189
2174.88	184.33
2175.64	189.442
2176.4	152.955
2177.16	151.004
2177.92	176.448
2178.68	192.804
2179.44	188.91
2180.2	169.799
2180.96	164.896
2181.72	186.412
2182.48	185.551
2183.24	185.682
2184	189.861
2184.76	207.255
2185.52	198.173
2186.28	202.32
2187.04	184.076
2187.79	193.326
2188.55	203.603
2189.31	183.331
2190.07	216.02
2190.83	218.152
2191.58	229.452
2192.34	209.161
2193.1	194.969
2193.85	212.337
2194.61	206.239
2195.37	210.287
2196.12	213.284
2196.88	208.128
2197.63	231.439
2198.39	184.683
2199.15	211.099
2199.9	204.038
2200.66	204.095
2201.41	197.03
2202.16	222.401
2202.92	179.766
2203.67	191.884
2204.43	212.091
2205.18	217.123
2205.93	211.067
2206.69	163.566
2207.44	205.143
2208.19	200.165
2208.95	201.235
2209.7	198.22
2210.45	196.188
2211.2	178.979
2211.95	209.271
2212.71	216.307
2213.46	193.06
2214.21	197.07
2214.96	209.134
2215.71	195.975
2216.46	207.99
2217.21	229.02
2217.96	204.764
2218.71	226.737
2219.46	190.488
2220.21	193.416
2220.96	216.406
2221.71	179.328
2222.46	174.329
2223.21	210.357
2223.96	199.329
2224.71	223.264
2225.46	229.162
2226.21	220.072
2226.95	228.956
2227.7	210.947
2228.45	214.891
2229.2	231.786
2229.94	224.789
2230.69	248.631
2231.44	281.398
2232.18	264.45
2232.93	262.406
2233.68	286.156
2234.42	303.899
2235.17	307.719
2235.92	304.594
2236.66	304.462
2237.41	334.04
2238.15	294.414
2238.9	314.152
2239.64	335.864
2240.38	315.081
2241.13	286.4
2241.87	243.912
2242.62	286.299
2243.36	248.77
2244.1	242.818
2244.85	232.932
2245.59	234.877
2246.33	215.168
2247.08	214.176
2247.82	231.876
2248.56	231.851
2249.3	223.947
2250.05	198.357
2250.79	221.872
2251.53	205.146
2252.27	211.993
2253.01	247.293
2253.75	188.518
2254.49	209.166
2255.23	195.524
2255.97	215.215
2256.71	232.941
2257.45	199.672
2258.19	232.054
2258.93	216.383
2259.67	197.771
2260.41	199.74
2261.15	225.23
2261.89	212.579
2262.63	206.822
2263.36	222.645
2264.1	210.072
2264.84	220.035
2265.58	189.768
2266.32	204.587
2267.05	203.685
2267.79	197.857
2268.53	198.888
2269.26	198.94
2270	243.143
2270.74	204.979
2271.48	209.021
2272.21	220.944
2272.95	215.226
2273.68	212.466
2274.42	189.063
2275.15	227.611
2275.89	216.973
2276.62	241.761
2277.36	194.626
2278.09	202.632
2278.83	225.414
2279.56	206.787
2280.29	240.409
2281.03	209.94
2281.76	229.772
2282.49	212.139
2283.23	213.272
2283.96	226.284
2284.69	228.468
2285.42	218.796
2286.16	213.051
2286.89	205.287
2287.62	201.443
2288.35	223.323
2289.08	205.597
2289.81	246.336
2290.55	208.855
2291.28	236.825
2292.01	228.145
2292.74	217.476
2293.47	183.914
2294.2	191.08
2294.93	227.105
2295.66	201.367
2296.39	218.424
2297.11	184.641
2297.85	205.661
2298.57	217.733
2299.3	231.841
2300.03	226.045
2300.76	207.286
2301.49	213.483
2302.22	209.672
2302.94	183.827
2303.67	225.984
2304.4	197.1
2305.12	202.254
2305.85	216.448
2306.58	234.683
2307.31	208.802
2308.03	241.088
2308.76	223.176
2309.48	237.368
2310.21	238.499
2310.93	212.505
2311.66	171.431
2312.38	187.661
2313.11	193.854
2313.83	217.163
2314.56	242.488
2315.28	202.328
2316.01	202.436
2316.73	198.514
2317.45	206.7
2318.18	221.965
2318.9	200.935
2319.62	209.155
2320.35	205.253
2321.07	199.313
2321.79	205.48
2322.52	195.483
2323.24	232.982
2323.96	168.421
2324.68	196.846
2325.4	194.943
2326.12	178.866
2326.84	171.877
2327.56	157.797
2328.29	172.049
2329.01	166.072
2329.73	147.956
2330.45	164.271
2331.17	156.285
2331.89	175.645
2332.61	204.118
2333.32	197.104
2334.04	201.225
2334.76	211.424
2335.48	189.2
2336.2	220.708
2336.92	199.523
2337.64	184.422
2338.35	198.723
2339.07	205.919
2339.79	223.25
2340.51	190.871
2341.23	186.905
2341.94	202.242
2342.66	210.505
2343.37	220.82
2344.09	205.728
2344.81	228.202
2345.52	223.184
2346.24	217.102
2346.95	203.885
2347.67	203.877
2348.38	214.05
2349.1	226.299
2349.82	217.284
2350.53	206.265
2351.24	192.192
2351.96	205.533
2352.67	193.426
2353.39	209.747
2354.1	199.613
2354.81	214.875
2355.53	186.458
2356.24	231.191
2356.95	195.706
2357.66	222.191
2358.38	224.318
2359.09	242.713
2359.8	200.159
2360.51	238.917
2361.22	218.739
2361.94	220.942
2362.65	232.319
2363.36	229.444
2364.07	207.185
2364.78	174.688
2365.49	219.624
2366.2	247.203
2366.91	238.067
2367.62	235.047
2368.33	215.74
2369.04	204.603
2369.75	202.648
2370.46	246.555
2371.16	210.971
2371.87	241.627
2372.58	233.551
2373.29	245.865
2374	243.914
2374.71	241.966
2375.41	254.289
2376.12	227.863
2376.83	214.689
2377.53	253.53
2378.24	255.676
2378.95	235.391
2379.65	259.999
2380.36	251.943
2381.07	262.235
2381.77	258.218
2382.48	247.053
2383.18	218.561
2383.89	245.226
2384.59	281.142
2385.3	298.719
2386	253.928
2386.71	241.783
2387.41	219.349
2388.12	233.682
2388.82	256.161
2389.52	269.444
2390.23	244.964
2390.93	214.395
2391.63	261.489
2392.34	225.817
2393.04	254.491
2393.74	233.071
2394.44	264.766
2395.15	274.005
2395.85	242.432
2396.55	266.053
2397.25	273.349
2397.95	268.359
2398.65	284.787
2399.35	277.648
2400.05	240.843
2400.75	283.705
2401.45	240.803
2402.15	283.681
2402.85	310.263
2403.55	261.374
2404.25	275.783
2404.95	257.541
2405.65	285.242
2406.35	246.548
2407.05	278.315
2407.75	279.427
2408.44	266.235
2409.14	264.289
2409.84	290.968
2410.54	311.522
2411.24	252.326
2411.93	258.523
2412.63	272.864
2413.33	263.668
2414.02	261.611
2414.72	286.099
2415.42	278.934
2416.11	281.991
2416.81	268.74
2417.5	284.074
2418.2	294.33
2418.9	269.928
2419.59	251.649
2420.28	283.336
2420.98	259.906
2421.67	315.969
2422.37	269.028
2423.06	289.352
2423.75	279.149
2424.45	260.866
2425.14	260.97
2425.84	305.939
2426.53	279.632
2427.22	284.889
2427.91	292.143
2428.61	267.731
2429.3	271.808
2429.99	283.979
2430.68	244.176
2431.37	277.652
2432.07	278.551
2432.76	288.617
2433.45	294.657
2434.14	264.209
2434.83	258.177
2435.52	279.577
2436.21	260.367
2436.9	288.832
2437.59	260.407
2438.28	248.188
2438.97	272.449
2439.66	295.67
2440.35	259.16
2441.04	254.086
2441.72	242.969
2442.41	260.189
2443.1	291.551
2443.79	306.696
2444.48	261.178
2445.16	288.428
2445.85	267.203
2446.54	265.206
2447.23	267.274
2447.91	223.927
2448.6	269.411
2449.29	263.396
2449.97	276.54
2450.66	239.225
2451.34	299.775
2452.03	261.484
2452.72	272.635
2453.4	268.662
2454.09	281.813
2454.77	254.597
2455.46	258.593
2456.14	308.874
2456.82	254.421
2457.51	284.54
2458.19	274.461
2458.88	287.56
2459.56	283.615
2460.24	263.612
2460.92	277.803
2461.61	301.049
2462.29	291.096
2462.97	309.29
2463.66	304.32
2464.34	298.312
2465.02	295.288
2465.7	293.245
2466.38	283.151
2467.06	306.211
2467.75	297.154
2468.42	248.997
2469.11	307.275
2469.79	291.318
2470.47	286.425
2471.15	291.58
2471.83	298.737
2472.51	340.028
2473.19	289.869
2473.86	287.907
2474.54	299.992
2475.22	280.945
2475.9	294.055
2476.58	291.128
2477.26	293.255
2477.94	300.435
2478.61	284.511
2479.29	275.607
2479.97	306.901
2480.65	289.909
2481.32	287.985
2482	289.077
2482.68	287.159
2483.35	283.239
2484.03	273.281
2484.71	272.365
2485.38	278.469
2486.06	269.454
2486.73	269.48
2487.41	282.583
2488.08	257.489
2488.76	283.722
2489.43	262.72
2490.11	284
2490.78	292.223
2491.45	259.16
2492.13	280.462
2492.8	263.466
2493.48	248.464
2494.15	316.12
2494.82	302.143
2495.49	247.834
2496.17	269.2
2496.84	294.65
2497.51	302.962
2498.18	272.848
2498.86	284.133
2499.53	270.088
2500.2	258.025
2500.87	294.505
2501.54	309.764
2502.21	316.986
2502.88	305.039
2503.55	312.368
2504.22	267.006
2504.89	325.011
2505.56	291.706
2506.23	322.269
2506.9	321.358
2507.57	339.741
2508.24	334.816
2508.91	336.021
2509.58	303.711
2510.25	287.617
2510.91	304.018
2511.58	304.123
2512.25	314.382
2512.92	301.258
2513.59	325.796
2514.25	306.62
2514.92	298.649
2515.59	323.264
2516.25	311.206
2516.92	326.63
2517.59	281.903
2518.25	333.981
2518.92	314.704
2519.58	299.504
2520.25	321.022
2520.91	306.881
2521.58	324.39
2522.24	296.019
2522.91	347.301
2523.57	310.773
2524.24	316.116
2524.9	322.471
2525.56	306.292
2526.23	297.25
2526.89	312.772
2527.55	327.269
2528.22	316.137
2528.88	330.598
2529.54	336.828
2530.21	295.884
2530.87	322.583
2531.53	311.384
2532.19	328.937
2532.85	342.467
2533.51	320.149
2534.18	310.14
2534.84	318.586
2535.5	302.306
2536.16	291.082
2536.82	314.737
2537.48	303.412
2538.14	324.96
2538.8	311.627
2539.46	298.355
2540.12	288.219
2540.78	314.081
2541.44	311.206
2542.09	323.751
2542.75	337.307
2543.41	336.411
2544.07	312.81
2544.73	333.396
2545.39	336.427
2546.04	336.333
2546.7	350.615
2547.36	337.184
2548.02	354.607
2548.67	320.766
2549.33	348.555
2549.98	341.477
2550.64	351.859
2551.3	334.519
2551.95	350.035
2552.61	342.961
2553.26	331.778
2553.92	364.759
2554.57	339.149
2555.23	377.181
2555.88	352.491
2556.54	369.854
2557.19	366.661
2557.85	347.079
2558.5	372.645
2559.15	369.563
2559.81	382.925
2560.46	383.004
2561.11	393.339
2561.77	413.9
2562.42	399.582
2563.07	372.922
2563.72	374.897
2564.37	412.653
2565.03	391.063
2565.68	399.181
2566.33	379.768
2566.98	409.488
2567.63	413.698
2568.28	389.277
2568.93	398.547
2569.58	398.546
2570.23	392.357
2570.88	380.028
2571.53	408.582
2572.18	411.671
2572.83	417.878
2573.48	416.968
2574.13	386.431
2574.78	390.58
2575.43	382.432
2576.07	388.548
2576.72	404.854
2577.37	382.383
2578.02	405.834
2578.67	396.638
2579.31	370.099
2579.96	379.216
2580.61	397.466
2581.26	397.36
2581.9	367.762
2582.55	354.511
2583.19	397.28
2583.84	398.4
2584.49	375.134
2585.13	404.773
2585.78	372.276
2586.42	379.39
2587.07	370.143
2587.71	375.078
2588.36	361.7
2589	384.894
2589.65	380.718
2590.29	377.62
2590.93	371.539
2591.58	377.671
2592.22	387.896
2592.86	402.21
2593.51	377.006
2594.15	378.181
2594.79	365.159
2595.43	403.885
2596.07	379.662
2596.72	359.452
2597.36	400.105
2598	404.16
2598.64	334.115
2599.28	370.618
2599.92	366.562
2600.56	375.73
2601.2	388.995
2601.85	355.634
2602.49	385.151
2603.13	396.392
2603.76	380.214
2604.4	329.534
2605.04	358.968
2605.68	379.276
2606.32	386.411
2606.96	379.355
2607.6	374.312
2608.24	369.242
2608.88	400.618
2609.51	392.471
2610.15	397.512
2610.79	352.999
2611.43	381.437
2612.06	375.514
2612.7	390.898
2613.34	327.262
2613.97	364.947
2614.61	391.481
2615.25	381.49
2615.88	370.465
2616.52	356.389
2617.15	375.807
2617.79	372.91
2618.42	384.239
2619.06	363.07
2619.69	381.505
2620.33	358.263
2620.96	366.495
2621.6	381.821
2622.23	379.862
2622.86	382.995
2623.5	398.349
2624.13	388.32
2624.76	368.137
2625.4	350.997
2626.03	352.147
2626.66	385.836
2627.29	380.841
2627.93	379.913
2628.56	373.911
2629.19	370.987
2629.82	371.143
2630.45	400.85
2631.08	388.799
2631.71	363.476
2632.34	378.899
2632.98	379.026
2633.61	412.812
2634.24	405.839
2634.87	390.734
2635.5	380.742
2636.12	419.763
2636.75	376.055
2637.38	387.486
2638.01	418.332
2638.64	393.955
2639.27	421.711
2639.9	454.57
2640.53	420.912
2641.15	415.877
2641.78	407.764
2642.41	407.843
2643.04	407.945
2643.66	410.125
2644.29	423.596
2644.92	447.328
2645.54	419.854
2646.17	417.951
2646.8	442.65
2647.42	397.644
2648.05	430.484
2648.67	429.509
2649.3	438.792
2649.92	460.399
2650.55	402.124
2651.17	451.478
2651.8	452.706
2652.42	464.21
2653.05	452.122
2653.67	440.004
2654.29	451.454
2654.92	434.116
2655.54	459.864
2656.16	453.764
2656.79	467.178
2657.41	463.938
2658.03	470.545
2658.65	474.351
2659.27	467.999
2659.9	437.582
2660.52	477.804
2661.14	512.433
2661.76	486.108
2662.38	466.273
2663	478.12
2663.62	470.201
2664.24	463.563
2664.86	489.707
2665.48	478.876
2666.1	493.585
2666.72	481.889
2667.34	462.242
2667.96	502.693
2668.58	484.818
2669.2	490.004
2669.82	498.057
2670.44	499.602
2671.05	482.566
2671.67	483.225
2672.29	527.881
2672.91	518.265
2673.53	543.595
2674.14	511.76
2674.76	509.787
2675.38	515.212
2675.99	531.83
2676.61	580.388
2677.23	588.757
2677.84	591.565
2678.46	646.609
2679.07	664.783
2679.69	680.504
2680.3	723.427
2680.92	772.391
2681.53	802.817
2682.15	821.036
2682.76	876.542
2683.38	909.583
2683.99	910.044
2684.61	899.926
2685.22	867.353
2685.83	871.243
2686.44	850.067
2687.06	881.054
2687.67	849.873
2688.28	865.92
2688.9	874.847
2689.51	853.387
2690.12	873.836
2690.73	889.518
2691.34	895.692
2691.96	912.734
2692.57	927.427
2693.18	924.016
2693.79	930.607
2694.4	935.73
2695.01	927.073
2695.62	934.537
2696.23	931.742
2696.84	935.185
2697.45	909.731
2698.06	904.813
2698.67	893.448
2699.28	921.746
2699.88	896.903
2700.49	913.003
2701.1	914.155
2701.71	914.495
2702.32	927.134
2702.93	925.53
2703.53	928.307
2704.14	934.426
2704.75	932.214
2705.36	929.754
2705.96	932.909
2706.57	936.852
2707.17	953.02
2707.78	948.672
2708.39	965.229
2708.99	986.591
2709.6	993.735
2710.2	1030.29
2710.81	1004.75
2711.41	1034.25
2712.02	1050.7
2712.62	1042.49
2713.23	1031.52
2713.83	1045.93
2714.44	1054.32
2715.04	1069.39
2715.64	1092.47
2716.25	1080.91
2716.85	1108.06
2717.45	1113.97
2718.05	1118.45
2718.66	1098.56
2719.26	1098.93
2719.86	1120.05
2720.46	1129.42
2721.06	1157.81
2721.67	1174.12
2722.27	1173.29
2722.87	1185.46
2723.47	1206.38
2724.07	1190.92
2724.67	1173.32
2725.27	1185.71
2725.71	1207.71
2726.38	1225.83
2727.06	1243.75
2727.73	1249.31
2728.4	1244.66
2729.07	1275.65
2729.74	1235.67
2730.42	1270.11
2731.09	1277.39
2731.76	1265.58
2732.43	1285.42
2733.1	1277.86
2733.77	1294.66
2734.44	1257.39
2735.11	1323.76
2735.78	1323.77
2736.45	1295.11
2737.12	1354.85
2737.79	1380.89
2738.46	1365.2
2739.13	1380.09
2739.8	1385.98
2740.47	1350.42
2741.14	1326.29
2741.81	1327.78
2742.47	1292.77
2743.14	1317.81
2743.81	1322.45
2744.48	1293.36
2745.15	1364
2745.81	1322.52
2746.48	1310.6
2747.15	1271.19
2747.81	1299.11
2748.48	1355.57
2749.15	1296.64
2749.81	1339.54
2750.48	1301.66
2751.15	1295.32
2751.81	1277.81
2752.48	1257.46
2753.14	1255.76
2753.81	1219.64
2754.47	1187.72
2755.14	1180.19
2755.8	1099.86
2756.47	1148.04
2757.13	1074.4
2757.8	1089.62
2758.46	1059.94
2759.13	1071.31
2759.79	1021.52
2760.45	1055.65
2761.12	1038.63
2761.78	1062.38
2762.44	1056.26
2763.1	1068.43
2763.77	1047.84
2764.43	1041.69
2765.09	1064.38
2765.76	1054.55
2766.42	1052.04
2767.08	1069.07
2767.74	1115.8
2768.4	1129.66
2769.06	1116.73
2769.72	1154.96
2770.38	1172.59
2771.05	1185.08
2771.71	1223.27
2772.37	1294.43
2773.03	1273.32
2773.69	1330.37
2774.35	1397.72
2775.01	1496.88
2775.67	1518.77
2776.33	1577.51
2776.99	1654.67
2777.64	1713.34
2778.3	1830.76
2778.96	1931.87
2779.62	1968.24
2780.28	1960.29
2780.94	2066.38
2781.59	2066.35
2782.25	2099.24
2782.91	2044.82
2783.57	2023.62
2784.22	1991.37
2784.88	2002.54
2785.54	1967.31
2786.2	1920.42
2786.85	1982.25
2787.51	1940.53
2788.16	1954.16
2788.82	1947.21
2789.48	1959.11
2790.13	2005.51
2790.79	1967.99
2791.44	2059.48
2792.1	2070.63
2792.75	2119.56
2793.41	2129.86
2794.06	2133.53
2794.72	2176.05
2795.37	2154.61
2796.02	2191.94
2796.68	2235.62
2797.33	2242.49
2797.98	2265.03
2798.64	2298.06
2799.29	2347.71
2799.94	2353.22
2800.6	2393.77
2801.25	2378.77
2801.9	2458.48
2802.55	2479.45
2803.21	2517.8
2803.86	2498.29
2804.51	2562.01
2805.16	2628.65
2805.81	2636.55
2806.46	2656.84
2807.11	2703.93
2807.77	2768.53
2808.42	2782.61
2809.07	2876.77
2809.72	2891.46
2810.37	2922.43
2811.02	2982.14
2811.67	3036.88
2812.32	2994.32
2812.97	3136.04
2813.61	3164.03
2814.26	3207.61
2814.91	3202.92
2815.56	3291.67
2816.21	3356.64
2816.86	3330.94
2817.51	3424.27
2818.15	3480.32
2818.8	3521.73
2819.45	3591.76
2820.1	3533.45
2820.74	3584.36
2821.39	3656.33
2822.04	3723.64
2822.69	3809.63
2823.33	3817.32
2823.98	3822.35
2824.63	3928.39
2825.27	3873.68
2825.92	4022.13
2826.56	4085.62
2827.21	4088.07
2827.85	4134.23
2828.5	4201.35
2829.14	4217.5
2829.79	4371.42
2830.43	4319.24
2831.08	4327.72
2831.72	4359.77
2832.37	4377.25
2833.01	4422.1
2833.65	4482.99
2834.3	4530.09
2834.94	4513.11
2835.58	4621.19
2836.23	4691.01
2836.87	4647.78
2837.51	4661.24
2838.16	4758.34
2838.8	4742.1
2839.44	4826.04
2840.08	4887.64
2840.72	4901.85
2841.36	4932.98
2842.01	4922.51
2842.65	5033.99
2843.29	5075.62
2843.93	5156.49
2844.57	5189.29
2845.21	5219.14
2845.85	5315.77
2846.49	5334.53
2847.13	5389.65
2847.77	5358.14
2848.41	5460.78
2849.05	5565.69
2849.69	5571.45
2850.33	5536.04
2850.97	5508.6
2851.61	5504.79
2852.24	5558.13
2852.88	5643.65
2853.52	5717.92
2854.16	5721.7
2854.8	5747.11
2855.43	5714.22
2856.07	5776.48
2856.71	5826.55
2857.35	5810.01
2857.98	5905.32
2858.62	5895.21
2859.26	6041.39
2859.89	6140.34
2860.53	6287.26
2861.16	6341.33
2861.8	6476.94
2862.44	6661.03
2863.07	6810.43
2863.71	6974.11
2864.34	7125.82
2864.98	7309.05
2865.61	7411.43
2866.25	7692.28
2866.88	7785.35
2867.52	7925.28
2868.15	8169.85
2868.78	8275.93
2869.42	8375.9
2870.05	8522.82
2870.69	8762.46
2871.32	8930.06
2871.95	9024.31
2872.58	9244.94
2873.22	9452.94
2873.85	9639.5
2874.48	9823.08
2875.11	9953.53
2875.75	10064.6
2876.38	10173.6
2877.01	10213.7
2877.64	10280
2878.27	10311.2
2878.9	10206.9
2879.53	10154.9
2880.16	10263.5
2880.79	10179.7
2881.42	10138.9
2882.05	10045.1
2882.68	10056.8
2883.31	10114.6
2883.94	10134.3
2884.57	10141.2
2885.2	10134.3
2885.83	10049.3
2886.46	10094.3
2887.09	10059.2
2887.72	10113.9
2888.35	10008.5
2888.97	10174
2889.6	10221
2890.23	10185.1
2890.86	10257.3
2891.49	10124.5
2892.11	10138
2892.74	10155.7
2893.37	10357.6
2893.99	10332.3
2894.62	10318.5
2895.25	10371.1
2895.87	10424.2
2896.5	10440.3
2897.12	10526.6
2897.75	10641.2
2898.38	10647.9
2899	10722.1
2899.63	10856.4
2900.25	10987.6
2900.88	11029.3
2901.5	11160.2
2902.12	11185.8
2902.75	11246.9
2903.37	11387.5
2904	11554
2904.62	11562.7
2905.25	11484.2
2905.87	11620
2906.49	11757.9
2907.11	11784.7
2907.74	11754.2
2908.36	11764.7
2908.98	11762.3
2909.6	11985.4
2910.23	12034
2910.85	12045.9
2911.47	11775.8
2912.09	11812.8
2912.71	11907.8
2913.33	11718.9
2913.96	11751.4
2914.58	11626.2
2915.2	11567.1
2915.82	11447.2
2916.44	11396.7
2917.06	11305.6
2917.68	11237.8
2918.3	10957.6
2918.92	10887.6
2919.54	10771.5
2920.16	10789.6
2920.77	10720.2
2921.39	10585
2922.01	10675.3
2922.63	10437.7
2923.25	10542.1
2923.87	10443.5
2924.48	10544.6
2925.1	10400.7
2925.72	10572.4
2926.34	10503.6
2926.95	10588.3
2927.57	10560.6
2928.19	10724.7
2928.8	10808
2929.42	10848.7
2930.04	11003.2
2930.65	11028.7
2931.27	11200.4
2931.89	11438.6
2932.5	11608.6
2933.12	11765.8
2933.73	11905.6
2934.35	12106.7
2934.96	12334.4
2935.58	12603.1
2936.19	12794.7
2936.81	12907.4
2937.42	13070.9
2938.03	13236
2938.65	13287
2939.26	13403.6
2939.88	13348.6
2940.49	13201.3
2941.1	13101.4
2941.71	13059.9
2942.33	12806
2942.94	12613.3
2943.55	12277.4
2944.17	12108.4
2944.78	11925.7
2945.39	11715.2
2946	11469.8
2946.61	11222.4
2947.22	11118.3
2947.83	10912.2
2948.45	10695
2949.06	10479.1
2949.67	10217.4
2950.28	10137.3
2950.89	10093.8
2951.5	9782.01
2952.11	9608.39
2952.72	9420.16
2953.33	9272.39
2953.94	9146.69
2954.54	9011.96
2955.15	8710.89
2955.76	8625.34
2956.37	8615.7
2956.98	8409.44
2957.59	8247.48
2958.2	8148.57
2958.8	8066.88
2959.41	7992.4
2960.02	7959.58
2960.63	7793.36
2961.23	7607.53
2961.84	7565.61
2962.45	7433.86
2963.05	7315.19
2963.66	7202.86
2964.27	7130.13
2964.87	7060.9
2965.48	6995.92
2966.08	6852.02
2966.69	6752.04
2967.29	6655.16
2967.9	6478.7
2968.5	6458.79
2969.11	6345.76
2969.71	6215.65
2970.32	6081.46
2970.92	5910.37
2971.53	5908.72
2972.13	5749.62
2972.74	5611.23
2973.34	5503.39
2973.94	5442.78
2974.54	5350.91
2975.15	5231.73
2975.75	5052
2976.35	4972.96
2976.96	4844.54
2977.56	4833.46
2978.16	4691.09
2978.76	4555.72
2979.36	4466.42
2979.97	4388.55
2980.57	4338.62
2981.17	4192.16
2981.77	4069.86
2982.37	3963.27
2982.97	3908.35
2983.57	3850.03
2984.17	3746.83
2984.77	3578.76
2985.37	3604.04
2985.97	3436.65
2986.57	3405.97
2987.17	3291.41
2987.77	3230.89
2988.37	3166.83
2988.97	3041.77
2989.57	2992.16
2990.17	2899.3
2990.76	2854.62
2991.36	2786.56
2991.96	2725.9
2992.56	2686.91
2993.16	2592.59
2993.75	2550.3
2994.35	2515.93
2994.95	2463.96
2995.54	2415.06
2996.14	2377.65
2996.74	2311.99
2997.33	2247.72
2997.93	2205.18
2998.52	2205.7
2999.12	2158.11
2999.72	2123.74
3000.31	2073.97
3000.91	2061.05
3001.5	2048.12
3002.1	1998.26
3002.69	1989.22
3003.29	1957.47
3003.88	1892.81
3004.47	1877.29
3005.07	1853.74
3005.66	1785.43
3006.26	1763.53
3006.85	1744.97
3007.44	1724.44
3008.04	1675.04
3008.63	1630.45
3009.22	1601.92
3009.81	1588.49
3010.41	1512.31
3011	1483.39
3011.59	1498.77
3012.18	1470.24
3012.77	1415.15
3013.36	1406.29
3013.96	1345
3014.55	1368.91
3015.14	1354.83
3015.73	1369.63
3016.32	1332.15
3016.91	1317.33
3017.5	1310.7
3018.09	1260.67
3018.68	1268.07
3019.27	1270.19
3019.86	1217.75
3020.45	1211.75
3021.04	1223.44
3021.63	1214.69
3022.22	1190.5
3022.8	1192.01
3023.39	1204.71
3023.98	1172.93
3024.57	1178.24
3025.16	1202.12
3025.74	1175.47
3026.33	1177.7
3026.92	1197.4
3027.5	1171.58
3028.09	1181.78
3028.68	1198.15
3029.26	1209.42
3029.85	1221.9
3030.44	1206.72
3031.02	1208.22
3031.61	1193.27
3032.19	1172.05
3032.78	1187.9
3033.37	1243.89
3033.95	1212.93
3034.54	1224.28
3035.12	1222.19
3035.71	1240.82
3036.29	1260.52
3036.87	1256.45
3037.46	1214.14
3038.04	1251.46
3038.63	1268.18
3039.21	1284.01
3039.79	1297.95
3040.38	1244.75
3040.96	1304.41
3041.54	1252.12
3042.12	1247.23
3042.71	1298.01
3043.29	1241.79
3043.87	1262.08
3044.45	1306.14
3045.03	1276.84
3045.62	1289.16
3046.2	1313.1
3046.78	1380.71
3047.36	1379.05
3047.94	1364.94
3048.52	1432.53
3049.1	1490.67
3049.68	1489.64
3050.26	1567.25
3050.84	1608.56
3051.42	1662.28
3052	1729.45
3052.58	1792.48
3053.16	1815.15
3053.74	1867.93
3054.32	1946.74
3054.89	1940.85
3055.47	1966.24
3056.05	1984.51
3056.63	2012.13
3057.21	2047.9
3057.78	2048.16
3058.36	2047.07
3058.94	2057.14
3059.52	2044.29
3060.09	2032.53
3060.67	2038.56
3061.25	1975.36
3061.82	2020.07
3062.4	1998.46
3062.97	2020.27
3063.55	2013.93
3064.13	1963.94
3064.7	1932.6
3065.28	1890
3065.85	1915.92
3066.43	1831.14
3067	1826.11
3067.58	1814.71
3068.15	1726.4
3068.72	1684.45
3069.3	1584.41
3069.87	1589.98
3070.45	1507.81
3071.02	1514.86
3071.59	1450.81
3072.17	1363.1
3072.74	1364.33
3073.31	1293.03
3073.89	1209.14
3074.46	1188.23
3075.03	1185.91
3075.6	1131.98
3076.17	1129.91
3076.74	1030.83
3077.32	1039.38
3077.89	1025.22
3078.46	991.359
3079.03	932.545
3079.6	966.731
3080.17	904.552
3080.74	917.81
3081.31	881.354
3081.88	882.114
3082.45	851.872
3083.02	820.637
3083.59	860.706
3084.16	841.905
3084.73	808.667
3085.3	779.592
3085.87	790.822
3086.43	734.034
3087	772.271
3087.57	764.155
3088.14	784.971
3088.71	734.534
3089.28	764.547
3089.84	724.273
3090.41	701.501
3090.98	707.61
3091.54	706.493
3092.11	698.156
3092.68	683.625
3093.24	667.025
3093.81	624.643
3094.38	714.262
3094.94	664.7
3095.51	691.451
3096.07	676.972
3096.64	655.27
3097.2	649.012
3097.77	647.907
3098.33	643.747
3098.9	649.946
3099.46	702.566
3100.03	666.623
3100.59	666.729
3101.15	645.151
3101.72	665.766
3102.28	665.715
3102.84	611.026
3103.41	626.383
3103.97	643.785
3104.53	646.756
3105.1	664.133
3105.66	631.077
3106.22	637.153
3106.78	661.772
3107.34	625.716
3107.91	626.718
3108.47	630.823
3109.03	643.183
3109.59	646.334
3110.15	639.263
3110.71	665.181
3111.27	621.146
3111.83	642.959
3112.39	618.356
3112.95	625.559
3113.51	619.275
3114.07	622.208
3114.63	621.038
3115.19	635.362
3115.75	607.58
3116.31	637.462
3116.87	589.161
3117.43	655.024
3117.98	601.483
3118.54	604.471
3119.1	589.947
3119.66	608.335
3120.22	645.253
3120.77	636.995
3121.33	625.699
3121.89	609.28
3122.44	646.283
3123	607.191
3123.56	587.573
3124.11	592.57
3124.67	610.897
3125.23	634.368
3125.78	571.675
3126.34	603.484
3126.89	633.313
3127.45	602.639
3128	617.154
3128.56	591.62
3129.11	606.105
3129.67	575.356
3130.22	596.94
3130.78	609.227
3131.33	602.982
3131.88	582.333
3132.44	606.84
3132.99	631.344
3133.54	640.48
3134.1	616.833
3134.65	641.442
3135.2	655.832
3135.76	574.85
3136.31	616.965
3136.86	569.828
3137.41	615.004
3137.96	634.518
3138.51	617.082
3139.07	633.489
3139.62	593.473
3140.17	601.672
3140.72	609.881
3141.27	596.559
3141.82	612.986
3142.37	646.838
3142.92	643.745
3143.47	602.697
3144.02	602.674
3144.57	638.57
3145.12	603.77
3145.67	612.095
3146.22	613.29
3146.77	608.344
3147.32	607.481
3147.86	610.672
3148.41	639.459
3148.96	610.695
3149.51	639.356