401.058	750.145
402.149	658.698
403.243	709.195
404.332	701.932
405.424	589.913
406.515	570.487
407.606	636.789
408.697	532.771
409.785	486.296
410.876	463.368
411.967	403.871
413.055	385.645
414.143	409.472
415.233	366.85
416.321	369.989
417.409	361.931
418.499	404.06
419.586	330.22
420.673	362.214
421.761	459.871
422.848	512.181
423.935	509.128
425.02	521.833
426.106	541.919
427.193	584.993
428.278	626.113
429.364	655.162
430.45	670.381
431.534	691.181
432.618	670.766
433.704	699.218
434.788	729.648
435.871	732.595
436.955	729.114
438.038	726.522
439.123	613.623
440.204	649.71
441.287	590.3
442.37	559.522
443.452	479.956
444.535	479.578
445.615	475.427
446.698	375.991
447.78	378.96
448.86	316.263
449.939	280.372
451.021	283.365
452.101	264.192
453.18	192.187
454.262	181.257
455.341	136.872
456.42	105.415
457.499	137.962
458.578	71.218
459.654	107.494
460.733	99.2393
461.811	48.2603
462.89	105.973
463.966	27.9802
465.044	62.479
466.12	12.311
467.197	94.3167
468.273	62.7405
469.349	33.0037
470.426	-31.1829
471.501	19.1489
472.576	87.0637
473.651	90.7759
474.726	105.637
475.801	49.0623
476.876	112.202
477.95	70.5142
479.022	100.246
480.097	90.0818
481.171	171.649
482.243	187.35
483.317	182.658
484.388	174.27
485.46	148.334
486.533	185.213
487.605	216.483
488.676	255.984
489.747	253.066
490.818	269.507
491.889	315.403
492.959	262.042
494.03	290.54
495.1	350.268
496.171	400.74
497.239	365.719
498.309	381.135
499.379	382.743
500.446	434.744
501.514	436.39
502.584	443.62
503.651	473.822
504.718	427.235
505.788	453.898
506.855	464.104
507.921	477.052
508.988	509.219
510.055	509.348
511.119	504.006
512.186	513.357
513.252	484.271
514.318	563.382
515.382	602.239
516.448	537.464
517.512	598.453
518.577	632.926
519.641	668.441
520.704	635.058
521.768	720.521
522.833	633.677
523.896	740.464
524.959	783.523
526.021	815.331
527.084	881.145
528.144	1000.43
529.207	1065.15
530.269	1123.57
531.331	1187.89
532.391	1320.28
533.453	1262.43
534.513	1275.98
535.572	1153.89
536.634	1105.61
537.693	1046.71
538.752	905.703
539.812	893.855
540.87	860.718
541.929	800.768
542.988	783.784
544.047	703.455
545.105	670.52
546.164	616.806
547.22	588.953
548.278	564.608
549.336	580.271
550.392	524.97
551.448	516.385
552.505	451.034
553.561	513.463
554.616	498.59
555.671	421.284
556.728	435.233
557.783	422.066
558.836	394.85
559.891	430.81
560.946	400.73
562	419.903
563.055	354.751
564.107	336.077
565.161	289.685
566.213	323.861
567.267	308.03
568.318	260.768
569.37	331.819
570.424	329.842
571.475	315.883
572.526	284.426
573.577	318.462
574.628	331.276
575.679	486.84
576.73	457.253
577.781	514.239
578.829	575.85
579.88	587.811
580.93	500.436
581.978	469.181
583.026	382.723
584.076	381.793
585.124	347.754
586.172	350.492
587.221	313.711
588.269	358.689
589.316	295.261
590.363	340.155
591.41	365.725
592.457	395.878
593.502	278.523
594.549	329.936
595.595	345.722
596.64	341.425
597.686	324.285
598.73	338.314
599.776	382.578
600.82	339.434
601.864	357.818
602.908	356.934
603.953	380.961
604.997	339.851
606.04	388.029
607.083	374.602
608.125	373.082
609.168	394.512
610.211	407.552
611.253	374.419
612.294	448.25
613.336	422.514
614.377	562.83
615.419	596.191
616.459	721.776
617.499	736.582
618.539	775.293
619.579	766.003
620.619	739.213
621.658	675.596
622.698	573.311
623.737	603.835
624.776	693.415
625.815	697.282
626.852	810.061
627.891	927.571
628.928	1012.87
629.966	1089.87
631.003	1112.25
632.041	1136.23
633.077	1085.18
634.114	1003.6
635.15	916.554
636.185	877.647
637.221	816.791
638.257	754.225
639.292	717.514
640.328	650.301
641.361	635.537
642.396	555.164
643.431	531.878
644.464	556.449
645.497	406.169
646.532	398.685
647.564	396.811
648.597	408.809
649.629	366.593
650.663	389.65
651.695	390.59
652.727	372.163
653.757	337.161
654.789	266.357
655.821	347.991
656.852	296.558
657.882	293.814
658.913	309.45
659.942	270.984
660.973	182.066
662.002	284.795
663.031	276.535
664.06	261.897
665.09	264.752
666.119	265.87
667.147	257.891
668.175	308.739
669.201	292.512
670.229	250.413
671.257	248.7
672.285	272.706
673.311	203.724
674.338	204.735
675.363	244.473
676.389	210.568
677.416	265.147
678.441	221.046
679.466	297.736
680.491	221.215
681.515	280.286
682.54	191.765
683.565	244.398
684.589	240.815
685.613	253.885
686.635	229.143
687.659	283.835
688.681	232.281
689.705	259.268
690.727	299.212
691.75	324.361
692.772	330.994
693.793	322.794
694.814	342.345
695.835	393.351
696.856	342.455
697.877	345.243
698.898	362.83
699.918	384.117
700.937	368.399
701.957	361.028
702.978	391.597
703.996	368.499
705.016	328.743
706.034	359.268
707.052	301.936
708.069	369.42
709.087	295.486
710.107	302.911
711.124	285.405
712.139	315.043
713.156	274.46
714.173	279.151
715.19	258.867
716.205	306.916
717.222	245.918
718.238	271.701
719.253	241.172
720.267	300.096
721.283	270.525
722.297	307.306
723.311	280.565
724.325	302.633
725.339	285.153
726.353	325.661
727.366	311.926
728.38	299.131
729.391	411.448
730.404	408.731
731.417	427.097
732.428	445.372
733.441	368.02
734.452	423.895
735.463	405.41
736.475	431.052
737.486	417.319
738.496	399.066
739.506	401.03
740.516	471.827
741.526	447.143
742.534	431.586
743.544	496.752
744.554	459.112
745.561	436.168
746.571	491.221
747.578	467.416
748.587	472.075
749.594	407.962
750.601	391.566
751.608	414.647
752.615	461.636
753.621	426.056
754.628	437.336
755.634	415.578
756.641	430.617
757.647	406.125
758.651	414.772
759.657	468.605
760.663	389.658
761.666	462.893
762.67	402.241
763.676	437.579
764.679	423.891
765.682	459.132
766.686	452.735
767.689	482.386
768.692	444.601
769.694	371.752
770.697	398.881
771.698	407.623
772.7	361.721
773.703	396.45
774.703	371.696
775.703	363.517
776.705	384.025
777.705	382.167
778.705	415.604
779.705	383.156
780.705	398.151
781.704	479.188
782.704	452.476
783.703	406.19
784.702	397.965
785.701	454.808
786.698	453.965
787.697	495
788.694	482.119
789.693	553.031
790.689	542.064
791.686	505.914
792.682	526.497
793.68	621.511
794.676	535.861
795.672	635.525
796.666	644.963
797.662	688.021
798.658	699.467
799.653	752.811
800.647	770.631
801.642	789.213
802.636	806.703
803.631	870.632
804.624	874.924
805.617	895.036
806.61	947.683
807.602	865.527
808.595	908.776
809.587	865.612
810.58	865.159
811.572	861.978
812.564	861.672
813.554	849.426
814.546	844.652
815.536	851.002
816.528	867.503
817.518	896.003
818.507	894.885
819.499	977.94
820.488	990.695
821.477	1028.36
822.466	1107.46
823.455	1214.05
824.444	1351.76
825.431	1408.12
826.42	1531.82
827.408	1612.35
828.395	1781.54
829.383	1860.59
830.369	2004.92
831.356	2140.57
832.342	2363.96
833.33	2634.5
834.315	2884.42
835.301	3227.21
836.287	3603.59
837.27	3987.25
838.256	4253.27
839.241	4463.67
840.226	4557.38
841.209	4513.94
842.194	4401.35
843.177	4294.24
844.16	4059.58
845.145	3616.48
846.127	3277.23
847.11	3006.82
848.092	2808.89
849.074	2678.79
850.056	2634.91
851.039	2680.91
852.018	2701.82
853	2859.54
853.982	2931.7
854.962	3124.42
855.941	3271.55
856.923	3364.04
857.902	3308.99
858.881	3155.77
859.86	2940.82
860.839	2664.78
861.818	2331.2
862.797	2149.15
863.776	1985.22
864.754	1853.36
865.733	1798.78
866.709	1724.91
867.687	1572.91
868.664	1457.88
869.642	1512.32
870.618	1424.23
871.594	1382.24
872.569	1288.71
873.545	1319.49
874.521	1242.48
875.496	1268.59
876.471	1167.45
877.447	1135.32
878.42	1198.95
879.395	1140.84
880.37	1104.83
881.343	1145.34
882.315	1044.98
883.29	1059.88
884.262	949.518
885.235	933.144
886.207	1007.98
887.179	924.175
888.151	923.271
889.123	908.518
890.095	895.632
891.065	937.17
892.037	943.72
893.009	931.85
893.978	971.604
894.948	968.055
895.919	976.552
896.888	971.302
897.857	1039.91
898.826	1077.2
899.795	1020.27
900.764	1136.72
901.732	1153.29
902.701	1174.31
903.668	1264.43
904.636	1302.88
905.604	1338.64
906.57	1340.45
907.538	1390.41
908.504	1378.8
909.47	1381.21
910.436	1452.05
911.402	1399.26
912.367	1436.01
913.333	1408.89
914.298	1424.14
915.264	1407.82
916.229	1359.07
917.192	1366.78
918.157	1279.31
919.12	1319.64
920.084	1269.33
921.047	1216.2
922.01	1268.59
922.972	1144.79
923.935	1188.66
924.897	1152.77
925.859	1075.17
926.821	1059.76
927.783	997.068
928.743	978.905
929.705	936.546
930.667	963.78
931.626	905.501
932.586	906.695
933.547	869.849
934.506	819.127
935.466	828.005
936.425	816.448
937.384	743.358
938.343	691.571
939.301	745.996
940.26	787.37
941.217	783.991
942.175	798.407
943.132	730.696
944.09	778.877
945.046	790.653
946.002	743.451
946.96	765.449
947.916	744.312
948.872	737.171
949.828	660.596
950.783	721.816
951.737	729.53
952.692	728.725
953.647	690.313
954.601	665.942
955.556	681.94
956.509	698.969
957.464	740.54
958.417	750.333
959.369	722.589
960.322	702.26
961.275	723.111
962.227	755.049
963.179	714.483
964.132	686.137
965.082	735.846
966.034	743.449
966.984	742.755
967.936	747.776
968.885	776.267
969.837	748.231
970.787	790.537
971.736	780.993
972.686	781.715
973.635	795.592
974.584	817.038
975.533	902.393
976.48	921.166
977.429	961.57
978.378	933.469
979.325	958.863
980.273	950.455
981.22	933.574
982.166	1027.37
983.113	982.181
984.061	1073.81
985.007	1048.98
985.953	1127.14
986.897	1175.26
987.843	1194.42
988.789	1248.37
989.734	1238.86
990.678	1311.75
991.623	1336
992.567	1396.59
993.51	1624.3
994.453	1853.52
995.398	2210.34
996.341	2677.83
997.284	3285.79
998.227	3790.81
999.168	3999.23
1000.11	3910.46
1001.05	3566.69
1001.99	2970.88
1002.94	2352.21
1003.88	1808.37
1004.82	1492.87
1005.76	1267.79
1006.7	1089.25
1007.64	1009.39
1008.58	912.605
1009.52	902.347
1010.46	835.114
1011.4	863.817
1012.34	822.719
1013.27	887.962
1014.21	863.089
1015.15	833.735
1016.09	902.376
1017.03	904.835
1017.96	849.3
1018.9	875.752
1019.84	980.544
1020.77	1002.16
1021.71	1070.54
1022.65	1168.07
1023.58	1216.35
1024.52	1418.35
1025.45	1466.36
1026.39	1559.39
1027.32	1712.38
1028.26	1811.75
1029.19	1803.91
1030.12	1865.39
1031.06	1748.56
1031.99	1665.71
1032.92	1537.97
1033.86	1430.05
1034.79	1435.95
1035.72	1305.23
1036.65	1278.81
1037.59	1189.94
1038.52	1175.41
1039.45	1123.06
1040.38	1158.47
1041.31	1122.12
1042.24	1101.77
1043.17	1067.18
1044.1	1081.69
1045.03	1117.95
1045.96	1136.34
1046.89	1128.42
1047.82	1164.26
1048.75	1068.58
1049.68	1155.92
1050.61	1143.66
1051.53	1265.19
1052.46	1259.19
1053.39	1265.25
1054.32	1328.17
1055.24	1421.45
1056.17	1537.62
1057.1	1621.65
1058.02	1740.15
1058.95	1843.63
1059.88	1925.28
1060.8	1881.19
1061.73	1926.56
1062.65	1759.46
1063.58	1718.19
1064.5	1597.8
1065.43	1664.24
1066.35	1586.34
1067.27	1543.29
1068.2	1533.14
1069.12	1549.34
1070.04	1603.53
1070.97	1564.59
1071.89	1557.53
1072.81	1470.08
1073.73	1476.21
1074.65	1377.71
1075.58	1283.8
1076.5	1301.06
1077.42	1286.64
1078.34	1210.18
1079.26	1198.41
1080.18	1163.83
1081.1	1138.8
1082.02	1106.21
1082.94	1090.72
1083.86	1046.72
1084.78	1072.07
1085.7	1037.61
1086.61	976.661
1087.53	974.639
1088.45	952.737
1089.37	927.995
1090.28	969.588
1091.2	990.22
1092.12	968.118
1093.03	997.167
1093.95	1007.3
1094.87	942.735
1095.78	972.953
1096.7	991.89
1097.61	986.257
1098.53	1014.68
1099.44	1082.8
1100.36	1028.78
1101.27	1111.88
1102.19	1058.7
1103.1	1066.02
1104.01	1064.84
1104.93	1122.29
1105.84	1263.94
1106.75	1242.31
1107.67	1264.34
1108.58	1296.93
1109.49	1324.84
1110.4	1394.23
1111.31	1401.93
1112.22	1472.77
1113.14	1557.64
1114.05	1564.01
1114.96	1619.67
1115.87	1738.83
1116.78	1817.5
1117.69	1878.22
1118.6	2038.03
1119.51	2090.7
1120.42	2315.07
1121.32	2293.64
1122.23	2409.46
1123.14	2395.53
1124.05	2461.78
1124.96	2399.3
1125.86	2188.56
1126.77	2104.38
1127.68	2037.69
1128.58	1917.18
1129.49	1865.21
1130.4	1817.47
1131.3	1804.56
1132.21	1753.77
1133.11	1781.92
1134.02	1902.38
1134.92	1974.05
1135.83	2090.7
1136.73	2108.94
1137.64	2157.51
1138.54	2198.3
1139.44	2242.69
1140.35	2192.9
1141.25	2162.13
1142.15	2052.58
1143.06	1995.44
1143.96	1897.43
1144.86	1898.32
1145.76	1780.99
1146.66	1698.64
1147.57	1637.02
1148.47	1560.97
1149.37	1511.54
1150.27	1448.78
1151.17	1448.94
1152.07	1340.52
1152.97	1357.88
1153.87	1285.63
1154.77	1247.59
1155.67	1138.94
1156.57	1056.93
1157.46	997.796
1158.36	971.121
1159.26	886.441
1160.16	896.179
1161.05	826.874
1161.95	782.295
1162.85	820.535
1163.75	705.132
1164.64	708.751
1165.54	750.364
1166.44	723.398
1167.33	675.605
1168.23	688.833
1169.12	694.555
1170.02	696.538
1170.91	664.289
1171.81	661.489
1172.7	636.762
1173.59	662.379
1174.49	653.709
1175.38	689.644
1176.27	700.8
1177.17	731.829
1178.06	757.119
1178.95	756.824
1179.84	782.209
1180.74	802.951
1181.63	795.349
1182.52	800.076
1183.41	817.055
1184.3	798.872
1185.19	823.177
1186.08	745.226
1186.97	806.303
1187.86	802.138
1188.75	792.338
1189.64	823.128
1190.53	861.421
1191.42	886.474
1192.31	885.169
1193.2	963.065
1194.09	967.632
1194.97	945.987
1195.86	965.848
1196.75	960.249
1197.64	909.385
1198.52	925.297
1199.41	941.186
1200.29	868.673
1201.18	915.713
1202.07	892.24
1202.95	877.218
1203.84	818.846
1204.72	813.041
1205.61	825.94
1206.49	739.23
1207.38	797.284
1208.26	739.048
1209.14	760.827
1210.03	734.873
1210.91	723.077
1211.79	729.116
1212.68	699.286
1213.56	715.377
1214.44	720.001
1215.32	693.467
1216.21	718.607
1217.09	719.361
1217.97	726.835
1218.85	786.18
1219.73	815.715
1220.61	775.882
1221.49	763.391
1222.37	928.003
1223.25	975.842
1224.13	1059.37
1225.01	1203.11
1225.89	1348.58
1226.77	1501.54
1227.65	1596.11
1228.52	1665.5
1229.4	1672
1230.28	1614.55
1231.16	1639.5
1232.03	1580.29
1232.91	1604.28
1233.79	1604.45
1234.66	1538.95
1235.54	1526.31
1236.42	1520.14
1237.29	1479.67
1238.17	1342.34
1239.04	1276.23
1239.92	1172.18
1240.79	1088.1
1241.67	1048.7
1242.54	984.556
1243.41	955.582
1244.29	946.595
1245.16	939.532
1246.03	903.882
1246.91	934.945
1247.78	904.894
1248.65	881.382
1249.52	928.38
1250.4	903.664
1251.27	896.088
1252.14	915.271
1253.01	937.393
1253.88	944.318
1254.75	942.685
1255.62	988.807
1256.49	921.127
1257.36	962.273
1258.23	1010.94
1259.1	1015.54
1259.97	1034.41
1260.84	1017.95
1261.71	1078.85
1262.57	1075.86
1263.44	1070.09
1264.31	1174.11
1265.18	1218.03
1266.05	1283.87
1266.91	1334.38
1267.78	1432.48
1268.65	1599.1
1269.51	1726.45
1270.38	1890.82
1271.24	2118.82
1272.11	2331.32
1272.97	2562.58
1273.84	2780.26
1274.7	2957.83
1275.57	3087.82
1276.43	3288.37
1277.3	3278.46
1278.16	3345.71
1279.02	3371.79
1279.89	3364.9
1280.75	3301.34
1281.61	3215.58
1282.48	3145.7
1283.34	3036.54
1284.2	2942.28
1285.06	2786.45
1285.92	2663.62
1286.78	2476.32
1287.65	2341.84
1288.51	2202.72
1289.37	2042.3
1290.23	1928.89
1291.09	1871.89
1291.95	1704.07
1292.81	1680.2
1293.67	1596.2
1294.52	1527.24
1295.38	1458.42
1296.24	1442.38
1297.1	1405.88
1297.96	1347.55
1298.81	1335.5
1299.67	1300.7
1300.53	1256.58
1301.39	1274.11
1302.24	1235.73
1303.1	1215.55
1303.95	1154.22
1304.81	1105.8
1305.67	1090.59
1306.52	1052.57
1307.38	1031.53
1308.23	1002.84
1309.09	991.314
1309.94	943.518
1310.8	906.997
1311.65	909.724
1312.5	898.807
1313.35	861.577
1314.21	863.553
1315.06	849.257
1315.91	832.096
1316.77	818.95
1317.62	826.52
1318.47	840.15
1319.32	820.452
1320.17	821.203
1321.02	840.059
1321.87	868.872
1322.73	830.701
1323.57	842.543
1324.43	841.74
1325.28	852.888
1326.13	885.583
1326.97	884.519
1327.82	890.931
1328.67	907.794
1329.52	902.083
1330.37	923.725
1331.22	933.71
1332.06	951.459
1332.91	943.235
1333.76	947.021
1334.61	962.791
1335.45	988.973
1336.3	961.708
1337.15	940.091
1337.99	979.564
1338.84	982.73
1339.68	1023.75
1340.53	1006.31
1341.37	1016.2
1342.22	1023.51
1343.06	1011.37
1343.91	1030.67
1344.75	1062.25
1345.6	1046.14
1346.44	1038.44
1347.28	1020.44
1348.12	1025.67
1348.97	1032.09
1349.81	1057.07
1350.65	1056.37
1351.49	1042.73
1352.33	1028.12
1353.18	1059.71
1354.02	1065.66
1354.86	1075.61
1355.7	1103.08
1356.54	1137.58
1357.38	1156.06
1358.22	1163.32
1359.06	1210.64
1359.9	1197.53
1360.74	1246.35
1361.58	1217.58
1362.42	1232.31
1363.25	1201.92
1364.09	1163.98
1364.93	1168.48
1365.77	1181.32
1366.6	1159.33
1367.19	1136.93
1368.1	1126.38
1369.01	1111.81
1369.92	1152.3
1370.83	1131.64
1371.74	1140.4
1372.65	1149.06
1373.56	1096.65
1374.47	1085.55
1375.37	1100.97
1376.28	1016.03
1377.19	1066.71
1378.1	1001.34
1379	998.829
1379.91	1009.06
1380.82	992.788
1381.72	967.673
1382.63	952.292
1383.54	985.737
1384.44	952.511
1385.35	964.187
1386.25	942.65
1387.16	961.152
1388.06	950.488
1388.97	978.83
1389.87	988.726
1390.78	1043.34
1391.68	1108.59
1392.59	1173.77
1393.49	1196.19
1394.39	1193.32
1395.3	1168.06
1396.2	1084.75
1397.1	1033.41
1398	944.578
1398.91	873.352
1399.81	829.326
1400.71	763.31
1401.61	783.96
1402.52	759.369
1403.42	735.705
1404.32	736.962
1405.22	731.483
1406.12	728.922
1407.02	698.7
1407.92	712.631
1408.82	724.743
1409.72	714.944
1410.62	716.639
1411.52	653.362
1412.42	693.188
1413.32	718.602
1414.21	729.627
1415.11	705.333
1416.01	708.676
1416.91	689.179
1417.81	727.783
1418.71	719.843
1419.6	748.167
1420.5	763.326
1421.4	742.495
1422.29	773.07
1423.19	750.375
1424.09	816.982
1424.98	844.471
1425.88	878.508
1426.77	907.738
1427.67	936.03
1428.56	973.879
1429.46	1059.3
1430.35	1086.86
1431.25	1148.72
1432.14	1206.93
1433.04	1304.3
1433.93	1333.45
1434.82	1401.78
1435.72	1397.91
1436.61	1456.03
1437.5	1457.99
1438.39	1541.05
1439.29	1623.21
1440.18	1666.18
1441.07	1808.41
1441.96	1822.5
1442.85	1939.84
1443.75	1938.79
1444.64	2003.13
1445.53	2093.81
1446.42	2088.92
1447.31	2107.95
1448.2	2154.51
1449.09	2072.88
1449.98	2089.85
1450.87	2114.39
1451.76	2001.57
1452.65	2039.17
1453.54	1989.72
1454.43	1976.26
1455.31	1896.29
1456.2	1817.83
1457.09	1764.8
1457.98	1780.72
1458.87	1720.84
1459.75	1776.91
1460.64	1756.94
1461.53	1705.58
1462.41	1798.89
1463.3	1844.13
1464.19	1929.03
1465.07	2082.42
1465.96	2160.52
1466.85	2286.63
1467.73	2344.62
1468.61	2319.27
1469.5	2330.13
1470.38	2277.21
1471.27	2193.34
1472.15	2228.81
1473.04	2324.3
1473.92	2424.39
1474.8	2483.46
1475.69	2587.16
1476.57	2640.59
1477.45	2615.79
1478.34	2580.77
1479.22	2543.05
1480.1	2526.49
1480.98	2461.63
1481.86	2435.73
1482.75	2425.46
1483.63	2449.55
1484.51	2310.53
1485.39	2205.03
1486.27	2022.76
1487.15	1646.51
1488.03	1453.65
1488.91	1206.56
1489.79	1056.16
1490.67	927.868
1491.55	849.825
1492.43	761.222
1493.31	703.673
1494.19	644.357
1495.07	565.899
1495.94	574.234
1496.82	539.209
1497.7	505.14
1498.58	472.992
1499.45	459.111
1500.33	442.367
1501.21	442.917
1502.09	390.819
1502.96	410.593
1503.84	393.062
1504.72	402.309
1505.59	382.891
1506.47	369.206
1507.34	345.999
1508.22	373.293
1509.09	322.552
1509.97	326.111
1510.84	342.056
1511.72	320.98
1512.59	334.095
1513.46	316.815
1514.34	348.794
1515.21	289.76
1516.08	291.346
1516.96	308.034
1517.83	316.197
1518.7	281.927
1519.57	325.009
1520.45	265.437
1521.32	305.718
1522.19	306.503
1523.06	296.052
1523.93	273.421
1524.8	269.601
1525.67	262.005
1526.54	258.137
1527.41	242.041
1528.28	280.349
1529.16	239.875
1530.02	252.876
1530.89	264.034
1531.76	244.326
1532.63	255.557
1533.5	275.232
1534.37	230.281
1535.24	257.427
1536.11	254.585
1536.97	262.971
1537.84	275.106
1538.71	239.528
1539.57	228.325
1540.44	243.379
1541.31	210.698
1542.18	246.429
1543.04	257.805
1543.91	272.91
1544.77	207.281
1545.64	206.346
1546.5	211.96
1547.37	199.76
1548.24	227.954
1549.1	219.627
1549.96	209.489
1550.83	206.913
1551.69	202.469
1552.56	219.679
1553.42	225.54
1554.28	221.898
1555.15	191.757
1556.01	239.082
1556.87	217.471
1557.73	211.984
1558.6	202.756
1559.46	233.371
1560.32	195.665
1561.18	184.446
1562.04	195.031
1562.9	206.537
1563.77	208.524
1564.63	211.489
1565.49	216.411
1566.35	221.394
1567.21	201.6
1568.07	252.53
1568.93	221.252
1569.79	232.041
1570.64	205.409
1571.5	222.855
1572.36	213.408
1573.22	219.325
1574.08	260.853
1574.94	254.338
1575.8	267.108
1576.65	295.348
1577.51	293.709
1578.37	320.064
1579.22	332.889
1580.08	364.088
1580.94	415.651
1581.79	425.637
1582.65	449.25
1583.51	409.859
1584.36	371.392
1585.22	408.694
1586.07	339.956
1586.93	312.955
1587.78	310.247
1588.63	311.408
1589.49	302.779
1590.34	275.559
1591.2	319.533
1592.05	324.415
1592.9	355.606
1593.76	366.288
1594.61	403.351
1595.46	447.333
1596.32	494.377
1597.17	573.811
1598.02	630.914
1598.87	692.958
1599.72	768.67
1600.58	820.774
1601.43	831.569
1602.28	852.931
1603.13	777.251
1603.98	704.488
1604.83	677.732
1605.68	582.674
1606.53	501.445
1607.38	438.879
1608.23	396.863
1609.08	403.658
1609.93	357.664
1610.77	318.456
1611.62	313.371
1612.47	319.001
1613.32	313.941
1614.17	292.392
1615.01	265.07
1615.86	281.58
1616.71	263.051
1617.55	271.735
1618.4	256.049
1619.25	254.906
1620.09	248.876
1620.94	264.19
1621.79	258.167
1622.63	263.813
1623.48	269.492
1624.32	239.386
1625.17	279.008
1626.01	242.18
1626.86	272.127
1627.7	293.354
1628.54	266.207
1629.39	282.564
1630.23	278.59
1631.07	274.589
1631.92	286.011
1632.76	290.647
1633.6	279.85
1634.45	318.23
1635.29	298.806
1636.13	292.903
1636.97	327.439
1637.81	350.407
1638.66	322.383
1639.5	320.346
1640.34	332.752
1641.18	355.765
1642.02	359.601
1642.86	334.64
1643.7	326.03
1644.54	335.674
1645.38	342.418
1646.22	309.727
1647.06	351.045
1647.89	375.067
1648.73	375.1
1649.57	340.58
1650.41	363.826
1651.25	344.806
1652.09	359.503
1652.92	385.764
1653.76	372.445
1654.6	368.674
1655.43	341.692
1656.27	338.819
1657.11	340.829
1657.94	365.144
1658.78	375.105
1659.62	330.99
1660.45	325.502
1661.29	346.091
1662.12	323
1662.96	327.934
1663.79	354.179
1664.62	337.804
1665.46	335.081
1666.29	323.703
1667.13	310.427
1667.96	339.975
1668.79	331.586
1669.63	311.451
1670.46	294.169
1671.29	312.964
1672.12	293.628
1672.96	295.753
1673.79	296.885
1674.62	274.519
1675.45	244.312
1676.28	268.988
1677.11	281.965
1677.95	242.952
1678.78	256.94
1679.61	239.452
1680.44	267.168
1681.27	244.64
1682.1	244.711
1682.93	238.862
1683.75	231.058
1684.58	270.599
1685.41	260.896
1686.24	232.447
1687.07	236.558
1687.9	250.549
1688.73	234.88
1689.55	249.852
1690.38	247.008
1691.21	226.313
1692.04	229.344
1692.86	233.327
1693.69	262.039
1694.52	259.043
1695.34	263.993
1696.17	257.11
1696.99	255.24
1697.82	258.374
1698.64	278.4
1699.47	267.653
1700.29	298.568
1701.12	251.938
1701.94	279.759
1702.77	265.807
1703.59	286.595
1704.41	327.223
1705.24	300.339
1706.06	317.15
1706.88	329.014
1707.71	356.765
1708.53	371.624
1709.35	349.769
1710.17	390.395
1711	392.293
1711.82	370.357
1712.64	398.947
1713.46	432.455
1714.28	460.012
1715.1	437.113
1715.92	475.644
1716.74	477.573
1717.56	495.298
1718.38	551.492
1719.2	554.094
1720.02	572.369
1720.84	566.879
1721.66	608.796
1722.48	618.314
1723.3	671.386
1724.11	681.263
1724.93	676.39
1725.75	675.318
1726.57	724.246
1727.39	742.378
1728.2	777.055
1729.02	757.652
1729.84	749.194
1730.65	743.836
1731.47	789.562
1732.29	797.046
1733.1	778.006
1733.92	757.907
1734.73	784.708
1735.55	771.399
1736.36	751.329
1737.18	731.353
1737.99	703.629
1738.81	687.612
1739.62	609.21
1740.43	641.834
1741.25	604.357
1742.06	549.472
1742.87	537.447
1743.69	510.924
1744.5	479.603
1745.31	503.594
1746.13	445.178
1746.94	423.647
1747.75	372.146
1748.56	323.623
1749.37	319.671
1750.18	297.348
1750.99	335.006
1751.81	287.525
1752.61	261.335
1753.42	268.031
1754.24	249.62
1755.04	232.204
1755.85	231.226
1756.66	209.945
1757.47	207.956
1758.28	216.554
1759.09	192.305
1759.9	200.873
1760.71	193.068
1761.52	190.126
1762.32	190.115
1763.13	167.962
1763.94	157.377
1764.74	174.738
1765.55	154.494
1766.36	166.061
1767.17	181.501
1767.97	173.832
1768.78	151.715
1769.58	157.581
1770.39	138.348
1771.19	151.927
1772	143.279
1772.8	124.953
1773.61	144.316
1774.41	164.664
1775.22	150.213
1776.02	144.465
1776.83	134.84
1777.63	118.432
1778.43	142.696
1779.23	138.893
1780.04	129.288
1780.84	105.133
1781.64	149.903
1782.44	134.49
1783.25	118.073
1784.05	162.955
1784.85	132.875
1785.65	141.743
1786.45	146.719
1787.25	153.658
1788.05	149.864
1788.86	131.403
1789.65	115.848
1790.46	138.439
1791.25	155.175
1792.05	124.889
1792.85	138.691
1793.65	141.727
1794.45	127.112
1795.25	119.37
1796.05	106.711
1796.85	133.418
1797.64	129.624
1798.44	166.261
1799.24	112.101
1800.04	142.815
1800.83	120.165
1801.63	134.079
1802.43	120.296
1803.22	123.329
1804.02	135.28
1804.82	127.417
1805.61	129.455
1806.41	136.449
1807.2	153.365
1808	126.63
1808.79	117.753
1809.59	153.58
1810.38	132.796
1811.18	159.721
1811.97	136.907
1812.76	116.042
1813.56	135.942
1814.35	139.899
1815.14	138.878
1815.94	142.847
1816.73	100.093
1817.52	159.836
1818.31	131.04
1819.1	153.008
1819.9	140.095
1820.69	109.216
1821.48	131.11
1822.27	119.128
1823.06	151.955
1823.85	112.114
1824.64	144.946
1825.43	136.964
1826.22	120.019
1827.01	117.993
1827.8	158.728
1828.59	145.765
1829.38	135.804
1830.17	126.85
1830.96	116.901
1831.74	147.687
1832.53	133.726
1833.32	115.783
1834.11	123.646
1834.89	100.748
1835.68	132.387
1836.47	148.141
1837.26	117.361
1838.04	117.285
1838.83	127.094
1839.61	133.919
1840.4	143.683
1841.19	130.73
1841.97	117.789
1842.76	129.485
1843.54	135.27
1844.33	145.985
1845.11	84.9897
1845.89	117.369
1846.68	112.423
1847.46	108.459
1848.25	140.798
1849.03	133.87
1849.81	118.125
1850.6	132.782
1851.38	123.922
1852.16	133.683
1852.94	115.035
1853.72	106.177
1854.51	143.301
1855.29	113.874
1856.07	122.587
1856.85	137.143
1857.63	96.0538
1858.41	108.658
1859.19	91.0396
1859.97	126.047
1860.75	101.646
1861.53	148.33
1862.31	117.165
1863.09	137.588
1863.87	102.549
1864.65	107.391
1865.43	124.852
1866.21	81.0435
1866.99	110.115
1867.76	117.786
1868.54	121.573
1869.32	139.911
1870.1	110.79
1870.87	133.048
1871.65	128.202
1872.43	112.71
1873.2	133.055
1873.98	104.957
1874.76	136.903
1875.53	133.011
1876.31	138.815
1877.08	133.019
1877.86	132.084
1878.63	129.221
1879.41	124.415
1880.18	135.106
1880.96	121.548
1881.73	106.039
1882.5	145.798
1883.28	101.21
1884.05	115.783
1884.82	135.224
1885.6	128.476
1886.37	144.047
1887.14	97.4732
1887.91	112.059
1888.68	108.195
1889.46	122.795
1890.23	149.082
1891	129.718
1891.77	130.791
1892.54	130.92
1893.31	81.3461
1894.08	102.925
1894.85	114.773
1895.62	143.248
1896.39	129.638
1897.16	125.762
1897.93	122.83
1898.7	132.614
1899.47	164.93
1900.24	86.6469
1901.01	158.243
1901.77	113.279
1902.54	122.242
1903.31	114.506
1904.08	125.426
1904.84	115.676
1905.61	117.717
1906.38	106.944
1907.14	124.744
1907.91	120.868
1908.68	131.797
1909.44	131.888
1910.21	137.918
1910.97	114.301
1911.74	132.22
1912.51	151.16
1913.27	117.587
1914.03	135.541
1914.8	134.648
1915.56	137.713
1916.33	140.769
1917.09	135.86
1917.85	137.898
1918.62	112.072
1919.38	116.083
1920.14	89.2419
1920.9	119.149
1921.67	134.157
1922.43	113.32
1923.19	104.444
1923.95	137.507
1924.71	130.647
1925.47	112.754
1926.24	128.844
1927	142.914
1927.76	120.905
1928.52	154.957
1929.28	117.89
1930.04	117.874
1930.8	109.847
1931.56	128.854
1932.32	130.85
1933.08	147.878
1933.83	127.885
1934.59	125.929
1935.35	132.995
1936.11	134.043
1936.87	142.079
1937.62	84.9284
1938.38	118.961
1939.14	139.932
1939.89	138.866
1940.65	130.814
1941.41	138.797
1942.16	119.777
1942.92	99.7549
1943.68	116.727
1944.43	134.658
1945.19	132.558
1945.94	133.437
1946.7	128.326
1947.45	111.275
1948.21	114.176
1948.96	117.086
1949.71	143.874
1950.47	121.934
1951.22	120.888
1951.98	144.679
1952.73	118.8
1953.48	138.586
1954.23	128.572
1954.99	133.41
1955.74	132.273
1956.49	121.236
1957.24	140.85
1957.99	157.489
1958.75	113.979
1959.5	137.576
1960.25	144.414
1961	142.377
1961.75	116.697
1962.5	131.357
1963.25	111.58
1964	134.055
1964.75	102.538
1965.5	151.46
1966.25	142.512
1967	127.693
1967.74	141.227
1968.49	117.606
1969.24	145.704
1969.99	127.972
1970.74	115.168
1971.48	103.395
1972.23	149.928
1972.98	123.656
1973.73	144.957
1974.47	132.284
1975.22	123.474
1975.96	144.668
1976.71	132.906
1977.46	112.462
1978.2	121.998
1978.95	148.907
1979.69	140.143
1980.44	110.216
1981.18	168.992
1981.93	128.498
1982.67	158.337
1983.41	138.041
1984.16	139.865
1984.9	134.921
1985.64	136.692
1986.39	126.945
1987.13	142.156
1987.87	119.051
1988.61	129.511
1989.36	99.7863
1990.1	117.929
1990.84	136.065
1991.58	140.805
1992.32	168.486
1993.06	128.309
1993.81	104.406
1994.55	140.736
1995.29	124.526
1996.03	133.195
1996.77	136.145
1997.51	140.06
1998.24	121.936
1998.98	127.742
1999.72	131.62
2000.46	123.981
2001.2	130.723
2001.94	119.245
2002.68	121.205
2003.41	122.217
2004.15	134.764
2004.89	160.776
2005.63	163.735
2006.36	149.375
2007.1	107.099
2007.84	140.819
2008.57	132.211
2009.31	136.132
2010.05	104.419
2010.78	120.901
2011.52	123.907
2012.25	121.123
2012.99	142.497
2013.72	126.152
2014.46	124.29
2015.19	107.888
2015.92	113.755
2016.66	131.273
2017.39	125.552
2018.13	114.022
2018.86	111.238
2019.59	111.377
2020.32	115.414
2021.06	119.452
2021.79	122.663
2022.52	120.068
2023.25	104.245
2023.98	109.61
2024.72	95.5554
2025.45	126.15
2026.18	132.499
2026.91	147.998
2027.64	131.344
2028.37	115.855
2029.1	124.176
2029.83	163.825
2030.56	141.543
2031.29	141.642
2032.02	160.325
2032.75	115.041
2033.47	125.175
2034.2	118.491
2034.93	137.337
2035.66	121.272
2036.39	121.924
2037.11	149.765
2037.84	120.341
2038.57	134.609
2039.3	127.928
2040.02	133.174
2040.75	123.451
2041.47	128.323
2042.2	132.833
2042.93	121.067
2043.65	114.244
2044.38	109.37
2045.1	95.5728
2045.83	135.72
2046.55	112.979
2047.28	113.277
2048	125.729
2048.73	123.933
2049.45	124.157
2050.17	120.297
2050.9	118.443
2051.62	117.844
2052.34	129.085
2053.07	123.75
2053.79	118.401
2054.51	112.664
2055.23	121.062
2055.95	140.774
2056.68	129.513
2057.4	126.948
2058.12	127.75
2058.84	149.798
2059.56	131.481
2060.28	130.653
2061	123.426
2061.72	128.086
2062.44	122.873
2063.16	145.487
2063.88	134.624
2064.6	142.486
2065.32	140.795
2066.03	148.458
2066.75	150.39
2067.47	127.995
2068.19	136.157
2068.91	151.845
2069.62	125.654
2070.34	138.757
2071.06	120.451
2071.77	138.84
2072.49	149.957
2073.21	140.681
2073.92	141.971
2074.64	125.265
2075.36	121.477
2076.07	140.141
2076.79	134.244
2077.5	146.673
2078.22	137.992
2078.93	132.478
2079.64	131.354
2080.36	124.063
2081.07	125.772
2081.79	129.548
2082.5	130.179
2083.21	125.682
2083.93	132.707
2084.64	129.481
2085.35	151.603
2086.07	155.172
2086.78	124.002
2087.49	140.577
2088.2	139.744
2088.91	141.756
2089.62	130.703
2090.33	136.665
2091.04	139.834
2091.76	126.208
2092.47	128.145
2093.18	130.375
2093.89	135.684
2094.6	133.99
2095.3	160.691
2096.01	140.796
2096.72	148.125
2097.43	134.062
2098.14	119.28
2098.85	125.551
2099.56	130.607
2100.09	122.545
2100.87	134.357
2101.65	135.299
2102.43	158.969
2103.21	106.559
2103.99	116.373
2104.77	133.056
2105.55	127.999
2106.32	110.138
2107.1	139.523
2107.88	135.468
2108.66	133.421
2109.44	130.433
2110.22	125.505
2110.99	149.036
2111.77	123.459
2112.55	151.785
2113.33	147.697
2114.1	150.457
2114.88	160.078
2115.66	119.937
2116.43	159.923
2117.21	167.722
2117.99	163.817
2118.76	143.298
2119.54	140.328
2120.31	158.803
2121.09	159.7
2121.86	146.953
2122.64	166.375
2123.41	146.836
2124.19	161.399
2124.96	185.708
2125.74	127.286
2126.51	129.249
2127.28	166.297
2128.06	167.324
2128.83	174.19
2129.61	162.515
2130.38	143.018
2131.15	175.192
2131.92	147.89
2132.7	153.753
2133.47	158.654
2134.24	180.15
2135.01	151.878
2135.78	140.184
2136.55	117.746
2137.33	143.158
2138.1	143.197
2138.87	158.892
2139.64	142.348
2140.41	136.566
2141.18	142.544
2141.95	169.136
2142.72	176.15
2143.49	114.405
2144.26	138.066
2145.03	175.51
2145.8	136.225
2146.57	130.383
2147.33	140.317
2148.1	175.934
2148.87	161.287
2149.64	159.457
2150.41	125.953
2151.17	130.981
2151.94	120.155
2152.71	136.076
2153.48	118.312
2154.24	113.44
2155.01	130.435
2155.78	126.579
2156.54	124.706
2157.31	131.793
2158.08	124.913
2158.84	96.0398
2159.61	143.06
2160.37	129.129
2161.14	121.174
2161.9	103.203
2162.67	153.315
2163.43	111.329
2164.2	149.542
2164.96	143.674
2165.72	133.774
2166.49	135.914
2167.25	123.924
2168.01	122.972
2168.78	142.162
2169.54	151.271
2170.3	135.176
2171.07	156.443
2171.83	160.592
2172.59	141.508
2173.35	159.841
2174.11	122.469
2174.88	164.074
2175.64	136.736
2176.4	122.544
2177.16	88.1373
2177.92	129.786
2178.68	132.93
2179.44	147.262
2180.2	118.974
2180.96	148.577
2181.72	135.502
2182.48	161.054
2183.24	145.902
2184	164.312
2184.76	194.927
2185.52	158.349
2186.28	160.449
2187.04	122.849
2187.79	175.865
2188.55	155.581
2189.31	171.956
2190.07	172.039
2190.83	157.857
2191.58	193.592
2192.34	174.307
2193.1	186.596
2193.85	193.768
2194.61	175.444
2195.37	200.877
2196.12	189.628
2196.88	177.364
2197.63	176.301
2198.39	147.844
2199.15	154.971
2199.9	165.165
2200.66	189.577
2201.41	153.072
2202.16	159.172
2202.92	187.546
2203.67	166.209
2204.43	153.004
2205.18	183.362
2205.93	152.006
2206.69	152.06
2207.44	154.156
2208.19	138.032
2208.95	159.337
2209.7	169.477
2210.45	167.449
2211.2	159.344
2211.95	161.347
2212.71	158.301
2213.46	163.336
2214.21	180.468
2214.96	139.094
2215.71	162.247
2216.46	184.347
2217.21	161.124
2217.96	160.041
2218.71	175.02
2219.46	166.902
2220.21	159.817
2220.96	170.8
2221.71	168.781
2222.46	160.775
2223.21	166.782
2223.96	174.768
2224.71	184.719
2225.46	159.679
2226.21	175.584
2226.95	179.508
2227.7	185.439
2228.45	153.535
2229.2	195.336
2229.94	189.343
2230.69	230.1
2231.44	240.996
2232.18	221.077
2232.93	246.855
2233.68	256.708
2234.42	249.665
2235.17	297.129
2235.92	242.5
2236.66	276.055
2237.41	292.782
2238.15	261.076
2238.9	291.69
2239.64	290.672
2240.38	266.932
2241.13	236.286
2241.87	219.473
2242.62	237.198
2243.36	202.641
2244.1	208.529
2244.85	171.064
2245.59	218.327
2246.33	209.445
2247.08	179.909
2247.82	191.711
2248.56	192.678
2249.3	161.199
2250.05	168.048
2250.79	186.666
2251.53	188.591
2252.27	166.018
2253.01	185.638
2253.75	171.95
2254.49	159.265
2255.23	171.096
2255.97	166.268
2256.71	184.962
2257.45	173.251
2258.19	157.603
2258.93	171.339
2259.67	151.755
2260.41	138.063
2261.15	173.345
2261.89	154.808
2262.63	180.363
2263.36	186.368
2264.1	146.325
2264.84	155.269
2265.58	168.128
2266.32	170.18
2267.05	182.021
2267.79	174.222
2268.53	182.113
2269.26	186.08
2270	174.367
2270.74	164.633
2271.48	180.429
2272.21	159.94
2272.95	178.732
2273.68	201.488
2274.42	184.95
2275.15	188.066
2275.89	172.474
2276.62	193.291
2277.36	181.595
2278.09	182.689
2278.83	189.685
2279.56	188.788
2280.29	179.999
2281.03	179.096
2281.76	179.186
2282.49	195.074
2283.23	180.398
2283.96	187.458
2284.69	167.867
2285.42	186.818
2286.16	169.171
2286.89	197.011
2287.62	167.414
2288.35	172.446
2289.08	172.529
2289.81	196.408
2290.55	187.634
2291.28	186.819
2292.01	190.989
2292.74	176.302
2293.47	176.501
2294.2	168.724
2294.93	175.849
2295.66	161.036
2296.39	203.979
2297.11	149.256
2297.85	171.259
2298.57	160.386
2299.3	183.438
2300.03	187.582
2300.76	170.784
2301.49	145.971
2302.22	164.104
2302.94	137.227
2303.67	163.347
2304.4	173.468
2305.12	211.647
2305.85	166.723
2306.58	193.94
2307.31	160
2308.03	175.189
2308.76	167.28
2309.48	174.415
2310.21	189.584
2310.93	158.542
2311.66	148.601
2312.38	166.822
2313.11	144.821
2313.83	156.016
2314.56	198.427
2315.28	160.259
2316.01	157.326
2316.73	138.268
2317.45	180.7
2318.18	188.887
2318.9	142.612
2319.62	126.575
2320.35	143.836
2321.07	164.127
2321.79	156.136
2322.52	177.439
2323.24	167.43
2323.96	144.282
2324.68	125.169
2325.4	149.532
2326.12	131.412
2326.84	111.254
2327.56	124.478
2328.29	103.298
2329.01	102.36
2329.73	107.504
2330.45	116.706
2331.17	118.825
2331.89	122.965
2332.61	159.528
2333.32	132.231
2334.04	132.289
2334.76	173.899
2335.48	131.394
2336.2	151.737
2336.92	171.082
2337.64	149.88
2338.35	155.037
2339.07	144.973
2339.79	186.636
2340.51	154.244
2341.23	153.308
2341.94	111.791
2342.66	151.484
2343.37	141.446
2344.09	149.685
2344.81	147.742
2345.52	136.619
2346.24	130.551
2346.95	137.674
2347.67	150.883
2348.38	163.09
2349.1	146.91
2349.82	152.078
2350.53	120.708
2351.24	109.636
2351.96	144.285
2352.67	140.294
2353.39	134.246
2354.1	155.624
2354.81	145.488
2355.53	138.409
2356.24	136.42
2356.95	111.086
2357.66	145.682
2358.38	136.616
2359.09	139.746
2359.8	115.447
2360.51	119.605
2361.22	115.638
2361.94	151.357
2362.65	135.199
2363.36	133.281
2364.07	127.275
2364.78	148.769
2365.49	133.55
2366.2	171.318
2366.91	155.049
2367.62	161.204
2368.33	135.779
2369.04	153.162
2369.75	143.042
2370.46	155.342
2371.16	147.259
2371.87	124.902
2372.58	143.313
2373.29	166.825
2374	151.605
2374.71	156.775
2375.41	151.749
2376.12	175.27
2376.83	142.708
2377.53	152.978
2378.24	158.158
2378.95	151.106
2379.65	153.235
2380.36	151.276
2381.07	174.82
2381.77	167.732
2382.48	156.561
2383.18	150.508
2383.89	161.831
2384.59	161.952
2385.3	191.72
2386	171.408
2386.71	139.802
2387.41	115.317
2388.12	131.711
2388.82	175.679
2389.52	153.217
2390.23	160.411
2390.93	127.786
2391.63	179.967
2392.34	119.755
2393.04	152.509
2393.74	164.809
2394.44	177.101
2395.15	181.232
2395.85	169.048
2396.55	149.731
2397.25	199.906
2397.95	154.004
2398.65	167.354
2399.35	152.054
2400.05	152.065
2400.75	174.535
2401.45	145.956
2402.15	156.191
2402.85	191.957
2403.55	170.602
2404.25	164.568
2404.95	174.874
2405.65	178.035
2406.35	170.975
2407.05	172.076
2407.75	163.974
2408.44	169.155
2409.14	164.122
2409.84	189.755
2410.54	204.15
2411.24	177.647
2411.93	156.236
2412.63	207.379
2413.33	201.257
2414.02	169.592
2414.72	182.873
2415.42	124.699
2416.11	137.995
2416.81	197.199
2417.5	164.594
2418.2	196.266
2418.9	170.831
2419.59	137.237
2420.28	188.296
2420.98	185.27
2421.67	173.042
2422.37	150.615
2423.06	180.153
2423.75	165.906
2424.45	186.312
2425.14	174.177
2425.84	178.363
2426.53	178.487
2427.22	148.02
2427.91	170.533
2428.61	136.942
2429.3	167.546
2429.99	196.06
2430.68	161.396
2431.37	170.51
2432.07	147.084
2432.76	182.621
2433.45	172.456
2434.14	165.375
2434.83	130.917
2435.52	167.526
2436.21	175.712
2436.9	193.011
2437.59	140.255
2438.28	180.825
2438.97	166.602
2439.66	179.747
2440.35	170.621
2441.04	164.557
2441.72	142.323
2442.41	160.567
2443.1	165.65
2443.79	171.73
2444.48	158.595
2445.16	194.968
2445.85	174.775
2446.54	187.932
2447.23	162.74
2447.91	162.795
2448.6	146.697
2449.29	158.855
2449.97	190.173
2450.66	159.93
2451.34	204.347
2452.03	185.222
2452.72	168.128
2453.4	152.048
2454.09	184.362
2454.77	158.17
2455.46	176.308
2456.14	213.538
2456.82	162.156
2457.51	175.218
2458.19	215.44
2458.88	192.35
2459.56	152.203
2460.24	193.503
2460.92	211.694
2461.61	220.838
2462.29	204.829
2462.97	204.9
2463.66	202.942
2464.34	188.894
2465.02	242.2
2465.7	208.004
2466.38	204.971
2467.06	186.881
2467.75	212.99
2468.42	209.002
2469.11	219.094
2469.79	207.132
2470.47	208.236
2471.15	205.327
2471.83	233.551
2472.51	233.635
2473.19	193.512
2473.86	227.712
2474.54	228.748
2475.22	190.62
2475.9	215.775
2476.58	199.779
2477.26	211.924
2477.94	217.061
2478.61	212.156
2479.29	206.237
2479.97	218.402
2480.65	173.229
2481.32	200.455
2482	162.304
2482.68	218.709
2483.35	196.661
2484.03	171.588
2484.71	187.761
2485.38	198.888
2486.06	216.033
2486.73	211.029
2487.41	221.115
2488.08	187.971
2488.76	209.162
2489.43	191.152
2490.11	176.171
2490.78	182.329
2491.45	179.427
2492.13	202.708
2492.8	182.658
2493.48	187.789
2494.15	197.96
2494.82	219.237
2495.49	202.214
2496.17	193.272
2496.84	213.621
2497.51	215.812
2498.18	200.806
2498.86	219.134
2499.53	208.101
2500.2	214.236
2500.87	257.788
2501.54	205.258
2502.21	223.575
2502.88	213.6
2503.55	236.057
2504.22	238.277
2504.89	243.52
2505.56	240.613
2506.23	256.95
2506.9	229.635
2507.57	244.949
2508.24	239.99
2508.91	241.148
2509.58	213.866
2510.25	231.276
2510.91	252.737
2511.58	235.538
2512.25	284.429
2512.92	257.052
2513.59	265.296
2514.25	247.11
2514.92	241.143
2515.59	236.192
2516.25	237.339
2516.92	258.849
2517.59	254.87
2518.25	239.662
2518.92	256.046
2519.58	248.988
2520.25	234.804
2520.91	253.268
2521.58	221.779
2522.24	241.322
2522.91	225.16
2523.57	234.533
2524.24	227.553
2524.9	232.83
2525.56	228.884
2526.23	223.899
2526.89	231.193
2527.55	243.606
2528.22	238.593
2528.88	247.908
2529.54	233.626
2530.21	251.1
2530.87	252.17
2531.53	249.159
2532.19	262.59
2532.85	270.954
2533.51	231.138
2534.18	242.625
2534.84	256.161
2535.5	256.296
2536.16	243.004
2536.82	225.552
2537.48	217.329
2538.14	248.139
2538.8	265.613
2539.46	233.849
2540.12	237.039
2540.78	235.129
2541.44	241.457
2542.09	266.301
2542.75	244.843
2543.41	272.734
2544.07	275.881
2544.73	259.425
2545.39	257.334
2546.04	260.357
2546.7	262.344
2547.36	261.268
2548.02	294.102
2548.67	298.233
2549.33	284.958
2549.98	290.18
2550.64	296.439
2551.3	268.814
2551.95	280.203
2552.61	299.814
2553.26	306.078
2553.92	296.924
2554.57	286.714
2555.23	307.282
2555.88	339.083
2556.54	311.283
2557.19	306.06
2557.85	312.13
2558.5	324.378
2559.15	338.715
2559.81	338.751
2560.46	356.236
2561.11	341.969
2561.77	344.079
2562.42	334.882
2563.07	349.197
2563.72	337.863
2564.37	341.862
2565.03	364.271
2565.68	338.653
2566.33	361.148
2566.98	326.462
2567.63	339.852
2568.28	338.928
2568.93	347.166
2569.58	398.277
2570.23	351.203
2570.88	351.138
2571.53	385.817
2572.18	374.605
2572.83	388.969
2573.48	395.194
2574.13	365.668
2574.78	369.807
2575.43	354.505
2576.07	375.93
2576.72	350.386
2577.37	352.406
2578.02	340.152
2578.67	356.457
2579.31	340.114
2579.96	320.698
2580.61	355.262
2581.26	337.858
2581.9	336.77
2582.55	340.814
2583.19	326.605
2583.84	365.353
2584.49	331.896
2585.13	334.039
2585.78	335.117
2586.42	325.95
2587.07	337.059
2587.71	317.612
2588.36	309.344
2589	322.413
2589.65	319.275
2590.29	310.106
2590.93	328.358
2591.58	319.278
2592.22	287.928
2592.86	330.606
2593.51	314.504
2594.15	303.481
2594.79	342.176
2595.43	301.72
2596.07	344.469
2596.72	315.109
2597.36	316.165
2598	294.854
2598.64	282.665
2599.28	280.627
2599.92	313.089
2600.56	313.125
2601.2	317.251
2601.85	287.93
2602.49	332.646
2603.13	322.574
2603.76	319.576
2604.4	302.36
2605.04	319.62
2605.68	297.34
2606.32	294.335
2606.96	314.647
2607.6	337.983
2608.24	326.831
2608.88	330.858
2609.51	306.519
2610.15	318.66
2610.79	295.404
2611.43	275.235
2612.06	290.542
2612.7	305.887
2613.34	297.945
2613.97	292.017
2614.61	291.139
2615.25	323.718
2615.88	309.629
2616.52	305.68
2617.15	299.705
2617.79	292.72
2618.42	295.894
2619.06	299.07
2619.69	307.321
2620.33	295.234
2620.96	305.483
2621.6	294.373
2622.23	325.943
2622.86	294.507
2623.5	286.463
2624.13	311.987
2624.76	292.793
2625.4	318.347
2626.03	296.08
2626.66	323.647
2627.29	298.287
2627.93	311.592
2628.56	331.018
2629.19	314.843
2629.82	330.249
2630.45	337.526
2631.08	331.561
2631.71	311.311
2632.34	294.096
2632.98	342.116
2633.61	336.117
2634.24	340.334
2634.87	350.706
2635.5	373.353
2636.12	328.622
2636.75	328.799
2637.38	327.94
2638.01	304.574
2638.64	330.266
2639.27	355.955
2639.9	367.313
2640.53	351.031
2641.15	347.007
2641.78	326.607
2642.41	342.021
2643.04	379.967
2643.66	373.946
2644.29	379.209
2644.92	358.889
2645.54	332.405
2646.17	354.038
2646.8	382.82
2647.42	332.68
2648.05	383.955
2648.67	375.801
2649.3	366.635
2649.92	377.983
2650.55	377.069
2651.17	378.236
2651.8	390.709
2652.42	391.925
2653.05	385.958
2653.67	378.942
2654.29	382.157
2654.92	389.443
2655.54	413.126
2656.16	380.323
2656.79	416.316
2657.41	400.764
2658.03	399.326
2658.65	407.229
2659.27	393.659
2659.9	423.893
2660.52	412.285
2661.14	410.143
2661.76	376.978
2662.38	415.29
2663	396.697
2663.62	399.339
2664.24	384.863
2664.86	425.054
2665.48	415.115
2666.1	426.376
2666.72	411.032
2667.34	426.784
2667.96	407.743
2668.58	438.37
2669.2	426.939
2669.82	444.539
2670.44	436.638
2671.05	461.896
2671.67	434.461
2672.29	484.231
2672.91	458.344
2673.53	478.232
2674.14	478.802
2674.76	482.902
2675.38	502.739
2675.99	522.115
2676.61	528.262
2677.23	561.341
2677.84	554.915
2678.46	630.384
2679.07	673.538
2679.69	692.601
2680.3	763.969
2680.92	836.703
2681.53	869.928
2682.15	940.225
2682.76	972.055
2683.38	1003.74
2683.99	1018.56
2684.61	1035.84
2685.22	1008.86
2685.83	972.371
2686.44	965.506
2687.06	951.296
2687.67	936.383
2688.28	953.943
2688.9	947.812
2689.51	945.135
2690.12	983.558
2690.73	990.93
2691.34	982.604
2691.96	992.088
2692.57	996.584
2693.18	1040.34
2693.79	1013.63
2694.4	1028.09
2695.01	1052.08
2695.62	1036.32
2696.23	1032.05
2696.84	994.328
2697.45	994.132
2698.06	1001.83
2698.67	1011.97
2699.28	1015.1
2699.88	980.939
2700.49	995.023
2701.1	992.373
2701.71	978.09
2702.32	1012.67
2702.93	999.557
2703.53	985.937
2704.14	1008.9
2704.75	1034.55
2705.36	1031.61
2705.96	1015.82
2706.57	1038.94
2707.17	1054.61
2707.78	1065.95
2708.39	1073.89
2708.99	1076.76
2709.6	1081.13
2710.2	1098.83
2710.81	1108.47
2711.41	1114.97
2712.02	1107.92
2712.62	1120.87
2713.23	1138.51
2713.83	1138.12
2714.44	1156.19
2715.04	1177.88
2715.64	1202.81
2716.25	1210.91
2716.85	1195.32
2717.45	1214.41
2718.05	1200.17
2718.66	1191.82
2719.26	1220.52
2719.86	1236.85
2720.46	1222.07
2721.06	1245.57
2721.67	1219.16
2722.27	1267.83
2722.87	1288.22
2723.47	1302.2
2724.07	1304.55
2724.67	1305.14
2725.27	1297.38
2725.71	1280.76
2726.38	1324.31
2727.06	1346.27
2727.73	1351.79
2728.4	1336.91
2729.07	1336.35
2729.74	1340.04
2730.42	1371.42
2731.09	1384.8
2731.76	1376.07
2732.43	1387.81
2733.1	1397.58
2733.77	1405.26
2734.44	1410.77
2735.11	1442.54
2735.78	1433.39
2736.45	1426.09
2737.12	1474.59
2737.79	1480.25
2738.46	1487.92
2739.13	1447.87
2739.8	1478.14
2740.47	1435.46
2741.14	1485.55
2741.81	1461.67
2742.47	1423.66
2743.14	1409.06
2743.81	1425.94
2744.48	1408.09
2745.15	1442.08
2745.81	1396.53
2746.48	1407.04
2747.15	1390.08
2747.81	1388.45
2748.48	1455.13
2749.15	1432.94
2749.81	1439.11
2750.48	1422.64
2751.15	1424.43
2751.81	1453.81
2752.48	1414.08
2753.14	1376.72
2753.81	1326.36
2754.47	1336.36
2755.14	1251.26
2755.8	1217.96
2756.47	1234.47
2757.13	1195.57
2757.8	1150.47
2758.46	1138.16
2759.13	1123.98
2759.79	1083.4
2760.45	1126.75
2761.12	1099.52
2761.78	1163.17
2762.44	1109.99
2763.1	1121.12
2763.77	1110.75
2764.43	1129.14
2765.09	1127.29
2765.76	1150.22
2766.42	1154.92
2767.08	1134.1
2767.74	1153.19
2768.4	1231.67
2769.06	1236.2
2769.72	1268.29
2770.38	1263.36
2771.05	1309.72
2771.71	1390.02
2772.37	1387.29
2773.03	1465.83
2773.69	1496.23
2774.35	1578.04
2775.01	1660.79
2775.67	1775.25
2776.33	1855.6
2776.99	1952.3
2777.64	2086.05
2778.3	2199.38
2778.96	2314.94
2779.62	2385.33
2780.28	2450.48
2780.94	2518.52
2781.59	2576.1
2782.25	2564.72
2782.91	2532.96
2783.57	2497.43
2784.22	2497.25
2784.88	2496.27
2785.54	2418.99
2786.2	2391.79
2786.85	2378.37
2787.51	2373.64
2788.16	2362.36
2788.82	2420.1
2789.48	2410.28
2790.13	2465.94
2790.79	2429.58
2791.44	2481.09
2792.1	2537.73
2792.75	2597.07
2793.41	2605.3
2794.06	2630.5
2794.72	2672.84
2795.37	2693.42
2796.02	2728.49
2796.68	2809.06
2797.33	2831.27
2797.98	2845.54
2798.64	2842.59
2799.29	2946.83
2799.94	2950.35
2800.6	3012.61
2801.25	3115.07
2801.9	3118.71
2802.55	3197.43
2803.21	3175.08
2803.86	3277.11
2804.51	3309.88
2805.16	3274.49
2805.81	3403.78
2806.46	3448.67
2807.11	3473.04
2807.77	3500.51
2808.42	3545.36
2809.07	3646.58
2809.72	3675.47
2810.37	3755.54
2811.02	3767.68
2811.67	3890.04
2812.32	3951.13
2812.97	4028.09
2813.61	3994.48
2814.26	4060.77
2814.91	4169.25
2815.56	4219.03
2816.21	4288.16
2816.86	4377.58
2817.51	4388.6
2818.15	4469.17
2818.8	4509.35
2819.45	4524.68
2820.1	4575.02
2820.74	4654.55
2821.39	4736.8
2822.04	4825.83
2822.69	4902.78
2823.33	4982.52
2823.98	4929.98
2824.63	5055.29
2825.27	5055.64
2825.92	5205.7
2826.56	5281.16
2827.21	5354.21
2827.85	5391.12
2828.5	5496.32
2829.14	5475.74
2829.79	5572.47
2830.43	5551.4
2831.08	5609.54
2831.72	5559.76
2832.37	5678.21
2833.01	5689.33
2833.65	5764.67
2834.3	5864.13
2834.94	5880.89
2835.58	5960.97
2836.23	5906.18
2836.87	6013.62
2837.51	6011.4
2838.16	6102.2
2838.8	6139.39
2839.44	6185.54
2840.08	6192.99
2840.72	6200.23
2841.36	6241.71
2842.01	6408.88
2842.65	6410.3
2843.29	6417.9
2843.93	6442.21
2844.57	6554.06
2845.21	6569.54
2845.85	6570.68
2846.49	6671.66
2847.13	6652.98
2847.77	6756.36
2848.41	6851.27
2849.05	6887.82
2849.69	6865.17
2850.33	6853.55
2850.97	6770.4
2851.61	6709.63
2852.24	6756.32
2852.88	6875.36
2853.52	6972.06
2854.16	6967.77
2854.8	6929.83
2855.43	6881.94
2856.07	7012.38
2856.71	7047.17
2857.35	7088.19
2857.98	7164.91
2858.62	7135.28
2859.26	7226.16
2859.89	7303.94
2860.53	7537.84
2861.16	7495.62
2861.8	7712.9
2862.44	7774.53
2863.07	7909.5
2863.71	8106.13
2864.34	8343.38
2864.98	8458.75
2865.61	8615.95
2866.25	8835.19
2866.88	8988.24
2867.52	9128.28
2868.15	9339.89
2868.78	9400.58
2869.42	9624.26
2870.05	9747.53
2870.69	9920.35
2871.32	10135.7
2871.95	10198.4
2872.58	10434
2873.22	10682.7
2873.85	10947.1
2874.48	11078.2
2875.11	11306
2875.75	11334.6
2876.38	11515.2
2877.01	11534.1
2877.64	11565.9
2878.27	11669.3
2878.9	11611.4
2879.53	11530.2
2880.16	11585.5
2880.79	11494.9
2881.42	11653.5
2882.05	11605.5
2882.68	11593.3
2883.31	11641.9
2883.94	11613.1
2884.57	11629.9
2885.2	11591.5
2885.83	11637.5
2886.46	11737.6
2887.09	11570.1
2887.72	11636.9
2888.35	11570.3
2888.97	11571.3
2889.6	11671.6
2890.23	11529.8
2890.86	11632.8
2891.49	11470.6
2892.11	11626.8
2892.74	11539.8
2893.37	11567.8
2893.99	11696.1
2894.62	11637.6
2895.25	11703.9
2895.87	11713.5
2896.5	11594.3
2897.12	11767
2897.75	11729.3
2898.38	11702
2899	11890.6
2899.63	12003.1
2900.25	12257.9
2900.88	12259.8
2901.5	12197.9
2902.12	12342
2902.75	12412.6
2903.37	12540.9
2904	12589.3
2904.62	12604.5
2905.25	12680.5
2905.87	12707.4
2906.49	12892.7
2907.11	12869.2
2907.74	12890.1
2908.36	12788.3
2908.98	12882.5
2909.6	12920
2910.23	12947.8
2910.85	13030.2
2911.47	12877.9
2912.09	12798.4
2912.71	12746.5
2913.33	12755
2913.96	12590
2914.58	12520.5
2915.2	12290.2
2915.82	12247.9
2916.44	12007.4
2917.06	11917.3
2917.68	11704.6
2918.3	11431.7
2918.92	11343.9
2919.54	11231.9
2920.16	11162.8
2920.77	11027.1
2921.39	10892.8
2922.01	10903.4
2922.63	10804.2
2923.25	10784.9
2923.87	10649.6
2924.48	10684.6
2925.1	10759.9
2925.72	10708.2
2926.34	10765.2
2926.95	10791.1
2927.57	10834.6
2928.19	10871.9
2928.8	11055.8
2929.42	11113.3
2930.04	11170.3
2930.65	11293.3
2931.27	11471.2
2931.89	11650.7
2932.5	11897
2933.12	11971.4
2933.73	12157.1
2934.35	12463.7
2934.96	12641.2
2935.58	12841.9
2936.19	13048
2936.81	13127.2
2937.42	13326.2
2938.03	13411.9
2938.65	13558
2939.26	13584.7
2939.88	13570.3
2940.49	13507.4
2941.1	13282.1
2941.71	13225
2942.33	13015.7
2942.94	12766.7
2943.55	12500.6
2944.17	12341.9
2944.78	12170.7
2945.39	11915.4
2946	11684.5
2946.61	11568.1
2947.22	11296.5
2947.83	11166.4
2948.45	10995
2949.06	10706.2
2949.67	10529.6
2950.28	10342.4
2950.89	10141.9
2951.5	9988.86
2952.11	9782.95
2952.72	9593.59
2953.33	9445.77
2953.94	9284.82
2954.54	9112.77
2955.15	8955.64
2955.76	8794.42
2956.37	8669.83
2956.98	8531.82
2957.59	8404.98
2958.2	8139.57
2958.8	8072.34
2959.41	7977.18
2960.02	7864.78
2960.63	7781.25
2961.23	7674.93
2961.84	7499.85
2962.45	7418.67
2963.05	7409.25
2963.66	7167.07
2964.27	7102.58
2964.87	6995.24
2965.48	6885.96
2966.08	6828.58
2966.69	6702.82
2967.29	6582.25
2967.9	6464.52
2968.5	6378.7
2969.11	6238.94
2969.71	6137.68
2970.32	5944.87
2970.92	5836.54
2971.53	5718.63
2972.13	5586.26
2972.74	5488
2973.34	5390.48
2973.94	5297.05
2974.54	5185.76
2975.15	5066.67
2975.75	4908.55
2976.35	4882.88
2976.96	4712.41
2977.56	4663.37
2978.16	4573.3
2978.76	4497.42
2979.36	4332.22
2979.97	4256.39
2980.57	4203.37
2981.17	4046.64
2981.77	3980.77
2982.37	3870.09
2982.97	3809.05
2983.57	3649.34
2984.17	3586.17
2984.77	3448.86
2985.37	3422.97
2985.97	3335.41
2986.57	3262.7
2987.17	3187.02
2987.77	3117.24
2988.37	2982.44
2988.97	2942.45
2989.57	2845.71
2990.17	2774.39
2990.76	2704.13
2991.36	2665.79
2991.96	2664.54
2992.56	2583.56
2993.16	2538.39
2993.75	2419.31
2994.35	2339.93
2994.95	2355.56
2995.54	2309.76
2996.14	2258.05
2996.74	2225.12
2997.33	2149.6
2997.93	2161.25
2998.52	2087.07
2999.12	2054.79
2999.72	2031.66
3000.31	1945.02
3000.91	1939.24
3001.5	1890.44
3002.1	1870.26
3002.69	1868.37
3003.29	1823.31
3003.88	1818.05
3004.47	1789.22
3005.07	1732.9
3005.66	1717.82
3006.26	1654.92
3006.85	1663.97
3007.44	1628.01
3008.04	1571.37
3008.63	1537.01
3009.22	1503.33
3009.81	1457.05
3010.41	1442.47
3011	1408.43
3011.59	1421.76
3012.18	1370.63
3012.77	1366.84
3013.36	1348.72
3013.96	1291.53
3014.55	1284.6
3015.14	1315.71
3015.73	1292.47
3016.32	1252.9
3016.91	1192.78
3017.5	1213.88
3018.09	1207.05
3018.68	1221.64
3019.27	1196.99
3019.86	1110.56
3020.45	1151.92
3021.04	1184.19
3021.63	1123.89
3022.22	1146.05
3022.8	1139.28
3023.39	1126.18
3023.98	1099.55
3024.57	1089.37
3025.16	1103.95
3025.74	1109.28
3026.33	1131.1
3026.92	1068.22
3027.5	1131.17
3028.09	1110.41
3028.68	1143.29
3029.26	1105.04
3029.85	1119.57
3030.44	1125
3031.02	1069.68
3031.61	1140.4
3032.19	1131.56
3032.78	1119.48
3033.37	1166.16
3033.95	1114.52
3034.54	1143.44
3035.12	1097.94
3035.71	1178.58
3036.29	1130.05
3036.87	1148.72
3037.46	1183.93
3038.04	1153.01
3038.63	1166.61
3039.21	1165.87
3039.79	1192.17
3040.38	1184.47
3040.96	1165.39
3041.54	1166.91
3042.12	1176.51
3042.71	1186.87
3043.29	1176.25
3043.87	1170.67
3044.45	1177.5
3045.03	1176.17
3045.62	1181.25
3046.2	1225.88
3046.78	1270.69
3047.36	1273.14
3047.94	1261.06
3048.52	1298.59
3049.1	1341.18
3049.68	1390.9
3050.26	1438.48
3050.84	1438.37
3051.42	1552.17
3052	1602.78
3052.58	1621.29
3053.16	1677.1
3053.74	1742.3
3054.32	1782.79
3054.89	1832.8
3055.47	1863.33
3056.05	1838.05
3056.63	1851.1
3057.21	1916.9
3057.78	1869.44
3058.36	1889.09
3058.94	1852.53
3059.52	1872.88
3060.09	1888.09
3060.67	1850.61
3061.25	1867.2
3061.82	1824.85
3062.4	1842.61
3062.97	1861.3
3063.55	1854.97
3064.13	1818.47
3064.7	1792.33
3065.28	1763.19
3065.85	1764.26
3066.43	1703.28
3067	1678.56
3067.58	1641.26
3068.15	1564.36
3068.72	1555.6
3069.3	1487.7
3069.87	1459.16
3070.45	1389.43
3071.02	1348.93
3071.59	1333.47
3072.17	1258.16
3072.74	1223.17
3073.31	1173.58
3073.89	1115.56
3074.46	1110.17
3075.03	1072.71
3075.6	1031.2
3076.17	1001.22
3076.74	927.966
3077.32	957.172
3077.89	892.299
3078.46	871.849
3079.03	838.884
3079.6	894.797
3080.17	794.337
3080.74	813.825
3081.31	783.601
3081.88	765.781
3082.45	760.378
3083.02	744.665
3083.59	762.029
3084.16	722.599
3084.73	704.874
3085.3	716.071
3085.87	710.799
3086.43	676.713
3087	694.306
3087.57	663.471
3088.14	656.394
3088.71	635.871
3089.28	643.159
3089.84	680.315
3090.41	604.899
3090.98	603.795
3091.54	577.923
3092.11	596.427
3092.68	587.067
3093.24	575.637
3093.81	599.268
3094.38	603.309
3094.94	616.644
3095.51	618.657
3096.07	592.844
3096.64	548.475
3097.2	570.051
3097.77	590.59
3098.33	578.19
3098.9	563.782
3099.46	606.089
3100.03	566.006
3100.59	543.425
3101.15	544.508
3101.72	557.908
3102.28	566.109
3102.84	552.642
3103.41	538.135
3103.97	551.431
3104.53	533.826
3105.1	558.43
3105.66	551.123
3106.22	548.979
3106.78	547.886
3107.34	564.303
3107.91	555.02
3108.47	545.753
3109.03	562.224
3109.59	557.137
3110.15	556.22
3110.71	541.978
3111.27	483.49
3111.83	542.33
3112.39	496.083
3112.95	538.299
3113.51	548.502
3114.07	509.253
3114.63	490.616
3115.19	549.196
3115.75	534.788
3116.31	543.058
3116.87	496.806
3117.43	521.513
3117.98	514.274
3118.54	515.218
3119.1	542.872
3119.66	522.202
3120.22	526.241
3120.77	486.129
3121.33	533.413
3121.89	504.657
3122.44	524.188
3123	527.236
3123.56	462.425
3124.11	512.645
3124.67	511.483
3125.23	502.128
3125.78	520.535
3126.34	501.028
3126.89	507.239
3127.45	495.019
3128	512.589
3128.56	533.242
3129.11	497.389
3129.67	483.063
3130.22	519.024
3130.78	511.802
3131.33	504.543
3131.88	504.445
3132.44	534.099
3132.99	501.156
3133.54	545.193
3134.1	529.76
3134.65	506.161
3135.2	519.52
3135.76	506.228
3136.31	548.335
3136.86	504.268
3137.41	529.947
3137.96	526.887
3138.51	501.244
3139.07	533.039
3139.62	498.153
3140.17	479.685
3140.72	524.818
3141.27	514.571
3141.82	529.969
3142.37	528.948
3142.92	476.632
3143.47	525.834
3144.02	527.864
3144.57	514.541
3145.12	515.619
3145.67	501.363
3146.22	515.863
3146.77	499.6
3147.32	525.393
3147.86	493.668
3148.41	538.871
3148.96	523.454
3149.51	526.468