401.058	774.771
402.149	790.25
403.243	765.004
404.332	817.2
405.424	736.205
406.515	789.2
407.606	811.039
408.697	685.233
409.785	706.28
410.876	683.157
411.967	666.578
413.055	590.914
414.143	561.153
415.233	634.071
416.321	622.768
417.409	613.329
418.499	547.301
419.586	658.651
420.673	692.041
421.761	755.116
422.848	699.088
423.935	755.007
425.02	820.184
426.106	770.044
427.193	831.436
428.278	821.747
429.364	877.355
430.45	899.783
431.534	853.362
432.618	877.919
433.704	842.053
434.788	854.133
435.871	796.472
436.955	875.729
438.038	810.669
439.123	763.986
440.204	742.197
441.287	718.728
442.37	738.704
443.452	620.62
444.535	638.849
445.615	584.987
446.698	533.67
447.78	524.693
448.86	490.706
449.939	478.934
451.021	428.385
452.101	470.445
453.18	423.638
454.262	455.54
455.341	389.957
456.42	328.871
457.499	367.007
458.578	369.886
459.654	352.398
460.733	301.534
461.811	356.563
462.89	276.9
463.966	281.769
465.044	310.821
466.12	312.898
467.197	269.337
468.273	298.36
469.349	344.084
470.426	290.046
471.501	320.637
472.576	349.265
473.651	344.415
474.726	371.193
475.801	307.105
476.876	392.474
477.95	317.377
479.022	374.904
480.097	403.604
481.171	487.808
482.243	435.718
483.317	389.222
484.388	522.176
485.46	366.631
486.533	419.966
487.605	365.26
488.676	422.15
489.747	436.597
490.818	449.234
491.889	496.885
492.959	503.225
494.03	487.57
495.1	572.078
496.171	527.885
497.239	582.785
498.309	579.72
499.379	639.86
500.446	700.847
501.514	668.479
502.584	620.73
503.651	695.76
504.718	640.044
505.788	608.177
506.855	685.244
507.921	732.11
508.988	660.861
510.055	753.51
511.119	671.291
512.186	650.468
513.252	650.768
514.318	699.708
515.382	696.453
516.448	679.464
517.512	633.113
518.577	697.948
519.641	658.117
520.704	645.909
521.768	691.775
522.833	716.52
523.896	719.999
524.959	707.631
526.021	783.782
527.084	821.876
528.144	820.091
529.207	797.031
530.269	825.855
531.331	933.539
532.391	933.407
533.453	933.523
534.513	935.585
535.572	922.704
536.634	875.187
537.693	925.884
538.752	881.566
539.812	811.136
540.87	931.491
541.929	801.78
542.988	861.206
544.047	849.969
545.105	780.775
546.164	778.501
547.22	797.391
548.278	753.405
549.336	770.858
550.392	774.233
551.448	720.784
552.505	666.563
553.561	761.588
554.616	760.694
555.671	645.181
556.728	666.55
557.783	753.854
558.836	685.473
559.891	736.981
560.946	716.822
562	696.744
563.055	641.584
564.107	619.972
565.161	633.649
566.213	542.725
567.267	584.145
568.318	506.224
569.37	565.128
570.424	581.493
571.475	507.422
572.526	550.589
573.577	602.021
574.628	561.27
575.679	562.938
576.73	618.952
577.781	536.014
578.829	662.046
579.88	546.127
580.93	578.365
581.978	565.516
583.026	529.645
584.076	549.85
585.124	511.189
586.172	475.298
587.221	563.463
588.269	545.916
589.316	593.528
590.363	616.265
591.41	647.206
592.457	671.741
593.502	531.415
594.549	612.19
595.595	737.231
596.64	616.672
597.686	603.421
598.73	665.405
599.776	674.842
600.82	674.894
601.864	643.614
602.908	687.741
603.953	677.845
604.997	725.179
606.04	701.903
607.083	727.44
608.125	702.22
609.168	740.405
610.211	810.693
611.253	748.065
612.294	784.093
613.336	899.487
614.377	1011.29
615.419	1189.56
616.459	1368.72
617.499	1441.65
618.539	1579.9
619.579	1485.64
620.619	1404.35
621.658	1170.11
622.698	1115.78
623.737	1142.66
624.776	1211.11
625.815	1386.63
626.852	1567.85
627.891	1703.14
628.928	1799.8
629.966	1974.91
631.003	2034.37
632.041	2029.66
633.077	1993.14
634.114	1877.04
635.15	1714.95
636.185	1660.16
637.221	1487.69
638.257	1393.85
639.292	1302.84
640.328	1200.63
641.361	1148.01
642.396	1044.41
643.431	962.809
644.464	910.674
645.497	799.748
646.532	752.538
647.564	721.163
648.597	707.413
649.629	662.466
650.663	694.735
651.695	646.006
652.727	650.499
653.757	565.779
654.789	576.603
655.821	554.391
656.852	464.366
657.882	442.34
658.913	439.634
659.942	480.059
660.973	400.31
662.002	413.149
663.031	478.203
664.06	403.058
665.09	409.616
666.119	410.828
667.147	379.118
668.175	414.478
669.201	433.307
670.229	386.705
671.257	357.426
672.285	390.654
673.311	370.475
674.338	388.095
675.363	400.283
676.389	348.966
677.416	375.978
678.441	341.164
679.466	388.369
680.491	364.451
681.515	373.699
682.54	370.955
683.565	346.125
684.589	360.101
685.613	360.311
686.635	366.106
687.659	366.381
688.681	368.497
689.705	363.194
690.727	408.744
691.75	475.59
692.772	476.725
693.793	417.644
694.814	455.743
695.835	437.311
696.856	467.912
697.877	473.473
698.898	482.718
699.918	466.979
700.937	469.773
701.957	458.706
702.978	478.18
703.996	455.089
705.016	444.934
706.034	425.515
707.052	404.243
708.069	402.393
709.087	437.525
710.107	322.968
711.124	353.526
712.139	407.205
713.156	328.753
714.173	370.423
715.19	362.16
716.205	334.448
717.222	363.029
718.238	346.311
719.253	363.716
720.267	405.067
721.283	357.029
722.297	391.945
723.311	382.677
724.325	411.17
725.339	399.201
726.353	452.589
727.366	456.345
728.38	473.931
729.391	554.073
730.404	591.839
731.417	597.301
732.428	616.438
733.441	657.529
734.452	657.24
735.463	679.961
736.475	727.557
737.486	711.062
738.496	677.249
739.506	693.038
740.516	715.25
741.526	745.672
742.534	723.693
743.544	750.289
744.554	765.836
745.561	753.864
746.571	765.783
747.578	751.151
748.587	762.25
749.594	711.934
750.601	716.694
751.608	731.596
752.615	733.712
753.621	712.02
754.628	694.05
755.634	689.915
756.641	687.67
757.647	701.113
758.651	696.178
759.657	733.642
760.663	646.597
761.666	720.935
762.67	753.727
763.676	712.53
764.679	745.143
765.682	751.781
766.686	771.287
767.689	778.769
768.692	764.149
769.694	738.593
770.697	732.654
771.698	700.951
772.7	688.741
773.703	650.468
774.703	677.912
775.703	601.097
776.705	647.636
777.705	655.963
778.705	666.15
779.705	656.93
780.705	697.998
781.704	687.159
782.704	690.289
783.703	708.259
784.702	650.817
785.701	734.674
786.698	718.974
787.697	756.324
788.694	722.102
789.693	797.741
790.689	730.063
791.686	777.764
792.682	817.001
793.68	861.734
794.676	780.732
795.672	896.228
796.666	902.912
797.662	929.284
798.658	1022.8
799.653	1077.17
800.647	1140.68
801.642	1175.99
802.636	1249.25
803.631	1315.78
804.624	1286.36
805.617	1266.3
806.61	1316.93
807.602	1239.26
808.595	1260.03
809.587	1188.83
810.58	1176.14
811.572	1143.14
812.564	1156.62
813.554	1113.73
814.546	1131.13
815.536	1104.1
816.528	1114.07
817.518	1137.89
818.507	1057.16
819.499	1197.52
820.488	1211.16
821.477	1149.88
822.466	1231.72
823.455	1314.25
824.444	1427.93
825.431	1526.68
826.42	1558.16
827.408	1641.47
828.395	1761.85
829.383	1913.67
830.369	2019.33
831.356	2198.26
832.342	2355.4
833.33	2628.72
834.315	2761.99
835.301	2959.8
836.287	3157.29
837.27	3299.57
838.256	3316.71
839.241	3444.26
840.226	3344.92
841.209	3259.08
842.194	3230
843.177	3142.12
844.16	3040.56
845.145	2872.98
846.127	2675.13
847.11	2571.01
848.092	2423.57
849.074	2391.82
850.056	2401.28
851.039	2324.98
852.018	2320.2
853	2213.21
853.982	2272.63
854.962	2289.9
855.941	2231.15
856.923	2237.08
857.902	2187.23
858.881	2161.46
859.86	2061.16
860.839	2023.27
861.818	1959.35
862.797	1942.11
863.776	1883.19
864.754	1824.1
865.733	1749.29
866.709	1795.09
867.687	1700.16
868.664	1630.23
869.642	1666.29
870.618	1595.73
871.594	1573.12
872.569	1478.72
873.545	1534.44
874.521	1472.23
875.496	1467.99
876.471	1433.25
877.447	1436.18
878.42	1397.51
879.395	1428.79
880.37	1445.28
881.343	1357.71
882.315	1287.76
883.29	1287.03
884.262	1216.35
885.235	1209.25
886.207	1204.85
887.179	1191.13
888.151	1195.76
889.123	1144.13
890.095	1122.03
891.065	1171.87
892.037	1236.52
893.009	1197.02
893.978	1243.26
894.948	1229.6
895.919	1289.79
896.888	1291.08
897.857	1344.11
898.826	1368.59
899.795	1382.81
900.764	1453.15
901.732	1467.86
902.701	1514.66
903.668	1537.35
904.636	1619.07
905.604	1600.39
906.57	1615.1
907.538	1631.9
908.504	1648.95
909.47	1695.75
910.436	1768.6
911.402	1701.21
912.367	1744.58
913.333	1772.13
914.298	1764.37
915.264	1749.05
916.229	1702.22
917.192	1679.49
918.157	1638.38
919.12	1608.5
920.084	1571.29
921.047	1515.52
922.01	1517.07
922.972	1411.88
923.935	1415.03
924.897	1346.74
925.859	1311.86
926.821	1212.1
927.783	1189.38
928.743	1120.23
929.705	1077.93
930.667	1096.85
931.626	1018.17
932.586	1011.04
933.547	1032.81
934.506	997.055
935.466	979.985
936.425	975.048
937.384	953.307
938.343	935.195
939.301	992.529
940.26	981.761
941.217	1049.4
942.175	1003.26
943.132	933.8
944.09	1033.54
945.046	1043.62
946.002	1002.2
946.96	1069.3
947.916	991.165
948.872	1050.69
949.828	981.742
950.783	1032.75
951.737	984.253
952.692	1009.76
953.647	1016.39
954.601	974.19
955.556	973.308
956.509	965.99
957.464	1008.59
958.417	1035.43
959.369	988.116
960.322	1006.44
961.275	995.395
962.227	1074.31
963.179	1030.84
964.132	1047.49
965.082	1089.63
966.034	1023.07
966.984	1049.7
967.936	1025.71
968.885	1051.49
969.837	1076.15
970.787	1039.48
971.736	1042.1
972.686	1041.8
973.635	1033.06
974.584	1102.34
975.533	1103.18
976.48	1168.88
977.429	1246.84
978.378	1157.74
979.325	1194.41
980.273	1281.74
981.22	1249.84
982.166	1353
983.113	1376.24
984.061	1438.67
985.007	1537.41
985.953	1573.14
986.897	1651.92
987.843	1730.76
988.789	1849.09
989.734	1822.65
990.678	1874
991.623	2076.81
992.567	2275.66
993.51	2733.04
994.453	3200.99
995.398	3974.56
996.341	4946.1
997.284	6102.46
998.227	7025.91
999.168	7516.53
1000.11	7461.16
1001.05	6783.9
1001.99	5545.72
1002.94	4245.98
1003.88	3191.77
1004.82	2410.74
1005.76	2036.8
1006.7	1666.51
1007.64	1517.81
1008.58	1370.76
1009.52	1296.17
1010.46	1253.08
1011.4	1182.93
1012.34	1147.37
1013.27	1170.71
1014.21	1123.57
1015.15	1133.49
1016.09	1253.62
1017.03	1237.64
1017.96	1247.63
1018.9	1253.67
1019.84	1419.24
1020.77	1444.64
1021.71	1578.48
1022.65	1678.96
1023.58	1847.16
1024.52	2169.35
1025.45	2355.6
1026.39	2588.04
1027.32	2831.73
1028.26	2957.92
1029.19	2957.96
1030.12	3014.08
1031.06	2875.03
1031.99	2749.43
1032.92	2553.72
1033.86	2362.86
1034.79	2104.1
1035.72	1902.32
1036.65	1813.15
1037.59	1742.5
1038.52	1612.17
1039.45	1565.66
1040.38	1565.37
1041.31	1499.9
1042.24	1502.38
1043.17	1414.99
1044.1	1458.9
1045.03	1334.5
1045.96	1428.66
1046.89	1391.55
1047.82	1393.48
1048.75	1334.97
1049.68	1394.09
1050.61	1420.03
1051.53	1434.38
1052.46	1464.6
1053.39	1505.91
1054.32	1498.49
1055.24	1537.57
1056.17	1658.52
1057.1	1643.66
1058.02	1614.7
1058.95	1667.7
1059.88	1716.92
1060.8	1719.44
1061.73	1707.61
1062.65	1685.32
1063.58	1701.24
1064.5	1663.83
1065.43	1695.97
1066.35	1697.29
1067.27	1588.4
1068.2	1613.54
1069.12	1573.48
1070.04	1559.09
1070.97	1551.61
1071.89	1550.28
1072.81	1471.41
1073.73	1568.92
1074.65	1463.8
1075.58	1441.35
1076.5	1451
1077.42	1413.72
1078.34	1400.07
1079.26	1408.24
1080.18	1385.96
1081.1	1349.47
1082.02	1364.35
1082.94	1303.19
1083.86	1335.13
1084.78	1317.66
1085.7	1293.58
1086.61	1284.77
1087.53	1273.22
1088.45	1267.41
1089.37	1250.22
1090.28	1261.41
1091.2	1304.72
1092.12	1303.37
1093.03	1220.52
1093.95	1235.32
1094.87	1267.27
1095.78	1302.19
1096.7	1249.19
1097.61	1267.23
1098.53	1306.07
1099.44	1354.31
1100.36	1287.97
1101.27	1308.6
1102.19	1282.8
1103.1	1280.62
1104.01	1311.52
1104.93	1328.31
1105.84	1348.06
1106.75	1394.48
1107.67	1347.57
1108.58	1389.65
1109.49	1447.86
1110.4	1553.23
1111.31	1520.28
1112.22	1539.1
1113.14	1608.84
1114.05	1588.75
1114.96	1671.83
1115.87	1765.49
1116.78	1826.22
1117.69	1792.41
1118.6	1867.15
1119.51	1832.9
1120.42	1840.97
1121.32	1852.77
1122.23	1859.12
1123.14	1841.39
1124.05	1799.69
1124.96	1737.69
1125.86	1737.42
1126.77	1630.09
1127.68	1644.59
1128.58	1527.73
1129.49	1534.55
1130.4	1396.81
1131.3	1367.01
1132.21	1332.5
1133.11	1361.7
1134.02	1324.87
1134.92	1320.58
1135.83	1314.61
1136.73	1285.95
1137.64	1314.18
1138.54	1324.26
1139.44	1322.81
1140.35	1264.27
1141.25	1300.76
1142.15	1293.62
1143.06	1334.13
1143.96	1358.57
1144.86	1354.47
1145.76	1385.5
1146.66	1421.15
1147.57	1392.85
1148.47	1409.2
1149.37	1474.1
1150.27	1538.06
1151.17	1570.63
1152.07	1546.09
1152.97	1578.73
1153.87	1565.59
1154.77	1485.64
1155.67	1476.1
1156.57	1372.15
1157.46	1304.42
1158.36	1247.25
1159.26	1134.97
1160.16	1136.19
1161.05	1128.9
1161.95	1057.71
1162.85	1004.46
1163.75	999.607
1164.64	955.489
1165.54	946.518
1166.44	994.657
1167.33	887.782
1168.23	926.655
1169.12	934.277
1170.02	887.775
1170.91	897.396
1171.81	905.069
1172.7	919.323
1173.59	953.456
1174.49	979.887
1175.38	981.509
1176.27	1019.14
1177.17	1098.42
1178.06	1133.01
1178.95	1149.61
1179.84	1254.47
1180.74	1221.11
1181.63	1287.38
1182.52	1269.34
1183.41	1204.79
1184.3	1233.84
1185.19	1219.15
1186.08	1208.14
1186.97	1241.54
1187.86	1189.9
1188.75	1284.7
1189.64	1312.41
1190.53	1357.99
1191.42	1412
1192.31	1401.96
1193.2	1458.96
1194.09	1505.8
1194.97	1524.61
1195.86	1552.98
1196.75	1516.32
1197.64	1456.94
1198.52	1455.83
1199.41	1423.64
1200.29	1364.24
1201.18	1318.13
1202.07	1281.49
1202.95	1253.29
1203.84	1170.43
1204.72	1162.66
1205.61	1123.73
1206.49	1076.37
1207.38	1070.46
1208.26	950.239
1209.14	989.909
1210.03	910.504
1210.91	919.49
1211.79	907.765
1212.68	858.245
1213.56	885.648
1214.44	850.745
1215.32	857.087
1216.21	873.712
1217.09	866.912
1217.97	844.32
1218.85	852.026
1219.73	890.059
1220.61	852.167
1221.49	866.103
1222.37	910.212
1223.25	926.93
1224.13	971.771
1225.01	990.007
1225.89	1002.42
1226.77	1088.39
1227.65	1104.61
1228.52	1106.86
1229.4	1135.76
1230.28	1113.88
1231.16	1126.14
1232.03	1095.85
1232.91	1065.48
1233.79	1034
1234.66	1016.58
1235.54	1016.08
1236.42	1051.54
1237.29	1015.74
1238.17	1010.3
1239.04	1006.81
1239.92	943.535
1240.79	1002.88
1241.67	940.631
1242.54	911.642
1243.41	936.889
1244.29	938.375
1245.16	933.221
1246.03	932.847
1246.91	941.996
1247.78	926.271
1248.65	920.914
1249.52	962.203
1250.4	927
1251.27	957.632
1252.14	964.418
1253.01	977.01
1253.88	1004.01
1254.75	958.458
1255.62	1003.64
1256.49	959.867
1257.36	1029.7
1258.23	1006.7
1259.1	1087.75
1259.97	1077.01
1260.84	1044.32
1261.71	1089.97
1262.57	1050.73
1263.44	1048.79
1264.31	1104.17
1265.18	1084.18
1266.05	1153.86
1266.91	1175.78
1267.78	1155.65
1268.65	1193.61
1269.51	1237.22
1270.38	1284.55
1271.24	1349.9
1272.11	1367.54
1272.97	1472.68
1273.84	1532.03
1274.7	1584.67
1275.57	1680.11
1276.43	1747.86
1277.3	1814.9
1278.16	1897.86
1279.02	1941.23
1279.89	2005.53
1280.75	2073.37
1281.61	2125.41
1282.48	2206.85
1283.34	2252.15
1284.2	2246.59
1285.06	2268.38
1285.92	2278.04
1286.78	2220
1287.65	2174.18
1288.51	2051.99
1289.37	2004.49
1290.23	1925.38
1291.09	1867.12
1291.95	1815.36
1292.81	1765.52
1293.67	1718.94
1294.52	1703.87
1295.38	1664.25
1296.24	1650.97
1297.1	1663.83
1297.96	1647.66
1298.81	1619.5
1299.67	1604.3
1300.53	1582.21
1301.39	1586.8
1302.24	1510.88
1303.1	1477.09
1303.95	1435.41
1304.81	1398.11
1305.67	1370.45
1306.52	1303.38
1307.38	1276.98
1308.23	1252.86
1309.09	1186.47
1309.94	1130.08
1310.8	1116.66
1311.65	1071.73
1312.5	1044.81
1313.35	1025.25
1314.21	1013.7
1315.06	984.301
1315.91	976.503
1316.77	937.085
1317.62	959.866
1318.47	947.804
1319.32	945.718
1320.17	944.903
1321.02	976.473
1321.87	960.683
1322.73	953.952
1323.57	957.82
1324.43	959.622
1325.28	983.228
1326.13	999.799
1326.97	965.436
1327.82	987.289
1328.67	979.614
1329.52	984.631
1330.37	1015.69
1331.22	1019.44
1332.06	1021.96
1332.91	1028.05
1333.76	1014.21
1334.61	1023.82
1335.45	1032.56
1336.3	1015.74
1337.15	1042.23
1337.99	1036.27
1338.84	1050.12
1339.68	1070.55
1340.53	1087.65
1341.37	1055.34
1342.22	1050.25
1343.06	1054.36
1343.91	1067.88
1344.75	1101.33
1345.6	1087.03
1346.44	1078.47
1347.28	1076.71
1348.12	1081.28
1348.97	1082.76
1349.81	1080.83
1350.65	1088.78
1351.49	1106.1
1352.33	1086.17
1353.18	1110.76
1354.02	1125.26
1354.86	1137.77
1355.7	1155.43
1356.54	1173.75
1357.38	1181.58
1358.22	1208.6
1359.06	1183.62
1359.9	1190.11
1360.74	1184.85
1361.58	1228.92
1362.42	1240.52
1363.25	1245.44
1364.09	1234.45
1364.93	1222.65
1365.77	1244.14
1366.6	1257.23
1367.19	1231.46
1368.1	1242.6
1369.01	1237.91
1369.92	1214.44
1370.83	1207.58
1371.74	1179.92
1372.65	1200.41
1373.56	1169.65
1374.47	1145.75
1375.37	1110.02
1376.28	1092.94
1377.19	1114.11
1378.1	1060.51
1379	1057.98
1379.91	1085.85
1380.82	1085.24
1381.72	993.43
1382.63	1029.95
1383.54	995.814
1384.44	972.359
1385.35	996.715
1386.25	959.539
1387.16	944.894
1388.06	938.146
1388.97	929.541
1389.87	951.148
1390.78	920.326
1391.68	966.263
1392.59	934.563
1393.49	899.979
1394.39	920.586
1395.3	882.036
1396.2	873.438
1397.1	846.46
1398	831.137
1398.91	792.789
1399.81	742.092
1400.71	774.308
1401.61	734.37
1402.52	725.2
1403.42	727.499
1404.32	741.243
1405.22	732.89
1406.12	738.955
1407.02	729.788
1407.92	724.582
1408.82	740.524
1409.72	725.955
1410.62	732.438
1411.52	697.822
1412.42	719.502
1413.32	763.998
1414.21	781.683
1415.11	773.569
1416.01	765.448
1416.91	793.517
1417.81	814.947
1418.71	791.767
1419.6	837.196
1420.5	853.316
1421.4	873.391
1422.29	889.747
1423.19	939.368
1424.09	983.174
1424.98	1034.43
1425.88	1050.38
1426.77	1100.49
1427.67	1200.97
1428.56	1254.94
1429.46	1345.11
1430.35	1426.83
1431.25	1560.01
1432.14	1652.53
1433.04	1723.46
1433.93	1802.28
1434.82	1802.38
1435.72	1859.73
1436.61	1861
1437.5	1904.27
1438.39	1908.46
1439.29	1934.55
1440.18	1999.69
1441.07	2014.99
1441.96	2151.56
1442.85	2278.61
1443.75	2338.96
1444.64	2473.46
1445.53	2601.9
1446.42	2610.9
1447.31	2680.3
1448.2	2780.1
1449.09	2786.23
1449.98	2765.94
1450.87	2765.66
1451.76	2727.13
1452.65	2692.95
1453.54	2653.66
1454.43	2565.69
1455.31	2508.55
1456.2	2412.31
1457.09	2398.31
1457.98	2289.72
1458.87	2208.61
1459.75	2080.06
1460.64	2003.13
1461.53	1923.86
1462.41	1900.23
1463.3	1827.37
1464.19	1734.82
1465.07	1768.78
1465.96	1739.12
1466.85	1712.89
1467.73	1622.49
1468.61	1569.06
1469.5	1552.7
1470.38	1450.15
1471.27	1462.19
1472.15	1403.32
1473.04	1371.49
1473.92	1376.39
1474.8	1289.88
1475.69	1287.85
1476.57	1302.44
1477.45	1225.96
1478.34	1245.85
1479.22	1157.98
1480.1	1156.49
1480.98	1118.71
1481.86	1031.91
1482.75	1067.23
1483.63	1027.46
1484.51	987.721
1485.39	928.805
1486.27	924.463
1487.15	810.939
1488.03	731.469
1488.91	746.875
1489.79	666.317
1490.67	648.53
1491.55	582.309
1492.43	569.267
1493.31	562.061
1494.19	521.174
1495.07	512.191
1495.94	513.826
1496.82	472.112
1497.7	487.157
1498.58	432.929
1499.45	433.495
1500.33	435.968
1501.21	439.408
1502.09	404.559
1502.96	427.201
1503.84	427.833
1504.72	410.313
1505.59	392.807
1506.47	386.754
1507.34	392.128
1508.22	375.592
1509.09	366.717
1509.97	380.71
1510.84	349.13
1511.72	345.154
1512.59	360.167
1513.46	322.964
1514.34	350.209
1515.21	346.103
1516.08	324.936
1516.96	327.422
1517.83	341.236
1518.7	337.125
1519.57	348.132
1520.45	305.499
1521.32	306.249
1522.19	303.285
1523.06	308.829
1523.93	305.007
1524.8	285.22
1525.67	251.331
1526.54	301.003
1527.41	286.773
1528.28	295.99
1529.16	290.203
1530.02	288.202
1530.89	263.769
1531.76	269.362
1532.63	275.927
1533.5	286.254
1534.37	275.035
1535.24	281.592
1536.11	276.89
1536.97	245.03
1537.84	291.819
1538.71	255.32
1539.57	277.841
1540.44	268.58
1541.31	253.732
1542.18	255.76
1543.04	278.415
1543.91	286.98
1544.77	252.336
1545.64	262.677
1546.5	242.033
1547.37	247.675
1548.24	237.422
1549.1	243.204
1549.96	249.085
1550.83	224.942
1551.69	237.501
1552.56	259.491
1553.42	238.04
1554.28	196.654
1555.15	225.093
1556.01	235.594
1556.87	257.497
1557.73	238.818
1558.6	243.856
1559.46	218.585
1560.32	233.117
1561.18	224.806
1562.04	243.047
1562.9	217.486
1563.77	249.005
1564.63	236.773
1565.49	252.218
1566.35	227.688
1567.21	246.126
1568.07	266.54
1568.93	258.278
1569.79	245.176
1570.64	246.394
1571.5	279.253
1572.36	278.512
1573.22	327.747
1574.08	286.654
1574.94	334.094
1575.8	347.924
1576.65	374.338
1577.51	423.965
1578.37	467.85
1579.22	484.679
1580.08	584.708
1580.94	649.024
1581.79	708.61
1582.65	704.345
1583.51	672.965
1584.36	623.109
1585.22	558.568
1586.07	498.741
1586.93	430.004
1587.78	403.032
1588.63	438.397
1589.49	431.8
1590.34	422.21
1591.2	451.585
1592.05	472.102
1592.9	531.595
1593.76	558.856
1594.61	633.983
1595.46	690.705
1596.32	826.712
1597.17	962.051
1598.02	1068.32
1598.87	1259.8
1599.72	1407.26
1600.58	1512.43
1601.43	1512.49
1602.28	1490.66
1603.13	1387.34
1603.98	1264.41
1604.83	1143.55
1605.68	1019.98
1606.53	834.131
1607.38	719.78
1608.23	643.584
1609.08	582.015
1609.93	518.415
1610.77	484.997
1611.62	433.01
1612.47	435.648
1613.32	393.522
1614.17	388.506
1615.01	360.204
1615.86	350.441
1616.71	289.102
1617.55	300.712
1618.4	311.281
1619.25	276.103
1620.09	291.431
1620.94	323.215
1621.79	315.22
1622.63	284.993
1623.48	299.392
1624.32	269.289
1625.17	293.433
1626.01	281.778
1626.86	290.448
1627.7	289.438
1628.54	280.681
1629.39	303.817
1630.23	309.514
1631.07	320.968
1631.92	324.652
1632.76	329.276
1633.6	331.002
1634.45	349.129
1635.29	329.703
1636.13	352.685
1636.97	329.466
1637.81	375.538
1638.66	375.409
1639.5	366.638
1640.34	375.203
1641.18	375.16
1642.02	440.515
1642.86	418.461
1643.7	395.459
1644.54	402.244
1645.38	406.124
1646.22	377.293
1647.06	407.089
1647.89	409.018
1648.73	404.265
1649.57	393.809
1650.41	394.011
1651.25	378.88
1652.09	421.556
1652.92	390.047
1653.76	396.035
1654.6	395.18
1655.43	378.828
1656.27	395.267
1657.11	387.659
1657.94	419.74
1658.78	409.478
1659.62	410.87
1660.45	378.376
1661.29	374.809
1662.12	383.732
1662.96	366.405
1663.79	383.949
1664.62	359.843
1665.46	376.559
1666.29	353.581
1667.13	353.968
1667.96	360.23
1668.79	338.248
1669.63	303.513
1670.46	342.859
1671.29	307.987
1672.12	298.442
1672.96	296.679
1673.79	277.281
1674.62	280.379
1675.45	270.766
1676.28	281.757
1677.11	283.975
1677.95	272.477
1678.78	278.653
1679.61	245.467
1680.44	300.764
1681.27	258.577
1682.1	251.776
1682.93	245.947
1683.75	297.288
1684.58	277.727
1685.41	272.98
1686.24	285.027
1687.07	278.328
1687.9	287.425
1688.73	267.841
1689.55	306.597
1690.38	264.204
1691.21	282.155
1692.04	276.304
1692.86	281.297
1693.69	298.137
1694.52	297.134
1695.34	314.977
1696.17	310.103
1696.99	339.987
1697.82	304.517
1698.64	360.317
1699.47	358.575
1700.29	350.809
1701.12	395.615
1701.94	383.712
1702.77	381.68
1703.59	407.421
1704.41	428.173
1705.24	431.059
1706.06	487.558
1706.88	473.614
1707.71	486.485
1708.53	514.25
1709.35	542.005
1710.17	592.542
1711	608.298
1711.82	615.062
1712.64	680.237
1713.46	673.024
1714.28	718.329
1715.1	724.084
1715.92	793.268
1716.74	791.221
1717.56	858.383
1718.38	860.051
1719.2	931.664
1720.02	956.537
1720.84	1005.95
1721.66	1018.92
1722.48	1065.68
1723.3	1122.61
1724.11	1129.57
1724.93	1167.11
1725.75	1224.12
1726.57	1238.35
1727.39	1290.54
1728.2	1319.8
1729.02	1321.5
1729.84	1353.82
1730.65	1350.08
1731.47	1355.35
1732.29	1379.25
1733.1	1362.85
1733.92	1344.33
1734.73	1362.88
1735.55	1324.72
1736.36	1313.07
1737.18	1256.66
1737.99	1222.8
1738.81	1156.78
1739.62	1126.78
1740.43	1088.94
1741.25	1041.39
1742.06	981.335
1742.87	957.384
1743.69	857.83
1744.5	827.31
1745.31	801.682
1746.13	763.481
1746.94	675.937
1747.75	644.682
1748.56	583.502
1749.37	534.985
1750.18	496.183
1750.99	504.79
1751.81	436.003
1752.61	397.216
1753.42	370.063
1754.24	364.213
1755.04	340.038
1755.85	326.51
1756.66	321.66
1757.47	281.987
1758.28	296.361
1759.09	272.083
1759.9	286.408
1760.71	244.839
1761.52	271.777
1762.32	262.141
1763.13	240.01
1763.94	221.738
1764.74	222.731
1765.55	218.891
1766.36	237.223
1767.17	210.267
1767.97	237.336
1768.78	211.403
1769.58	174.852
1770.39	174.956
1771.19	189.533
1772	184.777
1772.8	180.974
1773.61	181.036
1774.41	185.941
1775.22	181.188
1776.02	175.468
1776.83	175.551
1777.63	171.761
1778.43	157.321
1779.23	188.429
1780.04	169.177
1780.84	180.974
1781.64	180.182
1782.44	164.815
1783.25	174.709
1784.05	163.187
1784.85	177.941
1785.65	179.058
1786.45	174.323
1787.25	136.396
1788.05	162.892
1788.86	170.852
1789.65	163.167
1790.46	159.38
1791.25	156.559
1792.05	149.81
1792.85	159.723
1793.65	175.544
1794.45	161.955
1795.25	128.715
1796.05	151.493
1796.85	139.867
1797.64	130.187
1798.44	159.939
1799.24	136.401
1800.04	145.414
1800.83	141.567
1801.63	152.544
1802.43	171.444
1803.22	163.63
1804.02	144.91
1804.82	130.133
1805.61	143.096
1806.41	154.079
1807.2	128.359
1808	176.067
1808.79	153.329
1809.59	145.483
1810.38	147.573
1811.18	151.651
1811.97	138.801
1812.76	155.764
1813.56	139.86
1814.35	141.843
1815.14	137.853
1815.94	164.715
1816.73	140.882
1817.52	140.95
1818.31	143.026
1819.1	148.085
1819.9	146.147
1820.69	105.322
1821.48	134.205
1822.27	151.116
1823.06	158.067
1823.85	148.104
1824.64	130.187
1825.43	134.166
1826.22	134.152
1827.01	137.112
1827.8	143.053
1828.59	143.034
1829.38	160.923
1830.17	144.031
1830.96	132.11
1831.74	160.922
1832.53	155.914
1833.32	109.179
1834.11	129.961
1834.89	146.742
1835.68	146.652
1836.47	130.72
1837.26	120.751
1838.04	145.418
1838.83	118.647
1839.61	158.095
1840.4	135.278
1841.19	141.087
1841.97	142.932
1842.76	149.696
1843.54	144.659
1844.33	162.264
1845.11	126.822
1845.89	119.914
1846.68	141.495
1847.46	122.814
1848.25	137.5
1849.03	131.571
1849.81	122.705
1850.6	153.058
1851.38	134.41
1852.16	148.103
1852.94	154.928
1853.72	145.092
1854.51	155.794
1855.29	137.131
1856.07	151.708
1856.85	174.072
1857.63	143.706
1858.41	149.466
1859.19	129.887
1859.97	130.797
1860.75	125.882
1861.53	146.296
1862.31	152.126
1863.09	141.426
1863.87	135.591
1864.65	106.397
1865.43	126.791
1866.21	117.012
1866.99	118.88
1867.76	150.821
1868.54	129.386
1869.32	129.32
1870.1	134.128
1870.87	132.182
1871.65	143.819
1872.43	108.971
1873.2	125.458
1873.98	120.624
1874.76	140.963
1875.53	124.498
1876.31	110.952
1877.08	131.317
1877.86	131.367
1878.63	144.024
1879.41	142.148
1880.18	149.951
1880.96	143.198
1881.73	143.219
1882.5	145.182
1883.28	95.7621
1884.05	124.9
1884.82	109.433
1885.6	105.606
1886.37	163.901
1887.14	120.262
1887.91	113.503
1888.68	117.427
1889.46	138.847
1890.23	142.804
1891	145.818
1891.77	138.162
1892.54	136.368
1893.31	113.143
1894.08	123.063
1894.85	145.7
1895.62	154.659
1896.39	140.095
1897.16	125.47
1897.93	134.303
1898.7	131.377
1899.47	150.984
1900.24	114.822
1901.01	157.056
1901.77	132.705
1902.54	126.979
1903.31	127.127
1904.08	124.306
1904.84	121.461
1905.61	147.157
1906.38	129.519
1907.14	131.576
1907.91	133.638
1908.68	135.711
1909.44	128.909
1910.21	132.978
1910.97	132.119
1911.74	130.276
1912.51	139.327
1913.27	119.64
1914.03	132.653
1914.8	149.644
1915.56	120.948
1916.33	139.914
1917.09	153.913
1917.85	130.114
1918.62	124.201
1919.38	93.4025
1920.14	130.276
1920.9	130.343
1921.67	136.407
1922.43	161.446
1923.19	133.671
1923.95	166.778
1924.71	138.971
1925.47	139.109
1926.24	156.233
1927	141.29
1927.76	146.339
1928.52	155.37
1929.28	145.358
1930.04	131.336
1930.8	144.349
1931.56	136.34
1932.32	139.353
1933.08	140.381
1933.83	142.432
1934.59	138.494
1935.35	153.598
1936.11	149.657
1936.87	118.617
1937.62	114.608
1938.38	143.637
1939.14	141.579
1939.89	132.52
1940.65	137.496
1941.41	127.484
1942.16	121.488
1942.92	112.487
1943.68	136.473
1944.43	161.408
1945.19	143.323
1945.94	147.203
1946.7	144.092
1947.45	133.022
1948.21	137.916
1948.96	155.754
1949.71	166.626
1950.47	160.599
1951.22	129.741
1951.98	127.718
1952.73	115.764
1953.48	136.56
1954.23	158.303
1954.99	145.294
1955.74	114.462
1956.49	135.106
1957.24	136.941
1957.99	170.378
1958.75	131.807
1959.5	150.482
1960.25	132.699
1961	121.82
1961.75	123.729
1962.5	136.433
1963.25	132.393
1964	147.993
1964.75	131.197
1965.5	126.198
1966.25	164.302
1967	142.63
1967.74	180.601
1968.49	157.923
1969.24	161.611
1969.99	142.901
1970.74	117.454
1971.48	133.872
1972.23	160.012
1972.98	125.018
1973.73	143.425
1974.47	153.075
1975.22	130.699
1975.96	165.462
1976.71	148.86
1977.46	151.611
1978.2	157.264
1978.95	159.078
1979.69	146.469
1980.44	134.871
1981.18	152.217
1981.93	123.306
1982.67	168.58
1983.41	139.628
1984.16	152.054
1984.9	143.271
1985.64	144.09
1986.39	126.675
1987.13	141.905
1987.87	124.565
1988.61	125.464
1989.36	147.438
1990.1	142.621
1990.84	151.202
1991.58	119.619
1992.32	169.309
1993.06	91.8749
1993.81	135.844
1994.55	128.228
1995.29	158.876
1996.03	133.145
1996.77	138.982
1997.51	166.852
1998.24	124.808
1998.98	145.966
1999.72	143.155
2000.46	121.151
2001.2	163.397
2001.94	159.617
2002.68	138.575
2003.41	137.69
2004.15	132.011
2004.89	118.64
2005.63	161.973
2006.36	141.859
2007.1	109.216
2007.84	112.158
2008.57	135.325
2009.31	132.521
2010.05	122.988
2010.78	118.281
2011.52	109.717
2012.25	139.784
2012.99	155.388
2013.72	134.229
2014.46	174.013
2015.19	118.911
2015.92	152.897
2016.66	135.552
2017.39	159.924
2018.13	114.456
2018.86	146.679
2019.59	119.627
2020.32	130.507
2021.06	148.231
2021.79	108.473
2022.52	132.179
2023.25	122.141
2023.98	128.067
2024.72	124.163
2025.45	125.134
2026.18	143.174
2026.91	163.045
2027.64	145.512
2028.37	121.137
2029.1	145.519
2029.83	131.384
2030.56	154.6
2031.29	141.038
2032.02	162.256
2032.75	135.028
2033.47	131.419
2034.2	109.005
2034.93	130.33
2035.66	121.498
2036.39	146.445
2037.11	159.319
2037.84	131.701
2038.57	147.561
2039.3	124.79
2040.02	157.771
2040.75	122.992
2041.47	149.297
2042.2	123.033
2042.93	128.348
2043.65	125.07
2044.38	110.068
2045.1	120.565
2045.83	146.013
2046.55	130.643
2047.28	153.262
2048	139.024
2048.73	143.932
2049.45	131.574
2050.17	146.44
2050.9	142.921
2051.62	140.819
2052.34	127.548
2053.07	145.113
2053.79	137.575
2054.51	149.498
2055.23	157.372
2055.95	140.856
2056.68	128.268
2057.4	119.856
2058.12	145.654
2058.84	143.264
2059.56	152.716
2060.28	138.963
2061	134.076
2061.72	140.527
2062.44	120.303
2063.16	135.599
2063.88	131.705
2064.6	131.433
2065.32	139.104
2066.03	155.964
2066.75	162.272
2067.47	150.696
2068.19	144.949
2068.91	165.915
2069.62	152.46
2070.34	158.109
2071.06	134.554
2071.77	151.132
2072.49	153.975
2073.21	149.303
2073.92	146.073
2074.64	133.912
2075.36	137.889
2076.07	146.85
2076.79	153.992
2077.5	155.281
2078.22	140.931
2078.93	146.528
2079.64	150.217
2080.36	153.658
2081.07	154.38
2081.79	156.997
2082.5	154.941
2083.21	144.248
2083.93	152.814
2084.64	150.473
2085.35	138.93
2086.07	133.866
2086.78	121.825
2087.49	162.951
2088.2	143.222
2088.91	142.364
2089.62	155.115
2090.33	162.815
2091.04	166.655
2091.76	147.304
2092.47	111.636
2093.18	148.692
2093.89	136.943
2094.6	143.004
2095.3	161.758
2096.01	155.201
2096.72	150.4
2097.43	144.075
2098.14	143.397
2098.85	154.405
2099.56	148.412
2100.09	118.875
2100.87	173.202
2101.65	147.449
2102.43	157.285
2103.21	172.044
2103.99	124.566
2104.77	160.975
2105.55	145.051
2106.32	150.799
2107.1	134.901
2107.88	138.712
2108.66	150.413
2109.44	140.55
2110.22	146.422
2110.99	152.286
2111.77	128.671
2112.55	158.955
2113.33	147.025
2114.1	156.632
2114.88	149.636
2115.66	149.538
2116.43	149.494
2117.21	145.583
2117.99	174.871
2118.76	152.402
2119.54	191.397
2120.31	202.049
2121.09	163.924
2121.86	142.405
2122.64	144.294
2123.41	140.348
2124.19	149.072
2124.96	161.703
2125.74	133.465
2126.51	119.852
2127.28	159.823
2128.06	155.979
2128.83	162.845
2129.61	158.971
2130.38	135.576
2131.15	149.227
2131.92	158.007
2132.7	135.591
2133.47	165.855
2134.24	160.035
2135.01	150.306
2135.78	152.282
2136.55	118.133
2137.33	130.853
2138.1	140.661
2138.87	159.291
2139.64	153.51
2140.41	133.06
2141.18	138.061
2141.95	150.926
2142.72	156.947
2143.49	137.429
2144.26	142.434
2145.03	169.066
2145.8	151.433
2146.57	169.235
2147.33	141.758
2148.1	136.945
2148.87	162.742
2149.64	163.883
2150.41	115.552
2151.17	127.505
2151.94	143.424
2152.71	139.543
2153.48	116.826
2154.24	143.727
2155.01	119.019
2155.78	141.024
2156.54	131.204
2157.31	163.225
2158.08	137.421
2158.84	131.531
2159.61	156.596
2160.37	142.676
2161.14	137.733
2161.9	143.792
2162.67	122.836
2163.43	157.994
2164.2	182.215
2164.96	170.365
2165.72	177.596
2166.49	161.671
2167.25	155.751
2168.01	116.52
2168.78	139.744
2169.54	149.865
2170.3	144.872
2171.07	144.948
2171.83	134.948
2172.59	140.117
2173.35	158.453
2174.11	127.162
2174.88	136.342
2175.64	133.331
2176.4	127.253
2177.16	129.327
2177.92	155.751
2178.68	143.667
2179.44	165.091
2180.2	143.904
2180.96	130.824
2181.72	131.954
2182.48	150.364
2183.24	144.348
2184	140.346
2184.76	183.153
2185.52	152.662
2186.28	154.742
2187.04	141.555
2187.79	172.152
2188.55	176.287
2189.31	138.668
2190.07	173.358
2190.83	169.343
2191.58	160.231
2192.34	161.301
2193.1	177.645
2193.85	154.234
2194.61	155.251
2195.37	153.186
2196.12	170.43
2196.88	165.274
2197.63	182.486
2198.39	158.066
2199.15	168.215
2199.9	143.871
2200.66	171.309
2201.41	161.175
2202.16	189.571
2202.92	178.359
2203.67	163.086
2204.43	168.09
2205.18	169.064
2205.93	169.062
2206.69	156.952
2207.44	158.016
2208.19	142.884
2208.95	151.011
2209.7	146.967
2210.45	165.154
2211.2	133.777
2211.95	164.062
2212.71	144.835
2213.46	141.779
2214.21	150.83
2214.96	146.756
2215.71	173.912
2216.46	132.547
2217.21	152.603
2217.96	150.499
2218.71	166.468
2219.46	165.357
2220.21	152.236
2220.96	157.19
2221.71	169.173
2222.46	157.141
2223.21	167.131
2223.96	153.093
2224.71	176.027
2225.46	175.938
2226.21	208.77
2226.95	196.692
2227.7	213.549
2228.45	189.575
2229.2	208.442
2229.94	219.336
2230.69	270.002
2231.44	281.852
2232.18	306.606
2232.93	282.662
2233.68	313.317
2234.42	323.076
2235.17	337.754
2235.92	344.48
2236.66	344.289
2237.41	371.835
2238.15	354.904
2238.9	368.659
2239.64	352.774
2240.38	333.93
2241.13	324.96
2241.87	272.555
2242.62	268.53
2243.36	236.895
2244.1	249.644
2244.85	227.902
2245.59	217.016
2246.33	198.268
2247.08	187.411
2247.82	198.204
2248.56	211.928
2249.3	168.624
2250.05	177.41
2250.79	190.109
2251.53	166.503
2252.27	180.2
2253.01	193.912
2253.75	152.758
2254.49	162.595
2255.23	173.426
2255.97	160.736
2256.71	167.645
2257.45	146.112
2258.19	164.751
2258.93	186.302
2259.67	168.649
2260.41	142.201
2261.15	162.776
2261.89	163.799
2262.63	180.524
2263.36	182.592
2264.1	169.972
2264.84	156.355
2265.58	155.464
2266.32	153.569
2267.05	120.258
2267.79	156.59
2268.53	152.69
2269.26	159.582
2270	170.408
2270.74	150.845
2271.48	154.844
2272.21	149.05
2272.95	144.249
2273.68	173.846
2274.42	131.709
2275.15	157.404
2275.89	154.574
2276.62	168.471
2277.36	154.777
2278.09	154.858
2278.83	117.471
2279.56	154.992
2280.29	165.899
2281.03	166.947
2281.76	175.892
2282.49	158.216
2283.23	162.261
2283.96	187.068
2284.69	142.756
2285.42	166.618
2286.16	177.634
2286.89	151.02
2287.62	161.985
2288.35	151.153
2289.08	169.04
2289.81	153.274
2290.55	162.301
2291.28	170.378
2292.01	152.682
2292.74	160.796
2293.47	146.05
2294.2	159.131
2294.93	159.263
2295.66	116.533
2296.39	146.492
2297.11	124.628
2297.85	145.611
2298.57	174.588
2299.3	161.726
2300.03	167.837
2300.76	166.984
2301.49	161.136
2302.22	140.271
2302.94	171.378
2303.67	166.474
2304.4	162.564
2305.12	172.682
2305.85	149.763
2306.58	151.89
2307.31	159.035
2308.03	182.235
2308.76	167.283
2309.48	141.257
2310.21	197.586
2310.93	164.518
2311.66	152.55
2312.38	154.664
2313.11	169.869
2313.83	166.965
2314.56	178.144
2315.28	154.054
2316.01	167.221
2316.73	152.178
2317.45	170.402
2318.18	178.567
2318.9	171.615
2319.62	153.553
2320.35	175.854
2321.07	159.779
2321.79	177.02
2322.52	184.163
2323.24	185.252
2323.96	157.038
2324.68	153.076
2325.4	124.837
2326.12	141.087
2326.84	123.946
2327.56	146.257
2328.29	110.893
2329.01	122.083
2329.73	92.7914
2330.45	94.8823
2331.17	119.262
2331.89	135.544
2332.61	147.766
2333.32	154.908
2334.04	146.837
2334.76	188.426
2335.48	151.982
2336.2	138.859
2336.92	189.609
2337.64	154.197
2338.35	157.307
2339.07	166.497
2339.79	182.78
2340.51	173.702
2341.23	146.368
2341.94	166.74
2342.66	162.779
2343.37	166.95
2344.09	158.922
2344.81	164.077
2345.52	155.982
2346.24	160.048
2346.95	140.728
2347.67	158.989
2348.38	182.336
2349.1	181.36
2349.82	173.321
2350.53	128.738
2351.24	141.023
2351.96	146.187
2352.67	159.459
2353.39	174.735
2354.1	165.593
2354.81	162.545
2355.53	146.297
2356.24	174.755
2356.95	142.289
2357.66	143.351
2358.38	143.407
2359.09	171.918
2359.8	159.804
2360.51	164.975
2361.22	150.84
2361.94	144.843
2362.65	178.549
2363.36	168.489
2364.07	155.348
2364.78	137.079
2365.49	190.137
2366.2	192.204
2366.91	176.93
2367.62	180.003
2368.33	147.424
2369.04	157.654
2369.75	174.008
2370.46	190.368
2371.16	179.21
2371.87	176.2
2372.58	138.533
2373.29	216.049
2374	183.484
2374.71	148.876
2375.41	194.809
2376.12	174.467
2376.83	187.773
2377.53	166.413
2378.24	205.236
2378.95	171.65
2379.65	179.887
2380.36	181.996
2381.07	188.171
2381.77	183.104
2382.48	162.726
2383.18	170.943
2383.89	208.798
2384.59	203.816
2385.3	170.229
2386	193.854
2386.71	170.417
2387.41	132.616
2388.12	157.162
2388.82	194.966
2389.52	190.866
2390.23	184.753
2390.93	190.929
2391.63	232.882
2392.34	176.742
2393.04	157.363
2393.74	205.398
2394.44	201.316
2395.15	213.595
2395.85	201.394
2396.55	200.457
2397.25	194.42
2397.95	190.408
2398.65	192.494
2399.35	172.056
2400.05	173.058
2400.75	227.149
2401.45	202.609
2402.15	194.439
2402.85	235.283
2403.55	177.174
2404.25	201.744
2404.95	193.665
2405.65	185.578
2406.35	201.994
2407.05	207.166
2407.75	198.026
2408.44	204.211
2409.14	193.032
2409.84	221.716
2410.54	226.898
2411.24	199.355
2411.93	194.279
2412.63	217.798
2413.33	179.974
2414.02	211.621
2414.72	200.358
2415.42	221.769
2416.11	203.381
2416.81	205.418
2417.5	198.29
2418.2	201.381
2418.9	189.186
2419.59	220.855
2420.28	214.772
2420.98	204.58
2421.67	232.082
2422.37	206.545
2423.06	248.254
2423.75	184.069
2424.45	236.011
2425.14	188.228
2425.84	199.531
2426.53	186.401
2427.22	185.481
2427.91	214.099
2428.61	208.012
2429.3	201.881
2429.99	205.903
2430.68	203.782
2431.37	187.406
2432.07	212.731
2432.76	230.93
2433.45	211.579
2434.14	197.36
2434.83	159.834
2435.52	237.03
2436.21	207.638
2436.9	194.461
2437.59	197.489
2438.28	232.934
2438.97	198.381
2439.66	225.662
2440.35	207.375
2441.04	189.13
2441.72	207.339
2442.41	194.187
2443.1	223.511
2443.79	204.272
2444.48	205.247
2445.16	215.313
2445.85	192.06
2446.54	187.017
2447.23	199.156
2447.91	174.962
2448.6	191.144
2449.29	191.163
2449.97	207.316
2450.66	184.109
2451.34	237.576
2452.03	177.074
2452.72	214.42
2453.4	219.495
2454.09	214.47
2454.77	172.118
2455.46	208.361
2456.14	236.482
2456.82	211.223
2457.51	212.162
2458.19	221.179
2458.88	212.139
2459.56	211.178
2460.24	207.223
2460.92	221.376
2461.61	208.376
2462.29	204.417
2462.97	255.774
2463.66	203.496
2464.34	209.541
2465.02	217.571
2465.7	205.472
2466.38	223.513
2467.06	213.424
2467.75	220.426
2468.42	206.377
2469.11	214.442
2469.79	220.528
2470.47	193.504
2471.15	244.805
2471.83	226.812
2472.51	221.854
2473.19	198.789
2473.86	231.962
2474.54	224.94
2475.22	201.855
2475.9	218.955
2476.58	214.99
2477.26	227.12
2477.94	209.135
2478.61	199.185
2479.29	199.278
2479.97	230.528
2480.65	208.47
2481.32	220.592
2482	197.51
2482.68	216.679
2483.35	196.624
2484.03	207.756
2484.71	215.862
2485.38	200.805
2486.06	212.897
2486.73	223.966
2487.41	218.941
2488.08	185.776
2488.76	188.843
2489.43	215.074
2490.11	227.255
2490.78	240.465
2491.45	198.292
2492.13	220.555
2492.8	178.323
2493.48	189.482
2494.15	231.896
2494.82	230.979
2495.49	211.927
2496.17	209.029
2496.84	205.138
2497.51	190.133
2498.18	235.758
2498.86	208.572
2499.53	186.393
2500.2	197.564
2500.87	249.188
2501.54	212.824
2502.21	212.911
2502.88	211.016
2503.55	224.341
2504.22	235.663
2504.89	230.749
2505.56	196.37
2506.23	255.3
2506.9	191.43
2507.57	226.006
2508.24	217.978
2508.91	242.473
2509.58	200.95
2510.25	202.074
2510.91	208.259
2511.58	210.357
2512.25	249.057
2512.92	195.212
2513.59	239.031
2514.25	220.82
2514.92	202.611
2515.59	217.998
2516.25	239.498
2516.92	238.573
2517.59	226.418
2518.25	236.67
2518.92	227.551
2519.58	218.432
2520.25	214.421
2520.91	187.99
2521.58	228.896
2522.24	184.125
2522.91	226.129
2523.57	238.556
2524.24	213.16
2524.9	214.322
2525.56	218.541
2526.23	225.824
2526.89	238.223
2527.55	249.598
2528.22	196.403
2528.88	202.618
2529.54	231.365
2530.21	234.468
2530.87	229.369
2531.53	223.263
2532.19	241.796
2532.85	257.314
2533.51	253.394
2534.18	233.051
2534.84	236.293
2535.5	241.544
2536.16	243.651
2536.82	246.729
2537.48	208.682
2538.14	233.307
2538.8	239.468
2539.46	224.111
2540.12	217.011
2540.78	214.05
2541.44	227.549
2542.09	244.145
2542.75	230.894
2543.41	227.89
2544.07	240.279
2544.73	243.357
2545.39	248.446
2546.04	235
2546.7	246.22
2547.36	207.133
2548.02	235.854
2548.67	247.155
2549.33	225.648
2549.98	237.003
2550.64	245.288
2551.3	255.628
2551.95	222.839
2552.61	219.827
2553.26	253.796
2553.92	264.137
2554.57	241.578
2555.23	248.776
2555.88	266.196
2556.54	264.064
2557.19	288.587
2557.85	240.302
2558.5	227.957
2559.15	279.178
2559.81	276.124
2560.46	272.072
2561.11	275.199
2561.77	307.001
2562.42	260.906
2563.07	282.387
2563.72	273.103
2564.37	290.41
2565.03	274.978
2565.68	284.126
2566.33	264.7
2566.98	312.787
2567.63	277.086
2568.28	277.158
2568.93	251.636
2569.58	300.698
2570.23	269.983
2570.88	303.632
2571.53	292.352
2572.18	262.751
2572.83	275.05
2573.48	314.941
2574.13	290.495
2574.78	257.852
2575.43	311.975
2576.07	268.053
2576.72	270.069
2577.37	282.289
2578.02	308.789
2578.67	263.891
2579.31	285.271
2579.96	287.251
2580.61	300.413
2581.26	316.607
2581.9	303.29
2582.55	285.953
2583.19	290.039
2583.84	308.416
2584.49	262.719
2585.13	283.153
2585.78	316.779
2586.42	317.768
2587.07	294.275
2587.71	336.823
2588.36	301.088
2589	331.386
2589.65	297.785
2590.29	316.988
2590.93	298.721
2591.58	321.045
2592.22	306.909
2592.86	306.99
2593.51	331.429
2594.15	319.379
2594.79	307.33
2595.43	368.344
2596.07	320.738
2596.72	286.282
2597.36	338.076
2598	343.125
2598.64	264.946
2599.28	331.864
2599.92	306.486
2600.56	334.894
2601.2	335.959
2601.85	319.805
2602.49	311.762
2603.13	328.042
2603.76	329.08
2604.4	315.898
2605.04	310.825
2605.68	333.134
2606.32	344.298
2606.96	306.803
2607.6	328.089
2608.24	325.023
2608.88	321.934
2609.51	344.157
2610.15	331.965
2610.79	312.735
2611.43	317.857
2612.06	295.69
2612.7	334.321
2613.34	326.376
2613.97	304.224
2614.61	333.757
2615.25	326.77
2615.88	304.548
2616.52	328.993
2617.15	302.706
2617.79	304.843
2618.42	335.421
2619.06	309.136
2619.69	316.356
2620.33	302.221
2620.96	300.256
2621.6	310.469
2622.23	326.773
2622.86	312.596
2623.5	323.849
2624.13	319.879
2624.76	336.263
2625.4	320.107
2626.03	302.911
2626.66	307.056
2627.29	333.574
2627.93	308.19
2628.56	303.17
2629.19	330.746
2629.82	310.5
2630.45	323.867
2631.08	334.184
2631.71	315.957
2632.34	284.454
2632.98	304.929
2633.61	363.147
2634.24	338.795
2634.87	326.704
2635.5	340.14
2636.12	345.422
2636.75	294.509
2637.38	302.821
2638.01	306.013
2638.64	319.418
2639.27	352.247
2639.9	363.587
2640.53	332.962
2641.15	320.734
2641.78	354.537
2642.41	330.03
2643.04	344.422
2643.66	357.822
2644.29	362.041
2644.92	347.843
2645.54	344.899
2646.17	324.514
2646.8	353.274
2647.42	337.95
2648.05	349.246
2648.67	346.195
2649.3	344.18
2649.92	360.63
2650.55	335.103
2651.17	356.742
2651.8	355.864
2652.42	378.592
2653.05	347.98
2653.67	340.937
2654.29	353.366
2654.92	365.764
2655.54	377.106
2656.16	336.068
2656.79	399.763
2657.41	365.679
2658.03	387.621
2658.65	373.193
2659.27	375.62
2659.9	389.993
2660.52	396.666
2661.14	386.195
2661.76	379.172
2662.38	374.762
2663	372.563
2663.62	377.583
2664.24	382.966
2664.86	411.761
2665.48	433.563
2666.1	424.692
2666.72	401.232
2667.34	407.204
2667.96	402.602
2668.58	408.402
2669.2	393.642
2669.82	401.71
2670.44	390.829
2671.05	402.244
2671.67	407.927
2672.29	440.097
2672.91	410.338
2673.53	427.074
2674.14	411.65
2674.76	398.173
2675.38	431.316
2675.99	430.173
2676.61	415.053
2677.23	447.075
2677.84	429.237
2678.46	458.476
2679.07	455.833
2679.69	465.992
2680.3	472.011
2680.92	463.16
2681.53	473.459
2682.15	511.096
2682.76	508.27
2683.38	525.964
2683.99	515.311
2684.61	547.289
2685.22	513.919
2685.83	516.099
2686.44	533.848
2687.06	528.471
2687.67	498.715
2688.28	527.462
2688.9	537.358
2689.51	549.725
2690.12	553.282
2690.73	549.308
2691.34	557.332
2691.96	581.543
2692.57	581.021
2693.18	563.998
2693.79	577.736
2694.4	583.627
2695.01	605.766
2695.62	595.793
2696.23	604.129
2696.84	604.637
2697.45	597.042
2698.06	597.575
2698.67	626.252
2699.28	634.259
2699.88	612.96
2700.49	629.703
2701.1	604.671
2701.71	626.463
2702.32	633.886
2702.93	630.191
2703.53	626.739
2704.14	663.343
2704.75	663.316
2705.36	668.719
2705.96	663.995
2706.57	668.834
2707.17	671.345
2707.78	682.072
2708.39	702.8
2708.99	698.35
2709.6	719.109
2710.2	742.357
2710.81	743.345
2711.41	752.948
2712.02	770.678
2712.62	757.95
2713.23	758.064
2713.83	774.721
2714.44	771.74
2715.04	796.557
2715.64	820.407
2716.25	830.791
2716.85	812.014
2717.45	859.134
2718.05	851.208
2718.66	834.316
2719.26	852.378
2719.86	869.526
2720.46	869.606
2721.06	887.663
2721.67	939.46
2722.27	942.889
2722.87	944.244
2723.47	956.101
2724.07	959.007
2724.67	964.611
2725.27	969.848
2725.71	962.047
2726.38	1033.14
2727.06	979.882
2727.73	1024.21
2728.4	1011.53
2729.07	1032.45
2729.74	1032.16
2730.42	1041.21
2731.09	1058.61
2731.76	1072.14
2732.43	1050.21
2733.1	1095.42
2733.77	1079.58
2734.44	1091.09
2735.11	1069.88
2735.78	1117.73
2736.45	1123.7
2737.12	1127.5
2737.79	1147.5
2738.46	1137.99
2739.13	1153.95
2739.8	1109.04
2740.47	1096.85
2741.14	1119.43
2741.81	1078.13
2742.47	1081.66
2743.14	1082.16
2743.81	1054.11
2744.48	1059.56
2745.15	1064.92
2745.81	1032.54
2746.48	1004.23
2747.15	998.385
2747.81	983.382
2748.48	981.606
2749.15	933.826
2749.81	947.122
2750.48	959.267
2751.15	908.103
2751.81	905.941
2752.48	921.267
2753.14	906.212
2753.81	848.484
2754.47	855.13
2755.14	817.789
2755.8	779.235
2756.47	826.35
2757.13	836.53
2757.8	832.35
2758.46	744.432
2759.13	801.744
2759.79	754.943
2760.45	806.355
2761.12	757.531
2761.78	760.751
2762.44	796.575
2763.1	805.695
2763.77	748.315
2764.43	768.757
2765.09	740.244
2765.76	745.638
2766.42	771.628
2767.08	783.359
2767.74	769.454
2768.4	756.486
2769.06	792.651
2769.72	786.683
2770.38	783.731
2771.05	763.317
2771.71	799.379
2772.37	826.28
2773.03	790.626
2773.69	834.108
2774.35	835.477
2775.01	862.479
2775.67	895.555
2776.33	913.11
2776.99	879.192
2777.64	945.04
2778.3	943.076
2778.96	945.29
2779.62	992.796
2780.28	998.084
2780.94	999.169
2781.59	1005.33
2782.25	996.052
2782.91	989.939
2783.57	992.196
2784.22	951.361
2784.88	1021.82
2785.54	982.06
2786.2	964.801
2786.85	920.482
2787.51	929.521
2788.16	955.922
2788.82	905.098
2789.48	927.539
2790.13	965.661
2790.79	930.937
2791.44	955.031
2792.1	954.396
2792.75	962.871
2793.41	964.932
2794.06	991.519
2794.72	953.066
2795.37	964.024
2796.02	964.719
2796.68	980.934
2797.33	956.099
2797.98	1005.44
2798.64	977.72
2799.29	997.385
2799.94	964.612
2800.6	965.815
2801.25	994.821
2801.9	1001.18
2802.55	1033.26
2803.21	1042.64
2803.86	1018.98
2804.51	1057.03
2805.16	1078.54
2805.81	1066.05
2806.46	1062.84
2807.11	1087.45
2807.77	1123.38
2808.42	1118.1
2809.07	1113.79
2809.72	1150.54
2810.37	1173.84
2811.02	1144.68
2811.67	1191.67
2812.32	1180.2
2812.97	1228.47
2813.61	1213.15
2814.26	1232.84
2814.91	1231.99
2815.56	1273.25
2816.21	1277.45
2816.86	1310.35
2817.51	1320.55
2818.15	1350.17
2818.8	1332.43
2819.45	1339.3
2820.1	1354.41
2820.74	1395.33
2821.39	1448.76
2822.04	1462.34
2822.69	1446.2
2823.33	1511.11
2823.98	1490.53
2824.63	1529.26
2825.27	1540.04
2825.92	1529.22
2826.56	1669.37
2827.21	1583.96
2827.85	1684.5
2828.5	1676.47
2829.14	1673.7
2829.79	1708.99
2830.43	1739.24
2831.08	1739.77
2831.72	1779.31
2832.37	1814.67
2833.01	1822.15
2833.65	1848.97
2834.3	1941.4
2834.94	2024.41
2835.58	2039.45
2836.23	2061.58
2836.87	2124.76
2837.51	2150.01
2838.16	2237.08
2838.8	2287.47
2839.44	2357.67
2840.08	2444.43
2840.72	2492.11
2841.36	2554.93
2842.01	2645.22
2842.65	2746.65
2843.29	2798.77
2843.93	2892.08
2844.57	2967.01
2845.21	3039.96
2845.85	3119.09
2846.49	3241.46
2847.13	3311.71
2847.77	3391.66
2848.41	3513.12
2849.05	3580.27
2849.69	3621.44
2850.33	3635.19
2850.97	3707.74
2851.61	3678.8
2852.24	3734.9
2852.88	3874.44
2853.52	3899.62
2854.16	3961.74
2854.8	3952.68
2855.43	4007.55
2856.07	4065.22
2856.71	4142.84
2857.35	4294.98
2857.98	4356.44
2858.62	4417.22
2859.26	4646.42
2859.89	4783.95
2860.53	4975.54
2861.16	5103.2
2861.8	5272.47
2862.44	5531.62
2863.07	5708.82
2863.71	5938.45
2864.34	6272.45
2864.98	6515.33
2865.61	6755.64
2866.25	7041.49
2866.88	7239.59
2867.52	7454.72
2868.15	7730.2
2868.78	7920.82
2869.42	8209.45
2870.05	8309.95
2870.69	8556.77
2871.32	8799.6
2871.95	8951.57
2872.58	9212.41
2873.22	9312.99
2873.85	9656.52
2874.48	9759.5
2875.11	9842.4
2875.75	10016.5
2876.38	10003.4
2877.01	9895.61
2877.64	9892.46
2878.27	9805.33
2878.9	9690.35
2879.53	9598.63
2880.16	9346.03
2880.79	9172.78
2881.42	9087.18
2882.05	8910.3
2882.68	8799.47
2883.31	8655.87
2883.94	8579.77
2884.57	8510.3
2885.2	8384.01
2885.83	8329.12
2886.46	8315.78
2887.09	8326.52
2887.72	8338.96
2888.35	8354.06
2888.97	8401.64
2889.6	8378.67
2890.23	8538.12
2890.86	8553.33
2891.49	8556.17
2892.11	8720
2892.74	8809.07
2893.37	8954.09
2893.99	9037.1
2894.62	9162.21
2895.25	9259.51
2895.87	9383.35
2896.5	9498.36
2897.12	9670.95
2897.75	9711.74
2898.38	9773.56
2899	9908.23
2899.63	9983.84
2900.25	10159
2900.88	10318
2901.5	10430
2902.12	10536.3
2902.75	10624.6
2903.37	10837.3
2904	10931.4
2904.62	11015.3
2905.25	11062.5
2905.87	11258
2906.49	11492.4
2907.11	11480.3
2907.74	11597.8
2908.36	11635.6
2908.98	11687.7
2909.6	11885.6
2910.23	12073.7
2910.85	12169.6
2911.47	12134.8
2912.09	12154.9
2912.71	12401.2
2913.33	12371.9
2913.96	12534.6
2914.58	12514.4
2915.2	12625.4
2915.82	12555.8
2916.44	12637.7
2917.06	12725.1
2917.68	12620.5
2918.3	12515.7
2918.92	12522.4
2919.54	12558.2
2920.16	12645.1
2920.77	12630.7
2921.39	12572.5
2922.01	12561.8
2922.63	12516
2923.25	12555.5
2923.87	12638.6
2924.48	12637.9
2925.1	12542.1
2925.72	12673.4
2926.34	12764.5
2926.95	12873.7
2927.57	12949.5
2928.19	12989.8
2928.8	13226.2
2929.42	13396
2930.04	13648.1
2930.65	13769.8
2931.27	13942
2931.89	14249.4
2932.5	14542.9
2933.12	14814.9
2933.73	15109.4
2934.35	15450.6
2934.96	15801.7
2935.58	16056
2936.19	16325.2
2936.81	16596
2937.42	16673.4
2938.03	16983.4
2938.65	17063.4
2939.26	17187.6
2939.88	16988.2
2940.49	16817.9
2941.1	16717.5
2941.71	16522.5
2942.33	16137.5
2942.94	15727.2
2943.55	15324.3
2944.17	14966.7
2944.78	14632
2945.39	14300.4
2946	13971.3
2946.61	13585.1
2947.22	13265.5
2947.83	12959.5
2948.45	12625.9
2949.06	12319.3
2949.67	11972.8
2950.28	11809.7
2950.89	11607.2
2951.5	11329.5
2952.11	11074
2952.72	10812.5
2953.33	10553.4
2953.94	10521.8
2954.54	10317.5
2955.15	10157
2955.76	9992.28
2956.37	9864.1
2956.98	9791.81
2957.59	9609.75
2958.2	9452.64
2958.8	9374.9
2959.41	9258.88
2960.02	9212.33
2960.63	9104.52
2961.23	9054.28
2961.84	8969.13
2962.45	8922.06
2963.05	8694.3
2963.66	8603
2964.27	8484.62
2964.87	8394.73
2965.48	8371.12
2966.08	8161.54
2966.69	8181.25
2967.29	8011.21
2967.9	7844.76
2968.5	7834.63
2969.11	7583.03
2969.71	7514.16
2970.32	7363.18
2970.92	7231.1
2971.53	7087.57
2972.13	6999.5
2972.74	6819.83
2973.34	6720.82
2973.94	6520.78
2974.54	6432.31
2975.15	6335.04
2975.75	6244.09
2976.35	6039.64
2976.96	6013.73
2977.56	5933.96
2978.16	5786.5
2978.76	5618.29
2979.36	5491.01
2979.97	5416.22
2980.57	5324.3
2981.17	5223.02
2981.77	5141.68
2982.37	4960.98
2982.97	4841.05
2983.57	4719.75
2984.17	4621.24
2984.77	4483.6
2985.37	4379.8
2985.97	4314.9
2986.57	4207.65
2987.17	4044.19
2987.77	3966.45
2988.37	3931.19
2988.97	3756.92
2989.57	3724.61
2990.17	3645.92
2990.76	3539.6
2991.36	3478.59
2991.96	3358.46
2992.56	3370.63
2993.16	3245.55
2993.75	3200.1
2994.35	3138.95
2994.95	3067.33
2995.54	3019.23
2996.14	2883.48
2996.74	2845.37
2997.33	2809.76
2997.93	2802.08
2998.52	2736.22
2999.12	2714.31
2999.72	2652.41
3000.31	2660.05
3000.91	2596.02
3001.5	2579.08
3002.1	2519.05
3002.69	2472.14
3003.29	2521.3
3003.88	2419.7
3004.47	2362.14
3005.07	2362.12
3005.66	2334.85
3006.26	2258.83
3006.85	2248.71
3007.44	2150.5
3008.04	2113.61
3008.63	2115.35
3009.22	2056.07
3009.81	1972.79
3010.41	1942.73
3011	1861.4
3011.59	1860.35
3012.18	1819.53
3012.77	1768.62
3013.36	1781.4
3013.96	1721.21
3014.55	1731.82
3015.14	1730.14
3015.73	1701.87
3016.32	1652.17
3016.91	1641.6
3017.5	1611.42
3018.09	1618.08
3018.68	1586.4
3019.27	1575.14
3019.86	1541.22
3020.45	1552.76
3021.04	1524.37
3021.63	1531.18
3022.22	1564.85
3022.8	1513.89
3023.39	1568.96
3023.98	1538.26
3024.57	1532.24
3025.16	1551
3025.74	1504.77
3026.33	1559.67
3026.92	1541.19
3027.5	1549.41
3028.09	1590.51
3028.68	1597.52
3029.26	1580.9
3029.85	1594.42
3030.44	1608.21
3031.02	1627.4
3031.61	1619.84
3032.19	1612.21
3032.78	1635.4
3033.37	1709.02
3033.95	1670.82
3034.54	1691.45
3035.12	1664.53
3035.71	1746.2
3036.29	1728.68
3036.87	1754.6
3037.46	1738.15
3038.04	1765.15
3038.63	1786.06
3039.21	1792.69
3039.79	1803.7
3040.38	1812.83
3040.96	1842.72
3041.54	1828.97
3042.12	1836.63
3042.71	1839.71
3043.29	1847.59
3043.87	1828.3
3044.45	1864.9
3045.03	1896.5
3045.62	1937.72
3046.2	1949.29
3046.78	1979.77
3047.36	2012.45
3047.94	2035.77
3048.52	2080.68
3049.1	2221.73
3049.68	2276.62
3050.26	2343.81
3050.84	2512.43
3051.42	2606.45
3052	2697.34
3052.58	2797.54
3053.16	2859.47
3053.74	3017.82
3054.32	3081.15
3054.89	3160.35
3055.47	3198.47
3056.05	3225.42
3056.63	3194.35
3057.21	3270.84
3057.78	3244.27
3058.36	3298.08
3058.94	3300.68
3059.52	3188.05
3060.09	3260.01
3060.67	3234.81
3061.25	3270.04
3061.82	3230.88
3062.4	3198.98
3062.97	3250.85
3063.55	3192.6
3064.13	3140.36
3064.7	3077.77
3065.28	3052.66
3065.85	3008.15
3066.43	2956.58
3067	2859.42
3067.58	2754.76
3068.15	2661.11
3068.72	2606.43
3069.3	2471.84
3069.87	2403.58
3070.45	2285.97
3071.02	2222.58
3071.59	2138.89
3072.17	2078.16
3072.74	1935.68
3073.31	1816.8
3073.89	1782.5
3074.46	1697.35
3075.03	1625.62
3075.6	1616.06
3076.17	1498.19
3076.74	1452.91
3077.32	1413.99
3077.89	1338.9
3078.46	1287.51
3079.03	1254.6
3079.6	1210.13
3080.17	1145.85
3080.74	1158
3081.31	1089.4
3081.88	1062.17
3082.45	1023.59
3083.02	1035.69
3083.59	1034.37
3084.16	959.752
3084.73	986.347
3085.3	933.481
3085.87	947.769
3086.43	879.609
3087	868.315
3087.57	841.628
3088.14	846.966
3088.71	807.885
3089.28	806.92
3089.84	821.35
3090.41	754.17
3090.98	772.647
3091.54	763.254
3092.11	734.263
3092.68	716.623
3093.24	674.221
3093.81	704.015
3094.38	691.535
3094.94	686.296
3095.51	704.788
3096.07	683.083
3096.64	673.737
3097.2	658.193
3097.77	640.593
3098.33	630.242
3098.9	607.587
3099.46	677.708
3100.03	639.691
3100.59	608.869
3101.15	636.745
3101.72	625.403
3102.28	632.56
3102.84	594.35
3103.41	601.46
3103.97	616.798
3104.53	620.795
3105.1	592.875
3105.66	612.313
3106.22	589.571
3106.78	610.072
3107.34	610.017
3107.91	586.323
3108.47	581.164
3109.03	619.229
3109.59	548.307
3110.15	581.332
3110.71	586.643
3111.27	585.809
3111.83	552
3112.39	558.269
3112.95	559.286
3113.51	544.77
3114.07	515.809
3114.63	527.004
3115.19	549.565
3115.75	550.582
3116.31	544.444
3116.87	498.186
3117.43	532.146
3117.98	536.217
3118.54	498.067
3119.1	521.606
3119.66	501.963
3120.22	485.443
3120.77	472.051
3121.33	509.052
3121.89	493.65
3122.44	520.37
3123	494.64
3123.56	472.979
3124.11	473.89
3124.67	505.591
3125.23	500.338
3125.78	493.081
3126.34	476.648
3126.89	480.799
3127.45	489.1
3128	440.953
3128.56	491.367
3129.11	460.638
3129.67	447.33
3130.22	484.313
3130.78	507.899
3131.33	479.071
3131.88	470.761
3132.44	480.918
3132.99	461.32
3133.54	474.582
3134.1	475.564
3134.65	484.785
3135.2	494.035
3135.76	467.401
3136.31	497.19
3136.86	478.762
3137.41	448.009
3137.96	466.488
3138.51	446.996
3139.07	490.072
3139.62	458.26
3140.17	435.685
3140.72	493.121
3141.27	484.921
3141.82	469.544
3142.37	476.724
3142.92	479.785
3143.47	475.657
3144.02	469.481
3144.57	464.357
3145.12	461.323
3145.67	477.821
3146.22	423.578
3146.77	459.617
3147.32	500.79
3147.86	463.923
3148.41	479.35
3148.96	462.905
3149.51	462.844