401.058	734.99
402.149	663.467
403.243	685.635
404.332	632.155
405.424	600.441
406.515	586.696
407.606	603.125
408.697	488.833
409.785	486.598
410.876	432.731
411.967	450.196
413.055	460.984
414.143	429.564
415.233	456.973
416.321	419.914
417.409	379.242
418.499	471.523
419.586	383.704
420.673	438.804
421.761	541.033
422.848	512.936
423.935	582.852
425.02	510.668
426.106	580.597
427.193	595.116
428.278	670.346
429.364	654.303
430.45	683.356
431.534	649.039
432.618	627.759
433.704	635.127
434.788	667.427
435.871	624.458
436.955	703.708
438.038	627.618
439.123	557.029
440.204	604.173
441.287	538.337
442.37	490.982
443.452	445.485
444.535	412.82
445.615	329.244
446.698	394.206
447.78	304.8
448.86	329.941
449.939	267.275
451.021	262.895
452.101	281.707
453.18	205.119
454.262	248.018
455.341	117.422
456.42	98.9888
457.499	127.861
458.578	122.402
459.654	157.796
460.733	144.025
461.811	39.2268
462.89	46.7834
463.966	71.0845
465.044	107.501
466.12	49.9438
467.197	67.7554
468.273	38.0718
469.349	74.4993
470.426	56.8889
471.501	64.4016
472.576	79.3296
473.651	134.174
474.726	113.773
475.801	76.719
476.876	142.675
477.95	136.27
479.022	101.109
480.097	109.525
481.171	207.802
482.243	133.692
483.317	204.035
484.388	233.583
485.46	211.339
486.533	228.818
487.605	138.329
488.676	175.177
489.747	190.786
490.818	268.039
491.889	247.767
492.959	268.008
494.03	234.049
495.1	322.311
496.171	305.779
497.239	350.717
498.309	354.257
499.379	414.596
500.446	408.903
501.514	439.9
502.584	392.258
503.651	441.721
504.718	454.651
505.788	485.016
506.855	402.813
507.921	505.507
508.988	447.987
510.055	497.594
511.119	395.204
512.186	483.35
513.252	472.617
514.318	461.913
515.382	568.633
516.448	427.705
517.512	482.235
518.577	502.879
519.641	505.217
520.704	477.24
521.768	529.408
522.833	441.485
523.896	581.368
524.959	554.146
526.021	650.586
527.084	619.36
528.144	719.274
529.207	689.771
530.269	774.992
531.331	852.16
532.391	942.68
533.453	815.908
534.513	846.607
535.572	842.009
536.634	734.053
537.693	741.941
538.752	698.528
539.812	621.573
540.87	636.761
541.929	573.924
542.988	570.762
544.047	563.933
545.105	539.311
546.164	480.886
547.22	510.957
548.278	457.721
549.336	475.342
550.392	439.733
551.448	395.801
552.505	385.521
553.561	418.179
554.616	497.466
555.671	327.952
556.728	446.296
557.783	394.057
558.836	362.25
559.891	453.129
560.946	420.284
562	359.695
563.055	333.567
564.107	392.77
565.161	328.796
566.213	312.089
567.267	246.352
568.318	282.373
569.37	299.865
570.424	267.478
571.475	338.496
572.526	262.796
573.577	264.618
574.628	317.12
575.679	355.766
576.73	479.094
577.781	375.055
578.829	421.092
579.88	388.028
580.93	406.502
581.978	378.973
583.026	387.301
584.076	392.846
585.124	316.554
586.172	312.905
587.221	295.47
588.269	330.391
589.316	349.65
590.363	348.672
591.41	404.548
592.457	329.291
593.502	321.063
594.549	389.015
595.595	433.289
596.64	355.674
597.686	390.92
598.73	393.077
599.776	370.299
600.82	390.606
601.864	465.07
602.908	474.321
603.953	389.971
604.997	469.349
606.04	464.292
607.083	481.354
608.125	512.199
609.168	539.257
610.211	522.848
611.253	522.952
612.294	605.117
613.336	642.136
614.377	768.682
615.419	949.71
616.459	1072.59
617.499	1186.14
618.539	1267.26
619.579	1198.9
620.619	1090.02
621.658	916.685
622.698	825.5
623.737	881.894
624.776	1005.66
625.815	1131.36
626.852	1271.03
627.891	1416.41
628.928	1618.23
629.966	1768.38
631.003	1713.31
632.041	1744.67
633.077	1782.11
634.114	1633.83
635.15	1432.19
636.185	1386.73
637.221	1268.71
638.257	1118.61
639.292	1048.79
640.328	1008.39
641.361	953.965
642.396	865.219
643.431	783.745
644.464	712.423
645.497	595.211
646.532	619.868
647.564	537.979
648.597	551.846
649.629	551.051
650.663	513.46
651.695	483.164
652.727	465.67
653.757	413.211
654.789	339.657
655.821	406.613
656.852	347.86
657.882	332.303
658.913	350.727
659.942	295.787
660.973	246.342
662.002	280.327
663.031	308.776
664.06	272.175
665.09	244.817
666.119	293.652
667.147	270.12
668.175	270.468
669.201	280.909
670.229	242.515
671.257	266.611
672.285	274.084
673.311	247.486
674.338	261.429
675.363	250.566
676.389	275.673
677.416	265.779
678.441	241.083
679.466	236.619
680.491	209.96
681.515	257.08
682.54	217.485
683.565	259.088
684.589	279.528
685.613	302.799
686.635	220.869
687.659	263.578
688.681	268.43
689.705	316.737
690.727	272.549
691.75	350.475
692.772	312.715
693.793	345.287
694.814	343.579
695.835	350.171
696.856	403.953
697.877	406.771
698.898	377.177
699.918	379.992
700.937	454.997
701.957	390.291
702.978	406.094
703.996	379.333
705.016	356.263
706.034	301.744
707.052	329.525
708.069	327.716
709.087	290.797
710.107	256.677
711.124	300.199
712.139	316.938
713.156	237.581
714.173	251.549
715.19	290.445
716.205	286.793
717.222	281.252
718.238	271.065
719.253	298.691
720.267	378.825
721.283	294.898
722.297	292.115
723.311	280.15
724.325	327.104
725.339	346.459
726.353	379.64
727.366	362.262
728.38	352.267
729.391	472.904
730.404	506.099
731.417	516.204
732.428	545.515
733.441	530.628
734.452	559.824
735.463	559.673
736.475	564.207
737.486	654.173
738.496	635.058
739.506	606.814
740.516	629.952
741.526	645.703
742.534	666.89
743.544	650.386
744.554	686.161
745.561	636.614
746.571	655.909
747.578	689.919
748.587	726.724
749.594	637.899
750.601	631.662
751.608	607.11
752.615	659.695
753.621	645.342
754.628	620.929
755.634	618.609
756.641	598.859
757.647	603.051
758.651	604.506
759.657	626.246
760.663	522.535
761.666	647.581
762.67	636.016
763.676	578.157
764.679	652.347
765.682	647.903
766.686	642.472
767.689	695.271
768.692	641.832
769.694	607.005
770.697	567.683
771.698	577.529
772.7	567.988
773.703	530.544
774.703	572.783
775.703	540.549
776.705	530.436
777.705	555.529
778.705	577.832
779.705	594.641
780.705	569.767
781.704	624.878
782.704	614.989
783.703	593.898
784.702	632.253
785.701	650.086
786.698	659.522
787.697	692.238
788.694	652.442
789.693	755.076
790.689	734.885
791.686	676.46
792.682	723.164
793.68	776.305
794.676	740.956
795.672	802.478
796.666	883.663
797.662	909.119
798.658	964.452
799.653	1002.98
800.647	999.425
801.642	1088.82
802.636	1172.38
803.631	1225.94
804.624	1244.05
805.617	1211.95
806.61	1249.62
807.602	1177.58
808.595	1210.49
809.587	1161.62
810.58	1162.88
811.572	1121.58
812.564	1179.57
813.554	1114.47
814.546	1114.3
815.536	1139.14
816.528	1096.37
817.518	1162.78
818.507	1125.55
819.499	1208.58
820.488	1213
821.477	1238.62
822.466	1289.97
823.455	1374.34
824.444	1515.69
825.431	1571.99
826.42	1694.72
827.408	1832.35
828.395	1951.79
829.383	2036.38
830.369	2206.5
831.356	2388.16
832.342	2641.82
833.33	2922.33
834.315	3208.84
835.301	3477.12
836.287	3754.34
837.27	3971.89
838.256	4150.74
839.241	4253.72
840.226	4219.76
841.209	4168.04
842.194	4120.68
843.177	4009
844.16	3764.23
845.145	3527.88
846.127	3262.17
847.11	3043.28
848.092	2920.79
849.074	2777.86
850.056	2668.73
851.039	2669.7
852.018	2698.01
853	2785.89
853.982	2803.87
854.962	2868.89
855.941	2935.17
856.923	3014.77
857.902	2999.2
858.881	2793.45
859.86	2704.46
860.839	2507.55
861.818	2336.95
862.797	2244.26
863.776	2117.2
864.754	2079.28
865.733	1956.58
866.709	1900.2
867.687	1868.79
868.664	1757.46
869.642	1677.59
870.618	1667.8
871.594	1634.17
872.569	1574.81
873.545	1607.54
874.521	1518.66
875.496	1508
876.471	1493.56
877.447	1420.01
878.42	1430.21
879.395	1425.57
880.37	1451.31
881.343	1351.78
882.315	1343.58
883.29	1267.32
884.262	1241.82
885.235	1242.12
886.207	1207.32
887.179	1265.53
888.151	1168.78
889.123	1182.62
890.095	1109.85
891.065	1188.29
892.037	1196.73
893.009	1181.22
893.978	1202.59
894.948	1178.81
895.919	1239.01
896.888	1315.01
897.857	1275.82
898.826	1395.34
899.795	1341.29
900.764	1399.64
901.732	1442.07
902.701	1497.21
903.668	1544.84
904.636	1530.68
905.604	1571.97
906.57	1611.6
907.538	1586.01
908.504	1630.74
909.47	1672.94
910.436	1692.25
911.402	1674.71
912.367	1719.01
913.333	1717.91
914.298	1675.03
915.264	1694.86
916.229	1617.52
917.192	1654.91
918.157	1623.07
919.12	1607.09
920.084	1571.75
921.047	1535.45
922.01	1479.57
922.972	1404.98
923.935	1375.7
924.897	1325.04
925.859	1292.96
926.821	1202.49
927.783	1148.23
928.743	1128.3
929.705	1134.31
930.667	1086.38
931.626	996.566
932.586	1039.64
933.547	981.482
934.506	967.114
935.466	960.281
936.425	930.205
937.384	974.608
938.343	940.676
939.301	906.636
940.26	956.495
941.217	986.809
942.175	952.794
943.132	974.882
944.09	1038.2
945.046	1020.24
946.002	946.993
946.96	1005.66
947.916	971.543
948.872	1005.77
949.828	950.889
950.783	980.334
951.737	951.547
952.692	898.256
953.647	918.99
954.601	919.036
955.556	915.364
956.509	909.937
957.464	929.079
958.417	954.015
959.369	941.437
960.322	924.987
961.275	910.186
962.227	956.24
963.179	889.345
964.132	995.307
965.082	968.926
966.034	959.669
966.984	924.305
967.936	932.241
968.885	955.181
969.837	962.931
970.787	1011.84
971.736	947.766
972.686	988.868
973.635	969.845
974.584	984.714
975.533	968.703
976.48	1091.7
977.429	1069.25
978.378	1091.87
979.325	1100.4
980.273	1181.19
981.22	1172.78
982.166	1218.73
983.113	1317.08
984.061	1340.17
985.007	1373.38
985.953	1471.07
986.897	1523.72
987.843	1622.31
988.789	1698.6
989.734	1692.79
990.678	1751.65
991.623	1914.29
992.567	2095.44
993.51	2465.04
994.453	2927.52
995.398	3628.43
996.341	4569.38
997.284	5596.28
998.227	6510.64
999.168	7049.95
1000.11	6996.61
1001.05	6279.44
1001.99	5135.46
1002.94	3927.99
1003.88	2907.34
1004.82	2273.46
1005.76	1872.5
1006.7	1543.19
1007.64	1394.48
1008.58	1268.88
1009.52	1202.71
1010.46	1102.83
1011.4	1092.37
1012.34	1106.21
1013.27	1069.98
1014.21	1038.66
1015.15	1065.34
1016.09	1111.77
1017.03	1126.51
1017.96	1160.73
1018.9	1184.51
1019.84	1291.24
1020.77	1376.44
1021.71	1439.29
1022.65	1544.43
1023.58	1708.84
1024.52	1966.4
1025.45	2122.54
1026.39	2348.24
1027.32	2646.17
1028.26	2785.42
1029.19	2748.83
1030.12	2817.12
1031.06	2745.64
1031.99	2517.63
1032.92	2318.04
1033.86	2130.78
1034.79	1895.38
1035.72	1800.83
1036.65	1693.69
1037.59	1611.68
1038.52	1538.86
1039.45	1459.3
1040.38	1432.55
1041.31	1398.22
1042.24	1391.23
1043.17	1353.92
1044.1	1299.51
1045.03	1222.38
1045.96	1249.35
1046.89	1275.58
1047.82	1312.49
1048.75	1222.64
1049.68	1276.93
1050.61	1302.77
1051.53	1309.45
1052.46	1380.51
1053.39	1422.77
1054.32	1425.82
1055.24	1499.16
1056.17	1581.14
1057.1	1695.65
1058.02	1684.8
1058.95	1793.05
1059.88	1926.12
1060.8	1821.1
1061.73	1815.99
1062.65	1790.89
1063.58	1763.01
1064.5	1692.26
1065.43	1730.15
1066.35	1613.17
1067.27	1645.52
1068.2	1587.7
1069.12	1574.37
1070.04	1585.73
1070.97	1577.32
1071.89	1548.42
1072.81	1473.37
1073.73	1434.8
1074.65	1393.44
1075.58	1350.99
1076.5	1346.38
1077.42	1243.45
1078.34	1252.72
1079.26	1222.91
1080.18	1186.45
1081.1	1198.55
1082.02	1136.51
1082.94	1125.82
1083.86	1153.1
1084.78	1120.52
1085.7	1106.03
1086.61	1103
1087.53	1103.84
1088.45	1077.22
1089.37	1045.86
1090.28	1103.59
1091.2	1080.62
1092.12	1035.79
1093.03	1052.54
1093.95	1087.32
1094.87	1075.79
1095.78	1125.91
1096.7	1105.12
1097.61	1077.76
1098.53	1158.27
1099.44	1197.08
1100.36	1146.87
1101.27	1163.77
1102.19	1119.13
1103.1	1114.19
1104.01	1140.45
1104.93	1164.86
1105.84	1195.05
1106.75	1241.48
1107.67	1210.63
1108.58	1255.52
1109.49	1326.95
1110.4	1410.56
1111.31	1424.91
1112.22	1444.71
1113.14	1532.47
1114.05	1573.87
1114.96	1668.32
1115.87	1727.97
1116.78	1835.04
1117.69	1892.95
1118.6	1964.88
1119.51	2011.93
1120.42	2077.62
1121.32	2088.43
1122.23	2145.77
1123.14	2226.32
1124.05	2117.7
1124.96	2050.26
1125.86	1958.48
1126.77	1865.57
1127.68	1849.92
1128.58	1726.52
1129.49	1627.14
1130.4	1588.03
1131.3	1542.07
1132.21	1504.69
1133.11	1507.35
1134.02	1594.67
1134.92	1624.59
1135.83	1675.67
1136.73	1640.58
1137.64	1704.12
1138.54	1761.85
1139.44	1750.1
1140.35	1707.83
1141.25	1667.47
1142.15	1652.86
1143.06	1608.9
1143.96	1641.09
1144.86	1626.65
1145.76	1607.33
1146.66	1570.68
1147.57	1555.75
1148.47	1532.13
1149.37	1517.03
1150.27	1550.52
1151.17	1552.63
1152.07	1573.84
1152.97	1573.16
1153.87	1535.26
1154.77	1448.66
1155.67	1401.99
1156.57	1305.69
1157.46	1240.85
1158.36	1137.03
1159.26	1120.04
1160.16	1045.04
1161.05	1024.41
1161.95	1011.36
1162.85	930.485
1163.75	922.816
1164.64	855.89
1165.54	918.428
1166.44	933.302
1167.33	858.831
1168.23	843.524
1169.12	865.442
1170.02	886.488
1170.91	844.771
1171.81	872.441
1172.7	837.272
1173.59	860.039
1174.49	896.981
1175.38	915.768
1176.27	962.006
1177.17	997.689
1178.06	1036.16
1178.95	1108.79
1179.84	1105.65
1180.74	1153.84
1181.63	1169.93
1182.52	1170.87
1183.41	1177.4
1184.3	1114.64
1185.19	1109.51
1186.08	1103.32
1186.97	1164.24
1187.86	1176.92
1188.75	1183.95
1189.64	1207.97
1190.53	1223.47
1191.42	1271.94
1192.31	1344.91
1193.2	1401.95
1194.09	1400.82
1194.97	1372.59
1195.86	1448.99
1196.75	1443.42
1197.64	1379.37
1198.52	1363.24
1199.41	1375.32
1200.29	1312.19
1201.18	1261.4
1202.07	1217.26
1202.95	1193.8
1203.84	1177.75
1204.72	1107.94
1205.61	1050.28
1206.49	1012.37
1207.38	1021.54
1208.26	974.592
1209.14	952.302
1210.03	924.572
1210.91	912.897
1211.79	862.622
1212.68	892.132
1213.56	878.162
1214.44	847.05
1215.32	847.782
1216.21	817.453
1217.09	835.13
1217.97	842.627
1218.85	838.141
1219.73	934.453
1220.61	880.612
1221.49	883.284
1222.37	979.233
1223.25	1035.61
1224.13	1132.4
1225.01	1169.56
1225.89	1294.31
1226.77	1329.35
1227.65	1355.05
1228.52	1424.4
1229.4	1453.47
1230.28	1450.71
1231.16	1409.33
1232.03	1348.05
1232.91	1446.72
1233.79	1347.25
1234.66	1367.95
1235.54	1369.51
1236.42	1362.36
1237.29	1262.1
1238.17	1236.79
1239.04	1202.02
1239.92	1113.18
1240.79	1136.49
1241.67	1096.19
1242.54	1081.55
1243.41	1035.52
1244.29	1046.59
1245.16	999.588
1246.03	1017.38
1246.91	1048.52
1247.78	992.782
1248.65	998.92
1249.52	1025.92
1250.4	1038.48
1251.27	1051
1252.14	1048.26
1253.01	1075.21
1253.88	1037.3
1254.75	1052.91
1255.62	1072.33
1256.49	1047.7
1257.36	1103.22
1258.23	1082.15
1259.1	1144.1
1259.97	1132.42
1260.84	1165.62
1261.71	1142.54
1262.57	1181.57
1263.44	1181.55
1264.31	1194.96
1265.18	1243.69
1266.05	1322.93
1266.91	1305.74
1267.78	1410.56
1268.65	1499.99
1269.51	1555.93
1270.38	1664.17
1271.24	1812.29
1272.11	2004.97
1272.97	2102.24
1273.84	2260.26
1274.7	2405.79
1275.57	2489.5
1276.43	2570.45
1277.3	2696.46
1278.16	2762.47
1279.02	2807.97
1279.89	2855.6
1280.75	2917.76
1281.61	2862.48
1282.48	2891.37
1283.34	2889.76
1284.2	2880.74
1285.06	2781.45
1285.92	2729.48
1286.78	2647.08
1287.65	2541.12
1288.51	2429.41
1289.37	2294.78
1290.23	2204.82
1291.09	2098.23
1291.95	1976.81
1292.81	1966.41
1293.67	1863.66
1294.52	1842.8
1295.38	1768.93
1296.24	1776.21
1297.1	1727.73
1297.96	1722.16
1298.81	1673.1
1299.67	1628.31
1300.53	1631.77
1301.39	1603.56
1302.24	1558.26
1303.1	1553.32
1303.95	1497.59
1304.81	1426.76
1305.67	1409.42
1306.52	1333.01
1307.38	1296.71
1308.23	1257.52
1309.09	1207.41
1309.94	1175.5
1310.8	1131.94
1311.65	1105.53
1312.5	1071.72
1313.35	1055.4
1314.21	1026.97
1315.06	989.027
1315.91	986.892
1316.77	970.66
1317.62	984.534
1318.47	976.913
1319.32	975.855
1320.17	952.169
1321.02	956.638
1321.87	962.476
1322.73	963.221
1323.57	967.578
1324.43	963.209
1325.28	976.192
1326.13	986.879
1326.97	992.001
1327.82	1001.23
1328.67	989.774
1329.52	984.93
1330.37	1016.34
1331.22	1023.41
1332.06	1029.3
1332.91	1015.76
1333.76	1013.26
1334.61	1033.55
1335.45	1062.09
1336.3	1022.24
1337.15	1064.97
1337.99	1039.67
1338.84	1052.78
1339.68	1070.6
1340.53	1077.17
1341.37	1059.82
1342.22	1049.05
1343.06	1061.07
1343.91	1067.43
1344.75	1087.66
1345.6	1073.64
1346.44	1092.41
1347.28	1091.25
1348.12	1087.09
1348.97	1081.38
1349.81	1079.22
1350.65	1097.89
1351.49	1103.28
1352.33	1095.55
1353.18	1112.96
1354.02	1128.13
1354.86	1129.42
1355.7	1151.86
1356.54	1196.41
1357.38	1204.65
1358.22	1228.72
1359.06	1237.03
1359.9	1256.24
1360.74	1272.02
1361.58	1277.82
1362.42	1261.26
1363.25	1252.09
1364.09	1235.86
1364.93	1240.55
1365.77	1256.4
1366.6	1255.52
1367.19	1254
1368.1	1246.45
1369.01	1248.68
1369.92	1261.64
1370.83	1218.36
1371.74	1202.54
1372.65	1208.26
1373.56	1183.42
1374.47	1155.59
1375.37	1115.94
1376.28	1111.64
1377.19	1123.97
1378.1	1071.36
1379	1046.25
1379.91	1069.23
1380.82	1068.64
1381.72	1018.01
1382.63	1078.03
1383.54	1011.57
1384.44	1022.32
1385.35	997.804
1386.25	973.315
1387.16	948.919
1388.06	1000.59
1388.97	1004.58
1389.87	976.569
1390.78	996.241
1391.68	1031.46
1392.59	1048.21
1393.49	1079.46
1394.39	1043.77
1395.3	1017.7
1396.2	970.31
1397.1	966.415
1398	910.463
1398.91	845.065
1399.81	826.116
1400.71	779.368
1401.61	741.359
1402.52	778.325
1403.42	754.662
1404.32	748.241
1405.22	736.056
1406.12	741.169
1407.02	730.095
1407.92	749.766
1408.82	749.455
1409.72	733.937
1410.62	753.805
1411.52	746.891
1412.42	720.825
1413.32	782.507
1414.21	771.58
1415.11	753.951
1416.01	776.331
1416.91	779.654
1417.81	793.492
1418.71	824.532
1419.6	827.185
1420.5	855.674
1421.4	862.453
1422.29	894.985
1423.19	948.423
1424.09	958.004
1424.98	983.603
1425.88	1085.14
1426.77	1122.89
1427.67	1193.92
1428.56	1242.2
1429.46	1360.88
1430.35	1453.07
1431.25	1563.46
1432.14	1620.84
1433.04	1721.23
1433.93	1797.22
1434.82	1827.78
1435.72	1866.12
1436.61	1906.48
1437.5	1904.02
1438.39	2006.5
1439.29	2056.54
1440.18	2127.5
1441.07	2176.32
1441.96	2264.2
1442.85	2382.7
1443.75	2491.91
1444.64	2615.03
1445.53	2675.56
1446.42	2691.36
1447.31	2772.35
1448.2	2852.06
1449.09	2812.11
1449.98	2798.57
1450.87	2841.58
1451.76	2759.8
1452.65	2764.15
1453.54	2695.07
1454.43	2604.27
1455.31	2558.77
1456.2	2407.53
1457.09	2390.65
1457.98	2331.37
1458.87	2220.3
1459.75	2155.56
1460.64	2065.12
1461.53	2038.14
1462.41	2075.6
1463.3	2036.83
1464.19	2024.95
1465.07	2069.76
1465.96	2116.84
1466.85	2120.7
1467.73	2141.86
1468.61	2072.89
1469.5	2057.55
1470.38	1928.91
1471.27	1945.94
1472.15	1854.18
1473.04	1897.21
1473.92	1939.04
1474.8	1933.11
1475.69	1939.78
1476.57	1968.95
1477.45	1905.22
1478.34	1888.45
1479.22	1870.86
1480.1	1817.14
1480.98	1736.66
1481.86	1710.97
1482.75	1730.33
1483.63	1700.67
1484.51	1643.83
1485.39	1520.45
1486.27	1413.14
1487.15	1208.47
1488.03	1019.56
1488.91	953.609
1489.79	849.769
1490.67	772.882
1491.55	730.74
1492.43	651.911
1493.31	662.018
1494.19	582.5
1495.07	539.759
1495.94	525.014
1496.82	508.33
1497.7	507.006
1498.58	435.472
1499.45	449.488
1500.33	432.769
1501.21	458.265
1502.09	410.002
1502.96	416.384
1503.84	423.727
1504.72	394.755
1505.59	379.18
1506.47	353.118
1507.34	375.685
1508.22	370.599
1509.09	343.662
1509.97	377.646
1510.84	347.978
1511.72	343.063
1512.59	317.278
1513.46	328.484
1514.34	329.197
1515.21	312.81
1516.08	311.551
1516.96	312.17
1517.83	322.233
1518.7	280.43
1519.57	332.953
1520.45	256.449
1521.32	290.171
1522.19	317.318
1523.06	283.385
1523.93	241.047
1524.8	282.362
1525.67	244.728
1526.54	262.488
1527.41	237.028
1528.28	254.726
1529.16	263.034
1530.02	234.822
1530.89	264.743
1531.76	242.252
1532.63	217.925
1533.5	249.803
1534.37	221.738
1535.24	242.357
1536.11	264.827
1536.97	238.598
1537.84	236.722
1538.71	230.191
1539.57	241.487
1540.44	220.99
1541.31	217.378
1542.18	217.526
1543.04	241.114
1543.91	220.597
1544.77	193.46
1545.64	226.332
1546.5	234.788
1547.37	180.396
1548.24	211.432
1549.1	231.298
1549.96	204.293
1550.83	191.404
1551.69	204.88
1552.56	194.787
1553.42	188.396
1554.28	209.32
1555.15	196.21
1556.01	208.604
1556.87	220.105
1557.73	197.624
1558.6	209.263
1559.46	235.185
1560.32	201.32
1561.18	188.243
1562.04	187.453
1562.9	198.038
1563.77	233.369
1564.63	183.051
1565.49	208.954
1566.35	207.291
1567.21	188.478
1568.07	225.091
1568.93	227.324
1569.79	203.663
1570.64	230.754
1571.5	220.42
1572.36	237.903
1573.22	261.173
1574.08	277.758
1574.94	278.995
1575.8	313.988
1576.65	322.058
1577.51	361.995
1578.37	417.435
1579.22	467.117
1580.08	481.993
1580.94	563.685
1581.79	593.188
1582.65	638.302
1583.51	600.085
1584.36	532.688
1585.22	483.636
1586.07	444.196
1586.93	366.665
1587.78	363.054
1588.63	390.609
1589.49	376.197
1590.34	377.336
1591.2	379.386
1592.05	426.269
1592.9	459.428
1593.76	502.325
1594.61	563.805
1595.46	631.265
1596.32	766.285
1597.17	861.547
1598.02	964.83
1598.87	1144.51
1599.72	1252.78
1600.58	1345.19
1601.43	1404.98
1602.28	1370.46
1603.13	1340.59
1603.98	1170.75
1604.83	1052.88
1605.68	897.112
1606.53	762.103
1607.38	652.655
1608.23	602.843
1609.08	519.806
1609.93	497.238
1610.77	425.786
1611.62	414.805
1612.47	392.128
1613.32	360.753
1614.17	363.549
1615.01	297.305
1615.86	300.214
1616.71	277.817
1617.55	278.741
1618.4	277.662
1619.25	260.009
1620.09	273.418
1620.94	262.538
1621.79	263.325
1622.63	251.551
1623.48	257.261
1624.32	251.387
1625.17	278.451
1626.01	232.941
1626.86	297.747
1627.7	281.271
1628.54	262.857
1629.39	261.84
1630.23	281.094
1631.07	287.743
1631.92	287.595
1632.76	309.622
1633.6	311.371
1634.45	346.867
1635.29	331.306
1636.13	346.597
1636.97	343.604
1637.81	362.743
1638.66	355.899
1639.5	355.799
1640.34	353.805
1641.18	350.895
1642.02	398.965
1642.86	371.154
1643.7	389.489
1644.54	411.665
1645.38	378.067
1646.22	389.623
1647.06	375.214
1647.89	403.109
1648.73	396.444
1649.57	407.153
1650.41	381.401
1651.25	361.462
1652.09	401.249
1652.92	396.727
1653.76	403.695
1654.6	411.535
1655.43	367.224
1656.27	392.356
1657.11	378.971
1657.94	397.546
1658.78	418.194
1659.62	401.234
1660.45	361.968
1661.29	370.994
1662.12	385.743
1662.96	371.337
1663.79	365.625
1664.62	365.772
1665.46	342.719
1666.29	335.265
1667.13	373.56
1667.96	332.17
1668.79	326.732
1669.63	309.553
1670.46	313.778
1671.29	290.618
1672.12	297.692
1672.96	284.205
1673.79	290.255
1674.62	303.161
1675.45	227.944
1676.28	278.127
1677.11	244.059
1677.95	277.704
1678.78	251.466
1679.61	206.468
1680.44	256.832
1681.27	232.361
1682.1	243.293
1682.93	203.981
1683.75	249.409
1684.58	259.415
1685.41	237.9
1686.24	248.951
1687.07	250.142
1687.9	261.21
1688.73	229.757
1689.55	287.304
1690.38	261.742
1691.21	250.986
1692.04	227.31
1692.86	258.068
1693.69	263.034
1694.52	257.094
1695.34	262.074
1696.17	281.968
1696.99	297.978
1697.82	276.378
1698.64	282.557
1699.47	333.405
1700.29	328.62
1701.12	325.743
1701.94	341.671
1702.77	338.664
1703.59	377.339
1704.41	381.232
1705.24	360.318
1706.06	395.009
1706.88	436.66
1707.71	446.57
1708.53	490.224
1709.35	495.174
1710.17	499.107
1711	552.582
1711.82	537.563
1712.64	594.854
1713.46	613.446
1714.28	659.775
1715.1	674.468
1715.92	731.795
1716.74	708.982
1717.56	793.983
1718.38	788.763
1719.2	843.63
1720.02	848.837
1720.84	911.192
1721.66	940.031
1722.48	977.971
1723.3	1058.58
1724.11	1096.09
1724.93	1109.01
1725.75	1113.83
1726.57	1150.77
1727.39	1206.97
1728.2	1205.84
1729.02	1240.07
1729.84	1259.72
1730.65	1273.7
1731.47	1227.06
1732.29	1265.73
1733.1	1250.38
1733.92	1274.03
1734.73	1221.26
1735.55	1216.44
1736.36	1173.62
1737.18	1159.28
1737.99	1134.27
1738.81	1094.63
1739.62	1025.72
1740.43	1025.93
1741.25	948.293
1742.06	926.222
1742.87	853.755
1743.69	805.721
1744.5	732.552
1745.31	688.56
1746.13	665.938
1746.94	632.702
1747.75	565.649
1748.56	507.411
1749.37	460.86
1750.18	428.859
1750.99	436.526
1751.81	376.473
1752.61	362.854
1753.42	349.254
1754.24	325.058
1755.04	298
1755.85	277.722
1756.66	248.735
1757.47	265.117
1758.28	237.027
1759.09	248.499
1759.9	229.094
1760.71	208.771
1761.52	202.962
1762.32	214.544
1763.13	168.326
1763.94	166.446
1764.74	172.268
1765.55	157.837
1766.36	167.505
1767.17	164.657
1767.97	184.977
1768.78	175.435
1769.58	174.587
1770.39	110.978
1771.19	125.543
1772	126.578
1772.8	129.538
1773.61	111.234
1774.41	149.973
1775.22	122.007
1776.02	97.8954
1776.83	132.806
1777.63	100.936
1778.43	106.82
1779.23	103.03
1780.04	108.948
1780.84	118.771
1781.64	100.459
1782.44	102.53
1783.25	109.465
1784.05	117.376
1784.85	108.728
1785.65	111.761
1786.45	134.308
1787.25	127.603
1788.05	135.543
1788.86	121.013
1789.65	109.394
1790.46	107.542
1791.25	98.827
1792.05	92.0581
1792.85	126.461
1793.65	108.918
1794.45	101.181
1795.25	87.5522
1796.05	88.6629
1796.85	87.8134
1797.64	85.9753
1798.44	98.9237
1799.24	93.1202
1800.04	132.744
1800.83	98.2546
1801.63	117.133
1802.43	115.246
1803.22	137.119
1804.02	96.6064
1804.82	100.648
1805.61	95.7656
1806.41	106.743
1807.2	92.9241
1808	134.676
1808.79	97.0382
1809.59	92.1552
1810.38	116.095
1811.18	124.146
1811.97	127.214
1812.76	94.4345
1813.56	114.364
1814.35	125.317
1815.14	81.5547
1815.94	115.395
1816.73	100.52
1817.52	103.572
1818.31	90.7097
1819.1	53.9296
1819.9	101.79
1820.69	72.9315
1821.48	69.959
1822.27	108.805
1823.06	101.839
1823.85	98.8653
1824.64	106.845
1825.43	88.9443
1826.22	117.807
1827.01	70.0542
1827.8	128.731
1828.59	86.9714
1829.38	123.768
1830.17	110.867
1830.96	92.9966
1831.74	114.871
1832.53	107.904
1833.32	81.065
1834.11	96.9157
1834.89	86.9561
1835.68	112.686
1836.47	103.722
1837.26	72.9971
1838.04	96.7167
1838.83	74.9313
1839.61	92.6864
1840.4	95.5992
1841.19	82.7148
1841.97	98.4244
1842.76	98.3521
1843.54	108.127
1844.33	112.99
1845.11	70.7082
1845.89	79.5485
1846.68	85.443
1847.46	85.4426
1848.25	107.024
1849.03	85.4261
1849.81	100.123
1850.6	91.2922
1851.38	96.1911
1852.16	81.4986
1852.94	102.066
1853.72	100.094
1854.51	107.896
1855.29	76.5634
1856.07	99.0111
1856.85	131.19
1857.63	76.4716
1858.41	89.1185
1859.19	69.592
1859.97	101.718
1860.75	85.1461
1861.53	114.345
1862.31	94.8908
1863.09	101.722
1863.87	95.9036
1864.65	77.4299
1865.43	93.9579
1866.21	58.9423
1866.99	87.0872
1867.76	97.7165
1868.54	94.7582
1869.32	89.8806
1870.1	99.5599
1870.87	85.0405
1871.65	90.8793
1872.43	65.7276
1873.2	105.474
1873.98	71.5945
1874.76	87.1096
1875.53	93.9049
1876.31	116.201
1877.08	62.9785
1877.86	102.739
1878.63	108.616
1879.41	92.2026
1880.18	100.008
1880.96	67.0836
1881.73	63.237
1882.5	106.901
1883.28	53.6096
1884.05	95.3588
1884.82	84.746
1885.6	95.4797
1886.37	100.392
1887.14	69.373
1887.91	91.7518
1888.68	78.1996
1889.46	104.48
1890.23	82.1957
1891	113.388
1891.77	83.3394
1892.54	104.88
1893.31	67.9807
1894.08	95.4285
1894.85	74.0726
1895.62	113.297
1896.39	95.783
1897.16	114.44
1897.93	117.41
1898.7	108.624
1899.47	102.788
1900.24	89.1449
1901.01	130.393
1901.77	105.047
1902.54	105.193
1903.31	82.7272
1904.08	93.6491
1904.84	83.9048
1905.61	121.406
1906.38	84.062
1907.14	99.9075
1907.91	87.1711
1908.68	74.426
1909.44	93.2684
1910.21	111.156
1910.97	101.39
1911.74	105.469
1912.51	112.528
1913.27	104.725
1914.03	92.9337
1914.8	111.894
1915.56	83.1864
1916.33	55.4333
1917.09	92.276
1917.85	99.3007
1918.62	102.344
1919.38	102.4
1920.14	78.5694
1920.9	108.501
1921.67	118.55
1922.43	74.801
1923.19	71.9061
1923.95	114.952
1924.71	108.098
1925.47	83.2101
1926.24	116.327
1927	89.3646
1927.76	84.4013
1928.52	105.462
1929.28	89.4587
1930.04	87.4727
1930.8	87.4887
1931.56	101.522
1932.32	102.547
1933.08	92.5726
1933.83	96.6276
1934.59	103.703
1935.35	97.7626
1936.11	108.85
1936.87	84.8342
1937.62	58.7914
1938.38	102.883
1939.14	102.86
1939.89	103.842
1940.65	98.8335
1941.41	99.8466
1942.16	102.869
1942.92	92.8821
1943.68	114.887
1944.43	110.857
1945.19	96.818
1945.94	93.7657
1946.7	90.7156
1947.45	89.6687
1948.21	89.6288
1948.96	125.423
1949.71	108.476
1950.47	99.5059
1951.22	92.5363
1951.98	112.395
1952.73	104.432
1953.48	112.346
1954.23	106.347
1954.99	116.191
1955.74	108.174
1956.49	105.108
1957.24	119.834
1957.99	113.825
1958.75	114.757
1959.5	110.783
1960.25	110.765
1961	103.849
1961.75	90.0333
1962.5	98.8431
1963.25	95.8334
1964	106.572
1964.75	105.523
1965.5	80.9559
1966.25	130.865
1967	108.261
1967.74	140.421
1968.49	105.12
1969.24	112.797
1969.99	88.3275
1970.74	78.5213
1971.48	92.0751
1972.23	125.054
1972.98	93.9698
1973.73	117.252
1974.47	102.681
1975.22	88.1051
1975.96	122.919
1976.71	101.537
1977.46	107.253
1978.2	86.8965
1978.95	117.724
1979.69	100.33
1980.44	109.967
1981.18	111.908
1981.93	88.7957
1982.67	97.4765
1983.41	105.166
1984.16	98.3828
1984.9	102.164
1985.64	96.3181
1986.39	101.999
1987.13	108.639
1987.87	89.4235
1988.61	79.8253
1989.36	98.0035
1990.1	84.6052
1990.84	90.347
1991.58	127.64
1992.32	116.162
1993.06	83.671
1993.81	80.826
1994.55	106.668
1995.29	101.949
1996.03	97.2436
1996.77	81.0607
1997.51	103.162
1998.24	81.213
1998.98	113.864
1999.72	128.311
2000.46	91.9309
2001.2	111.163
2001.94	92.0322
2002.68	131.438
2003.41	106.56
2004.15	99.9157
2004.89	92.3061
2005.63	103.914
2006.36	103.984
2007.1	105.01
2007.84	97.376
2008.57	98.4056
2009.31	118.71
2010.05	83.1566
2010.78	90.9671
2011.52	75.6317
2012.25	100.847
2012.99	111.594
2013.72	80.741
2014.46	105.017
2015.19	91.5377
2015.92	118.739
2016.66	109.141
2017.39	111.19
2018.13	86.0772
2018.86	100.782
2019.59	94.119
2020.32	89.3895
2021.06	92.4463
2021.79	83.1547
2022.52	81.7186
2023.25	81.8906
2023.98	95.4634
2024.72	74.668
2025.45	101.831
2026.18	102.932
2026.91	112.749
2027.64	101.392
2028.37	110.983
2029.1	120.632
2029.83	110.309
2030.56	106.022
2031.29	122.279
2032.02	120.653
2032.75	88.0781
2033.47	114.236
2034.2	89.6367
2034.93	96.5821
2035.66	106.027
2036.39	96.4294
2037.11	128.013
2037.84	82.7997
2038.57	94.5948
2039.3	95.7499
2040.02	117.886
2040.75	90.614
2041.47	123.69
2042.2	94.5302
2042.93	91.1315
2043.65	89.011
2044.38	90.0655
2045.1	105.873
2045.83	98.2709
2046.55	106.799
2047.28	110.134
2048	106.928
2048.73	96.8568
2049.45	98.9693
2050.17	99.6808
2050.9	100.803
2051.62	102.06
2052.34	103.163
2053.07	111.357
2053.79	110.675
2054.51	124.931
2055.23	109
2055.95	106.496
2056.68	108.09
2057.4	107.143
2058.12	110.982
2058.84	113.395
2059.56	103.256
2060.28	118.891
2061	98.3087
2061.72	117.49
2062.44	101.934
2063.16	113.007
2063.88	100.669
2064.6	104.95
2065.32	117.744
2066.03	120.729
2066.75	129.63
2067.47	106.531
2068.19	112.86
2068.91	116.995
2069.62	115.192
2070.34	119.449
2071.06	117.972
2071.77	128.882
2072.49	126.669
2073.21	109.566
2073.92	106.216
2074.64	91.3286
2075.36	101.156
2076.07	110.154
2076.79	118.43
2077.5	118.818
2078.22	97.1877
2078.93	94.2669
2079.64	95.7705
2080.36	99.0727
2081.07	105.806
2081.79	110.884
2082.5	98.8654
2083.21	103.498
2083.93	110.643
2084.64	103.718
2085.35	121.765
2086.07	113.932
2086.78	121.56
2087.49	111.685
2088.2	107.964
2088.91	117.215
2089.62	115.209
2090.33	122.336
2091.04	121.928
2091.76	108.956
2092.47	106.689
2093.18	99.8388
2093.89	94.8471
2094.6	96.6876
2095.3	129.961
2096.01	105.952
2096.72	120.614
2097.43	128.73
2098.14	126.774
2098.85	131.993
2099.56	120.869
2100.09	82.6033
2100.87	124.095
2101.65	137.894
2102.43	131.926
2103.21	123.978
2103.99	113.055
2104.77	129.743
2105.55	97.0938
2106.32	89.1116
2107.1	134.254
2107.88	114.484
2108.66	124.237
2109.44	100.64
2110.22	94.7391
2110.99	127.115
2111.77	112.343
2112.55	127.937
2113.33	117.021
2114.1	130.576
2114.88	127.515
2115.66	102.045
2116.43	140.088
2117.21	124.466
2117.99	138.138
2118.76	110.794
2119.54	141.995
2120.31	151.694
2121.09	130.171
2121.86	130.112
2122.64	109.6
2123.41	126.121
2124.19	133.878
2124.96	145.541
2125.74	115.36
2126.51	108.564
2127.28	128.081
2128.06	120.332
2128.83	151.562
2129.61	139.89
2130.38	105.772
2131.15	151.604
2131.92	115.531
2132.7	134.077
2133.47	92.1564
2134.24	133.16
2135.01	122.453
2135.78	121.499
2136.55	113.711
2137.33	112.762
2138.1	102.052
2138.87	122.625
2139.64	110.959
2140.41	109.081
2141.18	106.232
2141.95	130.841
2142.72	125.073
2143.49	94.7282
2144.26	111.505
2145.03	150.911
2145.8	113.592
2146.57	135.318
2147.33	118.662
2148.1	128.628
2148.87	143.565
2149.64	119
2150.41	90.4177
2151.17	106.319
2151.94	101.431
2152.71	88.6088
2153.48	116.445
2154.24	101.656
2155.01	101.758
2155.78	119.772
2156.54	119.896
2157.31	147.926
2158.08	113.134
2158.84	110.227
2159.61	91.3137
2160.37	101.361
2161.14	113.409
2161.9	89.4394
2162.67	114.521
2163.43	118.614
2164.2	127.757
2164.96	101.791
2165.72	112.97
2166.49	123.153
2167.25	98.0678
2168.01	113.239
2168.78	113.277
2169.54	118.352
2170.3	140.594
2171.07	124.52
2171.83	123.604
2172.59	123.713
2173.35	129.896
2174.11	120.875
2174.88	129.044
2175.64	109.815
2176.4	102.726
2177.16	90.6355
2177.92	122.157
2178.68	126.326
2179.44	125.446
2180.2	120.517
2180.96	102.374
2181.72	113.69
2182.48	153.488
2183.24	126.135
2184	116.055
2184.76	153.803
2185.52	141.666
2186.28	140.723
2187.04	109.243
2187.79	143.942
2188.55	144.032
2189.31	152.271
2190.07	140.14
2190.83	163.659
2191.58	164.767
2192.34	150.586
2193.1	134.358
2193.85	146.641
2194.61	158.895
2195.37	155.84
2196.12	157.852
2196.88	153.752
2197.63	163.889
2198.39	109.042
2199.15	156.802
2199.9	148.734
2200.66	173.158
2201.41	122.457
2202.16	138.723
2202.92	123.513
2203.67	156.949
2204.43	135.656
2205.18	144.774
2205.93	128.618
2206.69	139.817
2207.44	136.863
2208.19	128.847
2208.95	120.814
2209.7	122.88
2210.45	143.131
2211.2	127.971
2211.95	142.124
2212.71	144.146
2213.46	150.206
2214.21	146.168
2214.96	127.004
2215.71	144.128
2216.46	153.159
2217.21	134.999
2217.96	124.901
2218.71	161.008
2219.46	149.901
2220.21	148.852
2220.96	134.806
2221.71	133.814
2222.46	128.834
2223.21	152.873
2223.96	130.873
2224.71	151.853
2225.46	174.783
2226.21	177.711
2226.95	169.677
2227.7	170.639
2228.45	174.606
2229.2	215.411
2229.94	208.423
2230.69	269.072
2231.44	260.078
2232.18	278.911
2232.93	274.876
2233.68	319.463
2234.42	322.306
2235.17	336.024
2235.92	316.04
2236.66	343.615
2237.41	341.516
2238.15	316.72
2238.9	353.255
2239.64	320.608
2240.38	309.709
2241.13	287.943
2241.87	237.56
2242.62	254.3
2243.36	214.815
2244.1	221.692
2244.85	202.95
2245.59	176.349
2246.33	208.839
2247.08	187.185
2247.82	187.19
2248.56	176.37
2249.3	164.563
2250.05	169.455
2250.79	156.67
2251.53	170.393
2252.27	148.819
2253.01	180.218
2253.75	139.098
2254.49	133.286
2255.23	144.147
2255.97	154.033
2256.71	152.151
2257.45	123.789
2258.19	130.702
2258.93	137.598
2259.67	129.789
2260.41	144.51
2261.15	138.684
2261.89	143.655
2262.63	131.028
2263.36	173.274
2264.1	149.901
2264.84	139.248
2265.58	146.23
2266.32	142.404
2267.05	149.349
2267.79	170.996
2268.53	121.022
2269.26	151.49
2270	181.965
2270.74	161.454
2271.48	157.637
2272.21	162.673
2272.95	142.199
2273.68	155.121
2274.42	107.105
2275.15	173.153
2275.89	157.566
2276.62	169.526
2277.36	117.44
2278.09	144.151
2278.83	171.852
2279.56	148.289
2280.29	149.366
2281.03	133.679
2281.76	152.514
2282.49	151.635
2283.23	156.696
2283.96	187.456
2284.69	142.188
2285.42	149.27
2286.16	146.456
2286.89	149.554
2287.62	143.719
2288.35	155.692
2289.08	140.929
2289.81	159.859
2290.55	156.036
2291.28	158.189
2292.01	145.477
2292.74	148.647
2293.47	156.791
2294.2	127.122
2294.93	160.123
2295.66	159.263
2296.39	142.435
2297.11	142.525
2297.85	143.609
2298.57	154.673
2299.3	155.796
2300.03	172.91
2300.76	134.15
2301.49	138.301
2302.22	146.446
2302.94	141.579
2303.67	144.7
2304.4	129.803
2305.12	160.967
2305.85	160.115
2306.58	157.266
2307.31	131.343
2308.03	150.545
2308.76	146.655
2309.48	154.801
2310.21	146.872
2310.93	141.957
2311.66	101.866
2312.38	128.125
2313.11	143.346
2313.83	137.441
2314.56	168.78
2315.28	138.675
2316.01	135.749
2316.73	129.8
2317.45	137.969
2318.18	170.355
2318.9	146.28
2319.62	142.369
2320.35	155.61
2321.07	135.521
2321.79	148.748
2322.52	142.784
2323.24	143.895
2323.96	96.4954
2324.68	139.057
2325.4	107.811
2326.12	128.135
2326.84	111.023
2327.56	113.128
2328.29	64.637
2329.01	93.0565
2329.73	66.826
2330.45	59.8251
2331.17	91.3156
2331.89	125.86
2332.61	130.004
2333.32	130.083
2334.04	112.923
2334.76	166.707
2335.48	112.051
2336.2	134.432
2336.92	136.552
2337.64	133.607
2338.35	139.787
2339.07	94.2308
2339.79	144.016
2340.51	136.996
2341.23	122.879
2341.94	133.127
2342.66	134.259
2343.37	128.29
2344.09	142.633
2344.81	148.832
2345.52	125.524
2346.24	113.373
2346.95	131.686
2347.67	125.619
2348.38	149.008
2349.1	135.884
2349.82	130.91
2350.53	130.014
2351.24	122.007
2351.96	123.129
2352.67	123.214
2353.39	128.36
2354.1	129.424
2354.81	126.419
2355.53	116.308
2356.24	121.443
2356.95	117.448
2357.66	125.65
2358.38	133.861
2359.09	113.636
2359.8	106.618
2360.51	116.885
2361.22	114.964
2361.94	158.835
2362.65	136.586
2363.36	136.719
2364.07	107.29
2364.78	119.617
2365.49	116.64
2366.2	148.304
2366.91	149.376
2367.62	131.087
2368.33	138.282
2369.04	126.127
2369.75	133.34
2370.46	146.67
2371.16	120.253
2371.87	110.137
2372.58	114.289
2373.29	126.598
2374	142.99
2374.71	134.917
2375.41	138.057
2376.12	144.255
2376.83	86.2099
2377.53	121.982
2378.24	138.389
2378.95	137.466
2379.65	142.665
2380.36	143.778
2381.07	157.127
2381.77	133.721
2382.48	134.81
2383.18	130.808
2383.89	153.369
2384.59	174.948
2385.3	147.507
2386	140.479
2386.71	121.15
2387.41	119.174
2388.12	127.4
2388.82	150.94
2389.52	134.627
2390.23	142.856
2390.93	138.846
2391.63	155.281
2392.34	111.427
2393.04	153.389
2393.74	150.376
2394.44	182.089
2395.15	155.59
2395.85	126.052
2396.55	138.409
2397.25	178.373
2397.95	160.077
2398.65	141.751
2399.35	119.313
2400.05	111.175
2400.75	129.589
2401.45	137.785
2402.15	144.973
2402.85	175.648
2403.55	106.339
2404.25	125.822
2404.95	144.298
2405.65	153.592
2406.35	167.989
2407.05	162.971
2407.75	137.513
2408.44	148.833
2409.14	140.745
2409.84	173.539
2410.54	207.366
2411.24	152.252
2411.93	148.231
2412.63	176.901
2413.33	152.406
2414.02	145.283
2414.72	169.816
2415.42	159.63
2416.11	159.662
2416.81	171.945
2417.5	173.015
2418.2	187.359
2418.9	130.316
2419.59	140.593
2420.28	165.144
2420.98	149.894
2421.67	169.294
2422.37	121.404
2423.06	155.041
2423.75	155.068
2424.45	146.981
2425.14	108.379
2425.84	179.779
2426.53	126.928
2427.22	154.559
2427.91	169.948
2428.61	122.096
2429.3	151.696
2429.99	142.537
2430.68	169
2431.37	143.533
2432.07	169.945
2432.76	159.766
2433.45	161.806
2434.14	138.498
2434.83	140.594
2435.52	154.884
2436.21	133.642
2436.9	142.837
2437.59	150.989
2438.28	164.182
2438.97	146.94
2439.66	152.004
2440.35	165.176
2441.04	117.63
2441.72	165.235
2442.41	137.963
2443.1	172.392
2443.79	168.37
2444.48	177.481
2445.16	166.38
2445.85	159.335
2446.54	138.179
2447.23	170.546
2447.91	168.594
2448.6	180.771
2449.29	158.62
2449.97	186.922
2450.66	146.602
2451.34	191.033
2452.03	177.972
2452.72	188.121
2453.4	164.992
2454.09	168.074
2454.77	168.108
2455.46	169.123
2456.14	221.473
2456.82	142.925
2457.51	183.165
2458.19	176.141
2458.88	171.164
2459.56	189.334
2460.24	182.39
2460.92	194.557
2461.61	174.543
2462.29	177.651
2462.97	218.978
2463.66	180.817
2464.34	177.847
2465.02	204.02
2465.7	182.916
2466.38	191.962
2467.06	183.931
2467.75	187.966
2468.42	156.894
2469.11	203.132
2469.79	161.066
2470.47	156.146
2471.15	192.404
2471.83	210.591
2472.51	206.666
2473.19	173.587
2473.86	196.75
2474.54	173.697
2475.22	193.834
2475.9	150.716
2476.58	198.999
2477.26	202.116
2477.94	189.177
2478.61	188.295
2479.29	172.328
2479.97	227.736
2480.65	202.69
2481.32	180.647
2482	151.559
2482.68	200.933
2483.35	185.937
2484.03	169.93
2484.71	192.152
2485.38	188.197
2486.06	189.256
2486.73	184.268
2487.41	187.331
2488.08	152.19
2488.76	180.43
2489.43	189.588
2490.11	191.725
2490.78	175.753
2491.45	153.725
2492.13	199.173
2492.8	176.111
2493.48	156.054
2494.15	186.393
2494.82	198.604
2495.49	192.681
2496.17	189.802
2496.84	194.003
2497.51	200.236
2498.18	172.091
2498.86	186.375
2499.53	199.625
2500.2	190.597
2500.87	202.803
2501.54	182.653
2502.21	211.094
2502.88	222.385
2503.55	205.354
2504.22	208.578
2504.89	237.143
2505.56	192.649
2506.23	227.254
2506.9	210.096
2507.57	231.509
2508.24	213.359
2508.91	219.596
2509.58	236.011
2510.25	221.928
2510.91	217.979
2511.58	192.651
2512.25	235.449
2512.92	220.284
2513.59	216.324
2514.25	206.275
2514.92	216.593
2515.59	197.386
2516.25	212.794
2516.92	200.682
2517.59	209.954
2518.25	216.159
2518.92	220.321
2519.58	216.33
2520.25	228.662
2520.91	198.184
2521.58	222.799
2522.24	203.567
2522.91	208.842
2523.57	212.085
2524.24	205.103
2524.9	216.518
2525.56	223.835
2526.23	218.859
2526.89	211.824
2527.55	221.17
2528.22	220.262
2528.88	213.186
2529.54	219.415
2530.21	223.576
2530.87	229.784
2531.53	224.735
2532.19	193.068
2532.85	248.588
2533.51	230.32
2534.18	215.119
2534.84	219.403
2535.5	233.926
2536.16	247.37
2536.82	230.957
2537.48	224.798
2538.14	205.295
2538.8	244.352
2539.46	233.135
2540.12	198.335
2540.78	213.887
2541.44	234.608
2542.09	224.491
2542.75	241.098
2543.41	223.718
2544.07	239.226
2544.73	235.137
2545.39	232.039
2546.04	229.949
2546.7	265.866
2547.36	218.594
2548.02	252.481
2548.67	250.471
2549.33	248.496
2549.98	240.381
2550.64	252.804
2551.3	229.291
2551.95	230.416
2552.61	241.815
2553.26	236.782
2553.92	250.233
2554.57	255.445
2555.23	264.729
2555.88	284.235
2556.54	272.895
2557.19	293.351
2557.85	237.925
2558.5	271.736
2559.15	289.171
2559.81	319.958
2560.46	293.4
2561.11	286.313
2561.77	304.828
2562.42	304.867
2563.07	302.816
2563.72	282.3
2564.37	323.175
2565.03	316.97
2565.68	308.761
2566.33	314.919
2566.98	318.063
2567.63	321.24
2568.28	313.169
2568.93	307.105
2569.58	336.768
2570.23	308.122
2570.88	315.236
2571.53	302.967
2572.18	325.47
2572.83	325.55
2573.48	357.308
2574.13	314.514
2574.78	324.793
2575.43	327.888
2576.07	350.352
2576.72	301.354
2577.37	318.703
2578.02	349.311
2578.67	317.695
2579.31	278.946
2579.96	287.081
2580.61	333.897
2581.26	316.515
2581.9	309.343
2582.55	327.65
2583.19	294.125
2583.84	328.812
2584.49	328.939
2585.13	301.579
2585.78	337.273
2586.42	307.767
2587.07	309.743
2587.71	305.572
2588.36	316.621
2589	321.579
2589.65	322.511
2590.29	309.297
2590.93	324.52
2591.58	319.506
2592.22	329.73
2592.86	346.066
2593.51	358.373
2594.15	328.1
2594.79	316.08
2595.43	339.571
2596.07	338.686
2596.72	316.445
2597.36	344.921
2598	339.855
2598.64	310.416
2599.28	328.669
2599.92	327.666
2600.56	300.333
2601.2	350.104
2601.85	338.039
2602.49	344.228
2603.13	351.412
2603.76	347.41
2604.4	335.274
2605.04	351.527
2605.68	334.324
2606.32	335.383
2606.96	327.319
2607.6	378.03
2608.24	323.309
2608.88	368.882
2609.51	337.455
2610.15	318.214
2610.79	309.143
2611.43	323.406
2612.06	289.118
2612.7	362.214
2613.34	339.105
2613.97	299.749
2614.61	330.321
2615.25	342.634
2615.88	318.415
2616.52	320.567
2617.15	314.606
2617.79	325.91
2618.42	316.918
2619.06	321.127
2619.69	328.378
2620.33	318.339
2620.96	339.781
2621.6	330.716
2622.23	340.955
2622.86	335.956
2623.5	325.896
2624.13	337.206
2624.76	309.893
2625.4	315.119
2626.03	321.351
2626.66	318.406
2627.29	342.919
2627.93	289.072
2628.56	331.916
2629.19	294.376
2629.82	325.06
2630.45	314.013
2631.08	316.203
2631.71	339.782
2632.34	295.062
2632.98	295.177
2633.61	330.988
2634.24	341.335
2634.87	328.249
2635.5	338.648
2636.12	356.208
2636.75	328.822
2637.38	313.666
2638.01	325.067
2638.64	341.572
2639.27	368.297
2639.9	366.369
2640.53	333.729
2641.15	331.763
2641.78	347.183
2642.41	347.262
2643.04	374.988
2643.66	368.977
2644.29	367.084
2644.92	393.874
2645.54	341.805
2646.17	327.595
2646.8	370.729
2647.42	351.338
2648.05	380.084
2648.67	385.26
2649.3	360.739
2649.92	378.245
2650.55	349.676
2651.17	361.097
2651.8	376.651
2652.42	393.257
2653.05	379.093
2653.67	367.98
2654.29	345.538
2654.92	391.847
2655.54	388.846
2656.16	372.483
2656.79	391.033
2657.41	390.001
2658.03	388.788
2658.65	400.084
2659.27	415.995
2659.9	426.21
2660.52	408.759
2661.14	415.95
2661.76	397.481
2662.38	426.892
2663	427.351
2663.62	409.809
2664.24	413.563
2664.86	439.868
2665.48	433.972
2666.1	425.051
2666.72	431.799
2667.34	437.526
2667.96	424.996
2668.58	420.252
2669.2	415.859
2669.82	470.55
2670.44	444.893
2671.05	443.164
2671.67	440.677
2672.29	462.014
2672.91	462.558
2673.53	482.318
2674.14	479.836
2674.76	445.851
2675.38	455.62
2675.99	471.809
2676.61	521.672
2677.23	526.267
2677.84	518.007
2678.46	568.92
2679.07	577.06
2679.69	601.263
2680.3	617.576
2680.92	664.859
2681.53	694.443
2682.15	740.102
2682.76	752.735
2683.38	742.927
2683.99	799.046
2684.61	764.214
2685.22	753.159
2685.83	751.264
2686.44	733.872
2687.06	751.879
2687.67	725.264
2688.28	755.367
2688.9	761.139
2689.51	770.046
2690.12	782.077
2690.73	795.914
2691.34	792.445
2691.96	810.933
2692.57	796.691
2693.18	820.825
2693.79	823.407
2694.4	836.266
2695.01	840.183
2695.62	843.223
2696.23	853.13
2696.84	842.622
2697.45	830.734
2698.06	844.603
2698.67	845.75
2699.28	851.31
2699.88	842.951
2700.49	846.804
2701.1	824.399
2701.71	853.73
2702.32	872.395
2702.93	866.905
2703.53	851.556
2704.14	867.948
2704.75	863.386
2705.36	872.621
2705.96	895.15
2706.57	909.091
2707.17	921.482
2707.78	909.992
2708.39	904.399
2708.99	919.25
2709.6	933.134
2710.2	982.843
2710.81	948.976
2711.41	979.835
2712.02	978.004
2712.62	1003.75
2713.23	1027.14
2713.83	1041.01
2714.44	1045.89
2715.04	1042.34
2715.64	1081.7
2716.25	1083.15
2716.85	1068.53
2717.45	1115.17
2718.05	1096.15
2718.66	1092.8
2719.26	1121.17
2719.86	1154.32
2720.46	1167.86
2721.06	1150.77
2721.67	1188.9
2722.27	1183.96
2722.87	1192.22
2723.47	1217.05
2724.07	1212.02
2724.67	1206.38
2725.27	1233.27
2725.71	1264.77
2726.38	1235.04
2727.06	1242.77
2727.73	1301.24
2728.4	1300.63
2729.07	1301.1
2729.74	1319.03
2730.42	1309.78
2731.09	1335.34
2731.76	1353.03
2732.43	1343.42
2733.1	1338.93
2733.77	1334.39
2734.44	1367.36
2735.11	1397.09
2735.78	1385.91
2736.45	1406.1
2737.12	1415.95
2737.79	1472.49
2738.46	1464.91
2739.13	1416.74
2739.8	1420.58
2740.47	1405.35
2741.14	1452.4
2741.81	1418.33
2742.47	1368.1
2743.14	1387.07
2743.81	1354.06
2744.48	1343.32
2745.15	1374.24
2745.81	1329.7
2746.48	1306.56
2747.15	1300.8
2747.81	1279.78
2748.48	1320.93
2749.15	1268.11
2749.81	1290.61
2750.48	1296.6
2751.15	1280.06
2751.81	1215.64
2752.48	1264.64
2753.14	1216.02
2753.81	1173.76
2754.47	1158.15
2755.14	1127.1
2755.8	1095.82
2756.47	1089.83
2757.13	1058.09
2757.8	1076.38
2758.46	1012.98
2759.13	979.371
2759.79	985.782
2760.45	1040.36
2761.12	980.368
2761.78	1001.03
2762.44	987.757
2763.1	1015.28
2763.77	984.468
2764.43	994.683
2765.09	1026.57
2765.76	1013.66
2766.42	1020.34
2767.08	1053.74
2767.74	1031.8
2768.4	1048.7
2769.06	1055.22
2769.72	1092.41
2770.38	1085.41
2771.05	1121.49
2771.71	1141.2
2772.37	1155.87
2773.03	1225.09
2773.69	1230.75
2774.35	1266.2
2775.01	1336.53
2775.67	1351.19
2776.33	1465.45
2776.99	1486.05
2777.64	1551.92
2778.3	1601.44
2778.96	1677.83
2779.62	1737.82
2780.28	1748.36
2780.94	1749.49
2781.59	1815.32
2782.25	1765.9
2782.91	1776.3
2783.57	1781.8
2784.22	1722.7
2784.88	1682.26
2785.54	1703.57
2786.2	1678.26
2786.85	1702.99
2787.51	1659.28
2788.16	1672
2788.82	1655.9
2789.48	1673.02
2790.13	1736.9
2790.79	1707.55
2791.44	1751.55
2792.1	1782.16
2792.75	1816.59
2793.41	1829.99
2794.06	1817.24
2794.72	1843.39
2795.37	1808.7
2796.02	1857.47
2796.68	1905.36
2797.33	1888.61
2797.98	1901.91
2798.64	1898.93
2799.29	1993.81
2799.94	1928.26
2800.6	1983.15
2801.25	2040.14
2801.9	2109.49
2802.55	2079.96
2803.21	2127.54
2803.86	2149.22
2804.51	2210.9
2805.16	2145.79
2805.81	2223.76
2806.46	2264.68
2807.11	2277.85
2807.77	2300.3
2808.42	2366.91
2809.07	2400.45
2809.72	2409.1
2810.37	2445.36
2811.02	2547.37
2811.67	2528.23
2812.32	2576.17
2812.97	2603.85
2813.61	2635.91
2814.26	2628.04
2814.91	2622.25
2815.56	2761.31
2816.21	2773.82
2816.86	2782.05
2817.51	2875.41
2818.15	2885.3
2818.8	2929.92
2819.45	2932.29
2820.1	2990.19
2820.74	2998.04
2821.39	3117.24
2822.04	3148.52
2822.69	3166.61
2823.33	3234.83
2823.98	3235.77
2824.63	3258.73
2825.27	3310.01
2825.92	3389.9
2826.56	3436.13
2827.21	3492.04
2827.85	3526.91
2828.5	3565.25
2829.14	3575.12
2829.79	3637.55
2830.43	3690.92
2831.08	3688.94
2831.72	3723.91
2832.37	3777.2
2833.01	3814.77
2833.65	3861.24
2834.3	3976.19
2834.94	4030.19
2835.58	4082.88
2836.23	4087.08
2836.87	4113.83
2837.51	4094.55
2838.16	4248.16
2838.8	4313.01
2839.44	4279.82
2840.08	4494.33
2840.72	4555.73
2841.36	4551.92
2842.01	4723.27
2842.65	4740.28
2843.29	4783.99
2843.93	4930.6
2844.57	4971.62
2845.21	5119.56
2845.85	5203.86
2846.49	5283.22
2847.13	5342.43
2847.77	5442.41
2848.41	5576.94
2849.05	5619.18
2849.69	5625.99
2850.33	5661.55
2850.97	5617.64
2851.61	5664.17
2852.24	5661.95
2852.88	5848.12
2853.52	5960.37
2854.16	5875.83
2854.8	5902.31
2855.43	5990.78
2856.07	6070.59
2856.71	6158.75
2857.35	6234.76
2857.98	6271.43
2858.62	6269.55
2859.26	6533.05
2859.89	6710.38
2860.53	6891.53
2861.16	7108.55
2861.8	7216.55
2862.44	7551.12
2863.07	7662.4
2863.71	8054.76
2864.34	8296.14
2864.98	8510.42
2865.61	8755.23
2866.25	9111.58
2866.88	9317.26
2867.52	9534.66
2868.15	9860.72
2868.78	10005.9
2869.42	10297.7
2870.05	10526.2
2870.69	10775.4
2871.32	11009.6
2871.95	11229.5
2872.58	11446.9
2873.22	11599
2873.85	11970
2874.48	12105.5
2875.11	12255.8
2875.75	12274.2
2876.38	12462.3
2877.01	12508.5
2877.64	12489.1
2878.27	12419.1
2878.9	12351.4
2879.53	12149.3
2880.16	12048.3
2880.79	11947.5
2881.42	11777.3
2882.05	11649.3
2882.68	11571.8
2883.31	11351.6
2883.94	11439
2884.57	11341.6
2885.2	11270.8
2885.83	11205.3
2886.46	11161.6
2887.09	11117.7
2887.72	11174.9
2888.35	11134.3
2888.97	11167.5
2889.6	11165.7
2890.23	11200.9
2890.86	11215.2
2891.49	11231
2892.11	11262.9
2892.74	11345
2893.37	11539.9
2893.99	11592.1
2894.62	11579.5
2895.25	11726.2
2895.87	11817.3
2896.5	11836.2
2897.12	12117.8
2897.75	12075.2
2898.38	12175.7
2899	12304.8
2899.63	12493.8
2900.25	12648
2900.88	12734.7
2901.5	12915.9
2902.12	12968.9
2902.75	13076.3
2903.37	13263.3
2904	13387.4
2904.62	13444.8
2905.25	13559.8
2905.87	13590.1
2906.49	13884.7
2907.11	13950.3
2907.74	13993.3
2908.36	14001.7
2908.98	14177.8
2909.6	14249.1
2910.23	14438.7
2910.85	14402.8
2911.47	14419.8
2912.09	14352
2912.71	14476.6
2913.33	14626.9
2913.96	14600.5
2914.58	14591.9
2915.2	14300.6
2915.82	14477.8
2916.44	14393.7
2917.06	14361.4
2917.68	14364.1
2918.3	14115.4
2918.92	14137.7
2919.54	14114.5
2920.16	14113.9
2920.77	14029.8
2921.39	13891.5
2922.01	13882.6
2922.63	13886
2923.25	13850.2
2923.87	13917.6
2924.48	13930.7
2925.1	13779
2925.72	13913.3
2926.34	14136.1
2926.95	14204.2
2927.57	14163.4
2928.19	14306.4
2928.8	14387.8
2929.42	14586
2930.04	14760.6
2930.65	15030
2931.27	15097.1
2931.89	15544.6
2932.5	15830.1
2933.12	16018.9
2933.73	16428
2934.35	16740.5
2934.96	17084.1
2935.58	17417.5
2936.19	17785.7
2936.81	17912
2937.42	18137.6
2938.03	18487.2
2938.65	18505.4
2939.26	18557.3
2939.88	18436.7
2940.49	18383.6
2941.1	18217.4
2941.71	17955.8
2942.33	17605.4
2942.94	17106.1
2943.55	16782.1
2944.17	16404.7
2944.78	16115.7
2945.39	15743.4
2946	15320.4
2946.61	15007.9
2947.22	14577.9
2947.83	14304.1
2948.45	13899.8
2949.06	13585.8
2949.67	13304.5
2950.28	13089.9
2950.89	12871.9
2951.5	12540.3
2952.11	12152.2
2952.72	12051.9
2953.33	11749
2953.94	11620.8
2954.54	11491
2955.15	11226.7
2955.76	10942.6
2956.37	10854.4
2956.98	10700
2957.59	10569.3
2958.2	10464.8
2958.8	10272.2
2959.41	10158.1
2960.02	10109.3
2960.63	9916.43
2961.23	9781.1
2961.84	9671.77
2962.45	9693.34
2963.05	9540.37
2963.66	9311.71
2964.27	9298.22
2964.87	9179.48
2965.48	9056.06
2966.08	8948.62
2966.69	8891.17
2967.29	8633.55
2967.9	8452.56
2968.5	8441.18
2969.11	8233.58
2969.71	8117.13
2970.32	7953.67
2970.92	7787.62
2971.53	7678.07
2972.13	7543.76
2972.74	7311.59
2973.34	7171.28
2973.94	7075.82
2974.54	6984.94
2975.15	6787.79
2975.75	6669.97
2976.35	6496.21
2976.96	6332.85
2977.56	6274.64
2978.16	6165.15
2978.76	6017.48
2979.36	5856.35
2979.97	5766.18
2980.57	5700.97
2981.17	5605.88
2981.77	5393.22
2982.37	5285.29
2982.97	5184.71
2983.57	5008.93
2984.17	4870.35
2984.77	4778.71
2985.37	4630.88
2985.97	4555.77
2986.57	4484.46
2987.17	4288.32
2987.77	4263.95
2988.37	4167.25
2988.97	3941.73
2989.57	3928.88
2990.17	3835.81
2990.76	3708.97
2991.36	3652.03
2991.96	3627.15
2992.56	3526.67
2993.16	3373.93
2993.75	3292.64
2994.35	3265.26
2994.95	3181.33
2995.54	3165.94
2996.14	3063.91
2996.74	3021.69
2997.33	2983.04
2997.93	2903.8
2998.52	2894.24
2999.12	2828.38
2999.72	2791.07
3000.31	2777.25
3000.91	2705.06
3001.5	2606.23
3002.1	2622
3002.69	2618.13
3003.29	2569.99
3003.88	2512.44
3004.47	2535.78
3005.07	2457.94
3005.66	2447.08
3006.26	2367.02
3006.85	2294.43
3007.44	2277.28
3008.04	2214.81
3008.63	2144.74
3009.22	2062.89
3009.81	2037.11
3010.41	2029.62
3011	1977.03
3011.59	1969.82
3012.18	1883.87
3012.77	1868.91
3013.36	1893.02
3013.96	1810.28
3014.55	1798.31
3015.14	1765.83
3015.73	1778.69
3016.32	1729.03
3016.91	1672.22
3017.5	1641.03
3018.09	1645.65
3018.68	1640.75
3019.27	1676.86
3019.86	1591.48
3020.45	1603.04
3021.04	1601.45
3021.63	1602.12
3022.22	1587.39
3022.8	1568.41
3023.39	1590.49
3023.98	1555.68
3024.57	1554.84
3025.16	1561.22
3025.74	1601.69
3026.33	1590.56
3026.92	1572.09
3027.5	1573.09
3028.09	1562.6
3028.68	1608.84
3029.26	1633.49
3029.85	1619.17
3030.44	1671.16
3031.02	1652.18
3031.61	1642.58
3032.19	1618.44
3032.78	1657.14
3033.37	1663.59
3033.95	1690.52
3034.54	1678.08
3035.12	1666.67
3035.71	1740.08
3036.29	1749.45
3036.87	1736.1
3037.46	1752.74
3038.04	1780.78
3038.63	1788.26
3039.21	1783.53
3039.79	1800.75
3040.38	1811.96
3040.96	1829.44
3041.54	1775.29
3042.12	1827.5
3042.71	1846.14
3043.29	1808.44
3043.87	1859.6
3044.45	1880.67
3045.03	1894.67
3045.62	1889.34
3046.2	1944.39
3046.78	1955.2
3047.36	1951.64
3047.94	2024.67
3048.52	2119.31
3049.1	2153.67
3049.68	2201.32
3050.26	2285.1
3050.84	2435.1
3051.42	2530.16
3052	2645.92
3052.58	2784.45
3053.16	2861.93
3053.74	2938.49
3054.32	3090.87
3054.89	3088.27
3055.47	3082.88
3056.05	3139.85
3056.63	3241.44
3057.21	3236.04
3057.78	3233.33
3058.36	3296.48
3058.94	3214.08
3059.52	3221.72
3060.09	3174.5
3060.67	3180.41
3061.25	3200.1
3061.82	3132.97
3062.4	3171.55
3062.97	3220.31
3063.55	3153.78
3064.13	3088.09
3064.7	3015.16
3065.28	2968.32
3065.85	2922.77
3066.43	2919.9
3067	2851.75
3067.58	2747.1
3068.15	2663.82
3068.72	2582.23
3069.3	2449.73
3069.87	2399.07
3070.45	2273.2
3071.02	2227.41
3071.59	2102.36
3072.17	2014.73
3072.74	1906.4
3073.31	1856.84
3073.89	1773.93
3074.46	1693.95
3075.03	1617.07
3075.6	1551.7
3076.17	1508.27
3076.74	1450.59
3077.32	1419.95
3077.89	1339.7
3078.46	1320.4
3079.03	1263.71
3079.6	1242.01
3080.17	1151.86
3080.74	1162.99
3081.31	1114.05
3081.88	1072.35
3082.45	1023.44
3083.02	1004.55
3083.59	985.692
3084.16	984.41
3084.73	951.133
3085.3	933.375
3085.87	898.143
3086.43	864.046
3087	856.888
3087.57	833.306
3088.14	845.878
3088.71	854.294
3089.28	787.267
3089.84	836.809
3090.41	775.83
3090.98	783.993
3091.54	751.905
3092.11	749.752
3092.68	713.549
3093.24	681.472
3093.81	685.494
3094.38	691.585
3094.94	682.232
3095.51	713.104
3096.07	680.071
3096.64	654.245
3097.2	644.896
3097.77	664.398
3098.33	665.386
3098.9	613.896
3099.46	663.423
3100.03	667.659
3100.59	637.881
3101.15	644.126
3101.72	618.366
3102.28	623.473
3102.84	576.002
3103.41	599.606
3103.97	596.417
3104.53	608.665
3105.1	617.815
3105.66	580.653
3106.22	590.854
3106.78	611.365
3107.34	609.262
3107.91	570.149
3108.47	590.714
3109.03	612.331
3109.59	566.106
3110.15	607.375
3110.71	586.976
3111.27	573.799
3111.83	566.769
3112.39	538.036
3112.95	572.016
3113.51	499.852
3114.07	567.663
3114.63	543.869
3115.19	555.12
3115.75	552.031
3116.31	565.45
3116.87	514.059
3117.43	541.856
3117.98	509.93
3118.54	522.193
3119.1	525.17
3119.66	503.48
3120.22	505.47
3120.77	503.391
3121.33	505.458
3121.89	506.511
3122.44	550.711
3123	533.207
3123.56	475.591
3124.11	492.944
3124.67	484.604
3125.23	526.586
3125.78	472.122
3126.34	499.831
3126.89	480.388
3127.45	481.512
3128	465.202
3128.56	474.554
3129.11	477.725
3129.67	458.266
3130.22	458.282
3130.78	489.069
3131.33	465.389
3131.88	477.623
3132.44	480.604
3132.99	464.095
3133.54	506.09
3134.1	486.563
3134.65	449.636
3135.2	507.104
3135.76	432.27
3136.31	490.79
3136.86	477.5
3137.41	472.405
3137.96	479.609
3138.51	458.074
3139.07	504.237
3139.62	475.512
3140.17	453.971
3140.72	458.082
3141.27	486.815
3141.82	474.525
3142.37	489.92
3142.92	465.299
3143.47	469.386
3144.02	463.221
3144.57	481.69
3145.12	458.159
3145.67	443.898
3146.22	470.698
3146.77	474.95
3147.32	449.424
3147.86	458.751
3148.41	482.4
3148.96	473.15
3149.51	475.149