401.058	925.368
402.149	874.481
403.243	948.434
404.332	913.562
405.424	895.682
406.515	902.334
407.606	880.758
408.697	837.654
409.785	799.372
410.876	757.395
411.967	812.95
413.055	812.975
414.143	723.051
415.233	768.635
416.321	726.345
417.409	772.54
418.499	714.592
419.586	789.519
420.673	832.912
421.761	844.977
422.848	819.363
423.935	873.362
425.02	885.891
426.106	899.358
427.193	932.113
428.278	980.392
429.364	981.588
430.45	923.017
431.534	945.525
432.618	929.629
433.704	912.139
434.788	992.216
435.871	906.103
436.955	996.416
438.038	904.728
439.123	862.663
440.204	854.702
441.287	819.337
442.37	826.511
443.452	698.385
444.535	805.265
445.615	723.851
446.698	701.263
447.78	665.553
448.86	614.047
449.939	656.886
451.021	620.321
452.101	566.235
453.18	642.76
454.262	665.551
455.341	526.781
456.42	516.765
457.499	461.195
458.578	557.813
459.654	508.81
460.733	545.286
461.811	460.174
462.89	437.268
463.966	475.703
465.044	507.647
466.12	435.361
467.197	471.932
468.273	478.665
469.349	478.764
470.426	401.412
471.501	484.972
472.576	466.988
473.651	498.273
474.726	566.732
475.801	522.987
476.876	557.301
477.95	528.573
479.022	548.977
480.097	569.284
481.171	628.393
482.243	541.959
483.317	592.562
484.388	571.874
485.46	549.356
486.533	581.317
487.605	492.349
488.676	611.801
489.747	631.614
490.818	570.507
491.889	678.792
492.959	613.375
494.03	602.299
495.1	598.584
496.171	692.171
497.239	712.111
498.309	730.985
499.379	802.018
500.446	743.808
501.514	774.595
502.584	720.41
503.651	766.154
504.718	783.656
505.788	781.104
506.855	832.577
507.921	868.488
508.988	789.939
510.055	826.755
511.119	739.978
512.186	713.684
513.252	775.414
514.318	721.734
515.382	760.69
516.448	767.605
517.512	721.315
518.577	761.408
519.641	798.888
520.704	687.404
521.768	756.355
522.833	684.326
523.896	723.788
524.959	774.249
526.021	842.118
527.084	846.03
528.144	888.62
529.207	771.292
530.269	822.307
531.331	850.47
532.391	963.187
533.453	883.671
534.513	924.637
535.572	956.317
536.634	912.552
537.693	922.372
538.752	876.201
539.812	945.285
540.87	920.559
541.929	885.8
542.988	917.354
544.047	894.987
545.105	940.64
546.164	913.253
547.22	883.605
548.278	893.77
549.336	885.963
550.392	931.259
551.448	864.687
552.505	845.844
553.561	883.072
554.616	993.068
555.671	837.481
556.728	882.107
557.783	895.761
558.836	892.419
559.891	956.759
560.946	962.388
562	921.674
563.055	848.732
564.107	840.9
565.161	835.959
566.213	790.3
567.267	790.892
568.318	768.327
569.37	747.621
570.424	782.351
571.475	797.69
572.526	708.817
573.577	721.46
574.628	800.445
575.679	763.33
576.73	732.734
577.781	716.033
578.829	740.822
579.88	742.667
580.93	776.74
581.978	726.167
583.026	750.984
584.076	723.336
585.124	678.208
586.172	669.856
587.221	779.111
588.269	734.866
589.316	726.403
590.363	788.546
591.41	780.88
592.457	841.116
593.502	757.582
594.549	798.05
595.595	886.496
596.64	803.667
597.686	834.64
598.73	833.367
599.776	892.485
600.82	842.909
601.864	909.926
602.908	940.257
603.953	878.958
604.997	895.148
606.04	922.626
607.083	966.78
608.125	950.954
609.168	957.906
610.211	1031.93
611.253	975.765
612.294	1068.97
613.336	1191.77
614.377	1301.77
615.419	1505.93
616.459	1702.65
617.499	1897.35
618.539	1995.89
619.579	1885.88
620.619	1694.81
621.658	1515.88
622.698	1414.54
623.737	1434.07
624.776	1641.8
625.815	1781.43
626.852	1977.51
627.891	2154.47
628.928	2368.52
629.966	2557.66
631.003	2561.79
632.041	2521.96
633.077	2554.53
634.114	2339.47
635.15	2215.94
636.185	2061.44
637.221	1861.29
638.257	1733.37
639.292	1655.33
640.328	1567.92
641.361	1470.07
642.396	1374.67
643.431	1221.93
644.464	1145.69
645.497	1054.86
646.532	974.425
647.564	926.451
648.597	902.584
649.629	922.938
650.663	870.624
651.695	806.253
652.727	792.327
653.757	720.417
654.789	697.196
655.821	657.498
656.852	602.311
657.882	613.29
658.913	597.738
659.942	626.243
660.973	503.385
662.002	527.216
663.031	553.747
664.06	554.673
665.09	522.763
666.119	551.56
667.147	485.096
668.175	498.515
669.201	533.063
670.229	466.282
671.257	447.159
672.285	465.669
673.311	476.796
674.338	457.611
675.363	468.912
676.389	447.129
677.416	493.569
678.441	459.739
679.466	449.771
680.491	482.142
681.515	505.217
682.54	420.374
683.565	464.724
684.589	446.444
685.613	484.531
686.635	494.091
687.659	495.37
688.681	482.774
689.705	471.985
690.727	512.961
691.75	551.161
692.772	513.445
693.793	530.307
694.814	548.056
695.835	524.078
696.856	572.275
697.877	562.088
698.898	526.894
699.918	557.43
700.937	568.547
701.957	525.097
702.978	597.309
703.996	462.281
705.016	519.656
706.034	483.586
707.052	474.331
708.069	475.248
709.087	459.545
710.107	456.81
711.124	433.775
712.139	476.376
713.156	417.341
714.173	470.111
715.19	450.761
716.205	449.828
717.222	472.833
718.238	432.99
719.253	394.088
720.267	464.007
721.283	486.886
722.297	456.37
723.311	479.304
724.325	518.819
725.339	534.434
726.353	539.982
727.366	540.985
728.38	622.061
729.391	669.1
730.404	698.589
731.417	768.414
732.428	766.343
733.441	796.335
734.452	805.157
735.463	850.762
736.475	911.163
737.486	889.156
738.496	889.314
739.506	877.617
740.516	943.922
741.526	920.214
742.534	908.332
743.544	935.829
744.554	990.806
745.561	958.623
746.571	1017.31
747.578	973.322
748.587	1004.61
749.594	906.623
750.601	927.015
751.608	914.439
752.615	925.793
753.621	906.018
754.628	924.894
755.634	896.079
756.641	898.575
757.647	924.143
758.651	884.38
759.657	910.932
760.663	857.234
761.666	951.103
762.67	931.381
763.676	908.747
764.679	950.664
765.682	991.538
766.686	994.418
767.689	956.614
768.692	951.269
769.694	950.758
770.697	874.629
771.698	915.311
772.7	848.619
773.703	868.048
774.703	851.069
775.703	825.419
776.705	803.217
777.705	820.813
778.705	821.694
779.705	851.486
780.705	866.589
781.704	875.329
782.704	868.316
783.703	898.443
784.702	898.715
785.701	864.47
786.698	929.717
787.697	940.114
788.694	897.557
789.693	1011.41
790.689	954.033
791.686	922.639
792.682	977.725
793.68	1029.91
794.676	1008.48
795.672	1121.19
796.666	1127.9
797.662	1166.44
798.658	1266.56
799.653	1307.95
800.647	1332.35
801.642	1462.68
802.636	1465.99
803.631	1525.9
804.624	1544.78
805.617	1572.04
806.61	1553.74
807.602	1532.64
808.595	1495.69
809.587	1521.8
810.58	1464.4
811.572	1437.74
812.564	1413.11
813.554	1413.68
814.546	1365.27
815.536	1364.11
816.528	1391.61
817.518	1388.52
818.507	1303.1
819.499	1332.44
820.488	1370.08
821.477	1428.91
822.466	1496.79
823.455	1542.26
824.444	1611.51
825.431	1715.68
826.42	1796.83
827.408	1905.85
828.395	2040
829.383	2137.45
830.369	2302.02
831.356	2445.88
832.342	2694.9
833.33	2977.19
834.315	3101.04
835.301	3368.45
836.287	3546.55
837.27	3694.34
838.256	3602.31
839.241	3661.99
840.226	3647.19
841.209	3483.32
842.194	3459.78
843.177	3335.17
844.16	3217.11
845.145	3046.81
846.127	2965.74
847.11	2859.84
848.092	2752.93
849.074	2678.02
850.056	2610.25
851.039	2527.52
852.018	2481.34
853	2398.24
853.982	2414.43
854.962	2378.37
855.941	2349.97
856.923	2296.18
857.902	2332.79
858.881	2266.61
859.86	2151.63
860.839	2177.3
861.818	2080.27
862.797	2102.66
863.776	2038.21
864.754	2038.96
865.733	1982.53
866.709	1967.55
867.687	1876.29
868.664	1844.1
869.642	1848.89
870.618	1794.92
871.594	1798.14
872.569	1752.61
873.545	1789.06
874.521	1693.76
875.496	1721.82
876.471	1703.71
877.447	1677.17
878.42	1631.13
879.395	1630.14
880.37	1599.63
881.343	1611.56
882.315	1531.48
883.29	1479.18
884.262	1452.78
885.235	1421.76
886.207	1375.91
887.179	1402.76
888.151	1371.44
889.123	1388.01
890.095	1330.88
891.065	1376.13
892.037	1414.06
893.009	1499.02
893.978	1439.27
894.948	1433.94
895.919	1507.07
896.888	1554.53
897.857	1517.25
898.826	1598.07
899.795	1590.2
900.764	1697.48
901.732	1703.87
902.701	1730.33
903.668	1754.81
904.636	1749.79
905.604	1733.85
906.57	1806.65
907.538	1886.17
908.504	1988.14
909.47	1883.77
910.436	1903.17
911.402	1824.77
912.367	1920.87
913.333	1982.69
914.298	1909.36
915.264	1915.35
916.229	1885.2
917.192	1890.25
918.157	1906.58
919.12	1850.89
920.084	1784.16
921.047	1801.67
922.01	1736.61
922.972	1643.54
923.935	1559.59
924.897	1535.85
925.859	1470.41
926.821	1407.82
927.783	1345.26
928.743	1324.46
929.705	1312.87
930.667	1265.9
931.626	1201.2
932.586	1246.17
933.547	1194.58
934.506	1195.17
935.466	1175.43
936.425	1169.68
937.384	1171.36
938.343	1129.12
939.301	1203.33
940.26	1202.91
941.217	1216.5
942.175	1261.02
943.132	1200.12
944.09	1261.7
945.046	1257.9
946.002	1227.86
946.96	1251.07
947.916	1239.56
948.872	1293.57
949.828	1229.4
950.783	1252.35
951.737	1222.67
952.692	1238.82
953.647	1218.26
954.601	1152.59
955.556	1189.24
956.509	1181.02
957.464	1227.45
958.417	1252.52
959.369	1220.36
960.322	1219.05
961.275	1211.81
962.227	1311.39
963.179	1257.52
964.132	1237.47
965.082	1251.41
966.034	1238.39
966.984	1243.48
967.936	1188.55
968.885	1256.69
969.837	1244.72
970.787	1229.66
971.736	1173.03
972.686	1241.28
973.635	1233.41
974.584	1230.35
975.533	1345.7
976.48	1524.03
977.429	1394.56
978.378	1371.17
979.325	1398.46
980.273	1469.84
981.22	1433.24
982.166	1585.19
983.113	1626.21
984.061	1728.89
985.007	1810.62
985.953	1915.53
986.897	2014.71
987.843	2053.15
988.789	2177.94
989.734	2211.31
990.678	2363.63
991.623	2537.41
992.567	2739.92
993.51	3322.41
994.453	4044.25
995.398	5091.96
996.341	6370.94
997.284	7819.55
998.227	8952.08
999.168	9538.01
1000.11	9530.47
1001.05	8422.28
1001.99	6862.45
1002.94	5299.94
1003.88	3898.35
1004.82	2995.38
1005.76	2425.01
1006.7	2051.1
1007.64	1785.99
1008.58	1605.41
1009.52	1544.79
1010.46	1451.33
1011.4	1424.92
1012.34	1313.87
1013.27	1392.17
1014.21	1423.33
1015.15	1425.03
1016.09	1467.94
1017.03	1452.1
1017.96	1500.47
1018.9	1552.35
1019.84	1740.39
1020.77	1759.28
1021.71	1922.13
1022.65	2102.14
1023.58	2321.97
1024.52	2680.03
1025.45	2884.5
1026.39	3241.05
1027.32	3480.5
1028.26	3778.68
1029.19	3745.2
1030.12	3803.38
1031.06	3593.18
1031.99	3403.07
1032.92	3064.9
1033.86	2774.74
1034.79	2528.55
1035.72	2359.13
1036.65	2240.11
1037.59	2106.51
1038.52	1954.64
1039.45	1868.62
1040.38	1896.78
1041.31	1798.38
1042.24	1764.12
1043.17	1684.38
1044.1	1704.73
1045.03	1698.61
1045.96	1650.05
1046.89	1592.23
1047.82	1620.82
1048.75	1559.66
1049.68	1638.92
1050.61	1646.08
1051.53	1714.76
1052.46	1659.56
1053.39	1761.78
1054.32	1742.02
1055.24	1723.11
1056.17	1812.69
1057.1	1854.93
1058.02	1933.56
1058.95	1938.14
1059.88	1946.52
1060.8	1951.03
1061.73	1987.87
1062.65	1961.86
1063.58	1975.02
1064.5	1941.54
1065.43	1981.41
1066.35	1931.26
1067.27	1941.62
1068.2	1854.08
1069.12	1851.99
1070.04	1840.27
1070.97	1805.03
1071.89	1763.67
1072.81	1754.27
1073.73	1707.19
1074.65	1716.37
1075.58	1666.36
1076.5	1671.27
1077.42	1628.26
1078.34	1682.14
1079.26	1621.7
1080.18	1656.43
1081.1	1561.86
1082.02	1573.84
1082.94	1594.34
1083.86	1573.94
1084.78	1570.64
1085.7	1607.24
1086.61	1567.99
1087.53	1570.61
1088.45	1579.95
1089.37	1536.16
1090.28	1560.58
1091.2	1573.47
1092.12	1576.76
1093.03	1550.64
1093.95	1535.03
1094.87	1595.32
1095.78	1506.2
1096.7	1576.24
1097.61	1567.78
1098.53	1520.5
1099.44	1558.32
1100.36	1544.94
1101.27	1569.3
1102.19	1547.24
1103.1	1469.35
1104.01	1476.58
1104.93	1550.97
1105.84	1577.32
1106.75	1558.56
1107.67	1557.05
1108.58	1645.52
1109.49	1661.28
1110.4	1727.92
1111.31	1728.09
1112.22	1763.92
1113.14	1832.68
1114.05	1856.04
1114.96	1967.46
1115.87	2010.09
1116.78	2058.55
1117.69	2025.71
1118.6	2048.46
1119.51	2050.11
1120.42	2005.21
1121.32	2025.47
1122.23	2010.08
1123.14	2009.37
1124.05	1948.85
1124.96	1907.76
1125.86	1879.25
1126.77	1814.69
1127.68	1790.46
1128.58	1715.4
1129.49	1660.59
1130.4	1501.96
1131.3	1508.16
1132.21	1430.97
1133.11	1396.68
1134.02	1411.03
1134.92	1379.28
1135.83	1331.62
1136.73	1340.93
1137.64	1319.83
1138.54	1329.92
1139.44	1371.22
1140.35	1377.31
1141.25	1372.01
1142.15	1422.89
1143.06	1413.06
1143.96	1483.21
1144.86	1435.38
1145.76	1512.15
1146.66	1546.9
1147.57	1581.49
1148.47	1587.38
1149.37	1666.58
1150.27	1738.17
1151.17	1739.33
1152.07	1848.21
1152.97	1890.42
1153.87	1879.22
1154.77	1822.16
1155.67	1760.2
1156.57	1651.45
1157.46	1561.78
1158.36	1493.17
1159.26	1390.44
1160.16	1362.17
1161.05	1304.44
1161.95	1275.23
1162.85	1242.02
1163.75	1173.27
1164.64	1236.77
1165.54	1184.8
1166.44	1205.22
1167.33	1141.08
1168.23	1205.58
1169.12	1144.72
1170.02	1141.98
1170.91	1152.57
1171.81	1135.52
1172.7	1174.48
1173.59	1209.52
1174.49	1229.24
1175.38	1214.62
1176.27	1295.83
1177.17	1408.19
1178.06	1405.62
1178.95	1491.31
1179.84	1518.34
1180.74	1556
1181.63	1557.81
1182.52	1573.85
1183.41	1574.61
1184.3	1582.72
1185.19	1528.12
1186.08	1497.08
1186.97	1541.65
1187.86	1541.81
1188.75	1603.38
1189.64	1688.48
1190.53	1701.79
1191.42	1742.43
1192.31	1776.51
1193.2	1874.8
1194.09	1884.84
1194.97	1914
1195.86	1909.43
1196.75	1863.36
1197.64	1800.19
1198.52	1815.03
1199.41	1728.2
1200.29	1728.04
1201.18	1627.34
1202.07	1596.35
1202.95	1564.39
1203.84	1421.29
1204.72	1361.74
1205.61	1338.72
1206.49	1283.75
1207.38	1266.52
1208.26	1133.14
1209.14	1199.14
1210.03	1129.23
1210.91	1109.19
1211.79	1045.84
1212.68	1040.58
1213.56	1020.02
1214.44	1017.08
1215.32	971.653
1216.21	977.9
1217.09	1011.47
1217.97	991.682
1218.85	1021.02
1219.73	1026.24
1220.61	985.631
1221.49	1026.04
1222.37	1074.06
1223.25	1081.47
1224.13	1102.81
1225.01	1124.86
1225.89	1134.47
1226.77	1141.18
1227.65	1155.53
1228.52	1162.51
1229.4	1163.12
1230.28	1153.54
1231.16	1183.8
1232.03	1180.08
1232.91	1145.98
1233.79	1137.31
1234.66	1134.18
1235.54	1115.7
1236.42	1091.4
1237.29	1100.23
1238.17	1103.37
1239.04	1079.96
1239.92	1011.96
1240.79	1091.3
1241.67	1094.7
1242.54	1061.99
1243.41	1048.29
1244.29	1099.36
1245.16	1035.23
1246.03	1071.14
1246.91	1076.56
1247.78	1095.26
1248.65	1017.41
1249.52	1086.42
1250.4	1097.06
1251.27	1083.78
1252.14	1078.16
1253.01	1129.93
1253.88	1138.82
1254.75	1162.09
1255.62	1162.41
1256.49	1123.44
1257.36	1183.72
1258.23	1192.25
1259.1	1193.97
1259.97	1200.4
1260.84	1197.28
1261.71	1172.27
1262.57	1216.05
1263.44	1208.38
1264.31	1217
1265.18	1222.78
1266.05	1293.42
1266.91	1269.54
1267.78	1292.33
1268.65	1327.41
1269.51	1337.62
1270.38	1356.34
1271.24	1469.31
1272.11	1475.48
1272.97	1488.26
1273.84	1514.32
1274.7	1618.33
1275.57	1720.43
1276.43	1809.83
1277.3	1843.84
1278.16	1873.52
1279.02	2023.66
1279.89	2093.22
1280.75	2176.89
1281.61	2243.24
1282.48	2350.17
1283.34	2432.12
1284.2	2543.03
1285.06	2497.52
1285.92	2543.52
1286.78	2491.31
1287.65	2501.24
1288.51	2382.86
1289.37	2305.09
1290.23	2250.15
1291.09	2171.68
1291.95	2091.51
1292.81	2008.49
1293.67	1974.59
1294.52	1981.53
1295.38	1947.9
1296.24	1982.37
1297.1	1932.61
1297.96	1956.39
1298.81	1882.25
1299.67	1850.06
1300.53	1873.97
1301.39	1847.55
1302.24	1817.17
1303.1	1776.36
1303.95	1686.54
1304.81	1638.34
1305.67	1598.87
1306.52	1550.03
1307.38	1507.23
1308.23	1435.07
1309.09	1404.58
1309.94	1333
1310.8	1290.26
1311.65	1263.94
1312.5	1203.02
1313.35	1183.6
1314.21	1160.25
1315.06	1138.36
1315.91	1127.68
1316.77	1072.98
1317.62	1084.43
1318.47	1103.04
1319.32	1075.85
1320.17	1079.14
1321.02	1100.34
1321.87	1091.71
1322.73	1087.69
1323.57	1079.31
1324.43	1083.79
1325.28	1061.25
1326.13	1063.42
1326.97	1074.79
1327.82	1100.75
1328.67	1076.21
1329.52	1090.32
1330.37	1096.51
1331.22	1116.07
1332.06	1116.34
1332.91	1094.59
1333.76	1091.28
1334.61	1098.66
1335.45	1111.03
1336.3	1110.78
1337.15	1134.52
1337.99	1127.33
1338.84	1108.29
1339.68	1146.71
1340.53	1140.34
1341.37	1127.55
1342.22	1128.33
1343.06	1115.53
1343.91	1125.15
1344.75	1140.88
1345.6	1136.59
1346.44	1148.99
1347.28	1150.87
1348.12	1158.32
1348.97	1150.3
1349.81	1128.54
1350.65	1155.53
1351.49	1159.18
1352.33	1168.18
1353.18	1180.75
1354.02	1183.89
1354.86	1204.02
1355.7	1227.53
1356.54	1218.93
1357.38	1226.92
1358.22	1286.35
1359.06	1250.4
1359.9	1276.63
1360.74	1306.95
1361.58	1333.35
1362.42	1320.55
1363.25	1323.07
1364.09	1344.72
1364.93	1347.9
1365.77	1357.32
1366.6	1374.19
1367.19	1364.42
1368.1	1347.05
1369.01	1293.18
1369.92	1343.56
1370.83	1293.39
1371.74	1286.42
1372.65	1302.96
1373.56	1259.39
1374.47	1250.24
1375.37	1193.84
1376.28	1182.64
1377.19	1194.93
1378.1	1164.89
1379	1113.22
1379.91	1121.45
1380.82	1149.26
1381.72	1112.31
1382.63	1090.97
1383.54	1080.28
1384.44	1025.47
1385.35	1039.04
1386.25	1021.34
1387.16	992.023
1388.06	1010.55
1388.97	1027.19
1389.87	966.11
1390.78	965.396
1391.68	977.343
1392.59	967.954
1393.49	917.85
1394.39	936.517
1395.3	897.964
1396.2	898.061
1397.1	895.208
1398	883.706
1398.91	870.38
1399.81	880.305
1400.71	795.989
1401.61	848.375
1402.52	826.642
1403.42	825.029
1404.32	806.076
1405.22	817.805
1406.12	809.442
1407.02	790.663
1407.92	805.517
1408.82	844.379
1409.72	787.735
1410.62	847.715
1411.52	798.746
1412.42	794.618
1413.32	864.853
1414.21	873.908
1415.11	849.544
1416.01	870.911
1416.91	911.298
1417.81	925.061
1418.71	914.204
1419.6	963.414
1420.5	978.586
1421.4	982.524
1422.29	1044.56
1423.19	1103.72
1424.09	1136.13
1424.98	1168.37
1425.88	1233.74
1426.77	1296.16
1427.67	1460.28
1428.56	1481.91
1429.46	1636.68
1430.35	1750.72
1431.25	1876.33
1432.14	1983.19
1433.04	2085.61
1433.93	2167.46
1434.82	2200.13
1435.72	2240.61
1436.61	2225.95
1437.5	2260.89
1438.39	2280.6
1439.29	2270.66
1440.18	2429.63
1441.07	2467.12
1441.96	2579.02
1442.85	2700.49
1443.75	2866.3
1444.64	3005.91
1445.53	3061.95
1446.42	3128.91
1447.31	3200.67
1448.2	3312.35
1449.09	3369.67
1449.98	3388.98
1450.87	3357.14
1451.76	3245.71
1452.65	3229.12
1453.54	3148.85
1454.43	3044.03
1455.31	2999.94
1456.2	2898.35
1457.09	2759.99
1457.98	2704.67
1458.87	2556.88
1459.75	2494.08
1460.64	2274.14
1461.53	2278.21
1462.41	2153.22
1463.3	2083.51
1464.19	1981.48
1465.07	1946.7
1465.96	1919.02
1466.85	1849.14
1467.73	1761.64
1468.61	1657.76
1469.5	1683.14
1470.38	1552.48
1471.27	1525.73
1472.15	1462.03
1473.04	1408.86
1473.92	1407.94
1474.8	1305.9
1475.69	1286.4
1476.57	1213.61
1477.45	1151.69
1478.34	1156.99
1479.22	1117.69
1480.1	1082.16
1480.98	1023
1481.86	1014.99
1482.75	998.826
1483.63	964.959
1484.51	921.406
1485.39	842.201
1486.27	854.382
1487.15	818.359
1488.03	796.029
1488.91	744.633
1489.79	720.225
1490.67	687.908
1491.55	683.53
1492.43	673.312
1493.31	638.05
1494.19	609.659
1495.07	599.67
1495.94	608.972
1496.82	577.797
1497.7	570.654
1498.58	530.783
1499.45	542.795
1500.33	532.707
1501.21	544.697
1502.09	477.212
1502.96	463.448
1503.84	492.748
1504.72	479.967
1505.59	481.51
1506.47	466.81
1507.34	444.489
1508.22	477.43
1509.09	447.552
1509.97	451.041
1510.84	439.381
1511.72	434.42
1512.59	422.824
1513.46	449.145
1514.34	439.343
1515.21	435.169
1516.08	392.167
1516.96	387.033
1517.83	435.723
1518.7	374.008
1519.57	440.583
1520.45	380.003
1521.32	384.481
1522.19	381.49
1523.06	371.978
1523.93	394.467
1524.8	387.827
1525.67	327.618
1526.54	343.466
1527.41	357.381
1528.28	385.327
1529.16	327.944
1530.02	347.487
1530.89	345.527
1531.76	344.564
1532.63	344.583
1533.5	357.733
1534.37	348.398
1535.24	307.202
1536.11	325.918
1536.97	346.49
1537.84	348.345
1538.71	327.769
1539.57	332.522
1540.44	322.352
1541.31	318.78
1542.18	318.039
1543.04	306.974
1543.91	342.766
1544.77	302.513
1545.64	328.818
1546.5	310.995
1547.37	307.265
1548.24	297.034
1549.1	286.896
1549.96	281.549
1550.83	311.076
1551.69	298.317
1552.56	301.525
1553.42	290.502
1554.28	295.428
1555.15	260.622
1556.01	300.442
1556.87	304.426
1557.73	287.689
1558.6	293.738
1559.46	303.633
1560.32	314.473
1561.18	269.178
1562.04	298.869
1562.9	304.742
1563.77	310.605
1564.63	306.032
1565.49	313.912
1566.35	285.635
1567.21	317.516
1568.07	323.684
1568.93	347.088
1569.79	328.34
1570.64	352.665
1571.5	352.98
1572.36	347.496
1573.22	391.982
1574.08	382.687
1574.94	407.112
1575.8	441.254
1576.65	448.478
1577.51	537.768
1578.37	569.201
1579.22	657.674
1580.08	746.219
1580.94	835.826
1581.79	865.514
1582.65	896.291
1583.51	846.648
1584.36	767.819
1585.22	698.56
1586.07	574.631
1586.93	544.919
1587.78	475.152
1588.63	519.346
1589.49	509.87
1590.34	526.667
1591.2	585.355
1592.05	622.477
1592.9	641.948
1593.76	717.997
1594.61	786.297
1595.46	919.178
1596.32	1057.24
1597.17	1238.64
1598.02	1415.5
1598.87	1581.78
1599.72	1775.41
1600.58	1932.57
1601.43	1968.88
1602.28	1918.59
1603.13	1807.29
1603.98	1612.77
1604.83	1438.96
1605.68	1237.11
1606.53	1041.45
1607.38	915.369
1608.23	805.97
1609.08	723.889
1609.93	649.524
1610.77	586.782
1611.62	554.247
1612.47	554.867
1613.32	514.633
1614.17	485.24
1615.01	420.915
1615.86	433.54
1616.71	407.233
1617.55	407.149
1618.4	393.372
1619.25	350.381
1620.09	380.229
1620.94	375.086
1621.79	351.554
1622.63	355.227
1623.48	357.016
1624.32	362.725
1625.17	375.244
1626.01	378.099
1626.86	369.348
1627.7	343.185
1628.54	344.099
1629.39	350.793
1630.23	372.915
1631.07	396.909
1631.92	383.184
1632.76	400.327
1633.6	388.522
1634.45	401.809
1635.29	429.567
1636.13	416.897
1636.97	442.752
1637.81	468.59
1638.66	491.521
1639.5	430.806
1640.34	466.278
1641.18	495.064
1642.02	504.69
1642.86	479.768
1643.7	493.309
1644.54	495.307
1645.38	496.318
1646.22	481.916
1647.06	494.416
1647.89	503.083
1648.73	501.233
1649.57	473.504
1650.41	481.448
1651.25	468.306
1652.09	475.414
1652.92	476.719
1653.76	460.579
1654.6	484.826
1655.43	487.782
1656.27	489.769
1657.11	460.003
1657.94	487.304
1658.78	469.376
1659.62	489.207
1660.45	462.602
1661.29	483.323
1662.12	469.048
1662.96	440.121
1663.79	452.844
1664.62	424.89
1665.46	441.65
1666.29	452.723
1667.13	412.389
1667.96	442.079
1668.79	427.013
1669.63	380.673
1670.46	388.862
1671.29	410.691
1672.12	344.529
1672.96	352.581
1673.79	365.512
1674.62	359.852
1675.45	330.702
1676.28	346.644
1677.11	316.55
1677.95	317.854
1678.78	355.527
1679.61	313.56
1680.44	335.448
1681.27	329.715
1682.1	323.929
1682.93	307.291
1683.75	332.057
1684.58	335.195
1685.41	338.382
1686.24	331.726
1687.07	352.723
1687.9	355.945
1688.73	359.155
1689.55	376.203
1690.38	381.368
1691.21	352.831
1692.04	359.885
1692.86	358.953
1693.69	374.809
1694.52	369.849
1695.34	392.655
1696.17	411.581
1696.99	449.445
1697.82	413.059
1698.64	423.294
1699.47	455.359
1700.29	458.571
1701.12	485.527
1701.94	465.687
1702.77	524.252
1703.59	545.997
1704.41	530.98
1705.24	580.507
1706.06	608.208
1706.88	613.113
1707.71	654.758
1708.53	673.594
1709.35	683.49
1710.17	758.82
1711	751.743
1711.82	823.91
1712.64	824.597
1713.46	864.886
1714.28	904.188
1715.1	909.904
1715.92	1013.71
1716.74	970.087
1717.56	1079.78
1718.38	1117.98
1719.2	1173.62
1720.02	1201.26
1720.84	1262.29
1721.66	1348.03
1722.48	1377.86
1723.3	1419.97
1724.11	1445.67
1724.93	1509.85
1725.75	1575.69
1726.57	1617.35
1727.39	1628.92
1728.2	1700.14
1729.02	1685.79
1729.84	1714.89
1730.65	1724.68
1731.47	1714.1
1732.29	1776.07
1733.1	1733.03
1733.92	1741.69
1734.73	1731.59
1735.55	1673.61
1736.36	1614.86
1737.18	1610.01
1737.99	1556.46
1738.81	1492.2
1739.62	1452.25
1740.43	1425.86
1741.25	1313.87
1742.06	1272.09
1742.87	1183.85
1743.69	1147.28
1744.5	1055.5
1745.31	1024.92
1746.13	940.093
1746.94	861.195
1747.75	795.985
1748.56	725.089
1749.37	674.614
1750.18	629.99
1750.99	651.155
1751.81	556.229
1752.61	534.823
1753.42	514.413
1754.24	466.027
1755.04	457.316
1755.85	435.097
1756.66	396.431
1757.47	383.797
1758.28	373.037
1759.09	385.401
1759.9	363.992
1760.71	346.503
1761.52	327.166
1762.32	348.378
1763.13	299.277
1763.94	280.058
1764.74	278.174
1765.55	286.876
1766.36	280.156
1767.17	293.705
1767.97	293.803
1768.78	270.796
1769.58	270.954
1770.39	235.387
1771.19	250.963
1772	250.099
1772.8	252.119
1773.61	251.241
1774.41	228.137
1775.22	238.882
1776.02	208.037
1776.83	249.758
1777.63	213.085
1778.43	214.168
1779.23	221.086
1780.04	218.346
1780.84	200.107
1781.64	225.56
1782.44	227.736
1783.25	222.124
1784.05	218.435
1784.85	203.034
1785.65	242.196
1786.45	211.172
1787.25	225.014
1788.05	225.204
1788.86	199.003
1789.65	172.76
1790.46	201.287
1791.25	198.499
1792.05	193.742
1792.85	214.472
1793.65	198.942
1794.45	214.831
1795.25	181.643
1796.05	171.039
1796.85	195.87
1797.64	178.369
1798.44	189.429
1799.24	190.607
1800.04	231.282
1800.83	187.949
1801.63	199.947
1802.43	193.15
1803.22	186.345
1804.02	161.702
1804.82	192.527
1805.61	186.688
1806.41	200.671
1807.2	228.551
1808	228.667
1808.79	186.103
1809.59	183.249
1810.38	199.284
1811.18	237.208
1811.97	205.499
1812.76	162.784
1813.56	212.563
1814.35	217.531
1815.14	202.599
1815.94	213.554
1816.73	192.722
1817.52	205.754
1818.31	198.907
1819.1	167.148
1819.9	195.109
1820.69	160.274
1821.48	185.176
1822.27	215.033
1823.06	202.071
1823.85	185.146
1824.64	221.979
1825.43	186.149
1826.22	180.167
1827.01	199.043
1827.8	195.034
1828.59	180.103
1829.38	197.005
1830.17	178.135
1830.96	185.108
1831.74	172.185
1832.53	180.1
1833.32	192.945
1834.11	181.936
1834.89	170.93
1835.68	183.722
1836.47	181.646
1837.26	171.66
1838.04	173.56
1838.83	154.695
1839.61	184.254
1840.4	192.036
1841.19	188.935
1841.97	183.855
1842.76	183.706
1843.54	200.298
1844.33	209.032
1845.11	166.704
1845.89	209.888
1846.68	201.998
1847.46	169.568
1848.25	159.719
1849.03	169.488
1849.81	197.878
1850.6	209.596
1851.38	189.964
1852.16	177.207
1852.94	172.284
1853.72	197.696
1854.51	214.257
1855.29	173.084
1856.07	193.515
1856.85	204.146
1857.63	199.147
1858.41	176.604
1859.19	162.87
1859.97	179.36
1860.75	184.172
1861.53	178.304
1862.31	199.71
1863.09	197.775
1863.87	167.623
1864.65	160.808
1865.43	162.72
1866.21	162.655
1866.99	180.046
1867.76	212.926
1868.54	170.126
1869.32	194.282
1870.1	182.608
1870.87	199.07
1871.65	171.973
1872.43	184.602
1873.2	179.79
1873.98	164.31
1874.76	185.624
1875.53	174.975
1876.31	218.571
1877.08	175.041
1877.86	205.139
1878.63	179.07
1879.41	183.998
1880.18	174.37
1880.96	176.355
1881.73	206.445
1882.5	186.121
1883.28	170.656
1884.05	185.271
1884.82	188.266
1885.6	200.97
1886.37	214.646
1887.14	186.564
1887.91	177.884
1888.68	177.944
1889.46	184.815
1890.23	204.347
1891	179.202
1891.77	195.904
1892.54	186.376
1893.31	151.509
1894.08	179.047
1894.85	186.115
1895.62	205.874
1896.39	170.797
1897.16	189.472
1897.93	204.191
1898.7	204.211
1899.47	202.297
1900.24	152.451
1901.01	208.436
1901.77	178.252
1902.54	161.778
1903.31	153.12
1904.08	190.651
1904.84	173.094
1905.61	173.223
1906.38	181.223
1907.14	169.513
1907.91	175.548
1908.68	188.506
1909.44	179.771
1910.21	189.812
1910.97	189.003
1911.74	197.111
1912.51	197.308
1913.27	178.666
1914.03	181.809
1914.8	182.956
1915.56	191.041
1916.33	192.161
1917.09	177.356
1917.85	178.44
1918.62	205.379
1919.38	182.571
1920.14	155.774
1920.9	200.667
1921.67	194.819
1922.43	165.075
1923.19	186.197
1923.95	201.383
1924.71	182.61
1925.47	198.794
1926.24	204.95
1927	193.039
1927.76	189.092
1928.52	180.107
1929.28	198.145
1930.04	196.145
1930.8	184.132
1931.56	206.162
1932.32	170.144
1933.08	193.208
1933.83	185.267
1934.59	207.394
1935.35	199.488
1936.11	206.596
1936.87	171.563
1937.62	168.561
1938.38	200.591
1939.14	184.501
1939.89	198.461
1940.65	203.43
1941.41	193.421
1942.16	200.438
1942.92	183.437
1943.68	192.415
1944.43	219.336
1945.19	198.23
1945.94	191.102
1946.7	203.926
1947.45	198.803
1948.21	184.747
1948.96	232.426
1949.71	177.63
1950.47	195.472
1951.22	193.433
1951.98	218.22
1952.73	161.56
1953.48	191.282
1954.23	189.2
1954.99	203.931
1955.74	186.917
1956.49	217.388
1957.24	193.471
1957.99	192.331
1958.75	197.155
1959.5	187.227
1960.25	200.973
1961	182.2
1961.75	165.387
1962.5	187.913
1963.25	160.26
1964	187.635
1964.75	200.254
1965.5	176.592
1966.25	188.226
1967	193.949
1967.74	226.997
1968.49	193.542
1969.24	194.277
1969.99	195.017
1970.74	179.255
1971.48	177.173
1972.23	217.866
1972.98	212.948
1973.73	209.025
1974.47	207.024
1975.22	190.447
1975.96	213.557
1976.71	201.763
1977.46	181.283
1978.2	191.753
1978.95	184.874
1979.69	195.408
1980.44	163.567
1981.18	236.821
1981.93	160.692
1982.67	205.971
1983.41	182.796
1984.16	205.796
1984.9	181.597
1985.64	203.528
1986.39	178.394
1987.13	215.644
1987.87	181.981
1988.61	175.204
1989.36	195.258
1990.1	194.266
1990.84	191.368
1991.58	206.64
1992.32	225.73
1993.06	176.97
1993.81	163.604
1994.55	183.718
1995.29	188.579
1996.03	191.562
1996.77	182.127
1997.51	194.708
1998.24	169.93
1998.98	188.24
1999.72	190.244
2000.46	182.645
2001.2	210.526
2001.94	187.58
2002.68	200.143
2003.41	193.53
2004.15	198.449
2004.89	182.235
2005.63	183.304
2006.36	208.406
2007.1	189.263
2007.84	171.068
2008.57	206.78
2009.31	192.459
2010.05	170.441
2010.78	181.207
2011.52	167.874
2012.25	182.537
2012.99	180.776
2013.72	188.666
2014.46	202.349
2015.19	179.227
2015.92	203.559
2016.66	199.821
2017.39	212.602
2018.13	189.518
2018.86	215.02
2019.59	174.423
2020.32	170.755
2021.06	197.303
2021.79	185.046
2022.52	199.88
2023.25	181.611
2023.98	179.145
2024.72	164.23
2025.45	196.545
2026.18	204.094
2026.91	182.841
2027.64	204.287
2028.37	190.437
2029.1	203.774
2029.83	204.392
2030.56	209.538
2031.29	219.678
2032.02	219.492
2032.75	192.448
2033.47	184.475
2034.2	170.345
2034.93	187.644
2035.66	187.399
2036.39	192.604
2037.11	207.77
2037.84	199.971
2038.57	199.429
2039.3	194.951
2040.02	195.06
2040.75	198.512
2041.47	215.394
2042.2	182.424
2042.93	201.983
2043.65	197.023
2044.38	186.256
2045.1	177.567
2045.83	187.215
2046.55	211.75
2047.28	201.762
2048	194.493
2048.73	186.096
2049.45	178.742
2050.17	189.334
2050.9	194.946
2051.62	189.954
2052.34	173.278
2053.07	183.503
2053.79	211.962
2054.51	200.418
2055.23	199.244
2055.95	179.927
2056.68	185.044
2057.4	185.633
2058.12	200.646
2058.84	215.955
2059.56	205.776
2060.28	200.618
2061	195.902
2061.72	211.592
2062.44	182.778
2063.16	210.448
2063.88	186.333
2064.6	204.304
2065.32	207.53
2066.03	212.261
2066.75	213.633
2067.47	203.017
2068.19	201.97
2068.91	214.643
2069.62	204.796
2070.34	198.822
2071.06	183.981
2071.77	213.369
2072.49	221.761
2073.21	209.447
2073.92	206.986
2074.64	178.904
2075.36	182.655
2076.07	207.681
2076.79	204.609
2077.5	198.482
2078.22	192.572
2078.93	194.75
2079.64	195.487
2080.36	203.991
2081.07	196.352
2081.79	207.486
2082.5	210.623
2083.21	209.24
2083.93	213.553
2084.64	201.608
2085.35	207.021
2086.07	200.606
2086.78	204.817
2087.49	239.49
2088.2	222.399
2088.91	201.199
2089.62	211.81
2090.33	227.441
2091.04	211.988
2091.76	184.231
2092.47	173.406
2093.18	220.219
2093.89	209.185
2094.6	225.09
2095.3	249.309
2096.01	200.451
2096.72	196.823
2097.43	215.856
2098.14	214.1
2098.85	213.723
2099.56	218.098
2100.09	202.688
2100.87	215.462
2101.65	197.605
2102.43	199.525
2103.21	202.418
2103.99	193.429
2104.77	232.748
2105.55	206.899
2106.32	187.967
2107.1	198.583
2107.88	221.989
2108.66	207.129
2109.44	209.034
2110.22	205.084
2110.99	216.832
2111.77	195.153
2112.55	199.896
2113.33	231.004
2114.1	229.754
2114.88	209.007
2115.66	203.99
2116.43	222.481
2117.21	233.214
2117.99	228.341
2118.76	194.157
2119.54	214.601
2120.31	221.343
2121.09	210.513
2121.86	195.798
2122.64	199.616
2123.41	189.81
2124.19	208.261
2124.96	220.886
2125.74	179.994
2126.51	197.554
2127.28	215.151
2128.06	218.152
2128.83	206.521
2129.61	208.508
2130.38	189.995
2131.15	206.575
2131.92	202.685
2132.7	209.537
2133.47	192.995
2134.24	221.337
2135.01	203.817
2135.78	195.069
2136.55	185.341
2137.33	194.175
2138.1	199.124
2138.87	208.988
2139.64	200.306
2140.41	206.32
2141.18	190.817
2141.95	211.58
2142.72	219.626
2143.49	187.396
2144.26	198.34
2145.03	251.565
2145.8	188.71
2146.57	192.752
2147.33	185.989
2148.1	212.78
2148.87	212.003
2149.64	213.198
2150.41	196.567
2151.17	212.544
2151.94	182.958
2152.71	205.866
2153.48	201.057
2154.24	196.269
2155.01	212.366
2155.78	191.697
2156.54	200.858
2157.31	214.012
2158.08	200.232
2158.84	190.403
2159.61	221.507
2160.37	214.627
2161.14	189.713
2161.9	183.79
2162.67	202.914
2163.43	185.025
2164.2	212.287
2164.96	200.477
2165.72	247.968
2166.49	204.945
2167.25	191.007
2168.01	159.862
2168.78	203.271
2169.54	211.397
2170.3	212.485
2171.07	203.518
2171.83	197.609
2172.59	207.895
2173.35	216.175
2174.11	184.933
2174.88	226.578
2175.64	220.552
2176.4	183.056
2177.16	203.403
2177.92	199.436
2178.68	212.747
2179.44	220.018
2180.2	191.777
2180.96	206.187
2181.72	217.55
2182.48	244.16
2183.24	233.108
2184	194.538
2184.76	239.408
2185.52	226.245
2186.28	211.041
2187.04	200.931
2187.79	217.3
2188.55	231.644
2189.31	213.403
2190.07	243.03
2190.83	231.913
2191.58	229.959
2192.34	216.791
2193.1	225.004
2193.85	211.796
2194.61	238.279
2195.37	242.302
2196.12	232.041
2196.88	230.929
2197.63	248.118
2198.39	216.577
2199.15	211.499
2199.9	245.034
2200.66	202.444
2201.41	190.294
2202.16	230.876
2202.92	232.844
2203.67	229.715
2204.43	218.492
2205.18	236.67
2205.93	222.502
2206.69	219.517
2207.44	223.643
2208.19	215.62
2208.95	216.678
2209.7	223.767
2210.45	220.703
2211.2	209.536
2211.95	229.697
2212.71	227.624
2213.46	231.612
2214.21	247.698
2214.96	185.11
2215.71	202.185
2216.46	233.314
2217.21	219.1
2217.96	207.908
2218.71	230.87
2219.46	231.726
2220.21	237.615
2220.96	213.482
2221.71	235.471
2222.46	199.412
2223.21	222.412
2223.96	231.369
2224.71	270.264
2225.46	227.179
2226.21	272.962
2226.95	272.82
2227.7	261.747
2228.45	250.713
2229.2	302.421
2229.94	313.291
2230.69	343.05
2231.44	384.709
2232.18	401.486
2232.93	409.295
2233.68	449.824
2234.42	450.587
2235.17	468.164
2235.92	490.66
2236.66	470.593
2237.41	474.346
2238.15	447.501
2238.9	485.954
2239.64	482.897
2240.38	443.286
2241.13	416.52
2241.87	374.954
2242.62	381.755
2243.36	318.533
2244.1	329.293
2244.85	296.699
2245.59	276.939
2246.33	296.579
2247.08	272.912
2247.82	277.791
2248.56	266.92
2249.3	235.401
2250.05	241.222
2250.79	234.271
2251.53	193.001
2252.27	235.144
2253.01	245.919
2253.75	232.221
2254.49	216.593
2255.23	224.506
2255.97	196.156
2256.71	245.241
2257.45	216.862
2258.19	239.43
2258.93	234.524
2259.67	222.752
2260.41	185.535
2261.15	250.178
2261.89	224.789
2262.63	235.673
2263.36	235.824
2264.1	207.567
2264.84	234.19
2265.58	224.516
2266.32	209.901
2267.05	232.535
2267.79	231.601
2268.53	206.132
2269.26	232.656
2270	247.424
2270.74	223.964
2271.48	202.49
2272.21	228.144
2272.95	220.457
2273.68	221.622
2274.42	208.048
2275.15	221.019
2275.89	208.401
2276.62	241.055
2277.36	236.275
2278.09	184.167
2278.83	215.807
2279.56	215.901
2280.29	234.724
2281.03	230.872
2281.76	212.23
2282.49	238.98
2283.23	214.453
2283.96	217.583
2284.69	217.776
2285.42	223.91
2286.16	221.128
2286.89	241.073
2287.62	221.388
2288.35	215.535
2289.08	229.49
2289.81	260.319
2290.55	202.023
2291.28	227.998
2292.01	242.131
2292.74	225.506
2293.47	234.699
2294.2	197.118
2294.93	217.207
2295.66	202.414
2296.39	196.545
2297.11	227.524
2297.85	233.589
2298.57	244.661
2299.3	219.878
2300.03	247.992
2300.76	249.21
2301.49	222.455
2302.22	219.641
2302.94	218.798
2303.67	227.939
2304.4	229.075
2305.12	239.241
2305.85	216.376
2306.58	245.629
2307.31	226.769
2308.03	258.052
2308.76	251.182
2309.48	228.214
2310.21	236.365
2310.93	254.575
2311.66	238.638
2312.38	214.663
2313.11	247.021
2313.83	208.941
2314.56	255.403
2315.28	241.428
2316.01	216.345
2316.73	225.518
2317.45	251.847
2318.18	259.053
2318.9	204.738
2319.62	229.099
2320.35	252.454
2321.07	208.142
2321.79	242.584
2322.52	257.842
2323.24	278.167
2323.96	219.674
2324.68	225.861
2325.4	194.628
2326.12	223.051
2326.84	226.177
2327.56	208.044
2328.29	183.838
2329.01	193.036
2329.73	202.252
2330.45	206.423
2331.17	228.833
2331.89	185.378
2332.61	246.275
2333.32	205.807
2334.04	222.079
2334.76	265.713
2335.48	243.48
2336.2	247.616
2336.92	269.005
2337.64	238.699
2338.35	237.788
2339.07	218.608
2339.79	246.075
2340.51	239.05
2341.23	233.051
2341.94	224.033
2342.66	228.235
2343.37	242.613
2344.09	259.023
2344.81	266.253
2345.52	249.028
2346.24	228.703
2346.95	240.86
2347.67	239.811
2348.38	260.113
2349.1	253.067
2349.82	235.928
2350.53	237.096
2351.24	238.271
2351.96	226.206
2352.67	248.657
2353.39	240.566
2354.1	258.871
2354.81	259.882
2355.53	237.538
2356.24	278.191
2356.95	252.849
2357.66	246.827
2358.38	251.994
2359.09	240.923
2359.8	250.186
2360.51	248.29
2361.22	268.786
2361.94	261.849
2362.65	243.717
2363.36	257.137
2364.07	237.939
2364.78	230.923
2365.49	271.778
2366.2	264.686
2366.91	278.977
2367.62	278.999
2368.33	257.639
2369.04	268.909
2369.75	282.234
2370.46	286.394
2371.16	279.34
2371.87	269.22
2372.58	277.443
2373.29	280.576
2374	308.182
2374.71	269.528
2375.41	284.902
2376.12	243.173
2376.83	257.523
2377.53	268.824
2378.24	280.142
2378.95	258.833
2379.65	290.58
2380.36	238.634
2381.07	274.432
2381.77	268.363
2382.48	287.807
2383.18	294.011
2383.89	282.912
2384.59	285.129
2385.3	298.612
2386	314.135
2386.71	268.248
2387.41	269.324
2388.12	293.857
2388.82	289.731
2389.52	290.732
2390.23	287.691
2390.93	238.725
2391.63	320.551
2392.34	272.614
2393.04	281.862
2393.74	294.141
2394.44	303.342
2395.15	278.862
2395.85	294.266
2396.55	291.327
2397.25	286.358
2397.95	296.695
2398.65	290.624
2399.35	275.297
2400.05	269.129
2400.75	308.904
2401.45	284.353
2402.15	267
2402.85	343.574
2403.55	262.021
2404.25	269.277
2404.95	287.779
2405.65	273.608
2406.35	305.382
2407.05	290.155
2407.75	311.691
2408.44	260.687
2409.14	264.862
2409.84	291.533
2410.54	323.321
2411.24	289.673
2411.93	315.282
2412.63	328.581
2413.33	305.053
2414.02	288.669
2414.72	289.652
2415.42	290.64
2416.11	311.028
2416.81	336.525
2417.5	294.718
2418.2	325.362
2418.9	278.511
2419.59	284.704
2420.28	308.22
2420.98	291.914
2421.67	325.525
2422.37	287.738
2423.06	317.208
2423.75	311.057
2424.45	338.571
2425.14	281.659
2425.84	326.626
2426.53	313.567
2427.22	289.266
2427.91	317.922
2428.61	276.167
2429.3	319.979
2429.99	294.422
2430.68	300.41
2431.37	327.726
2432.07	315.359
2432.76	326.404
2433.45	314.138
2434.14	303.976
2434.83	260.375
2435.52	301.052
2436.21	325.484
2436.9	307.239
2437.59	299.091
2438.28	306.109
2438.97	324.24
2439.66	299.808
2440.35	308.843
2441.04	304.752
2441.72	318.907
2442.41	267.31
2443.1	301.693
2443.79	340.076
2444.48	313.733
2445.16	296.501
2445.85	290.409
2446.54	323.734
2447.23	300.548
2447.91	294.541
2448.6	317.802
2449.29	293.604
2449.97	329.94
2450.66	300.674
2451.34	343.043
2452.03	307.762
2452.72	299.738
2453.4	328.025
2454.09	309.9
2454.77	288.713
2455.46	301.749
2456.14	319.767
2456.82	277.369
2457.51	323.555
2458.19	321.493
2458.88	289.338
2459.56	281.362
2460.24	302.571
2460.92	312.737
2461.61	311.842
2462.29	293.834
2462.97	336.161
2463.66	307.037
2464.34	304.035
2465.02	324.125
2465.7	302.961
2466.38	317.967
2467.06	310.873
2467.75	290.76
2468.42	290.77
2469.11	299.857
2469.79	288.909
2470.47	291.035
2471.15	303.212
2471.83	347.529
2472.51	351.646
2473.19	283.394
2473.86	335.666
2474.54	328.65
2475.22	309.589
2475.9	307.623
2476.58	309.709
2477.26	293.751
2477.94	315.993
2478.61	291.02
2479.29	289.147
2479.97	302.336
2480.65	285.333
2481.32	285.411
2482	270.4
2482.68	336.874
2483.35	320.878
2484.03	304.879
2484.71	302.95
2485.38	318.1
2486.06	280.897
2486.73	280.909
2487.41	324.173
2488.08	294.037
2488.76	317.245
2489.43	297.247
2490.11	311.486
2490.78	317.7
2491.45	284.639
2492.13	314.001
2492.8	291.966
2493.48	300.144
2494.15	319.411
2494.82	331.643
2495.49	306.591
2496.17	310.82
2496.84	317.102
2497.51	321.379
2498.18	322.608
2498.86	290.417
2499.53	303.675
2500.2	297.673
2500.87	347.292
2501.54	297.802
2502.21	302.988
2502.88	324.435
2503.55	313.536
2504.22	290.468
2504.89	331.238
2505.56	316.19
2506.23	309.203
2506.9	275.805
2507.57	320.562
2508.24	303.44
2508.91	311.735
2509.58	305.826
2510.25	295.826
2510.91	290.867
2511.58	306.215
2512.25	314.43
2512.92	318.588
2513.59	298.359
2514.25	314.783
2514.92	285.429
2515.59	305.958
2516.25	306.11
2516.92	323.563
2517.59	299.21
2518.25	310.509
2518.92	310.588
2519.58	277.029
2520.25	306.691
2520.91	309.875
2521.58	315.135
2522.24	290.835
2522.91	312.491
2523.57	313.745
2524.24	310.904
2524.9	301.904
2525.56	293.897
2526.23	315.559
2526.89	314.692
2527.55	334.304
2528.22	313.941
2528.88	336.592
2529.54	319.238
2530.21	326.457
2530.87	314.198
2531.53	318.362
2532.19	331.807
2532.85	352.51
2533.51	328.14
2534.18	325.319
2534.84	343.015
2535.5	337.014
2536.16	359.702
2536.82	327.837
2537.48	310.331
2538.14	313.379
2538.8	340.081
2539.46	343.229
2540.12	305.366
2540.78	332.255
2541.44	319.102
2542.09	334.73
2542.75	333.877
2543.41	337.089
2544.07	329.944
2544.73	324.792
2545.39	320.614
2546.04	330.795
2546.7	319.383
2547.36	328.544
2548.02	301.82
2548.67	348.028
2549.33	357.333
2549.98	341.009
2550.64	350.356
2551.3	338.14
2551.95	306.408
2552.61	315.752
2553.26	329.21
2553.92	332.387
2554.57	319.096
2555.23	336.576
2555.88	366.312
2556.54	370.312
2557.19	344.536
2557.85	336.23
2558.5	340.267
2559.15	366.894
2559.81	387.417
2560.46	385.437
2561.11	362.975
2561.77	376.355
2562.42	385.593
2563.07	356.877
2563.72	385.463
2564.37	406.829
2565.03	356.592
2565.68	387.201
2566.33	386.178
2566.98	379.09
2567.63	341.372
2568.28	369.077
2568.93	381.405
2569.58	398.773
2570.23	381.332
2570.88	376.144
2571.53	388.349
2572.18	361.821
2572.83	374.143
2573.48	387.514
2574.13	384.539
2574.78	371.317
2575.43	406.045
2576.07	391.727
2576.72	360.055
2577.37	411.044
2578.02	414.075
2578.67	413.024
2579.31	401.76
2579.96	386.395
2580.61	369.994
2581.26	373.961
2581.9	410.51
2582.55	412.495
2583.19	410.486
2583.84	420.755
2584.49	384.256
2585.13	423.047
2585.78	433.286
2586.42	407.813
2587.07	431.084
2587.71	428.848
2588.36	413.385
2589	423.334
2589.65	407.966
2590.29	422.081
2590.93	399.759
2591.58	427.166
2592.22	417.11
2592.86	429.392
2593.51	457.933
2594.15	432.748
2594.79	440.028
2595.43	440.198
2596.07	446.428
2596.72	423.168
2597.36	460.76
2598	425.208
2598.64	412.98
2599.28	441.333
2599.92	414.939
2600.56	434.232
2601.2	451.546
2601.85	410.069
2602.49	422.34
2603.13	438.644
2603.76	421.439
2604.4	452.889
2605.04	434.635
2605.68	431.603
2606.32	434.668
2606.96	436.72
2607.6	446.862
2608.24	460.005
2608.88	442.715
2609.51	434.542
2610.15	454.746
2610.79	420.338
2611.43	428.524
2612.06	407.415
2612.7	455.22
2613.34	399.709
2613.97	425.249
2614.61	446.723
2615.25	453.981
2615.88	417.598
2616.52	432.95
2617.15	416.852
2617.79	436.292
2618.42	445.598
2619.06	430.533
2619.69	448.976
2620.33	423.705
2620.96	439.049
2621.6	393.389
2622.23	441.221
2622.86	414.87
2623.5	408.873
2624.13	434.422
2624.76	422.378
2625.4	402.192
2626.03	397.239
2626.66	428.89
2627.29	444.242
2627.93	430.078
2628.56	422.036
2629.19	443.544
2629.82	394.835
2630.45	425.56
2631.08	401.283
2631.71	428.95
2632.34	390.353
2632.98	405.766
2633.61	425.273
2634.24	431.555
2634.87	430.737
2635.5	449.337
2636.12	445.49
2636.75	407.916
2637.38	420.374
2638.01	414.418
2638.64	423.778
2639.27	450.509
2639.9	439.375
2640.53	433.329
2641.15	436.47
2641.78	444.716
2642.41	425.347
2643.04	448.975
2643.66	454.224
2644.29	434.941
2644.92	463.789
2645.54	420.947
2646.17	402.645
2646.8	401.719
2647.42	400.76
2648.05	454.08
2648.67	451.044
2649.3	438.803
2649.92	439.91
2650.55	449.252
2651.17	414.565
2651.8	451.658
2652.42	453.924
2653.05	451.06
2653.67	435.854
2654.29	458.588
2654.92	440.215
2655.54	446.444
2656.16	456.763
2656.79	449.632
2657.41	482.282
2658.03	462.586
2658.65	465.643
2659.27	487.317
2659.9	479.962
2660.52	479.009
2661.14	525.911
2661.76	478.577
2662.38	512.511
2663	506.548
2663.62	512.142
2664.24	469.394
2664.86	500.978
2665.48	505.543
2666.1	544.195
2666.72	509.727
2667.34	533.245
2667.96	523.842
2668.58	510.324
2669.2	506.641
2669.82	513.293
2670.44	504.452
2671.05	516.467
2671.67	510.293
2672.29	520.508
2672.91	530.385
2673.53	532.094
2674.14	513.423
2674.76	522.295
2675.38	506.296
2675.99	517.201
2676.61	519.837
2677.23	510.379
2677.84	541.79
2678.46	546.075
2679.07	547.464
2679.69	540.562
2680.3	552.841
2680.92	543.05
2681.53	551.793
2682.15	569.403
2682.76	572.059
2683.38	575.41
2683.99	585.872
2684.61	592.295
2685.22	568.729
2685.83	551.638
2686.44	598.986
2687.06	566.529
2687.67	573.327
2688.28	604.231
2688.9	615.585
2689.51	622.898
2690.12	623.665
2690.73	646.709
2691.34	639.008
2691.96	644.241
2692.57	645.75
2693.18	665.141
2693.79	671.23
2694.4	665.921
2695.01	695.107
2695.62	689.859
2696.23	689.862
2696.84	683.601
2697.45	694.433
2698.06	689.444
2698.67	696.018
2699.28	728.591
2699.88	700.695
2700.49	717.051
2701.1	708.659
2701.71	716.165
2702.32	737.457
2702.93	731.563
2703.53	738.491
2704.14	758.885
2704.75	760.698
2705.36	751.694
2705.96	765.994
2706.57	775.281
2707.17	789.26
2707.78	794.483
2708.39	790.641
2708.99	827.208
2709.6	830.573
2710.2	821.193
2710.81	847.199
2711.41	849.671
2712.02	889.612
2712.62	894
2713.23	883.058
2713.83	887.805
2714.44	925.897
2715.04	933.556
2715.64	926.402
2716.25	949.482
2716.85	959.726
2717.45	982.106
2718.05	1000.13
2718.66	1010.9
2719.26	1018.7
2719.86	1029
2720.46	1041.6
2721.06	1075.28
2721.67	1032.81
2722.27	1063.63
2722.87	1066.54
2723.47	1099.8
2724.07	1098.07
2724.67	1109.25
2725.27	1138.5
2725.71	1138.08
2726.38	1176.57
2727.06	1133.44
2727.73	1183.82
2728.4	1185.29
2729.07	1189.88
2729.74	1213.94
2730.42	1224
2731.09	1229.23
2731.76	1261.11
2732.43	1249.43
2733.1	1287.62
2733.77	1276.94
2734.44	1240.69
2735.11	1302.98
2735.78	1272.45
2736.45	1311.99
2737.12	1354.42
2737.79	1336.72
2738.46	1319.01
2739.13	1276.98
2739.8	1279.83
2740.47	1274.76
2741.14	1294.33
2741.81	1308.02
2742.47	1249.59
2743.14	1260.36
2743.81	1289.41
2744.48	1245.03
2745.15	1233.13
2745.81	1200.79
2746.48	1171.51
2747.15	1146.34
2747.81	1108.95
2748.48	1166.38
2749.15	1084.97
2749.81	1109.5
2750.48	1030.84
2751.15	1013.33
2751.81	1019.32
2752.48	1014.26
2753.14	998.214
2753.81	942.579
2754.47	958.481
2755.14	929.377
2755.8	950.146
2756.47	948.225
2757.13	913.434
2757.8	923.559
2758.46	888.779
2759.13	905.234
2759.79	854.379
2760.45	903.79
2761.12	912.29
2761.78	881.784
2762.44	851.114
2763.1	891.946
2763.77	851.949
2764.43	838.642
2765.09	859.249
2765.76	832.972
2766.42	825.23
2767.08	873.881
2767.74	839.536
2768.4	867.626
2769.06	865.884
2769.72	860.966
2770.38	863.163
2771.05	848.924
2771.71	863.453
2772.37	882.166
2773.03	865.025
2773.69	865.395
2774.35	895.564
2775.01	884.552
2775.67	901.188
2776.33	909.495
2776.99	895.124
2777.64	929.099
2778.3	927.141
2778.96	953.02
2779.62	949.094
2780.28	941.009
2780.94	959.592
2781.59	930.777
2782.25	942.087
2782.91	923.631
2783.57	935.146
2784.22	913.863
2784.88	940.024
2785.54	922.911
2786.2	908.738
2786.85	914.928
2787.51	910.581
2788.16	904.038
2788.82	874.86
2789.48	849.968
2790.13	912.798
2790.79	898.66
2791.44	892.881
2792.1	862.348
2792.75	898.638
2793.41	864.636
2794.06	895.373
2794.72	884.771
2795.37	880.318
2796.02	860.463
2796.68	883.916
2797.33	875.564
2797.98	882.741
2798.64	885.884
2799.29	905.548
2799.94	864.537
2800.6	843.089
2801.25	879.288
2801.9	889.756
2802.55	922.856
2803.21	856.023
2803.86	916.818
2804.51	902.365
2805.16	883.743
2805.81	934.087
2806.46	905.169
2807.11	920.535
2807.77	958.546
2808.42	936.834
2809.07	950.054
2809.72	959.08
2810.37	961.876
2811.02	946.158
2811.67	991.148
2812.32	1011.57
2812.97	1014.64
2813.61	1021.92
2814.26	1050.85
2814.91	1045.87
2815.56	1057.31
2816.21	1071.78
2816.86	1125.25
2817.51	1100.52
2818.15	1089.07
2818.8	1133.05
2819.45	1137.92
2820.1	1099.68
2820.74	1133.44
2821.39	1168.4
2822.04	1194.27
2822.69	1214.03
2823.33	1272.77
2823.98	1230.63
2824.63	1289.96
2825.27	1283.37
2825.92	1299.34
2826.56	1318.48
2827.21	1354.2
2827.85	1348.05
2828.5	1396.43
2829.14	1391.56
2829.79	1461.7
2830.43	1494.97
2831.08	1546.78
2831.72	1536.97
2832.37	1602.08
2833.01	1615.7
2833.65	1656.91
2834.3	1737.02
2834.94	1787.18
2835.58	1848.51
2836.23	1884.04
2836.87	1949.32
2837.51	2003.37
2838.16	2115.09
2838.8	2145.98
2839.44	2251.07
2840.08	2340.9
2840.72	2419.39
2841.36	2505.84
2842.01	2603.33
2842.65	2714.01
2843.29	2822.63
2843.93	2935.45
2844.57	2982.66
2845.21	3169.61
2845.85	3219.99
2846.49	3371.13
2847.13	3497.9
2847.77	3570.71
2848.41	3686.08
2849.05	3769.75
2849.69	3857.26
2850.33	3938.93
2850.97	3849.99
2851.61	3965.96
2852.24	4016.82
2852.88	4090.52
2853.52	4265.66
2854.16	4289.81
2854.8	4293.19
2855.43	4293.71
2856.07	4399.79
2856.71	4510.37
2857.35	4748.89
2857.98	4804.16
2858.62	4895.82
2859.26	5170.37
2859.89	5253.57
2860.53	5589.49
2861.16	5812.15
2861.8	5973.37
2862.44	6318.11
2863.07	6601.42
2863.71	6924.78
2864.34	7289.74
2864.98	7563.65
2865.61	7912.36
2866.25	8236.59
2866.88	8528.71
2867.52	8825.42
2868.15	9157.65
2868.78	9345.16
2869.42	9565.74
2870.05	9885.94
2870.69	10152.6
2871.32	10437.2
2871.95	10623.8
2872.58	10862.7
2873.22	11021.7
2873.85	11413.3
2874.48	11611.6
2875.11	11695.8
2875.75	11769.9
2876.38	11739.7
2877.01	11744.3
2877.64	11660.3
2878.27	11522.5
2878.9	11178.7
2879.53	11126.2
2880.16	10899.2
2880.79	10646.6
2881.42	10421.2
2882.05	10136.5
2882.68	9937.49
2883.31	9788.79
2883.94	9638.2
2884.57	9535.91
2885.2	9455.89
2885.83	9395.46
2886.46	9292.31
2887.09	9284.86
2887.72	9282.04
2888.35	9209.84
2888.97	9297.08
2889.6	9289.84
2890.23	9362.02
2890.86	9439.09
2891.49	9579.08
2892.11	9569.26
2892.74	9675.48
2893.37	10023.4
2893.99	10171.4
2894.62	10297.6
2895.25	10350.2
2895.87	10563.1
2896.5	10632.7
2897.12	10893.8
2897.75	11104.8
2898.38	11082.4
2899	11288.7
2899.63	11417.9
2900.25	11527.1
2900.88	11800.2
2901.5	11872.5
2902.12	11898.2
2902.75	12155.3
2903.37	12341.1
2904	12515.2
2904.62	12587.1
2905.25	12739.6
2905.87	12886.1
2906.49	13162.7
2907.11	13245.1
2907.74	13340.5
2908.36	13467.6
2908.98	13618.4
2909.6	13762
2910.23	13978.9
2910.85	13996.4
2911.47	14095.2
2912.09	14295.2
2912.71	14451.3
2913.33	14565.9
2913.96	14684.4
2914.58	14701
2915.2	14864.4
2915.82	14884
2916.44	14980.5
2917.06	15100.6
2917.68	15157.9
2918.3	14980.6
2918.92	15047
2919.54	15132.8
2920.16	15193.9
2920.77	15167.1
2921.39	15184.8
2922.01	15086.5
2922.63	15059.5
2923.25	15148.5
2923.87	15107
2924.48	15241.7
2925.1	15209.5
2925.72	15412.6
2926.34	15537.6
2926.95	15683.9
2927.57	15693.2
2928.19	15818.4
2928.8	16053.9
2929.42	16361.2
2930.04	16505.4
2930.65	16792.6
2931.27	17013.4
2931.89	17475.8
2932.5	17834.9
2933.12	18116
2933.73	18388.3
2934.35	18927.1
2934.96	19414.2
2935.58	19683.3
2936.19	20114.8
2936.81	20396.4
2937.42	20477.5
2938.03	20907.3
2938.65	20948.3
2939.26	21074.9
2939.88	20908.6
2940.49	20850.9
2941.1	20520.4
2941.71	20201.9
2942.33	19727.4
2942.94	19086.8
2943.55	18637.7
2944.17	18266.4
2944.78	17940.9
2945.39	17336.4
2946	16873.5
2946.61	16382.8
2947.22	15887.2
2947.83	15558.3
2948.45	15075.9
2949.06	14746.3
2949.67	14329.6
2950.28	14125.8
2950.89	13867.6
2951.5	13505.2
2952.11	13151.7
2952.72	12975.2
2953.33	12629.5
2953.94	12480.5
2954.54	12184.8
2955.15	12081.9
2955.76	11889.7
2956.37	11705.9
2956.98	11627.7
2957.59	11453.4
2958.2	11268
2958.8	11185.8
2959.41	11144
2960.02	10926.5
2960.63	10909
2961.23	10744.2
2961.84	10644.6
2962.45	10602.6
2963.05	10500.7
2963.66	10233.5
2964.27	10142.5
2964.87	9954.72
2965.48	9935.44
2966.08	9922.95
2966.69	9690.47
2967.29	9581.21
2967.9	9337.2
2968.5	9340.93
2969.11	9083.51
2969.71	9017.14
2970.32	8869.91
2970.92	8627.69
2971.53	8456.47
2972.13	8371.58
2972.74	8170.18
2973.34	7991.52
2973.94	7912.05
2974.54	7736.4
2975.15	7643.5
2975.75	7455.54
2976.35	7245.7
2976.96	7211.54
2977.56	7054.9
2978.16	6975.18
2978.76	6766.98
2979.36	6606.87
2979.97	6515.68
2980.57	6445.39
2981.17	6224.15
2981.77	6099.67
2982.37	5897.21
2982.97	5846.61
2983.57	5663.33
2984.17	5547.99
2984.77	5422.34
2985.37	5278.54
2985.97	5127.76
2986.57	5062.77
2987.17	4889.36
2987.77	4770.88
2988.37	4682.45
2988.97	4548.15
2989.57	4464.5
2990.17	4355.94
2990.76	4267.9
2991.36	4139.17
2991.96	4060.98
2992.56	4039.34
2993.16	3942.9
2993.75	3841.06
2994.35	3738.81
2994.95	3708.96
2995.54	3647.35
2996.14	3582.01
2996.74	3510.09
2997.33	3461.24
2997.93	3382.08
2998.52	3295.9
2999.12	3294.59
2999.72	3292.16
3000.31	3192.43
3000.91	3187.89
3001.5	3167.99
3002.1	3064.01
3002.69	3065.3
3003.29	3017.15
3003.88	3021.01
3004.47	2930.63
3005.07	2889.64
3005.66	2860.41
3006.26	2787.67
3006.85	2782.94
3007.44	2692.22
3008.04	2586.86
3008.63	2535.38
3009.22	2512.09
3009.81	2442.13
3010.41	2391.47
3011	2294.7
3011.59	2348.03
3012.18	2270.33
3012.77	2245.19
3013.36	2183.14
3013.96	2140.51
3014.55	2127.58
3015.14	2139.34
3015.73	2133.81
3016.32	2070.92
3016.91	2049.23
3017.5	2032.6
3018.09	2023.95
3018.68	1966.6
3019.27	1964.62
3019.86	1922.49
3020.45	1892.9
3021.04	1963.49
3021.63	1929.27
3022.22	1931.17
3022.8	1962.85
3023.39	1908.7
3023.98	1914.17
3024.57	1931.93
3025.16	1932.16
3025.74	1933.46
3026.33	1958.49
3026.92	1954.49
3027.5	1959.6
3028.09	1933.59
3028.68	1976.67
3029.26	2049.79
3029.85	2053.02
3030.44	2040.09
3031.02	2035.7
3031.61	2044.85
3032.19	2051.86
3032.78	2108.25
3033.37	2140.59
3033.95	2112.74
3034.54	2158.17
3035.12	2173.62
3035.71	2216.02
3036.29	2215.07
3036.87	2207.93
3037.46	2240.09
3038.04	2311.58
3038.63	2317.06
3039.21	2328.99
3039.79	2328.82
3040.38	2383.74
3040.96	2375.61
3041.54	2360
3042.12	2361.56
3042.71	2362.58
3043.29	2365.16
3043.87	2360.2
3044.45	2430.77
3045.03	2450.83
3045.62	2478.56
3046.2	2481.91
3046.78	2545.64
3047.36	2623
3047.94	2673.42
3048.52	2757.81
3049.1	2818.12
3049.68	2967.27
3050.26	3074.82
3050.84	3243.39
3051.42	3387.05
3052	3508.94
3052.58	3626.68
3053.16	3790.02
3053.74	3939.03
3054.32	4028.31
3054.89	4129.41
3055.47	4233.04
3056.05	4271.74
3056.63	4284.54
3057.21	4326.06
3057.78	4351.46
3058.36	4295.34
3058.94	4284.31
3059.52	4257.51
3060.09	4279.53
3060.67	4257.34
3061.25	4274.96
3061.82	4219.28
3062.4	4235.13
3062.97	4243.49
3063.55	4213.15
3064.13	4156.64
3064.7	4098.05
3065.28	4005.54
3065.85	3978.64
3066.43	3844.28
3067	3761.7
3067.58	3656
3068.15	3553.91
3068.72	3363.31
3069.3	3240.84
3069.87	3141.22
3070.45	3006.85
3071.02	2933.03
3071.59	2750.08
3072.17	2622.2
3072.74	2491.19
3073.31	2401.3
3073.89	2296.61
3074.46	2211.36
3075.03	2085.75
3075.6	2059.59
3076.17	1970.66
3076.74	1875.82
3077.32	1816.33
3077.89	1727.91
3078.46	1659.04
3079.03	1594.12
3079.6	1570.36
3080.17	1462.57
3080.74	1449.84
3081.31	1428.73
3081.88	1329.02
3082.45	1313.09
3083.02	1278.62
3083.59	1281.37
3084.16	1234.57
3084.73	1201.22
3085.3	1164.82
3085.87	1139.86
3086.43	1119.16
3087	1066.61
3087.57	1076.08
3088.14	1011.28
3088.71	1039.34
3089.28	978.516
3089.84	1003.27
3090.41	940.205
3090.98	954.533
3091.54	943.056
3092.11	871.742
3092.68	894.32
3093.24	836.423
3093.81	851.758
3094.38	821.731
3094.94	858.749
3095.51	840.12
3096.07	820.47
3096.64	812.145
3097.2	767.736
3097.77	766.611
3098.33	767.587
3098.9	764.511
3099.46	786.232
3100.03	753.389
3100.59	760.718
3101.15	770.06
3101.72	718.53
3102.28	729.806
3102.84	728.678
3103.41	678.086
3103.97	738.728
3104.53	721.084
3105.1	721.971
3105.66	683.755
3106.22	715.543
3106.78	710.312
3107.34	693.794
3107.91	735.933
3108.47	677.287
3109.03	689.644
3109.59	684.567
3110.15	685.73
3110.71	685.93
3111.27	669.693
3111.83	649.301
3112.39	655.59
3112.95	642.194
3113.51	629.727
3114.07	631.626
3114.63	590.321
3115.19	653.001
3115.75	598.468
3116.31	645.837
3116.87	579.015
3117.43	603.722
3117.98	603.678
3118.54	567.579
3119.1	620.928
3119.66	562.204
3120.22	576.516
3120.77	569.289
3121.33	580.602
3121.89	530.266
3122.44	584.74
3123	540.514
3123.56	507.551
3124.11	540.299
3124.67	541.184
3125.23	541.062
3125.78	524.567
3126.34	525.588
3126.89	509.223
3127.45	551.41
3128	513.55
3128.56	545.501
3129.11	494.245
3129.67	495.328
3130.22	504.585
3130.78	508.663
3131.33	518.863
3131.88	516.71
3132.44	513.52
3132.99	497.001
3133.54	547.195
3134.1	508.171
3134.65	506.115
3135.2	519.475
3135.76	480.541
3136.31	521.622
3136.86	513.461
3137.41	511.443
3137.96	515.566
3138.51	514.545
3139.07	539.161
3139.62	506.328
3140.17	481.706
3140.72	520.687
3141.27	486.852
3141.82	503.278
3142.37	526.874
3142.92	507.377
3143.47	469.414
3144.02	483.754
3144.57	508.372
3145.12	480.739
3145.67	520.836
3146.22	497.386
3146.77	504.721
3147.32	520.253
3147.86	450.548
3148.41	518.336
3148.96	507.027
3149.51	517.229