401.058	752.039
402.149	719.254
403.243	694.999
404.332	658.464
405.424	647.432
406.515	622.281
407.606	625.446
408.697	579.742
409.785	561.403
410.876	529.009
411.967	540.7
413.055	510.123
414.143	492.614
415.233	543.214
416.321	575.854
417.409	542.291
418.499	533.942
419.586	576.688
420.673	587.029
421.761	586.403
422.848	585.01
423.935	669.603
425.02	646.227
426.106	629.353
427.193	647.484
428.278	727.238
429.364	689.938
430.45	700.525
431.534	646.849
432.618	673.301
433.704	694.396
434.788	683.476
435.871	619.331
436.955	700.373
438.038	661.003
439.123	569.23
440.204	614.494
441.287	563.339
442.37	607.109
443.452	459.383
444.535	503.26
445.615	457.572
446.698	496.697
447.78	430.386
448.86	414.84
449.939	383.6
451.021	409.772
452.101	374.019
453.18	371.594
454.262	396.02
455.341	300.7
456.42	273.907
457.499	338.929
458.578	311.162
459.654	314.059
460.733	339.295
461.811	274.49
462.89	296.067
463.966	267.448
465.044	276.935
466.12	269.668
467.197	290.314
468.273	242.019
469.349	241.15
470.426	237.401
471.501	276.379
472.576	273.414
473.651	293.682
474.726	327.896
475.801	274.936
476.876	321.326
477.95	299.086
479.022	318.57
480.097	287.929
481.171	420.354
482.243	392.362
483.317	339.395
484.388	390.064
485.46	342.704
486.533	343.409
487.605	304.428
488.676	356.742
489.747	284.669
490.818	345.241
491.889	338.672
492.959	329.418
494.03	373.517
495.1	417.599
496.171	398.233
497.239	471.537
498.309	467.606
499.379	484.724
500.446	455.112
501.514	477.795
502.584	533.508
503.651	509.701
504.718	519.843
505.788	490.683
506.855	527.433
507.921	604.466
508.988	560.647
510.055	591.909
511.119	558.181
512.186	527.23
513.252	471.565
514.318	568.083
515.382	529.887
516.448	469.655
517.512	477.336
518.577	458.421
519.641	548.969
520.704	497.979
521.768	489.313
522.833	457.572
523.896	566.965
524.959	552.624
526.021	555.68
527.084	533.637
528.144	583.596
529.207	631.691
530.269	679.886
531.331	656.176
532.391	740.951
533.453	729.73
534.513	778.842
535.572	695.216
536.634	660.508
537.693	701.784
538.752	601.595
539.812	635.252
540.87	663.425
541.929	666.654
542.988	643.032
544.047	584.01
545.105	582.699
546.164	596.166
547.22	582.313
548.278	644.807
549.336	653.889
550.392	603.203
551.448	611.351
552.505	584.174
553.561	599.979
554.616	655.913
555.671	573.929
556.728	588.769
557.783	621.148
558.836	561.213
559.891	650.925
560.946	615.969
562	574.624
563.055	555.69
564.107	610.074
565.161	581.135
566.213	521.682
567.267	503.885
568.318	489.779
569.37	519.103
570.424	499.46
571.475	556.453
572.526	463.064
573.577	504.376
574.628	491.291
575.679	536.253
576.73	585.811
577.781	512.062
578.829	664.76
579.88	581.019
580.93	523.996
581.978	535.965
583.026	508.353
584.076	580.034
585.124	513.763
586.172	487.039
587.221	526.478
588.269	515.349
589.316	503.267
590.363	475.549
591.41	553.32
592.457	596.211
593.502	498.043
594.549	552.212
595.595	626.773
596.64	552.918
597.686	546.948
598.73	574.881
599.776	640.337
600.82	618.311
601.864	635.718
602.908	668.797
603.953	639.578
604.997	711.696
606.04	674.588
607.083	670.611
608.125	684.961
609.168	745.247
610.211	777.704
611.253	723.354
612.294	766.737
613.336	924.53
614.377	1028.93
615.419	1167.52
616.459	1393.71
617.499	1514.58
618.539	1614.06
619.579	1588.94
620.619	1393.27
621.658	1219.86
622.698	1097.28
623.737	1145.35
624.776	1261.72
625.815	1440
626.852	1606.45
627.891	1774.03
628.928	1993.47
629.966	2152.92
631.003	2169.9
632.041	2149.46
633.077	2174.72
634.114	1989.32
635.15	1819.77
636.185	1673.65
637.221	1613.65
638.257	1426.65
639.292	1357.76
640.328	1262.92
641.361	1243.46
642.396	1125.06
643.431	1005.6
644.464	934.077
645.497	835.073
646.532	731.716
647.564	706.759
648.597	771.142
649.629	728.933
650.663	692.218
651.695	618.642
652.727	683.781
653.757	569.623
654.789	529.915
655.821	549.002
656.852	503.912
657.882	460.757
658.913	501.137
659.942	471.829
660.973	373.715
662.002	384.703
663.031	424.99
664.06	358.995
665.09	384.775
666.119	385.953
667.147	377.155
668.175	401.468
669.201	388.078
670.229	369.038
671.257	375.635
672.285	370.177
673.311	333.406
674.338	338.11
675.363	338.286
676.389	329.306
677.416	387.637
678.441	311.298
679.466	348.325
680.491	374.208
681.515	383.432
682.54	285.662
683.565	365.955
684.589	332.867
685.613	389.339
686.635	346.194
687.659	365.84
688.681	361.465
689.705	356.14
690.727	372.062
691.75	455.534
692.772	400.173
693.793	391.055
694.814	430.054
695.835	471.794
696.856	415.327
697.877	431.982
698.898	416.22
699.918	434.713
700.937	470.799
701.957	409.746
702.978	488.412
703.996	415.342
705.016	421.819
706.034	366.314
707.052	360.749
708.069	371.826
709.087	339.472
710.107	314.541
711.124	333.064
712.139	342.366
713.156	295.308
714.173	334.184
715.19	343.457
716.205	333.277
717.222	329.514
718.238	325.708
719.253	290.525
720.267	425.918
721.283	351.125
722.297	386.019
723.311	403.422
724.325	411.639
725.339	395.966
726.353	420.815
727.366	421.788
728.38	511.105
729.391	575.587
730.404	601.37
731.417	620.601
732.428	592.818
733.441	642.165
734.452	707.972
735.463	715.958
736.475	759.849
737.486	766.264
738.496	727.846
739.506	745.457
740.516	797.945
741.526	818.253
742.534	773.302
743.544	810.88
744.554	817.216
745.561	790.534
746.571	871.222
747.578	840.969
748.587	856.634
749.594	752.181
750.601	831.238
751.608	743.367
752.615	798.704
753.621	776.099
754.628	807.748
755.634	731.963
756.641	716.85
757.647	774.48
758.651	735.5
759.657	772.057
760.663	714.544
761.666	759.369
762.67	788.469
763.676	765.748
764.679	767.854
765.682	841.029
766.686	856.817
767.689	845.789
768.692	796.023
769.694	780.632
770.697	772.852
771.698	760.622
772.7	743.822
773.703	695.378
774.703	732.124
775.703	685.038
776.705	670.236
777.705	717.549
778.705	700.767
779.705	716.6
780.705	731.649
781.704	771.908
782.704	737.869
783.703	757.695
784.702	710.474
785.701	798.036
786.698	784.178
787.697	817.791
788.694	804.958
789.693	896.419
790.689	825.954
791.686	837.338
792.682	870.04
793.68	913.816
794.676	923.096
795.672	936.153
796.666	993.099
797.662	1068.83
798.658	1089.7
799.653	1158.04
800.647	1196.39
801.642	1274.52
802.636	1314.19
803.631	1343.42
804.624	1364.21
805.617	1433.37
806.61	1409.53
807.602	1360.58
808.595	1420.26
809.587	1372.14
810.58	1323.13
811.572	1300.22
812.564	1312.69
813.554	1263.23
814.546	1280.57
815.536	1251.63
816.528	1208.78
817.518	1244.57
818.507	1241.49
819.499	1293.92
820.488	1299.19
821.477	1358.93
822.466	1367.67
823.455	1498.12
824.444	1578.43
825.431	1646.62
826.42	1714.87
827.408	1833.09
828.395	1938.67
829.383	2110.7
830.369	2236.57
831.356	2344.52
832.342	2526.4
833.33	2858.41
834.315	3061.3
835.301	3293.81
836.287	3599.48
837.27	3810.57
838.256	3825.02
839.241	3887.48
840.226	3890.14
841.209	3842.01
842.194	3720.18
843.177	3650.68
844.16	3533.54
845.145	3248.41
846.127	3016.61
847.11	2919.89
848.092	2741.24
849.074	2658.94
850.056	2622.41
851.039	2581.95
852.018	2561.49
853	2475.57
853.982	2588.24
854.962	2619.23
855.941	2616.53
856.923	2594
857.902	2558.03
858.881	2551.7
859.86	2411.04
860.839	2299.6
861.818	2130.76
862.797	2125.49
863.776	2035.23
864.754	1943.87
865.733	1918.72
866.709	1850.34
867.687	1786.67
868.664	1693.71
869.642	1764.72
870.618	1685.86
871.594	1693.63
872.569	1606.61
873.545	1565.63
874.521	1542.1
875.496	1592.23
876.471	1479.14
877.447	1498.64
878.42	1514.32
879.395	1492.12
880.37	1495.68
881.343	1412.69
882.315	1383.25
883.29	1361.32
884.262	1347.77
885.235	1327.77
886.207	1290.17
887.179	1258.91
888.151	1201.75
889.123	1238.59
890.095	1217.38
891.065	1214.67
892.037	1253.48
893.009	1278.49
893.978	1267.56
894.948	1242.82
895.919	1278.09
896.888	1324.54
897.857	1350.82
898.826	1419.57
899.795	1401.48
900.764	1434.87
901.732	1417.26
902.701	1489.88
903.668	1516.24
904.636	1509.42
905.604	1550.66
906.57	1552.45
907.538	1577.52
908.504	1591.77
909.47	1599.79
910.436	1661.49
911.402	1625.43
912.367	1717.71
913.333	1651.88
914.298	1743.92
915.264	1660.15
916.229	1705.77
917.192	1698.74
918.157	1652.99
919.12	1646.24
920.084	1599.77
921.047	1536.58
922.01	1474.18
922.972	1447.75
923.935	1458.3
924.897	1354.76
925.859	1259.58
926.821	1312.87
927.783	1215.92
928.743	1135.62
929.705	1157.39
930.667	1115
931.626	1045.59
932.586	1110.01
933.547	1023.02
934.506	1000.26
935.466	1062.28
936.425	1035.03
937.384	1038.47
938.343	1000.8
939.301	1063.74
940.26	1068.84
941.217	1051.56
942.175	1105.31
943.132	1069.53
944.09	1075.86
945.046	1121.5
946.002	1056.71
946.96	1063.89
947.916	1073.81
948.872	1087.42
949.828	1008.15
950.783	1106.99
951.737	1024.71
952.692	1028.62
953.647	1066.19
954.601	1023.03
955.556	1012.74
956.509	989.453
957.464	1036.74
958.417	1069.21
959.369	1070.75
960.322	1026.12
961.275	1053.6
962.227	1090.18
963.179	1041.05
964.132	1096.18
965.082	1100.72
966.034	1041.65
966.984	1000.63
967.936	1028.29
968.885	1035.24
969.837	1035.44
970.787	1040.11
971.736	1074.66
972.686	1006.68
973.635	1018.59
974.584	1044.65
975.533	1050.17
976.48	1105.53
977.429	1160.94
978.378	1149.73
979.325	1095.33
980.273	1217.37
981.22	1269.91
982.166	1335.51
983.113	1364.36
984.061	1454.9
985.007	1509.55
985.953	1624.9
986.897	1713.91
987.843	1781.47
988.789	1863.27
989.734	1899.47
990.678	1981.64
991.623	2173.2
992.567	2385.1
993.51	2835.87
994.453	3489.67
995.398	4307.9
996.341	5415.5
997.284	6600.53
998.227	7807.21
999.168	8449.45
1000.11	8554.97
1001.05	7746.98
1001.99	6267.34
1002.94	4778.44
1003.88	3543.53
1004.82	2718.74
1005.76	2188.33
1006.7	1818.06
1007.64	1566.86
1008.58	1416.99
1009.52	1292.04
1010.46	1289
1011.4	1205.77
1012.34	1159.93
1013.27	1172.07
1014.21	1182.67
1015.15	1182.35
1016.09	1232.56
1017.03	1289.34
1017.96	1316.14
1018.9	1323.11
1019.84	1457.85
1020.77	1514.05
1021.71	1608.64
1022.65	1771.72
1023.58	1956.78
1024.52	2260.32
1025.45	2441.96
1026.39	2779.4
1027.32	3025.08
1028.26	3285.5
1029.19	3296.88
1030.12	3278.91
1031.06	3136.15
1031.99	2927.04
1032.92	2776.53
1033.86	2489.9
1034.79	2227.47
1035.72	2090.77
1036.65	1928.19
1037.59	1833.06
1038.52	1709.36
1039.45	1679.86
1040.38	1611.61
1041.31	1517.8
1042.24	1537.28
1043.17	1465
1044.1	1481.49
1045.03	1405.31
1045.96	1411.5
1046.89	1398.02
1047.82	1451.09
1048.75	1382.19
1049.68	1375.88
1050.61	1427.43
1051.53	1464.59
1052.46	1471.98
1053.39	1522.79
1054.32	1496.32
1055.24	1571.53
1056.17	1648.7
1057.1	1698.5
1058.02	1808.46
1058.95	1760.61
1059.88	1852.7
1060.8	1851.44
1061.73	1917.76
1062.65	1807.83
1063.58	1824.73
1064.5	1741.57
1065.43	1766.09
1066.35	1677.7
1067.27	1712.86
1068.2	1658.76
1069.12	1632.93
1070.04	1635.61
1070.97	1583.32
1071.89	1548.65
1072.81	1534.46
1073.73	1463.5
1074.65	1452.59
1075.58	1384.4
1076.5	1421.65
1077.42	1351.98
1078.34	1345.94
1079.26	1375.03
1080.18	1337.51
1081.1	1253.47
1082.02	1332.04
1082.94	1275.61
1083.86	1279.99
1084.78	1318.53
1085.7	1283.03
1086.61	1282.75
1087.53	1283.5
1088.45	1209.36
1089.37	1267.09
1090.28	1181.53
1091.2	1321.53
1092.12	1271.81
1093.03	1264.73
1093.95	1290.85
1094.87	1282.05
1095.78	1232.7
1096.7	1311.24
1097.61	1251.65
1098.53	1354.82
1099.44	1293.26
1100.36	1308.27
1101.27	1300.49
1102.19	1268.06
1103.1	1264.91
1104.01	1200.33
1104.93	1286.09
1105.84	1308.66
1106.75	1297.42
1107.67	1325.12
1108.58	1377.58
1109.49	1420.64
1110.4	1470.18
1111.31	1493.96
1112.22	1499.51
1113.14	1589.1
1114.05	1693.77
1114.96	1711.6
1115.87	1804.29
1116.78	1870.67
1117.69	1851.96
1118.6	1921.01
1119.51	1887.67
1120.42	1979.8
1121.32	2009.48
1122.23	1997.83
1123.14	1981.98
1124.05	1963.95
1124.96	1937.04
1125.86	1847.03
1126.77	1782.42
1127.68	1704.12
1128.58	1639.43
1129.49	1513.44
1130.4	1441.11
1131.3	1440.65
1132.21	1362.5
1133.11	1377.45
1134.02	1402.2
1134.92	1453.82
1135.83	1393.85
1136.73	1461.05
1137.64	1452.33
1138.54	1520.37
1139.44	1498.06
1140.35	1455.7
1141.25	1477.96
1142.15	1438.54
1143.06	1431.55
1143.96	1506.44
1144.86	1515.71
1145.76	1523.93
1146.66	1505.32
1147.57	1510.34
1148.47	1586.7
1149.37	1554.41
1150.27	1635.49
1151.17	1630.89
1152.07	1615.87
1152.97	1676.13
1153.87	1638.2
1154.77	1608.74
1155.67	1572.49
1156.57	1435.15
1157.46	1342.61
1158.36	1286.37
1159.26	1222.66
1160.16	1223.87
1161.05	1171.8
1161.95	1061.5
1162.85	1081.64
1163.75	1078.66
1164.64	1021.14
1165.54	1087.33
1166.44	1002.11
1167.33	994.15
1168.23	1010.14
1169.12	1010.13
1170.02	989.282
1170.91	977.01
1171.81	1009.39
1172.7	1002.68
1173.59	1039.63
1174.49	1056.5
1175.38	1098.92
1176.27	1107.02
1177.17	1213.74
1178.06	1237.8
1178.95	1320.68
1179.84	1283.29
1180.74	1367.39
1181.63	1398.56
1182.52	1365.33
1183.41	1363.25
1184.3	1391.27
1185.19	1384.99
1186.08	1329.39
1186.97	1340.94
1187.86	1367.62
1188.75	1416.97
1189.64	1483.26
1190.53	1517.39
1191.42	1559.03
1192.31	1528.16
1193.2	1640.63
1194.09	1669.52
1194.97	1648.76
1195.86	1674.28
1196.75	1672.43
1197.64	1612.07
1198.52	1587.37
1199.41	1595.6
1200.29	1496.63
1201.18	1462.71
1202.07	1366.78
1202.95	1377.13
1203.84	1291.4
1204.72	1247.83
1205.61	1213.54
1206.49	1135.1
1207.38	1119.76
1208.26	1084.01
1209.14	1056.07
1210.03	996.405
1210.91	995.083
1211.79	931.654
1212.68	947.04
1213.56	948.083
1214.44	923.486
1215.32	898.74
1216.21	896.518
1217.09	930.076
1217.97	906.51
1218.85	944.267
1219.73	987.967
1220.61	943.552
1221.49	954.737
1222.37	1023.41
1223.25	1026.06
1224.13	1079.43
1225.01	1137.3
1225.89	1213.87
1226.77	1239.43
1227.65	1235.83
1228.52	1312.66
1229.4	1299.16
1230.28	1275.48
1231.16	1280.29
1232.03	1269.06
1232.91	1264.39
1233.79	1269.06
1234.66	1232.78
1235.54	1201.04
1236.42	1256.46
1237.29	1237.78
1238.17	1187.74
1239.04	1101.64
1239.92	1080.18
1240.79	1063.54
1241.67	1069.76
1242.54	1024.65
1243.41	1015.68
1244.29	1059.09
1245.16	1024.45
1246.03	1004.1
1246.91	1037.13
1247.78	1045.29
1248.65	982.681
1249.52	1041.15
1250.4	1033.62
1251.27	1043.22
1252.14	1028.03
1253.01	1012.91
1253.88	1057.09
1254.75	1042.11
1255.62	1108.31
1256.49	1044.46
1257.36	1094.2
1258.23	1060.66
1259.1	1156.94
1259.97	1146.16
1260.84	1133.47
1261.71	1133.25
1262.57	1158.87
1263.44	1154.03
1264.31	1196.97
1265.18	1208.45
1266.05	1232.31
1266.91	1251.33
1267.78	1332.26
1268.65	1394.95
1269.51	1408.92
1270.38	1500
1271.24	1645.26
1272.11	1716.07
1272.97	1844.81
1273.84	1851.63
1274.7	2018.2
1275.57	2138.13
1276.43	2201.59
1277.3	2344.52
1278.16	2375.12
1279.02	2425.15
1279.89	2493.48
1280.75	2561.18
1281.61	2621.81
1282.48	2705.77
1283.34	2697.8
1284.2	2717.21
1285.06	2673.58
1285.92	2649.67
1286.78	2618.57
1287.65	2525.58
1288.51	2388.39
1289.37	2340.02
1290.23	2227.8
1291.09	2199.71
1291.95	2055.83
1292.81	2033.09
1293.67	1957.21
1294.52	1901.4
1295.38	1871.64
1296.24	1850.56
1297.1	1821.88
1297.96	1816.01
1298.81	1745.42
1299.67	1776.84
1300.53	1715.7
1301.39	1729.54
1302.24	1686.87
1303.1	1632.07
1303.95	1582.19
1304.81	1539.2
1305.67	1513.54
1306.52	1433.63
1307.38	1405.48
1308.23	1335.11
1309.09	1288.59
1309.94	1239.48
1310.8	1170.03
1311.65	1158.01
1312.5	1118.72
1313.35	1095.1
1314.21	1084.71
1315.06	1037.63
1315.91	1035.78
1316.77	1009.05
1317.62	990.454
1318.47	1010.3
1319.32	983.798
1320.17	974.868
1321.02	965.026
1321.87	991.009
1322.73	956.725
1323.57	971.711
1324.43	977.08
1325.28	953.539
1326.13	947.173
1326.97	964.75
1327.82	964.303
1328.67	956.873
1329.52	977.176
1330.37	967.095
1331.22	987.026
1332.06	984.013
1332.91	953.858
1333.76	980.997
1334.61	993.442
1335.45	983.289
1336.3	976.224
1337.15	997.414
1337.99	971.37
1338.84	1006.63
1339.68	989.428
1340.53	1011.46
1341.37	1004.83
1342.22	1027.97
1343.06	1011.75
1343.91	1010.3
1344.75	1019.07
1345.6	1020.66
1346.44	1025.74
1347.28	1026.43
1348.12	1020.69
1348.97	1015.09
1349.81	991.301
1350.65	1040.91
1351.49	1038.45
1352.33	1016.73
1353.18	1028.5
1354.02	1050.92
1354.86	1068.81
1355.7	1096.91
1356.54	1141.1
1357.38	1165.56
1358.22	1171.31
1359.06	1168.37
1359.9	1215.87
1360.74	1194.99
1361.58	1209.98
1362.42	1227.18
1363.25	1220.42
1364.09	1211.24
1364.93	1221.54
1365.77	1234.83
1366.6	1227.76
1367.19	1217.23
1368.1	1208.67
1369.01	1245.31
1369.92	1229.7
1370.83	1187.38
1371.74	1175.47
1372.65	1138.85
1373.56	1135.64
1374.47	1127.48
1375.37	1071.1
1376.28	1082.53
1377.19	1055.53
1378.1	1072.69
1379	1031.85
1379.91	1021.45
1380.82	992.428
1381.72	1010.44
1382.63	979.356
1383.54	993.207
1384.44	949.219
1385.35	956.991
1386.25	967.654
1387.16	905.244
1388.06	922.867
1388.97	898.705
1389.87	873.674
1390.78	953.623
1391.68	934.502
1392.59	929.972
1393.49	926.397
1394.39	925.669
1395.3	932.584
1396.2	901.698
1397.1	865.028
1398	815.918
1398.91	821.911
1399.81	763.48
1400.71	747.553
1401.61	737.438
1402.52	752.284
1403.42	751.673
1404.32	746.199
1405.22	734.959
1406.12	767.832
1407.02	726.097
1407.92	735.23
1408.82	754.981
1409.72	751.864
1410.62	745.906
1411.52	750.434
1412.42	753.942
1413.32	759.287
1414.21	766.475
1415.11	779.329
1416.01	771.195
1416.91	792.588
1417.81	819.717
1418.71	806.983
1419.6	868.558
1420.5	869.453
1421.4	868.6
1422.29	940.09
1423.19	995.409
1424.09	1036.35
1424.98	1080.94
1425.88	1137.74
1426.77	1184.96
1427.67	1276.86
1428.56	1320.35
1429.46	1439
1430.35	1573.92
1431.25	1708.04
1432.14	1813.89
1433.04	1920.02
1433.93	2014.13
1434.82	2015.29
1435.72	2028
1436.61	2060.81
1437.5	2095.61
1438.39	2119
1439.29	2181.49
1440.18	2239.11
1441.07	2341.48
1441.96	2417.92
1442.85	2516.35
1443.75	2645.69
1444.64	2761.2
1445.53	2863.97
1446.42	2909.63
1447.31	2952.38
1448.2	3003.35
1449.09	3037.44
1449.98	3026.82
1450.87	3063.13
1451.76	2974.66
1452.65	2972.34
1453.54	2861.99
1454.43	2753.96
1455.31	2770.33
1456.2	2677.2
1457.09	2543.51
1457.98	2489.07
1458.87	2348.02
1459.75	2270.69
1460.64	2181.21
1461.53	2126.19
1462.41	2073.66
1463.3	2026.13
1464.19	2033.6
1465.07	2009.5
1465.96	1994.42
1466.85	1952.65
1467.73	1926.25
1468.61	1902.87
1469.5	1822.48
1470.38	1749.08
1471.27	1699.06
1472.15	1648.97
1473.04	1659.89
1473.92	1701.69
1474.8	1666.61
1475.69	1657.74
1476.57	1622.79
1477.45	1567.72
1478.34	1473.07
1479.22	1537.89
1480.1	1445.11
1480.98	1404.44
1481.86	1328.25
1482.75	1350.74
1483.63	1333.05
1484.51	1273.62
1485.39	1197.03
1486.27	1127.64
1487.15	1035.36
1488.03	932.612
1488.91	855.032
1489.79	777.333
1490.67	753.668
1491.55	706.689
1492.43	646.212
1493.31	615.775
1494.19	599.915
1495.07	566.78
1495.94	613.643
1496.82	547.79
1497.7	540.648
1498.58	502.704
1499.45	478.234
1500.33	472.024
1501.21	520.468
1502.09	431.915
1502.96	463.139
1503.84	460.866
1504.72	431.847
1505.59	421.951
1506.47	389.158
1507.34	433.594
1508.22	412.252
1509.09	400.483
1509.97	384.972
1510.84	410.383
1511.72	377.877
1512.59	372.931
1513.46	386.929
1514.34	402.743
1515.21	363.545
1516.08	357.488
1516.96	353.317
1517.83	374.647
1518.7	336.547
1519.57	393.713
1520.45	337.855
1521.32	341.397
1522.19	331.821
1523.06	328.883
1523.93	309.065
1524.8	322.153
1525.67	278.847
1526.54	289.997
1527.41	305.794
1528.28	314.052
1529.16	287.621
1530.02	293.105
1530.89	293.012
1531.76	274.238
1532.63	285.471
1533.5	306.086
1534.37	284.551
1535.24	287.348
1536.11	310.723
1536.97	291.952
1537.84	320.936
1538.71	283.486
1539.57	291.016
1540.44	278.934
1541.31	273.443
1542.18	264.215
1543.04	287.795
1543.91	301.977
1544.77	261.69
1545.64	277.648
1546.5	253.235
1547.37	222.272
1548.24	253.29
1549.1	248.735
1549.96	249.903
1550.83	253.964
1551.69	250.525
1552.56	252.707
1553.42	229.345
1554.28	258.76
1555.15	247.529
1556.01	231.562
1556.87	267.629
1557.73	254.618
1558.6	242.601
1559.46	273.271
1560.32	255.558
1561.18	224.438
1562.04	265.487
1562.9	238.016
1563.77	234.308
1564.63	273.478
1565.49	299.413
1566.35	265.37
1567.21	276.191
1568.07	294.708
1568.93	279.759
1569.79	282.951
1570.64	277.471
1571.5	284.419
1572.36	300.953
1573.22	296.36
1574.08	343.719
1574.94	349.793
1575.8	385.781
1576.65	403.532
1577.51	457.995
1578.37	496.094
1579.22	569.979
1580.08	641.987
1580.94	713.101
1581.79	740.738
1582.65	760.723
1583.51	749.756
1584.36	690.238
1585.22	635.464
1586.07	533.838
1586.93	472.901
1587.78	455.686
1588.63	444.258
1589.49	445.452
1590.34	448.537
1591.2	492.544
1592.05	506.214
1592.9	571.546
1593.76	599.763
1594.61	663.165
1595.46	805.761
1596.32	893.956
1597.17	1037.13
1598.02	1185.48
1598.87	1355.49
1599.72	1524.51
1600.58	1665.92
1601.43	1735.48
1602.28	1723.38
1603.13	1561.26
1603.98	1460.72
1604.83	1276.21
1605.68	1062.69
1606.53	919.794
1607.38	796.629
1608.23	712.603
1609.08	639.295
1609.93	561.999
1610.77	529.524
1611.62	474.572
1612.47	470.35
1613.32	452.542
1614.17	412.441
1615.01	379.254
1615.86	370.448
1616.71	343.151
1617.55	311.929
1618.4	328.315
1619.25	315.466
1620.09	314.245
1620.94	299.43
1621.79	327.314
1622.63	277.689
1623.48	292.08
1624.32	304.564
1625.17	302.554
1626.01	320.881
1626.86	310.18
1627.7	313.99
1628.54	310.051
1629.39	304.161
1630.23	317.577
1631.07	334.811
1631.92	335.579
1632.76	353.693
1633.6	339.964
1634.45	368.674
1635.29	377.159
1636.13	377.965
1636.97	387.448
1637.81	392.115
1638.66	424.668
1639.5	411.06
1640.34	392.687
1641.18	413.771
1642.02	442.594
1642.86	438.785
1643.7	438.839
1644.54	442.73
1645.38	421.603
1646.22	461.008
1647.06	452.338
1647.89	435.989
1648.73	392.772
1649.57	421.721
1650.41	434.425
1651.25	439.517
1652.09	435.983
1652.92	415.069
1653.76	422.017
1654.6	453.946
1655.43	393.213
1656.27	430.861
1657.11	402.985
1657.94	407.063
1658.78	450.876
1659.62	435.85
1660.45	400.458
1661.29	454.041
1662.12	395.148
1662.96	391.379
1663.79	424.427
1664.62	396.439
1665.46	379.195
1666.29	381.453
1667.13	357.547
1667.96	414.4
1668.79	390.51
1669.63	365.562
1670.46	360.047
1671.29	364.245
1672.12	321.487
1672.96	330.478
1673.79	311.082
1674.62	281.873
1675.45	283.02
1676.28	306.746
1677.11	294.253
1677.95	266.055
1678.78	273.19
1679.61	252.769
1680.44	316.912
1681.27	319.023
1682.1	274.799
1682.93	271.916
1683.75	259.199
1684.58	300.728
1685.41	289.073
1686.24	293.218
1687.07	273.669
1687.9	302.512
1688.73	290.832
1689.55	310.786
1690.38	309.955
1691.21	312.064
1692.04	309.177
1692.86	306.234
1693.69	307.21
1694.52	317.087
1695.34	336.897
1696.17	363.712
1696.99	377.747
1697.82	366.083
1698.64	386.185
1699.47	413.238
1700.29	384.62
1701.12	405.573
1701.94	424.456
1702.77	423.397
1703.59	453.088
1704.41	463.886
1705.24	475.683
1706.06	521.243
1706.88	495.373
1707.71	561.809
1708.53	568.719
1709.35	539.907
1710.17	657.884
1711	663.695
1711.82	682.326
1712.64	692.954
1713.46	774.88
1714.28	768.639
1715.1	809.016
1715.92	853.428
1716.74	881.052
1717.56	934.331
1718.38	974.535
1719.2	979.831
1720.02	1032.3
1720.84	1104.33
1721.66	1159.6
1722.48	1223.02
1723.3	1230.65
1724.11	1302.62
1724.93	1305.68
1725.75	1345.91
1726.57	1451.65
1727.39	1464.3
1728.2	1467.82
1729.02	1497.86
1729.84	1506.48
1730.65	1557.55
1731.47	1517.62
1732.29	1546.34
1733.1	1522
1733.92	1525.87
1734.73	1491.46
1735.55	1461.98
1736.36	1481.47
1737.18	1427.88
1737.99	1356.85
1738.81	1291.71
1739.62	1282.06
1740.43	1227.54
1741.25	1193.49
1742.06	1086.66
1742.87	1033.49
1743.69	987.266
1744.5	939.202
1745.31	866.957
1746.13	796.726
1746.94	784.715
1747.75	699.174
1748.56	617.635
1749.37	578.774
1750.18	556.399
1750.99	541.762
1751.81	476.819
1752.61	452.51
1753.42	414.697
1754.24	398.195
1755.04	370.138
1755.85	338.235
1756.66	345.93
1757.47	315.897
1758.28	311.898
1759.09	297.249
1759.9	290.329
1760.71	259.349
1761.52	286.27
1762.32	255.417
1763.13	274.715
1763.94	230.407
1764.74	225.603
1765.55	211.145
1766.36	242.958
1767.17	221.773
1767.97	238.223
1768.78	217.099
1769.58	195.977
1770.39	174.834
1771.19	195.191
1772	192.355
1772.8	168.245
1773.61	184.722
1774.41	197.349
1775.22	176.142
1776.02	161.698
1776.83	162.729
1777.63	155.048
1778.43	182.235
1779.23	173.61
1780.04	162.09
1780.84	179.689
1781.64	169.17
1782.44	146.974
1783.25	167.538
1784.05	178.387
1784.85	160.012
1785.65	149.405
1786.45	171.95
1787.25	169.147
1788.05	179.044
1788.86	173.315
1789.65	132.359
1790.46	159.859
1791.25	156.044
1792.05	132.622
1792.85	155.256
1793.65	151.439
1794.45	156.47
1795.25	136.966
1796.05	132.198
1796.85	144.167
1797.64	154.188
1798.44	154.35
1799.24	155.477
1800.04	185.237
1800.83	135.922
1801.63	169.631
1802.43	143.003
1803.22	154.962
1804.02	146.13
1804.82	134.311
1805.61	177.003
1806.41	137.404
1807.2	151.348
1808	164.314
1808.79	137.585
1809.59	141.637
1810.38	162.595
1811.18	193.516
1811.97	153.807
1812.76	161.804
1813.56	156.831
1814.35	155.813
1815.14	133.902
1815.94	175.67
1816.73	148.84
1817.52	142.926
1818.31	147.974
1819.1	140.074
1819.9	139.115
1820.69	135.136
1821.48	146.072
1822.27	139.067
1823.06	160.941
1823.85	105.173
1824.64	129.051
1825.43	156.9
1826.22	153.883
1827.01	120.019
1827.8	150.811
1828.59	153.759
1829.38	171.633
1830.17	145.781
1830.96	149.749
1831.74	146.743
1832.53	157.621
1833.32	138.674
1834.11	143.547
1834.89	151.381
1835.68	148.301
1836.47	158.104
1837.26	129.299
1838.04	145.044
1838.83	137.043
1839.61	154.73
1840.4	130.915
1841.19	151.509
1841.97	145.448
1842.76	110.846
1843.54	146.16
1844.33	145.072
1845.11	112.572
1845.89	118.425
1846.68	149.811
1847.46	136.022
1848.25	106.532
1849.03	126.104
1849.81	121.149
1850.6	162.27
1851.38	144.585
1852.16	131.812
1852.94	138.628
1853.72	146.405
1854.51	159.049
1855.29	134.504
1856.07	137.342
1856.85	162.631
1857.63	115.67
1858.41	121.436
1859.19	131.098
1859.97	99.8511
1860.75	132.905
1861.53	144.544
1862.31	132.843
1863.09	163.971
1863.87	111.419
1864.65	134.744
1865.43	133.721
1866.21	110.319
1866.99	135.486
1867.76	149.932
1868.54	155.636
1869.32	120.651
1870.1	136.104
1870.87	129.301
1871.65	120.584
1872.43	112.843
1873.2	145.783
1873.98	122.53
1874.76	133.17
1875.53	141.87
1876.31	141.866
1877.08	113.798
1877.86	141.921
1878.63	123.561
1879.41	125.542
1880.18	157.563
1880.96	137.223
1881.73	133.353
1882.5	140.149
1883.28	108.169
1884.05	121.777
1884.82	129.58
1885.6	104.393
1886.37	160.733
1887.14	121.934
1887.91	129.729
1888.68	153.067
1889.46	130.763
1890.23	133.731
1891	105.61
1891.77	142.674
1892.54	123.339
1893.31	97.1611
1894.08	133.404
1894.85	118.907
1895.62	127.828
1896.39	139.657
1897.16	128.934
1897.93	148.52
1898.7	119.15
1899.47	166.153
1900.24	96.6863
1901.01	159.473
1901.77	133.149
1902.54	124.465
1903.31	128.528
1904.08	130.612
1904.84	121.853
1905.61	159.352
1906.38	98.3558
1907.14	115.17
1907.91	140.879
1908.68	151.823
1909.44	133.169
1910.21	149.085
1910.97	129.436
1911.74	135.495
1912.51	136.613
1913.27	129.797
1914.03	145.781
1914.8	151.847
1915.56	133.073
1916.33	133.148
1917.09	159.061
1917.85	140.223
1918.62	113.407
1919.38	133.342
1920.14	119.449
1920.9	153.353
1921.67	119.566
1922.43	137.602
1923.19	111.789
1923.95	121.893
1924.71	130.017
1925.47	128.133
1926.24	177.268
1927	103.24
1927.76	134.308
1928.52	177.376
1929.28	121.283
1930.04	138.291
1930.8	146.282
1931.56	136.257
1932.32	144.261
1933.08	135.264
1933.83	126.286
1934.59	145.366
1935.35	114.367
1936.11	153.5
1936.87	131.469
1937.62	102.386
1938.38	154.449
1939.14	125.332
1939.89	129.279
1940.65	148.252
1941.41	145.229
1942.16	158.227
1942.92	132.2
1943.68	120.162
1944.43	154.087
1945.19	145.982
1945.94	153.837
1946.7	126.771
1947.45	150.575
1948.21	125.57
1948.96	151.362
1949.71	154.264
1950.47	131.327
1951.22	130.279
1951.98	155.062
1952.73	136.131
1953.48	158.888
1954.23	163.74
1954.99	159.63
1955.74	112.929
1956.49	153.336
1957.24	148.221
1957.99	151.038
1958.75	139.093
1959.5	131.135
1960.25	173.45
1961	135.946
1961.75	125.036
1962.5	152.478
1963.25	123.839
1964	141.395
1964.75	131.457
1965.5	121.541
1966.25	147.88
1967	144.799
1967.74	149.518
1968.49	150.293
1969.24	145.201
1969.99	136.232
1970.74	128.282
1971.48	130.1
1972.23	157.198
1972.98	152.277
1973.73	141.554
1974.47	144.401
1975.22	129.769
1975.96	141.276
1976.71	135.323
1977.46	133.24
1978.2	154.343
1978.95	149.391
1979.69	153.164
1980.44	117.451
1981.18	145.387
1981.93	137.664
1982.67	155.942
1983.41	134.685
1984.16	150.949
1984.9	132.535
1985.64	140.073
1986.39	123.606
1987.13	114.855
1987.87	104.226
1988.61	133.844
1989.36	118.475
1990.1	133.744
1990.84	162.399
1991.58	187.212
1992.32	170.911
1993.06	131.691
1993.81	110.658
1994.55	125.008
1995.29	138.434
1996.03	150.938
1996.77	137.633
1997.51	142.509
1998.24	109.061
1998.98	124.449
1999.72	147.503
2000.46	150.419
2001.2	140.864
2001.94	139.944
2002.68	124.64
2003.41	133.337
2004.15	139.169
2004.89	128.671
2005.63	145.078
2006.36	143.217
2007.1	139.422
2007.84	126.963
2008.57	135.682
2009.31	119.381
2010.05	119.465
2010.78	131.14
2011.52	138.984
2012.25	115.929
2012.99	149.872
2013.72	154.82
2014.46	135.553
2015.19	107.537
2015.92	126.972
2016.66	120.264
2017.39	129.091
2018.13	158.35
2018.86	132.288
2019.59	131.482
2020.32	136.52
2021.06	125.955
2021.79	122.415
2022.52	107.296
2023.25	112.32
2023.98	139.567
2024.72	120.461
2025.45	116.645
2026.18	147.837
2026.91	146.954
2027.64	145.881
2028.37	133.299
2029.1	116.674
2029.83	150.701
2030.56	146.519
2031.29	154.982
2032.02	135.259
2032.75	143.682
2033.47	147.946
2034.2	128.626
2034.93	142.203
2035.66	121.485
2036.39	123.271
2037.11	131.644
2037.84	134.097
2038.57	134.911
2039.3	123.519
2040.02	127.405
2040.75	136.721
2041.47	129.288
2042.2	127.294
2042.93	125.086
2043.65	108.352
2044.38	113.201
2045.1	131.207
2045.83	139.085
2046.55	132.451
2047.28	143.408
2048	124.727
2048.73	122.105
2049.45	120.088
2050.17	129.862
2050.9	140.084
2051.62	131.24
2052.34	131.761
2053.07	133.728
2053.79	127.804
2054.51	125.86
2055.23	149.301
2055.95	152.091
2056.68	133.667
2057.4	129.954
2058.12	142.093
2058.84	161.587
2059.56	145.536
2060.28	140.173
2061	134.165
2061.72	133.359
2062.44	123.343
2063.16	130.659
2063.88	133.482
2064.6	128.667
2065.32	148.844
2066.03	143.776
2066.75	146.164
2067.47	130.545
2068.19	135.354
2068.91	154.113
2069.62	160.843
2070.34	153.403
2071.06	131.535
2071.77	144.329
2072.49	157.783
2073.21	138.809
2073.92	142.479
2074.64	137.328
2075.36	129.456
2076.07	134.503
2076.79	134.904
2077.5	156.415
2078.22	134.425
2078.93	146.404
2079.64	132.716
2080.36	128.473
2081.07	123.254
2081.79	131.38
2082.5	150.243
2083.21	152.907
2083.93	159.676
2084.64	139.304
2085.35	135.438
2086.07	130.462
2086.78	150.844
2087.49	156.789
2088.2	148.747
2088.91	141.963
2089.62	133.206
2090.33	146.927
2091.04	149.258
2091.76	131.657
2092.47	127.553
2093.18	149.394
2093.89	151.911
2094.6	125.678
2095.3	154.987
2096.01	136.682
2096.72	142.889
2097.43	156.027
2098.14	152.169
2098.85	143.402
2099.56	133.046
2100.09	115.56
2100.87	159.012
2101.65	133.261
2102.43	130.254
2103.21	125.265
2103.99	125.197
2104.77	149.766
2105.55	129.91
2106.32	138.628
2107.1	154.214
2107.88	162.919
2108.66	114.702
2109.44	128.409
2110.22	139.187
2110.99	156.828
2111.77	144.983
2112.55	174.272
2113.33	155.471
2114.1	131.815
2114.88	143.408
2115.66	136.477
2116.43	144.244
2117.21	178.401
2117.99	172.543
2118.76	135.429
2119.54	157.835
2120.31	160.694
2121.09	147.939
2121.86	153.716
2122.64	132.216
2123.41	152.621
2124.19	136.023
2124.96	172.993
2125.74	144.752
2126.51	118.478
2127.28	163.316
2128.06	166.291
2128.83	167.308
2129.61	171.231
2130.38	121.507
2131.15	148.806
2131.92	120.526
2132.7	148.818
2133.47	150.792
2134.24	148.867
2135.01	147.915
2135.78	126.459
2136.55	129.404
2137.33	142.124
2138.1	141.185
2138.87	134.398
2139.64	139.356
2140.41	128.678
2141.18	150.324
2141.95	162.214
2142.72	189.833
2143.49	124.17
2144.26	151.77
2145.03	152.83
2145.8	124.359
2146.57	157.896
2147.33	159.968
2148.1	146.289
2148.87	132.6
2149.64	173.236
2150.41	98.2007
2151.17	127.955
2151.94	130.003
2152.71	146.922
2153.48	143.052
2154.24	142.173
2155.01	142.304
2155.78	149.405
2156.54	124.649
2157.31	144.696
2158.08	142.818
2158.84	121.948
2159.61	121.019
2160.37	138.072
2161.14	145.126
2161.9	113.155
2162.67	150.255
2163.43	133.32
2164.2	169.549
2164.96	166.716
2165.72	162.877
2166.49	145.924
2167.25	133.942
2168.01	112.837
2168.78	135.049
2169.54	135.078
2170.3	133.103
2171.07	131.148
2171.83	165.589
2172.59	140.442
2173.35	130.432
2174.11	154.829
2174.88	138.682
2175.64	153.915
2176.4	129.587
2177.16	121.533
2177.92	145.938
2178.68	152.121
2179.44	156.305
2180.2	136.138
2180.96	129.16
2181.72	159.786
2182.48	164.995
2183.24	140.677
2184	144.827
2184.76	165.251
2185.52	142.914
2186.28	158.239
2187.04	158.299
2187.79	147.164
2188.55	176.763
2189.31	158.506
2190.07	193.209
2190.83	182.077
2191.58	204.56
2192.34	154.701
2193.1	159.848
2193.85	164.976
2194.61	166.002
2195.37	176.16
2196.12	177.125
2196.88	163.844
2197.63	169.893
2198.39	162.756
2199.15	155.656
2199.9	152.644
2200.66	179.077
2201.41	159.819
2202.16	171.994
2202.92	166.889
2203.67	170.89
2204.43	138.43
2205.18	173.848
2205.93	161.713
2206.69	187.057
2207.44	156.761
2208.19	153.785
2208.95	163.948
2209.7	149.794
2210.45	183.163
2211.2	139.66
2211.95	178.037
2212.71	160.835
2213.46	163.84
2214.21	146.662
2214.96	156.72
2215.71	167.761
2216.46	161.654
2217.21	162.585
2217.96	150.434
2218.71	160.392
2219.46	182.376
2220.21	172.261
2220.96	147.162
2221.71	162.167
2222.46	158.158
2223.21	163.156
2223.96	166.134
2224.71	195.07
2225.46	179.999
2226.21	176.919
2226.95	181.829
2227.7	212.66
2228.45	185.712
2229.2	229.479
2229.94	244.356
2230.69	267.176
2231.44	318.804
2232.18	327.655
2232.93	324.57
2233.68	372.088
2234.42	376.862
2235.17	380.611
2235.92	406.138
2236.66	383.153
2237.41	408.712
2238.15	369.034
2238.9	427.277
2239.64	404.468
2240.38	358.949
2241.13	337.145
2241.87	314.358
2242.62	292.568
2243.36	275.727
2244.1	248.059
2244.85	226.331
2245.59	207.579
2246.33	216.411
2247.08	178.007
2247.82	206.522
2248.56	211.406
2249.3	188.753
2250.05	169.057
2250.79	190.609
2251.53	161.129
2252.27	162.094
2253.01	205.233
2253.75	149.386
2254.49	182.758
2255.23	173.017
2255.97	164.259
2256.71	183.924
2257.45	148.677
2258.19	166.348
2258.93	162.435
2259.67	151.659
2260.41	152.646
2261.15	163.441
2261.89	168.391
2262.63	187.086
2263.36	157.817
2264.1	129.513
2264.84	158.052
2265.58	153.247
2266.32	149.401
2267.05	158.288
2267.79	189.725
2268.53	153.461
2269.26	156.441
2270	181.01
2270.74	150.669
2271.48	141.922
2272.21	146.93
2272.95	171.599
2273.68	165.847
2274.42	146.328
2275.15	167.122
2275.89	161.353
2276.62	171.323
2277.36	158.625
2278.09	167.587
2278.83	142.042
2279.56	152.959
2280.29	175.708
2281.03	167.893
2281.76	160.081
2282.49	154.25
2283.23	168.173
2283.96	169.293
2284.69	149.681
2285.42	183.444
2286.16	178.649
2286.89	175.8
2287.62	165.99
2288.35	150.219
2289.08	141.377
2289.81	175.144
2290.55	144.547
2291.28	146.67
2292.01	154.77
2292.74	158.919
2293.47	173.015
2294.2	144.331
2294.93	167.363
2295.66	151.542
2296.39	150.633
2297.11	160.668
2297.85	153.76
2298.57	166.799
2299.3	161.922
2300.03	177.022
2300.76	145.231
2301.49	151.366
2302.22	160.497
2302.94	155.614
2303.67	160.72
2304.4	146.809
2305.12	197.986
2305.85	161.062
2306.58	186.262
2307.31	168.359
2308.03	186.555
2308.76	168.602
2309.48	141.582
2310.21	183.857
2310.93	166.873
2311.66	154.915
2312.38	155.029
2313.11	154.143
2313.83	171.374
2314.56	197.67
2315.28	165.538
2316.01	151.513
2316.73	152.601
2317.45	165.795
2318.18	169.934
2318.9	143.82
2319.62	165.118
2320.35	164.21
2321.07	174.399
2321.79	180.542
2322.52	171.532
2323.24	170.608
2323.96	135.324
2324.68	130.355
2325.4	136.505
2326.12	107.246
2326.84	125.522
2327.56	124.572
2328.29	118.563
2329.01	93.3278
2329.73	108.584
2330.45	118.791
2331.17	126.98
2331.89	139.22
2332.61	150.44
2333.32	148.471
2334.04	151.561
2334.76	182.013
2335.48	161.796
2336.2	160.847
2336.92	163.964
2337.64	161.004
2338.35	152.97
2339.07	168.256
2339.79	182.522
2340.51	157.222
2341.23	153.233
2341.94	150.274
2342.66	157.484
2343.37	156.583
2344.09	164.819
2344.81	185.232
2345.52	137.509
2346.24	141.591
2346.95	141.59
2347.67	150.727
2348.38	176.119
2349.1	165.005
2349.82	146.819
2350.53	138.798
2351.24	141.951
2351.96	144.076
2352.67	155.325
2353.39	141.134
2354.1	166.566
2354.81	162.514
2355.53	177.768
2356.24	170.686
2356.95	150.419
2357.66	156.57
2358.38	154.607
2359.09	147.572
2359.8	148.672
2360.51	150.799
2361.22	160.058
2361.94	169.336
2362.65	169.469
2363.36	189.97
2364.07	135.067
2364.78	183.056
2365.49	188.219
2366.2	164.815
2366.91	190.324
2367.62	188.311
2368.33	147.591
2369.04	136.435
2369.75	164.007
2370.46	194.645
2371.16	171.268
2371.87	181.518
2372.58	171.383
2373.29	191.829
2374	166.409
2374.71	143.025
2375.41	166.537
2376.12	173.735
2376.83	157.48
2377.53	168.762
2378.24	166.796
2378.95	166.878
2379.65	146.553
2380.36	190.51
2381.07	172.201
2381.77	170.208
2382.48	196.79
2383.18	153.985
2383.89	175.511
2384.59	213.421
2385.3	165.541
2386	209.621
2386.71	182.107
2387.41	152.498
2388.12	181.141
2388.82	215.884
2389.52	161.727
2390.23	169.932
2390.93	163.859
2391.63	220.124
2392.34	168.08
2393.04	176.301
2393.74	210.042
2394.44	200.865
2395.15	197.835
2395.85	192.794
2396.55	185.735
2397.25	202.186
2397.95	174.675
2398.65	178.817
2399.35	195.186
2400.05	153.285
2400.75	205.357
2401.45	176.756
2402.15	178.81
2402.85	249.259
2403.55	186.058
2404.25	186.143
2404.95	190.321
2405.65	241.477
2406.35	200.712
2407.05	175.246
2407.75	178.375
2408.44	153.917
2409.14	159.092
2409.84	202.09
2410.54	192.968
2411.24	176.678
2411.93	196.148
2412.63	191.06
2413.33	202.303
2414.02	199.227
2414.72	199.213
2415.42	212.472
2416.11	176.753
2416.81	212.475
2417.5	201.278
2418.2	221.719
2418.9	184.036
2419.59	159.614
2420.28	215.764
2420.98	187.227
2421.67	205.573
2422.37	208.596
2423.06	205.502
2423.75	211.599
2424.45	228.936
2425.14	167.925
2425.84	208.769
2426.53	191.575
2427.22	193.725
2427.91	180.552
2428.61	181.615
2429.3	199.966
2429.99	193.816
2430.68	199.863
2431.37	209.954
2432.07	195.635
2432.76	216.908
2433.45	223.976
2434.14	242.25
2434.83	156.012
2435.52	203.78
2436.21	228.2
2436.9	201.838
2437.59	204.876
2438.28	223.091
2438.97	207.817
2439.66	210.797
2440.35	205.694
2441.04	193.534
2441.72	178.366
2442.41	192.546
2443.1	216.826
2443.79	191.537
2444.48	186.468
2445.16	225.85
2445.85	200.587
2446.54	219.786
2447.23	208.715
2447.91	167.37
2448.6	217.885
2449.29	210.848
2449.97	203.8
2450.66	191.704
2451.34	212.904
2452.03	199.82
2452.72	210.955
2453.4	201.923
2454.09	202.962
2454.77	177.763
2455.46	234.171
2456.14	221.004
2456.82	223.948
2457.51	187.681
2458.19	215.823
2458.88	229.918
2459.56	212.884
2460.24	207.934
2460.92	238.186
2461.61	218.159
2462.29	218.235
2462.97	235.4
2463.66	199.229
2464.34	209.311
2465.02	235.453
2465.7	212.305
2466.38	221.315
2467.06	226.305
2467.75	207.215
2468.42	190.169
2469.11	222.334
2469.79	236.463
2470.47	220.496
2471.15	287.882
2471.83	268.903
2472.51	257.932
2473.19	218.805
2473.86	237.925
2474.54	243.972
2475.22	187.756
2475.9	204.868
2476.58	201.917
2477.26	220.081
2477.94	230.236
2478.61	194.171
2479.29	215.383
2479.97	219.497
2480.65	202.475
2481.32	225.671
2482	177.455
2482.68	238.882
2483.35	214.815
2484.03	190.743
2484.71	205.902
2485.38	197.901
2486.06	187.869
2486.73	198.956
2487.41	204.006
2488.08	191.974
2488.76	199.075
2489.43	204.192
2490.11	230.467
2490.78	202.41
2491.45	193.466
2492.13	223.796
2492.8	210.798
2493.48	212.902
2494.15	202.908
2494.82	238.295
2495.49	190
2496.17	184.072
2496.84	204.409
2497.51	240.942
2498.18	191.57
2498.86	209.887
2499.53	222.11
2500.2	193.842
2500.87	213.109
2501.54	235.426
2502.21	244.635
2502.88	225.552
2503.55	224.712
2504.22	234.013
2504.89	230.119
2505.56	221.113
2506.23	192.788
2506.9	213.156
2507.57	230.489
2508.24	224.503
2508.91	241.898
2509.58	214.609
2510.25	217.78
2510.91	241.264
2511.58	193.546
2512.25	270.902
2512.92	222.156
2513.59	229.366
2514.25	204.038
2514.92	210.263
2515.59	207.329
2516.25	211.515
2516.92	238.107
2517.59	210.673
2518.25	204.626
2518.92	217.941
2519.58	231.26
2520.25	208.908
2520.91	223.278
2521.58	251.963
2522.24	216.397
2522.91	205.32
2523.57	243.288
2524.24	236.306
2524.9	253.857
2525.56	222.279
2526.23	226.499
2526.89	243.004
2527.55	221.604
2528.22	252.445
2528.88	232.03
2529.54	242.338
2530.21	217.779
2530.87	244.464
2531.53	208.648
2532.19	253.84
2532.85	259.116
2533.51	257.256
2534.18	247.19
2534.84	226.815
2535.5	247.489
2536.16	217.742
2536.82	248.585
2537.48	231.098
2538.14	215.678
2538.8	228.015
2539.46	245.527
2540.12	227.144
2540.78	241.662
2541.44	265.463
2542.09	231.687
2542.75	229.757
2543.41	259.695
2544.07	249.454
2544.73	255.629
2545.39	235.016
2546.04	226.733
2546.7	258.519
2547.36	251.273
2548.02	255.359
2548.67	246.143
2549.33	273.911
2549.98	253.462
2550.64	241.227
2551.3	240.281
2551.95	257.82
2552.61	241.471
2553.26	270.317
2553.92	260.122
2554.57	228.328
2555.23	286.902
2555.88	288.92
2556.54	276.528
2557.19	266.184
2557.85	240.481
2558.5	276.318
2559.15	309.098
2559.81	307.078
2560.46	309.185
2561.11	278.514
2561.77	310.327
2562.42	297.027
2563.07	272.423
2563.72	302.06
2564.37	328.576
2565.03	294.732
2565.68	310.021
2566.33	288.559
2566.98	299.86
2567.63	312.215
2568.28	275.494
2568.93	310.307
2569.58	326.659
2570.23	278.578
2570.88	311.217
2571.53	309.138
2572.18	319.366
2572.83	320.446
2573.48	314.401
2574.13	311.412
2574.78	339.03
2575.43	348.228
2576.07	304.311
2576.72	333.885
2577.37	316.514
2578.02	330.779
2578.67	309.344
2579.31	283.828
2579.96	294.995
2580.61	302.056
2581.26	316.229
2581.9	342.617
2582.55	316.126
2583.19	333.446
2583.84	340.647
2584.49	315.317
2585.13	307.272
2585.78	305.288
2586.42	322.573
2587.07	339.774
2587.71	337.59
2588.36	332.34
2589	343.351
2589.65	302.659
2590.29	331
2590.93	316.799
2591.58	337.106
2592.22	328.05
2592.86	346.393
2593.51	343.47
2594.15	329.404
2594.79	317.365
2595.43	339.822
2596.07	364.297
2596.72	352.19
2597.36	364.399
2598	350.172
2598.64	315.635
2599.28	351.107
2599.92	353.119
2600.56	358.213
2601.2	333.937
2601.85	328.95
2602.49	348.304
2603.13	340.252
2603.76	339.272
2604.4	367.682
2605.04	361.6
2605.68	314.971
2606.32	356.562
2606.96	332.256
2607.6	374.836
2608.24	337.319
2608.88	361.592
2609.51	339.259
2610.15	345.305
2610.79	349.369
2611.43	341.343
2612.06	293.875
2612.7	330.487
2613.34	324.575
2613.97	325.747
2614.61	345.154
2615.25	328.035
2615.88	340.317
2616.52	318.101
2617.15	333.434
2617.79	335.587
2618.42	362.12
2619.06	340.929
2619.69	329.878
2620.33	326.933
2620.96	313.802
2621.6	327.076
2622.23	339.326
2622.86	326.176
2623.5	320.16
2624.13	319.249
2624.76	316.32
2625.4	335.769
2626.03	309.429
2626.66	306.463
2627.29	353.343
2627.93	316.776
2628.56	319.91
2629.19	320.013
2629.82	317.084
2630.45	333.517
2631.08	330.599
2631.71	322.571
2632.34	318.601
2632.98	314.623
2633.61	375.911
2634.24	321.992
2634.87	345.615
2635.5	321.297
2636.12	341.896
2636.75	336.963
2637.38	330.991
2638.01	322.954
2638.64	355.802
2639.27	373.305
2639.9	345.784
2640.53	318.237
2641.15	329.55
2641.78	318.349
2642.41	322.5
2643.04	351.226
2643.66	379.987
2644.29	361.7
2644.92	362.871
2645.54	330.235
2646.17	338.542
2646.8	341.699
2647.42	330.484
2648.05	360.234
2648.67	344.9
2649.3	350.068
2649.92	352.186
2650.55	310.272
2651.17	351.387
2651.8	350.516
2652.42	361.966
2653.05	340.591
2653.67	359.212
2654.29	353.175
2654.92	366.61
2655.54	362.561
2656.16	327.696
2656.79	364.708
2657.41	364.698
2658.03	411.31
2658.65	383.929
2659.27	390.357
2659.9	395.713
2660.52	393.304
2661.14	429.293
2661.76	402.669
2662.38	396.576
2663	383.445
2663.62	403.482
2664.24	375.988
2664.86	372.968
2665.48	425.264
2666.1	429.386
2666.72	411.511
2667.34	407.329
2667.96	419.019
2668.58	427.843
2669.2	419.534
2669.82	420.889
2670.44	412.429
2671.05	411.859
2671.67	417.929
2672.29	436.295
2672.91	440.82
2673.53	448.996
2674.14	459.164
2674.76	418.765
2675.38	434.231
2675.99	445.41
2676.61	450.409
2677.23	454.873
2677.84	468.147
2678.46	484.401
2679.07	511.91
2679.69	517.681
2680.3	521.484
2680.92	552.198
2681.53	567.297
2682.15	586.748
2682.76	600.447
2683.38	600.613
2683.99	628.38
2684.61	618.521
2685.22	608.649
2685.83	606.422
2686.44	611.445
2687.06	600.363
2687.67	591.558
2688.28	624.438
2688.9	628.307
2689.51	595.101
2690.12	635.209
2690.73	631.562
2691.34	655.643
2691.96	669.214
2692.57	673.111
2693.18	659.801
2693.79	681.237
2694.4	688.974
2695.01	709.65
2695.62	687.992
2696.23	700.541
2696.84	707.443
2697.45	707.508
2698.06	717.431
2698.67	700.877
2699.28	718.724
2699.88	694.144
2700.49	720.662
2701.1	715.5
2701.71	726.655
2702.32	738.933
2702.93	736.845
2703.53	725.504
2704.14	758.208
2704.75	788.337
2705.36	782.055
2705.96	770.631
2706.57	778.133
2707.17	794.033
2707.78	797.272
2708.39	787.065
2708.99	811.299
2709.6	830.92
2710.2	828.41
2710.81	845.435
2711.41	850.769
2712.02	885.059
2712.62	897.522
2713.23	885.926
2713.83	893.633
2714.44	916.351
2715.04	895.923
2715.64	913.375
2716.25	946.043
2716.85	940.593
2717.45	953.227
2718.05	978.656
2718.66	995.934
2719.26	999.701
2719.86	991.247
2720.46	1008.78
2721.06	1062.39
2721.67	1036.47
2722.27	1075.9
2722.87	1096.95
2723.47	1125.46
2724.07	1110.03
2724.67	1092.14
2725.27	1107.59
2725.71	1130.95
2726.38	1158.24
2727.06	1167.02
2727.73	1189.91
2728.4	1187.31
2729.07	1203.08
2729.74	1191.57
2730.42	1210.77
2731.09	1213.97
2731.76	1232.62
2732.43	1232.11
2733.1	1253
2733.77	1262.66
2734.44	1233.52
2735.11	1282.57
2735.78	1331.45
2736.45	1262.07
2737.12	1289.24
2737.79	1332.6
2738.46	1317.94
2739.13	1319.62
2739.8	1299.08
2740.47	1280.8
2741.14	1307.48
2741.81	1309.98
2742.47	1244.43
2743.14	1272.5
2743.81	1249.61
2744.48	1234.76
2745.15	1248.33
2745.81	1195.6
2746.48	1195.88
2747.15	1164.59
2747.81	1158.82
2748.48	1179.54
2749.15	1133.83
2749.81	1122.65
2750.48	1098.06
2751.15	1062.17
2751.81	1081.4
2752.48	1032.49
2753.14	1068.47
2753.81	1000.62
2754.47	982.854
2755.14	960.91
2755.8	958.179
2756.47	951.145
2757.13	948.034
2757.8	922.385
2758.46	875.34
2759.13	905.076
2759.79	853.195
2760.45	880.105
2761.12	851.77
2761.78	851.943
2762.44	870.378
2763.1	852.896
2763.77	852.792
2764.43	851.755
2765.09	866.224
2765.76	859.388
2766.42	864.966
2767.08	885.976
2767.74	864.958
2768.4	886.903
2769.06	901.576
2769.72	911.026
2770.38	884.496
2771.05	931.833
2771.71	919.684
2772.37	953.807
2773.03	960.308
2773.69	977.151
2774.35	1037.17
2775.01	1011.8
2775.67	1071.65
2776.33	1085.1
2776.99	1101.58
2777.64	1170.52
2778.3	1175.78
2778.96	1232.55
2779.62	1255.42
2780.28	1268.98
2780.94	1269.06
2781.59	1281.39
2782.25	1270.05
2782.91	1264.98
2783.57	1268.32
2784.22	1238.91
2784.88	1219.89
2785.54	1207
2786.2	1177.44
2786.85	1232.06
2787.51	1214.23
2788.16	1204.47
2788.82	1178.26
2789.48	1200.64
2790.13	1204.8
2790.79	1221.63
2791.44	1242.76
2792.1	1240.19
2792.75	1280.68
2793.41	1281.71
2794.06	1306.17
2794.72	1276.88
2795.37	1272.27
2796.02	1256.39
2796.68	1293.11
2797.33	1278.52
2797.98	1320.65
2798.64	1323.8
2799.29	1328.08
2799.94	1342.69
2800.6	1348.08
2801.25	1380.24
2801.9	1387.71
2802.55	1382.78
2803.21	1383.95
2803.86	1465.34
2804.51	1443.65
2805.16	1449.67
2805.81	1470.08
2806.46	1492.56
2807.11	1514.04
2807.77	1553.02
2808.42	1559.01
2809.07	1553.59
2809.72	1577.89
2810.37	1606.19
2811.02	1646.79
2811.67	1653.58
2812.32	1658.48
2812.97	1723.18
2813.61	1725.37
2814.26	1695.81
2814.91	1714.55
2815.56	1798.01
2816.21	1814.57
2816.86	1851.58
2817.51	1881.28
2818.15	1891.3
2818.8	1933.05
2819.45	1922.31
2820.1	1967.08
2820.74	1995.59
2821.39	2012.08
2822.04	2041.14
2822.69	2067.23
2823.33	2106.55
2823.98	2130.12
2824.63	2190.29
2825.27	2171.08
2825.92	2242.14
2826.56	2281.52
2827.21	2309.9
2827.85	2387.87
2828.5	2403.52
2829.14	2376.24
2829.79	2397.33
2830.43	2488.35
2831.08	2508.61
2831.72	2514.47
2832.37	2551.04
2833.01	2594.59
2833.65	2568.02
2834.3	2715.92
2834.94	2785.48
2835.58	2831.2
2836.23	2793.58
2836.87	2928.47
2837.51	2954.59
2838.16	3035.42
2838.8	3080.71
2839.44	3199.29
2840.08	3331.42
2840.72	3364.88
2841.36	3404.13
2842.01	3488.23
2842.65	3615.25
2843.29	3673.45
2843.93	3798.55
2844.57	3847.8
2845.21	3965.94
2845.85	4101.57
2846.49	4146.97
2847.13	4328.27
2847.77	4378.68
2848.41	4528.24
2849.05	4606.06
2849.69	4605.37
2850.33	4705.62
2850.97	4754.38
2851.61	4728.19
2852.24	4755.11
2852.88	4881.99
2853.52	4947.11
2854.16	5024.76
2854.8	5060.22
2855.43	5103.15
2856.07	5147.75
2856.71	5264.59
2857.35	5343.7
2857.98	5485.31
2858.62	5535.84
2859.26	5770.4
2859.89	5894.97
2860.53	6126.18
2861.16	6323.32
2861.8	6548.53
2862.44	6799.58
2863.07	7003.58
2863.71	7381.52
2864.34	7670.25
2864.98	7999.85
2865.61	8238.38
2866.25	8529.69
2866.88	8818.76
2867.52	9051.57
2868.15	9462.16
2868.78	9596.04
2869.42	9911.48
2870.05	10121.4
2870.69	10338.6
2871.32	10616
2871.95	10850.2
2872.58	11069.5
2873.22	11406.2
2873.85	11583
2874.48	11788.6
2875.11	11894.5
2875.75	12090.6
2876.38	12044
2877.01	12084.8
2877.64	11990.7
2878.27	11931.8
2878.9	11751.9
2879.53	11639.6
2880.16	11389
2880.79	11134.5
2881.42	10898.8
2882.05	10790.5
2882.68	10586.3
2883.31	10463.6
2883.94	10427.3
2884.57	10164.4
2885.2	10095.1
2885.83	10069.4
2886.46	10037.4
2887.09	10005.3
2887.72	9961.14
2888.35	9991.12
2888.97	9990.94
2889.6	9974.41
2890.23	10091.6
2890.86	10088.7
2891.49	10166.5
2892.11	10185.2
2892.74	10252
2893.37	10333.8
2893.99	10567.5
2894.62	10559
2895.25	10794.4
2895.87	10818.4
2896.5	11003
2897.12	11104.3
2897.75	11322.7
2898.38	11273.2
2899	11490
2899.63	11707.2
2900.25	11785
2900.88	11955.5
2901.5	12085.3
2902.12	12215.8
2902.75	12258.1
2903.37	12411.5
2904	12617.1
2904.62	12721.4
2905.25	12748.1
2905.87	12928.3
2906.49	13194.4
2907.11	13207.5
2907.74	13301.9
2908.36	13440.4
2908.98	13642.7
2909.6	13689.8
2910.23	13870.9
2910.85	13971.3
2911.47	13961
2912.09	13966.6
2912.71	14205.7
2913.33	14277.2
2913.96	14392.6
2914.58	14492.1
2915.2	14303.8
2915.82	14410.5
2916.44	14548
2917.06	14472.7
2917.68	14447
2918.3	14386.3
2918.92	14402.3
2919.54	14369.6
2920.16	14466.6
2920.77	14407.5
2921.39	14305.8
2922.01	14316.8
2922.63	14218.5
2923.25	14270.7
2923.87	14285.7
2924.48	14315.6
2925.1	14359
2925.72	14528.7
2926.34	14539.6
2926.95	14700.9
2927.57	14746
2928.19	14847.1
2928.8	14997.6
2929.42	15123.5
2930.04	15301.2
2930.65	15592.7
2931.27	15750.8
2931.89	16400.2
2932.5	16593.2
2933.12	16922
2933.73	17253.2
2934.35	17663.8
2934.96	18024.8
2935.58	18457.3
2936.19	18724.9
2936.81	18978.6
2937.42	19216.6
2938.03	19454.3
2938.65	19633.3
2939.26	19679.7
2939.88	19689.3
2940.49	19438.2
2941.1	19130.6
2941.71	18933.9
2942.33	18534
2942.94	18052.1
2943.55	17571.9
2944.17	17100.7
2944.78	16878.3
2945.39	16359.2
2946	15949.6
2946.61	15525.7
2947.22	15065.4
2947.83	14691.8
2948.45	14269.8
2949.06	13925.7
2949.67	13598.5
2950.28	13424.2
2950.89	13169.7
2951.5	12756.9
2952.11	12441.3
2952.72	12262
2953.33	11971.4
2953.94	11845.3
2954.54	11650.2
2955.15	11450.1
2955.76	11234.3
2956.37	11067.3
2956.98	10980
2957.59	10679.7
2958.2	10627.8
2958.8	10543.7
2959.41	10391.4
2960.02	10341.5
2960.63	10177.5
2961.23	9944.92
2961.84	10057.3
2962.45	9932.22
2963.05	9788.39
2963.66	9511.19
2964.27	9351.4
2964.87	9378.9
2965.48	9329.67
2966.08	9206.82
2966.69	9060.79
2967.29	8881.47
2967.9	8793.15
2968.5	8554.05
2969.11	8536.82
2969.71	8377.03
2970.32	8272.13
2970.92	8105.03
2971.53	7943.04
2972.13	7817.99
2972.74	7571.38
2973.34	7458.74
2973.94	7354.9
2974.54	7216.59
2975.15	7065.49
2975.75	6883.94
2976.35	6753.2
2976.96	6603.15
2977.56	6575.73
2978.16	6422.14
2978.76	6254.97
2979.36	6115.37
2979.97	6051.87
2980.57	5900.5
2981.17	5815.67
2981.77	5721.99
2982.37	5488.86
2982.97	5374.86
2983.57	5261.48
2984.17	5113.57
2984.77	4930.72
2985.37	4850.43
2985.97	4711.88
2986.57	4612.95
2987.17	4478.32
2987.77	4388.41
2988.37	4271.22
2988.97	4188.18
2989.57	4133.27
2990.17	3983.79
2990.76	3851.79
2991.36	3805.06
2991.96	3703.35
2992.56	3649.97
2993.16	3570.96
2993.75	3475.3
2994.35	3386.45
2994.95	3303.49
2995.54	3284.99
2996.14	3175.76
2996.74	3159.1
2997.33	3083.63
2997.93	3051.46
2998.52	2979.52
2999.12	2974.05
2999.72	2931.64
3000.31	2845.16
3000.91	2836.45
3001.5	2757.09
3002.1	2792.34
3002.69	2800.77
3003.29	2724.97
3003.88	2620.29
3004.47	2644.64
3005.07	2605.7
3005.66	2568.23
3006.26	2460.54
3006.85	2463.85
3007.44	2380.12
3008.04	2320.78
3008.63	2319.52
3009.22	2243.84
3009.81	2190.32
3010.41	2130.46
3011	2053.22
3011.59	2096.29
3012.18	2030.87
3012.77	1974.88
3013.36	1945.62
3013.96	1889.58
3014.55	1866.33
3015.14	1873.92
3015.73	1866.26
3016.32	1827.93
3016.91	1794.82
3017.5	1786.32
3018.09	1758.03
3018.68	1740.79
3019.27	1722.33
3019.86	1686.37
3020.45	1713.38
3021.04	1710.78
3021.63	1704.28
3022.22	1698.86
3022.8	1681.98
3023.39	1704.09
3023.98	1658.97
3024.57	1690.12
3025.16	1674.84
3025.74	1656.5
3026.33	1734.13
3026.92	1711.54
3027.5	1719.75
3028.09	1706.14
3028.68	1739.97
3029.26	1741.91
3029.85	1745.13
3030.44	1744.51
3031.02	1791.62
3031.61	1757.29
3032.19	1769.35
3032.78	1802.92
3033.37	1829.02
3033.95	1831.14
3034.54	1851.77
3035.12	1838.28
3035.71	1911.69
3036.29	1931.4
3036.87	1965.6
3037.46	1958.46
3038.04	1951.36
3038.63	1991.94
3039.21	1978.98
3039.79	2017.99
3040.38	2042.75
3040.96	2042.73
3041.54	2015.59
3042.12	2034.69
3042.71	2032.6
3043.29	2037.33
3043.87	2038.69
3044.45	2084.54
3045.03	2121.25
3045.62	2127.28
3046.2	2158.53
3046.78	2210.8
3047.36	2226.98
3047.94	2288.68
3048.52	2363.68
3049.1	2459.17
3049.68	2535.82
3050.26	2659.96
3050.84	2833.75
3051.42	2914.27
3052	3055.88
3052.58	3150.87
3053.16	3265.59
3053.74	3460.16
3054.32	3548.37
3054.89	3583.12
3055.47	3666.93
3056.05	3659.85
3056.63	3760.56
3057.21	3748.03
3057.78	3785.81
3058.36	3772.21
3058.94	3746.75
3059.52	3703.47
3060.09	3803.31
3060.67	3722.12
3061.25	3736.62
3061.82	3704.75
3062.4	3689.47
3062.97	3710.25
3063.55	3676.84
3064.13	3612.11
3064.7	3519.42
3065.28	3464.24
3065.85	3471.52
3066.43	3372.34
3067	3244.13
3067.58	3166.41
3068.15	3111.02
3068.72	2993.03
3069.3	2838.62
3069.87	2721.59
3070.45	2643.19
3071.02	2500.13
3071.59	2409.21
3072.17	2285.42
3072.74	2160.56
3073.31	2107.9
3073.89	1993.93
3074.46	1908.74
3075.03	1818.35
3075.6	1765.35
3076.17	1659.89
3076.74	1597.06
3077.32	1563.34
3077.89	1463.47
3078.46	1409.02
3079.03	1366.82
3079.6	1326.5
3080.17	1232.19
3080.74	1207.09
3081.31	1177.78
3081.88	1122.61
3082.45	1091.25
3083.02	1057.87
3083.59	1059.65
3084.16	991.223
3084.73	995.102
3085.3	913.341
3085.87	974.071
3086.43	931.708
3087	912.166
3087.57	871.043
3088.14	885.682
3088.71	851.773
3089.28	832.231
3089.84	806.403
3090.41	750.583
3090.98	771.13
3091.54	753.486
3092.11	725.533
3092.68	721.309
3093.24	675.817
3093.81	684.991
3094.38	661.176
3094.94	656.977
3095.51	679.6
3096.07	676.455
3096.64	631.044
3097.2	617.572
3097.77	621.618
3098.33	627.756
3098.9	593.774
3099.46	606.205
3100.03	607.337
3100.59	613.614
3101.15	577.599
3101.72	573.477
3102.28	587.857
3102.84	578.507
3103.41	556.783
3103.97	582.433
3104.53	563.79
3105.1	559.563
3105.66	544.021
3106.22	531.587
3106.78	549.014
3107.34	560.287
3107.91	557.174
3108.47	549.963
3109.03	549.976
3109.59	540.772
3110.15	530.591
3110.71	509.138
3111.27	524.754
3111.83	497.112
3112.39	482.782
3112.95	516.759
3113.51	489.902
3114.07	477.429
3114.63	474.234
3115.19	491.663
3115.75	457.71
3116.31	462.889
3116.87	445.44
3117.43	474.261
3117.98	457.768
3118.54	441.237
3119.1	465.824
3119.66	414.33
3120.22	449.221
3120.77	437.893
3121.33	440.984
3121.89	417.365
3122.44	451.286
3123	424.539
3123.56	403.925
3124.11	413.076
3124.67	409.889
3125.23	405.692
3125.78	406.666
3126.34	389.216
3126.89	377.971
3127.45	407.817
3128	376.086
3128.56	383.363
3129.11	367.002
3129.67	348.557
3130.22	385.546
3130.78	389.633
3131.33	373.152
3131.88	381.296
3132.44	398.665
3132.99	376.014
3133.54	412.892
3134.1	385.164
3134.65	371.828
3135.2	391.339
3135.76	377.014
3136.31	394.493
3136.86	360.676
3137.41	358.651
3137.96	381.237
3138.51	359.701
3139.07	401.76
3139.62	389.447
3140.17	341.237
3140.72	376.116
3141.27	359.717
3141.82	348.449
3142.37	365.893
3142.92	400.757
3143.47	359.724
3144.02	338.181
3144.57	363.825
3145.12	367.968
3145.67	375.224
3146.22	363.022
3146.77	355.953
3147.32	351.947
3147.86	333.539
3148.41	365.391
3148.96	361.276
3149.51	325.316