401.058	745.409
402.149	670.067
403.243	716.784
404.332	702.915
405.424	674.874
406.515	591.284
407.606	617.097
408.697	482.075
409.785	497.674
410.876	448.465
411.967	509.961
413.055	416.693
414.143	398.404
415.233	402.497
416.321	493.193
417.409	407.708
418.499	470.197
419.586	488.967
420.673	468.906
421.761	520.219
422.848	514.287
423.935	562.944
425.02	568.25
426.106	601.237
427.193	646.134
428.278	621.83
429.364	701.516
430.45	705.678
431.534	666.726
432.618	670.221
433.704	698.687
434.788	613.372
435.871	668.688
436.955	759.868
438.038	613.905
439.123	632.46
440.204	595.922
441.287	562.258
442.37	606.969
443.452	492.44
444.535	476.405
445.615	407.631
446.698	425.498
447.78	333.306
448.86	385.238
449.939	282.802
451.021	249.724
452.101	314.799
453.18	244.7
454.262	326.55
455.341	161.639
456.42	130.199
457.499	129.354
458.578	139.645
459.654	148.101
460.733	124.09
461.811	123.297
462.89	104.85
463.966	31.5186
465.044	103.245
466.12	130.358
467.197	108.139
468.273	119.422
469.349	131.61
470.426	68.3337
471.501	113.03
472.576	127.889
473.651	101.858
474.726	161.281
475.801	112.12
476.876	195.669
477.95	175.32
479.022	194.845
480.097	160.558
481.171	251.37
482.243	202.209
483.317	205.848
484.388	232.595
485.46	219.565
486.533	253.63
487.605	157.558
488.676	211.872
489.747	217.294
490.818	275.178
491.889	341.316
492.959	293.474
494.03	310.949
495.1	371.605
496.171	359.624
497.239	376.048
498.309	396.059
499.379	469.173
500.446	501.887
501.514	422.027
502.584	521.709
503.651	476.879
504.718	475.144
505.788	468.879
506.855	463.539
507.921	567.132
508.988	486.705
510.055	537.208
511.119	443.959
512.186	524.764
513.252	450.79
514.318	493.227
515.382	543.07
516.448	528.75
517.512	486.898
518.577	516.712
519.641	563.182
520.704	468.04
521.768	557.033
522.833	508.776
523.896	635.772
524.959	604.869
526.021	630.146
527.084	664.518
528.144	688.614
529.207	686.816
530.269	735.961
531.331	806.617
532.391	822.118
533.453	779.502
534.513	796.226
535.572	837.047
536.634	771.806
537.693	834.538
538.752	685.12
539.812	665.802
540.87	747.964
541.929	713.094
542.988	682.076
544.047	628.704
545.105	608.783
546.164	601.739
547.22	590.708
548.278	542.097
549.336	555.918
550.392	559.414
551.448	461.318
552.505	492.932
553.561	569.345
554.616	540.505
555.671	425.006
556.728	404.501
557.783	484.475
558.836	593.074
559.891	521.961
560.946	507.59
562	483.072
563.055	418.81
564.107	482.565
565.161	400.928
566.213	363.797
567.267	354.434
568.318	323.798
569.37	371.727
570.424	326.342
571.475	388.071
572.526	330.764
573.577	374.931
574.628	384.967
575.679	390.399
576.73	392.165
577.781	462.07
578.829	493.34
579.88	382.039
580.93	467.646
581.978	477.802
583.026	354.567
584.076	408.829
585.124	386.748
586.172	309.527
587.221	379.358
588.269	341.659
589.316	405.879
590.363	398.421
591.41	423.057
592.457	410.107
593.502	392.667
594.549	471.598
595.595	510.381
596.64	445.643
597.686	394.614
598.73	433.504
599.776	500.781
600.82	419.046
601.864	495.316
602.908	489.84
603.953	532.284
604.997	525.289
606.04	493.57
607.083	532.74
608.125	546.089
609.168	543.634
610.211	597.288
611.253	598.29
612.294	649.996
613.336	704.516
614.377	903.91
615.419	1047.11
616.459	1193.05
617.499	1268.74
618.539	1351.67
619.579	1181.82
620.619	1161.43
621.658	940.126
622.698	895.94
623.737	951.391
624.776	1046.55
625.815	1226.66
626.852	1431.83
627.891	1524.62
628.928	1686.76
629.966	1777.81
631.003	1797.53
632.041	1805.77
633.077	1762.84
634.114	1625.62
635.15	1478.38
636.185	1376.63
637.221	1308.37
638.257	1213.59
639.292	1138.23
640.328	1081.21
641.361	1007.38
642.396	861.425
643.431	818.625
644.464	773.953
645.497	636.429
646.532	638.044
647.564	578.192
648.597	595.709
649.629	568.226
650.663	552.678
651.695	507.642
652.727	513.092
653.757	452.318
654.789	430.138
655.821	411.665
656.852	348.297
657.882	333.631
658.913	346.525
659.942	319.077
660.973	258.599
662.002	315.479
663.031	318.224
664.06	280.679
665.09	324.801
666.119	327.798
667.147	269.393
668.175	314.749
669.201	341.766
670.229	248.17
671.257	205.964
672.285	304.548
673.311	178.505
674.338	260.544
675.363	258.869
676.389	270.136
677.416	275.893
678.441	266.862
679.466	290.059
680.491	267.988
681.515	308.614
682.54	206.266
683.565	269.058
684.589	267.337
685.613	328.417
686.635	254.788
687.659	263.314
688.681	327.302
689.705	336.774
690.727	310.151
691.75	366.781
692.772	343.814
693.793	308.777
694.814	381.124
695.835	370.097
696.856	360.885
697.877	377.571
698.898	360.916
699.918	395.174
700.937	451.644
701.957	357.306
702.978	428.595
703.996	406.432
705.016	388.883
706.034	337.105
707.052	297.359
708.069	344.521
709.087	313.119
710.107	327.024
711.124	285.504
712.139	347.497
713.156	262.572
714.173	295.922
715.19	277.499
716.205	274.747
717.222	271.03
718.238	279.279
719.253	286.577
720.267	362.081
721.283	303.93
722.297	314.006
723.311	327.779
724.325	370.09
725.339	382.048
726.353	386.683
727.366	412.514
728.38	440.215
729.391	472.514
730.404	513.963
731.417	541.514
732.428	575.382
733.441	491.54
734.452	590.516
735.463	598.582
736.475	633.355
737.486	649.894
738.496	652.775
739.506	607.992
740.516	687.094
741.526	663.356
742.534	623.94
743.544	691.845
744.554	689.049
745.561	665.163
746.571	690.85
747.578	668.881
748.587	715.75
749.594	638.826
750.601	647.244
751.608	624.508
752.615	646.785
753.621	631.487
754.628	622.664
755.634	589.072
756.641	632.749
757.647	646.151
758.651	592.351
759.657	630.657
760.663	536.156
761.666	648.268
762.67	671.781
763.676	615.764
764.679	633.561
765.682	683.63
766.686	718.848
767.689	679.182
768.692	665.472
769.694	644.504
770.697	638.503
771.698	585.409
772.7	626.859
773.703	545.833
774.703	545.34
775.703	576.252
776.705	567.044
777.705	567.023
778.705	587.44
779.705	553.144
780.705	583.044
781.704	614.907
782.704	609.641
783.703	644.32
784.702	611.976
785.701	656.759
786.698	642.915
787.697	710.027
788.694	667.42
789.693	741.182
790.689	698.623
791.686	679.275
792.682	730.61
793.68	773.484
794.676	699.005
795.672	861.052
796.666	864.007
797.662	923.895
798.658	954.057
799.653	978.587
800.647	1053.28
801.642	1064.38
802.636	1181.44
803.631	1168.87
804.624	1170.24
805.617	1188.36
806.61	1259.48
807.602	1171.61
808.595	1193.34
809.587	1169.51
810.58	1124.37
811.572	1106.23
812.564	1069.69
813.554	1057.39
814.546	1092.4
815.536	1101.48
816.528	1016.12
817.518	1109.36
818.507	1079.52
819.499	1085.78
820.488	1129.03
821.477	1207.33
822.466	1252.19
823.455	1310.7
824.444	1452.98
825.431	1512.06
826.42	1589.63
827.408	1701.48
828.395	1831.98
829.383	1936.82
830.369	2001.04
831.356	2203.9
832.342	2445.68
833.33	2741
834.315	2846.63
835.301	3107.73
836.287	3395.13
837.27	3643.88
838.256	3645.47
839.241	3719.84
840.226	3715.14
841.209	3635.78
842.194	3508.44
843.177	3386.58
844.16	3274.02
845.145	3090.86
846.127	2834.23
847.11	2772.43
848.092	2577.21
849.074	2494.91
850.056	2459.31
851.039	2445.54
852.018	2393.85
853	2432.11
853.982	2450.13
854.962	2517
855.941	2549.25
856.923	2539.6
857.902	2505.47
858.881	2372.19
859.86	2274.73
860.839	2193.64
861.818	2082.8
862.797	1990.06
863.776	1897.06
864.754	1860.99
865.733	1826.67
866.709	1742.68
867.687	1704.82
868.664	1680.9
869.642	1635.97
870.618	1586.57
871.594	1587.89
872.569	1506.39
873.545	1466.32
874.521	1478.72
875.496	1484.62
876.471	1427.76
877.447	1418.7
878.42	1386.48
879.395	1395.64
880.37	1393.71
881.343	1328.25
882.315	1265.67
883.29	1236.37
884.262	1211.76
885.235	1159.5
886.207	1247.27
887.179	1184.69
888.151	1157.98
889.123	1177.32
890.095	1131.25
891.065	1154.37
892.037	1157.25
893.009	1183.2
893.978	1160.3
894.948	1189.96
895.919	1211.41
896.888	1260.64
897.857	1292.45
898.826	1326.13
899.795	1284.96
900.764	1364.52
901.732	1443.84
902.701	1450.97
903.668	1501.35
904.636	1548.04
905.604	1590.22
906.57	1580.97
907.538	1535.99
908.504	1607.43
909.47	1609
910.436	1691.03
911.402	1628.22
912.367	1681.72
913.333	1707.39
914.298	1679.28
915.264	1720.35
916.229	1634.67
917.192	1631.34
918.157	1615.2
919.12	1596.42
920.084	1502.72
921.047	1473.78
922.01	1495.7
922.972	1381.24
923.935	1340.8
924.897	1351.32
925.859	1240.38
926.821	1202.76
927.783	1110.43
928.743	1054.25
929.705	1053.72
930.667	1072.63
931.626	986.512
932.586	977.513
933.547	1006.71
934.506	988.613
935.466	936.172
936.425	925.62
937.384	889.872
938.343	916.474
939.301	927.169
940.26	959.29
941.217	976.519
942.175	972.359
943.132	968.282
944.09	955.858
945.046	981.789
946.002	953.435
946.96	958.701
947.916	991.074
948.872	990.606
949.828	925.385
950.783	931.353
951.737	912.853
952.692	922.399
953.647	919.651
954.601	893.401
955.556	913.159
956.509	856.104
957.464	949.355
958.417	947.99
959.369	955.121
960.322	961.215
961.275	938.877
962.227	975.501
963.179	967.768
964.132	964.713
965.082	924.224
966.034	974.108
966.984	986.636
967.936	944.768
968.885	975.212
969.837	963.198
970.787	1027.12
971.736	923.543
972.686	987.171
973.635	985.023
974.584	988.592
975.533	1046.71
976.48	1103.03
977.429	1142.5
978.378	1131.31
979.325	1117.29
980.273	1192.43
981.22	1215.9
982.166	1280.59
983.113	1344.18
984.061	1350.35
985.007	1468.82
985.953	1548.62
986.897	1571.23
987.843	1642.62
988.789	1718.88
989.734	1697.14
990.678	1869.14
991.623	1986.86
992.567	2174.5
993.51	2611.35
994.453	3067.2
995.398	3850.18
996.341	4907.65
997.284	5954.87
998.227	6900.76
999.168	7261.86
1000.11	7142.26
1001.05	6200.51
1001.99	4997.83
1002.94	3784.77
1003.88	2872.12
1004.82	2196.3
1005.76	1848.4
1006.7	1549.82
1007.64	1360.08
1008.58	1239.11
1009.52	1191.56
1010.46	1146.63
1011.4	1104.46
1012.34	1052.15
1013.27	1092.25
1014.21	1100.05
1015.15	1072.68
1016.09	1164.79
1017.03	1156.22
1017.96	1189.51
1018.9	1179.65
1019.84	1287.3
1020.77	1350.05
1021.71	1471.74
1022.65	1584.33
1023.58	1746.88
1024.52	2042.8
1025.45	2228.02
1026.39	2464.1
1027.32	2672.08
1028.26	2890.12
1029.19	2857.3
1030.12	2893.68
1031.06	2735.82
1031.99	2523.75
1032.92	2293.14
1033.86	2150.05
1034.79	1947.6
1035.72	1820.11
1036.65	1747.85
1037.59	1580.02
1038.52	1433.57
1039.45	1447.4
1040.38	1431.96
1041.31	1418.39
1042.24	1413.28
1043.17	1323.97
1044.1	1296
1045.03	1262.35
1045.96	1315.8
1046.89	1272.01
1047.82	1315.53
1048.75	1262.64
1049.68	1306.52
1050.61	1289.65
1051.53	1399.89
1052.46	1314.1
1053.39	1403.87
1054.32	1381.22
1055.24	1486.87
1056.17	1617.32
1057.1	1582.48
1058.02	1614.4
1058.95	1713.08
1059.88	1734.7
1060.8	1698.18
1061.73	1709.21
1062.65	1689.78
1063.58	1658.03
1064.5	1594.84
1065.43	1628.86
1066.35	1576.73
1067.27	1571.86
1068.2	1535.97
1069.12	1563.62
1070.04	1468.29
1070.97	1535.1
1071.89	1467.17
1072.81	1412.08
1073.73	1416.3
1074.65	1413
1075.58	1334.35
1076.5	1296.39
1077.42	1312.45
1078.34	1329.29
1079.26	1263.26
1080.18	1264.81
1081.1	1197.93
1082.02	1217.61
1082.94	1281.93
1083.86	1158.08
1084.78	1176.75
1085.7	1173.61
1086.61	1143
1087.53	1140.01
1088.45	1117.15
1089.37	1136.98
1090.28	1111.21
1091.2	1172.58
1092.12	1134.31
1093.03	1137.73
1093.95	1151.61
1094.87	1159.92
1095.78	1109.66
1096.7	1150.38
1097.61	1107.84
1098.53	1192.11
1099.44	1191.15
1100.36	1176.87
1101.27	1181.44
1102.19	1143.38
1103.1	1118.55
1104.01	1158.01
1104.93	1214.51
1105.84	1243.73
1106.75	1275.02
1107.67	1268.72
1108.58	1325.9
1109.49	1344.37
1110.4	1435.53
1111.31	1407.3
1112.22	1496.12
1113.14	1492.11
1114.05	1603.45
1114.96	1536.23
1115.87	1703.62
1116.78	1818.22
1117.69	1837.35
1118.6	1811.88
1119.51	1881.61
1120.42	1849.03
1121.32	1959.07
1122.23	1886.07
1123.14	1899.51
1124.05	1935.32
1124.96	1816.67
1125.86	1760.63
1126.77	1701.64
1127.68	1682.06
1128.58	1611.69
1129.49	1527.46
1130.4	1432.38
1131.3	1454.71
1132.21	1354.78
1133.11	1375.44
1134.02	1426.74
1134.92	1426.26
1135.83	1464.9
1136.73	1388.89
1137.64	1538.67
1138.54	1521.3
1139.44	1462.91
1140.35	1474.71
1141.25	1443.77
1142.15	1452.84
1143.06	1436.36
1143.96	1488.43
1144.86	1465.35
1145.76	1458.33
1146.66	1484.48
1147.57	1406.65
1148.47	1455.39
1149.37	1430.74
1150.27	1510.89
1151.17	1544.41
1152.07	1536.06
1152.97	1511.52
1153.87	1517.44
1154.77	1499.43
1155.67	1371.72
1156.57	1288.74
1157.46	1266.75
1158.36	1138.13
1159.26	1049.66
1160.16	1072.78
1161.05	1052.14
1161.95	982.83
1162.85	937.199
1163.75	909.484
1164.64	906.369
1165.54	917.421
1166.44	882.767
1167.33	864.416
1168.23	877.612
1169.12	869.067
1170.02	833.975
1170.91	855.006
1171.81	834.145
1172.7	857.914
1173.59	857.829
1174.49	933.712
1175.38	925.848
1176.27	963.499
1177.17	1029.52
1178.06	1070.79
1178.95	1127.24
1179.84	1133.54
1180.74	1131.48
1181.63	1175.01
1182.52	1159.82
1183.41	1190.96
1184.3	1120.59
1185.19	1134.34
1186.08	1130.94
1186.97	1191.8
1187.86	1178.92
1188.75	1182.15
1189.64	1238.21
1190.53	1262.14
1191.42	1310.55
1192.31	1357.09
1193.2	1420.69
1194.09	1428.94
1194.97	1427.99
1195.86	1440.34
1196.75	1443.22
1197.64	1399.85
1198.52	1381.81
1199.41	1350.57
1200.29	1277.07
1201.18	1251.66
1202.07	1232.89
1202.95	1204.7
1203.84	1139.71
1204.72	1082.11
1205.61	1099.61
1206.49	979.913
1207.38	978.737
1208.26	917.678
1209.14	944.193
1210.03	870.405
1210.91	892.53
1211.79	864.801
1212.68	853.839
1213.56	857.72
1214.44	861.386
1215.32	834.812
1216.21	842.987
1217.09	839.014
1217.97	820.182
1218.85	835.399
1219.73	878.122
1220.61	863.734
1221.49	869.208
1222.37	942.525
1223.25	958.323
1224.13	1040.91
1225.01	1102.57
1225.89	1166.89
1226.77	1243.42
1227.65	1310.61
1228.52	1313.86
1229.4	1303.2
1230.28	1259.68
1231.16	1289.08
1232.03	1231.48
1232.91	1265.63
1233.79	1199.21
1234.66	1192.31
1235.54	1201.37
1236.42	1178.98
1237.29	1177.38
1238.17	1136.84
1239.04	1097.29
1239.92	980.842
1240.79	1039.25
1241.67	995.081
1242.54	1000.36
1243.41	957.128
1244.29	979.573
1245.16	963.007
1246.03	943.583
1246.91	946.06
1247.78	947.513
1248.65	903.978
1249.52	966.268
1250.4	943.476
1251.27	958.829
1252.14	950.335
1253.01	993.482
1253.88	1009.02
1254.75	1020.79
1255.62	1030.63
1256.49	1011.71
1257.36	1045.22
1258.23	1067.13
1259.1	1056.45
1259.97	1083.92
1260.84	1099.92
1261.71	1101.64
1262.57	1081.48
1263.44	1127.25
1264.31	1120.6
1265.18	1176.94
1266.05	1215.13
1266.91	1201.74
1267.78	1291.29
1268.65	1390.25
1269.51	1419.5
1270.38	1483.92
1271.24	1573.96
1272.11	1667.68
1272.97	1781.25
1273.84	1854.71
1274.7	2012.76
1275.57	2092.8
1276.43	2112.98
1277.3	2206.57
1278.16	2317.54
1279.02	2384.5
1279.89	2395.33
1280.75	2426.11
1281.61	2484.6
1282.48	2537.88
1283.34	2508.16
1284.2	2493.27
1285.06	2482.88
1285.92	2421.03
1286.78	2402.05
1287.65	2283.61
1288.51	2196.23
1289.37	2062.65
1290.23	2000.14
1291.09	1936.66
1291.95	1860.07
1292.81	1791.68
1293.67	1751.51
1294.52	1756.68
1295.38	1687.35
1296.24	1688.77
1297.1	1660.07
1297.96	1640
1298.81	1606.71
1299.67	1560.66
1300.53	1525.52
1301.39	1558.63
1302.24	1537.87
1303.1	1497.31
1303.95	1394.34
1304.81	1357.74
1305.67	1324.55
1306.52	1324.61
1307.38	1254.5
1308.23	1201.4
1309.09	1176.41
1309.94	1133.51
1310.8	1091.07
1311.65	1079.83
1312.5	1049.07
1313.35	1002.81
1314.21	995.627
1315.06	969.619
1315.91	951.479
1316.77	932.701
1317.62	961.894
1318.47	944.394
1319.32	933.977
1320.17	932.032
1321.02	942.936
1321.87	951.476
1322.73	943.802
1323.57	942.223
1324.43	943.26
1325.28	981.348
1326.13	974.177
1326.97	970.559
1327.82	950.867
1328.67	962.41
1329.52	991.063
1330.37	1002.87
1331.22	1012.71
1332.06	1015.59
1332.91	1003.43
1333.76	1004.85
1334.61	1022.7
1335.45	1031.24
1336.3	1019.05
1337.15	1024.63
1337.99	1042.03
1338.84	1046.13
1339.68	1054.47
1340.53	1083.98
1341.37	1057.66
1342.22	1065.05
1343.06	1061.88
1343.91	1058.33
1344.75	1075.28
1345.6	1088.06
1346.44	1103.32
1347.28	1080.84
1348.12	1075.75
1348.97	1053.01
1349.81	1052.48
1350.65	1113.89
1351.49	1087.43
1352.33	1107.86
1353.18	1116.33
1354.02	1099.85
1354.86	1118.23
1355.7	1146.04
1356.54	1156.4
1357.38	1161.98
1358.22	1200.89
1359.06	1226.22
1359.9	1235.75
1360.74	1218.66
1361.58	1269.98
1362.42	1254.78
1363.25	1248.66
1364.09	1234.58
1364.93	1250.95
1365.77	1274.11
1366.6	1252.39
1367.19	1231.73
1368.1	1224.17
1369.01	1219.48
1369.92	1240.3
1370.83	1183.23
1371.74	1197.91
1372.65	1238.08
1373.56	1165.98
1374.47	1169.62
1375.37	1129.96
1376.28	1094.18
1377.19	1077.02
1378.1	1085.33
1379	1103.41
1379.91	1072.38
1380.82	1063.92
1381.72	1010.35
1382.63	1021.39
1383.54	1000.97
1384.44	965.776
1385.35	993.07
1386.25	950.045
1387.16	955.877
1388.06	968.59
1388.97	976.496
1389.87	947.523
1390.78	982.748
1391.68	991.76
1392.59	1027.93
1393.49	1015.57
1394.39	1026.41
1395.3	952.932
1396.2	917.2
1397.1	894.04
1398	847.801
1398.91	836.425
1399.81	792.435
1400.71	738.002
1401.61	769.257
1402.52	774.479
1403.42	741.208
1404.32	743.426
1405.22	749.451
1406.12	747.84
1407.02	686.988
1407.92	709.544
1408.82	757.041
1409.72	725.262
1410.62	746.076
1411.52	707.635
1412.42	719.763
1413.32	753.762
1414.21	761.916
1415.11	767.157
1416.01	739.038
1416.91	777.595
1417.81	819.012
1418.71	839.57
1419.6	826.046
1420.5	847.869
1421.4	871.744
1422.29	881.442
1423.19	916.794
1424.09	981.521
1424.98	1033.73
1425.88	1048.72
1426.77	1105.49
1427.67	1216.42
1428.56	1231.43
1429.46	1340.6
1430.35	1469.83
1431.25	1534.59
1432.14	1646.12
1433.04	1698.98
1433.93	1788.25
1434.82	1790.24
1435.72	1834.25
1436.61	1844.08
1437.5	1885.42
1438.39	1929.67
1439.29	1984.41
1440.18	1999.9
1441.07	2094.53
1441.96	2165.15
1442.85	2296.03
1443.75	2414.76
1444.64	2489.94
1445.53	2612.64
1446.42	2601.51
1447.31	2691.05
1448.2	2763.96
1449.09	2785.46
1449.98	2778.62
1450.87	2745.66
1451.76	2718.65
1452.65	2705.64
1453.54	2643.24
1454.43	2521.52
1455.31	2497.15
1456.2	2426.96
1457.09	2314.4
1457.98	2246.39
1458.87	2171.07
1459.75	2143.05
1460.64	2010.05
1461.53	1985.92
1462.41	1956.53
1463.3	1911.82
1464.19	1892.06
1465.07	1893.12
1465.96	1919.77
1466.85	1913.92
1467.73	1896.26
1468.61	1843.79
1469.5	1810.95
1470.38	1716.22
1471.27	1693.38
1472.15	1640.39
1473.04	1665.89
1473.92	1716.44
1474.8	1675.55
1475.69	1654.07
1476.57	1691.96
1477.45	1600.01
1478.34	1603.51
1479.22	1567.31
1480.1	1502.76
1480.98	1465.03
1481.86	1414.11
1482.75	1453.08
1483.63	1424.63
1484.51	1352.51
1485.39	1256.48
1486.27	1183.2
1487.15	1048.31
1488.03	901.999
1488.91	829.277
1489.79	782.568
1490.67	703.774
1491.55	654.909
1492.43	628.286
1493.31	594.978
1494.19	566.605
1495.07	507.479
1495.94	530.306
1496.82	491.469
1497.7	468.988
1498.58	439.762
1499.45	477.77
1500.33	405.378
1501.21	450.057
1502.09	403.708
1502.96	409.129
1503.84	402.125
1504.72	391.313
1505.59	407.233
1506.47	379.23
1507.34	373.176
1508.22	380.461
1509.09	348.749
1509.97	358.003
1510.84	342.588
1511.72	361.404
1512.59	365.019
1513.46	348.68
1514.34	357.897
1515.21	314.015
1516.08	323.152
1516.96	320.915
1517.83	303.585
1518.7	312.715
1519.57	323.744
1520.45	273.598
1521.32	318.589
1522.19	300.571
1523.06	283.555
1523.93	276.918
1524.8	284.386
1525.67	267.405
1526.54	266.364
1527.41	230.567
1528.28	295.155
1529.16	248.122
1530.02	255.51
1530.89	247.946
1531.76	253.541
1532.63	246.057
1533.5	291.97
1534.37	247.034
1535.24	264.829
1536.11	258.255
1536.97	267.591
1537.84	276.932
1538.71	256.345
1539.57	245.16
1540.44	252.745
1541.31	244.445
1542.18	263.339
1543.04	264.426
1543.91	243.902
1544.77	257.101
1545.64	239.292
1546.5	257.116
1547.37	246.806
1548.24	259.073
1549.1	224.491
1549.96	235.991
1550.83	242.876
1551.69	227.195
1552.56	220.881
1553.42	217.326
1554.28	210.865
1555.15	215.69
1556.01	213.9
1556.87	215.932
1557.73	221.82
1558.6	215.467
1559.46	242.327
1560.32	206.552
1561.18	207.72
1562.04	241.164
1562.9	205.134
1563.77	241.405
1564.63	231.071
1565.49	238.885
1566.35	221.971
1567.21	238.489
1568.07	236.899
1568.93	273.589
1569.79	250.917
1570.64	240.628
1571.5	276.359
1572.36	260.244
1573.22	285.435
1574.08	296.25
1574.94	283.046
1575.8	323.806
1576.65	347.3
1577.51	378.555
1578.37	440.756
1579.22	531.053
1580.08	552.73
1580.94	628.642
1581.79	709.529
1582.65	641.26
1583.51	618.557
1584.36	570.59
1585.22	511.832
1586.07	445.149
1586.93	390.977
1587.78	369.824
1588.63	401.267
1589.49	384.894
1590.34	386.997
1591.2	437.839
1592.05	476.9
1592.9	493.447
1593.76	565.602
1594.61	599.743
1595.46	682.809
1596.32	804.166
1597.17	936.558
1598.02	1060.41
1598.87	1212.74
1599.72	1345.5
1600.58	1439.88
1601.43	1436.02
1602.28	1426.93
1603.13	1305.05
1603.98	1189.98
1604.83	1051.56
1605.68	874.291
1606.53	763.694
1607.38	660.093
1608.23	612.221
1609.08	562.372
1609.93	495.847
1610.77	454.634
1611.62	421.194
1612.47	383.884
1613.32	413.861
1614.17	347.501
1615.01	329.914
1615.86	327.94
1616.71	288.984
1617.55	275.299
1618.4	313.105
1619.25	256.548
1620.09	283.542
1620.94	285.256
1621.79	288.924
1622.63	235.459
1623.48	252.786
1624.32	264.327
1625.17	281.696
1626.01	288.427
1626.86	287.42
1627.7	299.952
1628.54	274.752
1629.39	305.623
1630.23	304.553
1631.07	279.3
1631.92	312.937
1632.76	297.307
1633.6	309.659
1634.45	327.797
1635.29	344.019
1636.13	315.003
1636.97	353.395
1637.81	377.328
1638.66	397.395
1639.5	335.738
1640.34	365.455
1641.18	392.321
1642.02	395.211
1642.86	378.917
1643.7	415.502
1644.54	403.062
1645.38	395.404
1646.22	390.604
1647.06	394.445
1647.89	405.985
1648.73	378.159
1649.57	392.695
1650.41	377.503
1651.25	352.734
1652.09	405.021
1652.92	376.39
1653.76	388.155
1654.6	421.054
1655.43	389.269
1656.27	394.131
1657.11	359.506
1657.94	385.778
1658.78	405.436
1659.62	382.645
1660.45	351.089
1661.29	402.712
1662.12	387.418
1662.96	381.722
1663.79	374.06
1664.62	362.557
1665.46	359.864
1666.29	365.034
1667.13	337.238
1667.96	353.209
1668.79	331.216
1669.63	324.752
1670.46	342.64
1671.29	329.256
1672.12	296.263
1672.96	318.947
1673.79	291.73
1674.62	284.063
1675.45	274.45
1676.28	288.381
1677.11	265.097
1677.95	263.398
1678.78	272.51
1679.61	260.954
1680.44	294.607
1681.27	285.89
1682.1	259.398
1682.93	245.688
1683.75	234.947
1684.58	252.818
1685.41	270.741
1686.24	279.823
1687.07	270.156
1687.9	250.583
1688.73	268.553
1689.55	317.202
1690.38	292.629
1691.21	253.153
1692.04	310.687
1692.86	250.301
1693.69	272.094
1694.52	266.14
1695.34	312.705
1696.17	308.819
1696.99	318.879
1697.82	323.06
1698.64	341.162
1699.47	350.329
1700.29	334.61
1701.12	364.507
1701.94	362.538
1702.77	393.29
1703.59	385.26
1704.41	395.096
1705.24	390.047
1706.06	403.878
1706.88	451.467
1707.71	489.145
1708.53	456.387
1709.35	507.954
1710.17	544.607
1711	582.19
1711.82	580.038
1712.64	604.594
1713.46	652.888
1714.28	681.365
1715.1	673.269
1715.92	742.461
1716.74	739.428
1717.56	812.535
1718.38	799.382
1719.2	859.172
1720.02	918.675
1720.84	930.628
1721.66	978.171
1722.48	1032.83
1723.3	1071.05
1724.11	1112.49
1724.93	1134.27
1725.75	1162.71
1726.57	1201.58
1727.39	1219.36
1728.2	1243.77
1729.02	1252.42
1729.84	1288.72
1730.65	1299.73
1731.47	1290.31
1732.29	1285.83
1733.1	1245
1733.92	1281.36
1734.73	1299.96
1735.55	1283.34
1736.36	1223.87
1737.18	1236.8
1737.99	1170.77
1738.81	1115.5
1739.62	1048.51
1740.43	1016.57
1741.25	979.779
1742.06	929.486
1742.87	890.999
1743.69	823.517
1744.5	810.478
1745.31	734.433
1746.13	673.006
1746.94	630.066
1747.75	583.336
1748.56	529.919
1749.37	479.477
1750.18	423.27
1750.99	452.207
1751.81	394.071
1752.61	350.462
1753.42	367.782
1754.24	354.2
1755.04	330.991
1755.85	311.664
1756.66	273.964
1757.47	282.599
1758.28	270.903
1759.09	223.478
1759.9	264.835
1760.71	248.339
1761.52	243.47
1762.32	231.907
1763.13	215.555
1763.94	178.964
1764.74	185.738
1765.55	192.5
1766.36	202.155
1767.17	190.619
1767.97	209.003
1768.78	169.553
1769.58	186.059
1770.39	159.131
1771.19	151.485
1772	179.566
1772.8	123.575
1773.61	159.386
1774.41	168.151
1775.22	154.685
1776.02	131.539
1776.83	167.415
1777.63	139.415
1778.43	125.929
1779.23	119.228
1780.04	151.321
1780.84	113.615
1781.64	147.726
1782.44	154.684
1783.25	149.002
1784.05	146.22
1784.85	159.01
1785.65	149.39
1786.45	138.78
1787.25	170.133
1788.05	131.202
1788.86	117.632
1789.65	137.298
1790.46	137.407
1791.25	143.385
1792.05	113.11
1792.85	158.295
1793.65	129.966
1794.45	147.757
1795.25	131.207
1796.05	128.412
1796.85	131.528
1797.64	117.894
1798.44	138.751
1799.24	114.206
1800.04	149.878
1800.83	126.26
1801.63	139.204
1802.43	148.2
1803.22	147.303
1804.02	102.819
1804.82	131.625
1805.61	116.827
1806.41	118.873
1807.2	133.815
1808	127.93
1808.79	100.205
1809.59	127.098
1810.38	148.061
1811.18	136.226
1811.97	135.305
1812.76	138.336
1813.56	140.34
1814.35	143.317
1815.14	121.421
1815.94	140.326
1816.73	139.367
1817.52	122.516
1818.31	129.56
1819.1	103.737
1819.9	133.664
1820.69	113.758
1821.48	129.69
1822.27	131.664
1823.06	140.609
1823.85	138.611
1824.64	127.661
1825.43	104.768
1826.22	121.674
1827.01	121.653
1827.8	132.569
1828.59	140.504
1829.38	140.5
1830.17	113.668
1830.96	136.536
1831.74	140.501
1832.53	113.643
1833.32	108.632
1834.11	115.521
1834.89	85.7017
1835.68	126.284
1836.47	102.441
1837.26	128.121
1838.04	114.205
1838.83	121.064
1839.61	128.896
1840.4	120.908
1841.19	130.674
1841.97	116.762
1842.76	123.551
1843.54	114.6
1844.33	143.038
1845.11	92.8669
1845.89	141.956
1846.68	118.361
1847.46	111.465
1848.25	105.548
1849.03	107.478
1849.81	112.347
1850.6	127.021
1851.38	111.319
1852.16	153.425
1852.94	120.096
1853.72	127.893
1854.51	119.034
1855.29	99.4145
1856.07	101.311
1856.85	135.428
1857.63	148.027
1858.41	107.95
1859.19	115.685
1859.97	92.2523
1860.75	103.904
1861.53	136.976
1862.31	137.94
1863.09	113.618
1863.87	106.811
1864.65	104.859
1865.43	110.666
1866.21	110.615
1866.99	114.429
1867.76	131.816
1868.54	133.668
1869.32	132.63
1870.1	120.965
1870.87	134.519
1871.65	107.41
1872.43	129.71
1873.2	112.292
1873.98	126.83
1874.76	118.111
1875.53	131.668
1876.31	129.74
1877.08	113.306
1877.86	124.005
1878.63	143.44
1879.41	117.331
1880.18	103.8
1880.96	102.857
1881.73	96.0897
1882.5	122.289
1883.28	84.501
1884.05	118.484
1884.82	118.537
1885.6	122.474
1886.37	120.585
1887.14	92.4703
1887.91	124.551
1888.68	113.905
1889.46	115.892
1890.23	130.529
1891	122.839
1891.77	110.299
1892.54	120.164
1893.31	101.794
1894.08	118.531
1894.85	102.074
1895.62	124.684
1896.39	106.185
1897.16	117
1897.93	113.105
1898.7	144.439
1899.47	145.445
1900.24	90.6734
1901.01	144.649
1901.77	125.188
1902.54	119.451
1903.31	110.745
1904.08	107.908
1904.84	111.939
1905.61	132.703
1906.38	107.174
1907.14	133.861
1907.91	108.308
1908.68	124.179
1909.44	120.33
1910.21	121.427
1910.97	120.556
1911.74	109.793
1912.51	151.512
1913.27	89.2043
1914.03	117.073
1914.8	108.24
1915.56	106.338
1916.33	130.264
1917.09	106.475
1917.85	94.5936
1918.62	115.53
1919.38	104.63
1920.14	95.7173
1920.9	111.702
1921.67	123.732
1922.43	123.837
1923.19	99.0214
1923.95	133.092
1924.71	113.248
1925.47	117.364
1926.24	153.492
1927	105.502
1927.76	109.541
1928.52	137.6
1929.28	108.561
1930.04	90.5375
1930.8	127.582
1931.56	110.564
1932.32	139.603
1933.08	126.615
1933.83	118.648
1934.59	112.697
1935.35	127.789
1936.11	116.822
1936.87	124.872
1937.62	93.7983
1938.38	127.843
1939.14	123.789
1939.89	155.779
1940.65	111.712
1941.41	144.727
1942.16	121.72
1942.92	112.717
1943.68	145.703
1944.43	130.648
1945.19	126.569
1945.94	130.463
1946.7	125.371
1947.45	119.298
1948.21	112.252
1948.96	153.988
1949.71	109.163
1950.47	143.92
1951.22	115.056
1951.98	110.057
1952.73	110.025
1953.48	119.906
1954.23	125.789
1954.99	146.501
1955.74	116.658
1956.49	137.299
1957.24	124.315
1957.99	137.038
1958.75	121.172
1959.5	132.952
1960.25	134.881
1961	118.091
1961.75	127.876
1962.5	129.757
1963.25	119.826
1964	123.654
1964.75	127.48
1965.5	105.82
1966.25	126.309
1967	112.5
1967.74	154.414
1968.49	116.15
1969.24	135.493
1969.99	115.844
1970.74	112.796
1971.48	127.274
1972.23	144.679
1972.98	132.013
1973.73	142.655
1974.47	127.089
1975.22	128.959
1975.96	134.671
1976.71	139.383
1977.46	117.015
1978.2	133.322
1978.95	153.485
1979.69	123.522
1980.44	134.101
1981.18	179.396
1981.93	115.787
1982.67	125.411
1983.41	135.964
1984.16	150.317
1984.9	107.88
1985.64	128.907
1986.39	136.457
1987.13	130.586
1987.87	108.464
1988.61	129.478
1989.36	139.007
1990.1	111.23
1990.84	127.471
1991.58	129.36
1992.32	126.47
1993.06	109.255
1993.81	128.374
1994.55	107.376
1995.29	144.708
1996.03	140.01
1996.77	132.452
1997.51	130.633
1998.24	122.098
1998.98	130.794
1999.72	152.903
2000.46	120.351
2001.2	138.616
2001.94	131.951
2002.68	118.576
2003.41	116.721
2004.15	138.884
2004.89	124.554
2005.63	136.163
2006.36	126.616
2007.1	111.283
2007.84	94.9771
2008.57	129.688
2009.31	129.769
2010.05	94.2106
2010.78	130.952
2011.52	121.431
2012.25	105.133
2012.99	120.707
2013.72	126.613
2014.46	116.053
2015.19	112.252
2015.92	126.855
2016.66	101.738
2017.39	135.785
2018.13	136.9
2018.86	129.292
2019.59	124.599
2020.32	115.023
2021.06	119.074
2021.79	126.179
2022.52	116.044
2023.25	123.649
2023.98	107.849
2024.72	92.7137
2025.45	118.771
2026.18	113.837
2026.91	136.597
2027.64	124.696
2028.37	118.5
2029.1	142.525
2029.83	124.174
2030.56	156.186
2031.29	141.274
2032.02	153.359
2032.75	124.871
2033.47	113.684
2034.2	95.1345
2034.93	145.051
2035.66	121.475
2036.39	118.371
2037.11	146.238
2037.84	124.804
2038.57	146.127
2039.3	122.973
2040.02	145.883
2040.75	147.943
2041.47	120.243
2042.2	107.595
2042.93	121.549
2043.65	123.831
2044.38	115.625
2045.1	122.711
2045.83	131.212
2046.55	131.662
2047.28	136.382
2048	137.782
2048.73	107.912
2049.45	123.067
2050.17	133.243
2050.9	125.493
2051.62	127.714
2052.34	134.563
2053.07	117.844
2053.79	114.627
2054.51	114.407
2055.23	132.165
2055.95	124.692
2056.68	135.226
2057.4	120.267
2058.12	145.795
2058.84	150.357
2059.56	144.446
2060.28	141.049
2061	117.482
2061.72	136.171
2062.44	120.65
2063.16	132.848
2063.88	113.393
2064.6	138.592
2065.32	134.833
2066.03	154.109
2066.75	147.174
2067.47	132.274
2068.19	135.925
2068.91	132.729
2069.62	134.929
2070.34	129.06
2071.06	116.607
2071.77	152.172
2072.49	146.453
2073.21	132.315
2073.92	140.274
2074.64	119.75
2075.36	111
2076.07	127.459
2076.79	126.334
2077.5	141.285
2078.22	137.09
2078.93	130.423
2079.64	136.697
2080.36	118.886
2081.07	130.483
2081.79	126.606
2082.5	132.735
2083.21	126.784
2083.93	113.439
2084.64	120.952
2085.35	143.408
2086.07	135.209
2086.78	137.36
2087.49	150.14
2088.2	139.165
2088.91	134.303
2089.62	128.847
2090.33	148.315
2091.04	146.719
2091.76	128.412
2092.47	134.657
2093.18	123.887
2093.89	142.317
2094.6	132.928
2095.3	152.467
2096.01	160.312
2096.72	147.796
2097.43	140.653
2098.14	128.426
2098.85	132.467
2099.56	145.315
2100.09	126.435
2100.87	148.135
2101.65	140.18
2102.43	143.102
2103.21	141.074
2103.99	134.089
2104.77	142.868
2105.55	144.702
2106.32	117.962
2107.1	143.405
2107.88	148.19
2108.66	146.138
2109.44	129.404
2110.22	137.24
2110.99	147.032
2111.77	135.193
2112.55	136.063
2113.33	141.784
2114.1	133.793
2114.88	128.774
2115.66	127.713
2116.43	149.151
2117.21	155.978
2117.99	158.909
2118.76	131.561
2119.54	172.513
2120.31	164.637
2121.09	142.131
2121.86	117.698
2122.64	131.289
2123.41	140.982
2124.19	152.628
2124.96	182.783
2125.74	110.734
2126.51	113.671
2127.28	165.33
2128.06	163.438
2128.83	135.214
2129.61	143.035
2130.38	120.614
2131.15	144.991
2131.92	144.994
2132.7	144.034
2133.47	146.986
2134.24	150.919
2135.01	120.692
2135.78	135.353
2136.55	146.115
2137.33	145.17
2138.1	124.697
2138.87	148.207
2139.64	137.53
2140.41	120.983
2141.18	125.975
2141.95	154.518
2142.72	161.525
2143.49	130.223
2144.26	139.156
2145.03	149.066
2145.8	134.375
2146.57	156.107
2147.33	140.445
2148.1	135.631
2148.87	145.631
2149.64	154.663
2150.41	122.149
2151.17	106.393
2151.94	142.109
2152.71	122.369
2153.48	135.347
2154.24	134.468
2155.01	111.739
2155.78	128.762
2156.54	117.934
2157.31	160.909
2158.08	124.127
2158.84	133.207
2159.61	144.283
2160.37	147.355
2161.14	135.411
2161.9	141.47
2162.67	142.543
2163.43	125.607
2164.2	143.778
2164.96	143.935
2165.72	149.125
2166.49	156.32
2167.25	116.146
2168.01	114.187
2168.78	156.568
2169.54	156.609
2170.3	142.538
2171.07	132.517
2171.83	137.664
2172.59	147.892
2173.35	159.151
2174.11	123.81
2174.88	148.191
2175.64	126.935
2176.4	88.4136
2177.16	116.872
2177.92	142.305
2178.68	144.443
2179.44	153.713
2180.2	134.575
2180.96	117.449
2181.72	162.318
2182.48	160.423
2183.24	150.364
2184	132.138
2184.76	179.041
2185.52	167.916
2186.28	165.95
2187.04	152.788
2187.79	130.467
2188.55	176.371
2189.31	152.017
2190.07	164.324
2190.83	162.37
2191.58	171.621
2192.34	145.207
2193.1	170.746
2193.85	162.642
2194.61	176.923
2195.37	184.034
2196.12	181.954
2196.88	160.547
2197.63	166.611
2198.39	168.628
2199.15	159.509
2199.9	169.706
2200.66	171.79
2201.41	162.695
2202.16	152.562
2202.92	146.465
2203.67	166.706
2204.43	154.516
2205.18	160.583
2205.93	142.392
2206.69	129.296
2207.44	146.575
2208.19	155.758
2208.95	145.693
2209.7	153.816
2210.45	158.878
2211.2	147.747
2211.95	174.008
2212.71	124.506
2213.46	150.757
2214.21	169.916
2214.96	147.708
2215.71	144.66
2216.46	156.707
2217.21	158.66
2217.96	125.417
2218.71	173.569
2219.46	143.383
2220.21	172.408
2220.96	147.321
2221.71	169.347
2222.46	122.309
2223.21	163.353
2223.96	163.344
2224.71	203.287
2225.46	174.241
2226.21	197.122
2226.95	184.082
2227.7	178.054
2228.45	191.97
2229.2	225.793
2229.94	220.784
2230.69	268.492
2231.44	288.321
2232.18	297.199
2232.93	298.114
2233.68	330.771
2234.42	346.496
2235.17	349.288
2235.92	343.155
2236.66	342.002
2237.41	377.489
2238.15	333.883
2238.9	352.614
2239.64	346.64
2240.38	322.885
2241.13	298.145
2241.87	264.53
2242.62	268.427
2243.36	234.846
2244.1	230.865
2244.85	212.113
2245.59	198.304
2246.33	222.904
2247.08	146.132
2247.82	223.856
2248.56	197.281
2249.3	185.459
2250.05	161.849
2250.79	198.142
2251.53	162.784
2252.27	161.8
2253.01	163.78
2253.75	156.96
2254.49	175.644
2255.23	166.896
2255.97	152.27
2256.71	166.066
2257.45	161.222
2258.19	169.103
2258.93	173.041
2259.67	181.865
2260.41	143.688
2261.15	162.329
2261.89	144.776
2262.63	180.126
2263.36	168.503
2264.1	159.82
2264.84	138.378
2265.58	157.122
2266.32	156.233
2267.05	138.644
2267.79	175.001
2268.53	126
2269.26	180.001
2270	167.311
2270.74	146.791
2271.48	142.964
2272.21	162.71
2272.95	167.76
2273.68	157.106
2274.42	158.244
2275.15	186.929
2275.89	134.92
2276.62	175.421
2277.36	165.695
2278.09	146.093
2278.83	159.986
2279.56	158.103
2280.29	165.09
2281.03	157.288
2281.76	173.159
2282.49	169.319
2283.23	127.99
2283.96	181.44
2284.69	150.981
2285.42	151.139
2286.16	156.233
2286.89	174.175
2287.62	161.408
2288.35	176.346
2289.08	177.424
2289.81	178.525
2290.55	148.935
2291.28	162.976
2292.01	158.2
2292.74	160.379
2293.47	161.564
2294.2	135.87
2294.93	162.894
2295.66	135.132
2296.39	149.177
2297.11	143.282
2297.85	152.332
2298.57	151.428
2299.3	171.49
2300.03	168.648
2300.76	158.832
2301.49	140.012
2302.22	140.151
2302.94	155.278
2303.67	154.393
2304.4	155.508
2305.12	182.669
2305.85	162.784
2306.58	172.961
2307.31	148.042
2308.03	200.364
2308.76	161.346
2309.48	155.428
2310.21	188.679
2310.93	148.598
2311.66	152.731
2312.38	144.812
2313.11	135.886
2313.83	181.308
2314.56	179.424
2315.28	142.263
2316.01	131.27
2316.73	166.631
2317.45	152.625
2318.18	146.689
2318.9	134.702
2319.62	121.695
2320.35	135.931
2321.07	145.115
2321.79	175.509
2322.52	181.666
2323.24	173.683
2323.96	126.284
2324.68	150.647
2325.4	153.783
2326.12	144.773
2326.84	115.516
2327.56	117.614
2328.29	100.487
2329.01	100.565
2329.73	90.527
2330.45	110.869
2331.17	92.7298
2331.89	141.454
2332.61	146.606
2333.32	153.773
2334.04	122.416
2334.76	195.449
2335.48	144.841
2336.2	159.108
2336.92	167.308
2337.64	134.956
2338.35	156.342
2339.07	179.756
2339.79	149.402
2340.51	163.679
2341.23	144.485
2341.94	123.269
2342.66	139.619
2343.37	147.865
2344.09	155.095
2344.81	185.683
2345.52	134.924
2346.24	155.279
2346.95	108.565
2347.67	153.264
2348.38	163.444
2349.1	160.463
2349.82	137.213
2350.53	140.374
2351.24	130.332
2351.96	150.762
2352.67	149.826
2353.39	143.782
2354.1	133.656
2354.81	167.219
2355.53	141.855
2356.24	152.058
2356.95	140.945
2357.66	141.016
2358.38	136.017
2359.09	130.008
2359.8	143.311
2360.51	141.384
2361.22	122.176
2361.94	137.554
2362.65	152.953
2363.36	143.92
2364.07	150.152
2364.78	160.445
2365.49	165.619
2366.2	178.925
2366.91	161.64
2367.62	168.817
2368.33	169.889
2369.04	159.765
2369.75	144.554
2370.46	157.878
2371.16	141.646
2371.87	153.947
2372.58	165.229
2373.29	156.128
2374	184.747
2374.71	140.989
2375.41	186.945
2376.12	174.784
2376.83	145.286
2377.53	159.64
2378.24	164.826
2378.95	183.285
2379.65	143.589
2380.36	170.209
2381.07	167.221
2381.77	168.304
2382.48	182.652
2383.18	165.378
2383.89	173.647
2384.59	165.607
2385.3	169.833
2386	203.704
2386.71	178.247
2387.41	150.696
2388.12	155.84
2388.82	184.474
2389.52	167.121
2390.23	165.123
2390.93	155.999
2391.63	168.342
2392.34	158.202
2393.04	191.982
2393.74	167.501
2394.44	190.01
2395.15	154.312
2395.85	157.452
2396.55	164.701
2397.25	198.533
2397.95	146.502
2398.65	174.167
2399.35	152.738
2400.05	142.537
2400.75	184.416
2401.45	160.941
2402.15	164.034
2402.85	197.762
2403.55	170.289
2404.25	192.84
2404.95	128.626
2405.65	185.906
2406.35	195.196
2407.05	167.699
2407.75	194.339
2408.44	183.178
2409.14	156.693
2409.84	182.328
2410.54	189.572
2411.24	185.563
2411.93	154.955
2412.63	197.926
2413.33	164.223
2414.02	177.517
2414.72	177.525
2415.42	156.102
2416.11	177.557
2416.81	210.231
2417.5	190.889
2418.2	181.765
2418.9	173.674
2419.59	157.425
2420.28	175.848
2420.98	158.55
2421.67	189.154
2422.37	169.781
2423.06	187.091
2423.75	192.191
2424.45	182.056
2425.14	146.507
2425.84	179.207
2426.53	181.375
2427.22	176.398
2427.91	179.549
2428.61	170.43
2429.3	196.952
2429.99	160.258
2430.68	183.648
2431.37	176.474
2432.07	170.327
2432.76	200.773
2433.45	198.726
2434.14	161.19
2434.83	174.443
2435.52	201.924
2436.21	178.646
2436.9	180.724
2437.59	200.018
2438.28	179.711
2438.97	185.764
2439.66	175.604
2440.35	191.794
2441.04	175.606
2441.72	161.468
2442.41	174.654
2443.1	185.805
2443.79	199.97
2444.48	177.733
2445.16	184.807
2445.85	188.857
2446.54	184.851
2447.23	178.845
2447.91	173.857
2448.6	208.234
2449.29	177.998
2449.97	178.034
2450.66	186.136
2451.34	227.525
2452.03	185.205
2452.72	181.226
2453.4	190.362
2454.09	201.5
2454.77	167.243
2455.46	193.441
2456.14	242.749
2456.82	177.262
2457.51	159.14
2458.19	198.368
2458.88	215.495
2459.56	212.548
2460.24	196.551
2460.92	169.495
2461.61	208.81
2462.29	198.84
2462.97	232.112
2463.66	188.914
2464.34	180.907
2465.02	216.12
2465.7	204.051
2466.38	213.08
2467.06	188.965
2467.75	173.918
2468.42	205.07
2469.11	222.193
2469.79	198.19
2470.47	210.341
2471.15	236.562
2471.83	224.617
2472.51	233.746
2473.19	203.674
2473.86	202.718
2474.54	217.823
2475.22	183.718
2475.9	217.916
2476.58	213.975
2477.26	209.052
2477.94	195.103
2478.61	202.256
2479.29	202.372
2479.97	208.506
2480.65	201.554
2481.32	219.734
2482	189.635
2482.68	211.845
2483.35	200.868
2484.03	183.85
2484.71	227.198
2485.38	206.128
2486.06	176.993
2486.73	203.186
2487.41	212.272
2488.08	195.224
2488.76	179.206
2489.43	211.494
2490.11	211.619
2490.78	206.722
2491.45	171.606
2492.13	230.15
2492.8	206.081
2493.48	181.992
2494.15	187.126
2494.82	217.48
2495.49	178.269
2496.17	177.394
2496.84	203.797
2497.51	205.987
2498.18	191.991
2498.86	211.332
2499.53	209.407
2500.2	203.407
2500.87	243.929
2501.54	203.542
2502.21	210.732
2502.88	208.855
2503.55	191.808
2504.22	204.14
2504.89	188.071
2505.56	192.251
2506.23	232.936
2506.9	238.099
2507.57	220.939
2508.24	247.451
2508.91	227.287
2509.58	206.101
2510.25	222.496
2510.91	210.405
2511.58	209.476
2512.25	240.063
2512.92	208.618
2513.59	221.943
2514.25	185.43
2514.92	200.823
2515.59	215.211
2516.25	228.581
2516.92	249.075
2517.59	209.426
2518.25	216.643
2518.92	228.952
2519.58	232.091
2520.25	224.026
2520.91	197.62
2521.58	231.409
2522.24	234.63
2522.91	239.915
2523.57	242.149
2524.24	237.223
2524.9	224.094
2525.56	207.867
2526.23	242.811
2526.89	238.849
2527.55	238.975
2528.22	229.866
2528.88	225.86
2529.54	241.306
2530.21	232.135
2530.87	214.763
2531.53	215.856
2532.19	238.51
2532.85	244.817
2533.51	223.461
2534.18	214.41
2534.84	235.126
2535.5	234.231
2536.16	236.361
2536.82	224.053
2537.48	219.944
2538.14	251.784
2538.8	226.138
2539.46	213.885
2540.12	213.994
2540.78	215.161
2541.44	221.484
2542.09	231.924
2542.75	238.237
2543.41	243.49
2544.07	254.875
2544.73	210.648
2545.39	248.692
2546.04	243.501
2546.7	252.693
2547.36	209.526
2548.02	236.223
2548.67	241.393
2549.33	244.542
2549.98	264.135
2550.64	259.101
2551.3	271.519
2551.95	247.997
2552.61	249.12
2553.26	236.891
2553.92	259.581
2554.57	244.239
2555.23	272.007
2555.88	303.825
2556.54	269.888
2557.19	291.363
2557.85	263.613
2558.5	257.437
2559.15	286.139
2559.81	298.478
2560.46	300.598
2561.11	267.89
2561.77	310.988
2562.42	299.75
2563.07	302.813
2563.72	314.026
2564.37	323.157
2565.03	291.377
2565.68	296.46
2566.33	302.613
2566.98	286.328
2567.63	297.672
2568.28	299.815
2568.93	318.282
2569.58	335.669
2570.23	260.011
2570.88	298.801
2571.53	339.628
2572.18	329.447
2572.83	320.331
2573.48	320.426
2574.13	300.089
2574.78	305.255
2575.43	325.703
2576.07	300.181
2576.72	317.525
2577.37	307.315
2578.02	332.817
2578.67	302.218
2579.31	295.07
2579.96	301.153
2580.61	300.078
2581.26	302.051
2581.9	319.302
2582.55	313.181
2583.19	294.909
2583.84	355.024
2584.49	323.604
2585.13	320.662
2585.78	327.851
2586.42	306.48
2587.07	316.586
2587.71	311.385
2588.36	310.235
2589	331.427
2589.65	301.916
2590.29	319.12
2590.93	320.141
2591.58	308.025
2592.22	327.365
2592.86	336.596
2593.51	332.669
2594.15	320.64
2594.79	312.67
2595.43	341.228
2596.07	336.276
2596.72	336.362
2597.36	339.45
2598	329.304
2598.64	297.831
2599.28	364.769
2599.92	304.93
2600.56	320.183
2601.2	332.426
2601.85	323.395
2602.49	315.375
2603.13	314.436
2603.76	329.7
2604.4	321.615
2605.04	352.059
2605.68	337.89
2606.32	323.734
2606.96	319.719
2607.6	367.383
2608.24	331.91
2608.88	344.043
2609.51	370.34
2610.15	350.07
2610.79	332.889
2611.43	323.863
2612.06	326.022
2612.7	330.241
2613.34	307.113
2613.97	311.331
2614.61	331.759
2615.25	345.079
2615.88	325.927
2616.52	320.97
2617.15	316.017
2617.79	314.117
2618.42	338.626
2619.06	344.866
2619.69	323.668
2620.33	343.09
2620.96	310.664
2621.6	342.245
2622.23	324.019
2622.86	325.111
2623.5	291.663
2624.13	311.092
2624.76	318.343
2625.4	335.77
2626.03	300.285
2626.66	295.296
2627.29	324.889
2627.93	322.935
2628.56	333.206
2629.19	327.216
2629.82	331.429
2630.45	346.859
2631.08	348.033
2631.71	331.868
2632.34	309.565
2632.98	308.656
2633.61	351.6
2634.24	339.506
2634.87	331.516
2635.5	363.346
2636.12	345.167
2636.75	305.51
2637.38	327.132
2638.01	346.709
2638.64	347.874
2639.27	365.388
2639.9	328.672
2640.53	326.713
2641.15	326.786
2641.78	357.545
2642.41	340.225
2643.04	396.592
2643.66	361.924
2644.29	370.259
2644.92	377.587
2645.54	364.429
2646.17	356.363
2646.8	361.584
2647.42	347.309
2648.05	358.631
2648.67	336.14
2649.3	357.713
2649.92	378.286
2650.55	365.079
2651.17	372.398
2651.8	371.544
2652.42	404.553
2653.05	328.823
2653.67	373.112
2654.29	370.17
2654.92	362.058
2655.54	368.291
2656.16	380.669
2656.79	396.132
2657.41	404.174
2658.03	389.648
2658.65	392.531
2659.27	393.319
2659.9	429.913
2660.52	388.199
2661.14	443.901
2661.76	429.226
2662.38	439.584
2663	390.295
2663.62	413.546
2664.24	398.17
2664.86	412.861
2665.48	426.255
2666.1	452.038
2666.72	435.456
2667.34	438.82
2667.96	421.032
2668.58	435.084
2669.2	423.32
2669.82	421.54
2670.44	426.393
2671.05	423.083
2671.67	426.288
2672.29	462.301
2672.91	431.905
2673.53	467.313
2674.14	448.096
2674.76	433.33
2675.38	437.749
2675.99	456.477
2676.61	491.896
2677.23	495.81
2677.84	473.133
2678.46	518.197
2679.07	543.871
2679.69	536.85
2680.3	561.885
2680.92	594.183
2681.53	590.67
2682.15	630.212
2682.76	646.174
2683.38	646.934
2683.99	663.234
2684.61	664.038
2685.22	638.969
2685.83	639.362
2686.44	644.641
2687.06	640.788
2687.67	626.677
2688.28	654.698
2688.9	663.213
2689.51	645.386
2690.12	681.289
2690.73	690.554
2691.34	689.019
2691.96	701.894
2692.57	703.559
2693.18	707.697
2693.79	701.803
2694.4	721.801
2695.01	736.869
2695.62	734.655
2696.23	726.092
2696.84	719.295
2697.45	723.706
2698.06	729.889
2698.67	718.871
2699.28	748.19
2699.88	741.142
2700.49	733.193
2701.1	740.227
2701.71	743.006
2702.32	753.697
2702.93	756.622
2703.53	755.962
2704.14	759.679
2704.75	768.108
2705.36	791.487
2705.96	785.47
2706.57	783.313
2707.17	780.182
2707.78	783.274
2708.39	807.473
2708.99	841.764
2709.6	849.008
2710.2	833.909
2710.81	873.836
2711.41	888.456
2712.02	896.301
2712.62	887.554
2713.23	898.478
2713.83	921.323
2714.44	932.72
2715.04	956.219
2715.64	940.863
2716.25	953.451
2716.85	954.976
2717.45	989.201
2718.05	973.208
2718.66	960.974
2719.26	992.747
2719.86	1030.74
2720.46	1034.65
2721.06	1034.15
2721.67	1043.19
2722.27	1049.37
2722.87	1074.61
2723.47	1085.64
2724.07	1104.89
2724.67	1119.36
2725.27	1119.68
2725.71	1125.24
2726.38	1141.34
2727.06	1139.96
2727.73	1155.74
2728.4	1160.28
2729.07	1158.79
2729.74	1159.49
2730.42	1146.19
2731.09	1195.1
2731.76	1205.63
2732.43	1192.91
2733.1	1270.75
2733.77	1244.81
2734.44	1199.39
2735.11	1194.49
2735.78	1304.45
2736.45	1255.43
2737.12	1277.53
2737.79	1319.87
2738.46	1307.25
2739.13	1292.68
2739.8	1258.94
2740.47	1267.08
2741.14	1268.36
2741.81	1233.22
2742.47	1245.98
2743.14	1227.24
2743.81	1247.11
2744.48	1223.09
2745.15	1229.53
2745.81	1184.96
2746.48	1155.68
2747.15	1124.39
2747.81	1156.35
2748.48	1167.89
2749.15	1126.27
2749.81	1164.07
2750.48	1116.01
2751.15	1086.24
2751.81	1064.69
2752.48	1058.61
2753.14	1055.84
2753.81	1006.36
2754.47	1012.09
2755.14	965.649
2755.8	957.816
2756.47	953.854
2757.13	942.572
2757.8	910.796
2758.46	895.435
2759.13	895.542
2759.79	894.776
2760.45	872.623
2761.12	898.506
2761.78	871.069
2762.44	879.279
2763.1	907.834
2763.77	888.294
2764.43	879.079
2765.09	896.626
2765.76	878.551
2766.42	854.454
2767.08	871.368
2767.74	909.798
2768.4	898.956
2769.06	942.361
2769.72	935.41
2770.38	970.457
2771.05	992.153
2771.71	981.047
2772.37	965.91
2773.03	1014.53
2773.69	1003.66
2774.35	1029.77
2775.01	1072.27
2775.67	1115.68
2776.33	1161.02
2776.99	1148.71
2777.64	1274.22
2778.3	1305.21
2778.96	1334.23
2779.62	1330.38
2780.28	1397.46
2780.94	1410.92
2781.59	1357.4
2782.25	1409.85
2782.91	1370.84
2783.57	1341.28
2784.22	1364.4
2784.88	1395.9
2785.54	1348.07
2786.2	1339.16
2786.85	1359.77
2787.51	1331.61
2788.16	1306.35
2788.82	1260.54
2789.48	1279.82
2790.13	1338.54
2790.79	1294.67
2791.44	1343.65
2792.1	1367.91
2792.75	1407.41
2793.41	1374.43
2794.06	1379.3
2794.72	1398.39
2795.37	1386.53
2796.02	1396.35
2796.68	1444.35
2797.33	1391.67
2797.98	1497.59
2798.64	1448.29
2799.29	1485.51
2799.94	1466.19
2800.6	1504.54
2801.25	1560.41
2801.9	1521.58
2802.55	1567.13
2803.21	1584.8
2803.86	1620.89
2804.51	1628.02
2805.16	1653.59
2805.81	1628.68
2806.46	1646
2807.11	1704.52
2807.77	1736.29
2808.42	1748.43
2809.07	1767.68
2809.72	1749.75
2810.37	1827.36
2811.02	1807.25
2811.67	1846.88
2812.32	1835.32
2812.97	1934.95
2813.61	1953.6
2814.26	1951.82
2814.91	1995.27
2815.56	2007.83
2816.21	2040.86
2816.86	2083.02
2817.51	2117.84
2818.15	2082.61
2818.8	2127.41
2819.45	2167.99
2820.1	2157.25
2820.74	2228.87
2821.39	2235.09
2822.04	2288.85
2822.69	2347.86
2823.33	2346.12
2823.98	2388.19
2824.63	2401.06
2825.27	2434.14
2825.92	2469.19
2826.56	2503.38
2827.21	2546.09
2827.85	2597.39
2828.5	2635.64
2829.14	2661.77
2829.79	2654.19
2830.43	2677.52
2831.08	2764.6
2831.72	2755.13
2832.37	2809.22
2833.01	2817.88
2833.65	2855.05
2834.3	2991.63
2834.94	3018
2835.58	3060.61
2836.23	3108.19
2836.87	3140.31
2837.51	3142.78
2838.16	3286.22
2838.8	3325.37
2839.44	3386.49
2840.08	3458.07
2840.72	3498.75
2841.36	3536.99
2842.01	3645.73
2842.65	3740.9
2843.29	3814.5
2843.93	3923.17
2844.57	3995.01
2845.21	4064.9
2845.85	4151.24
2846.49	4276.75
2847.13	4324.55
2847.77	4436.6
2848.41	4497.81
2849.05	4591.05
2849.69	4674.69
2850.33	4710.15
2850.97	4641.69
2851.61	4651.52
2852.24	4748.35
2852.88	4808.46
2853.52	4967.07
2854.16	4943.02
2854.8	4927.08
2855.43	5022.4
2856.07	5073.16
2856.71	5142.69
2857.35	5235.17
2857.98	5412.78
2858.62	5401.62
2859.26	5606.33
2859.89	5814.19
2860.53	5915.67
2861.16	6165.25
2861.8	6221.5
2862.44	6529.18
2863.07	6748.63
2863.71	7030.78
2864.34	7290.66
2864.98	7535.73
2865.61	7798.91
2866.25	8058.18
2866.88	8316.26
2867.52	8513.97
2868.15	8818.36
2868.78	8906.9
2869.42	9219.25
2870.05	9484.79
2870.69	9626.62
2871.32	9841.92
2871.95	10013.9
2872.58	10308.2
2873.22	10501.2
2873.85	10762.4
2874.48	10963.7
2875.11	11083
2875.75	11135.3
2876.38	11223.9
2877.01	11260.2
2877.64	11214.3
2878.27	11147.7
2878.9	10917.6
2879.53	10809
2880.16	10633.7
2880.79	10590.5
2881.42	10309.1
2882.05	10342.9
2882.68	10144
2883.31	9998.38
2883.94	10007.7
2884.57	9832.84
2885.2	9799.74
2885.83	9744.73
2886.46	9759.36
2887.09	9790.67
2887.72	9825.52
2888.35	9832.57
2888.97	9864.67
2889.6	9820
2890.23	9882.94
2890.86	10038.4
2891.49	9998.32
2892.11	10072.3
2892.74	10117.1
2893.37	10250.1
2893.99	10475.4
2894.62	10403.2
2895.25	10513.2
2895.87	10625.9
2896.5	10714.3
2897.12	10897
2897.75	11072.4
2898.38	11060.5
2899	11179.8
2899.63	11230.4
2900.25	11561.7
2900.88	11708.1
2901.5	11732.1
2902.12	11815.4
2902.75	11938.4
2903.37	12205.9
2904	12217.6
2904.62	12323.9
2905.25	12277.1
2905.87	12485.5
2906.49	12691.7
2907.11	12777.3
2907.74	12787.7
2908.36	12868.5
2908.98	12966.9
2909.6	13097.8
2910.23	13241.1
2910.85	13378.1
2911.47	13276.3
2912.09	13341.7
2912.71	13479.9
2913.33	13503.2
2913.96	13619.7
2914.58	13576.3
2915.2	13587.6
2915.82	13476
2916.44	13509.5
2917.06	13552.8
2917.68	13486.1
2918.3	13320.4
2918.92	13366.9
2919.54	13414.2
2920.16	13368.7
2920.77	13241.7
2921.39	13266.3
2922.01	13232.3
2922.63	13103.7
2923.25	13212.5
2923.87	13211.7
2924.48	13076.8
2925.1	13258.8
2925.72	13331.3
2926.34	13445.3
2926.95	13469.5
2927.57	13596.5
2928.19	13654.6
2928.8	13904.7
2929.42	13948.8
2930.04	14181
2930.65	14323.6
2931.27	14643.4
2931.89	14933.9
2932.5	15267.9
2933.12	15507.2
2933.73	15812.9
2934.35	16147.6
2934.96	16473.5
2935.58	16902.1
2936.19	16983.1
2936.81	17279.9
2937.42	17433.5
2938.03	17747.6
2938.65	17809.8
2939.26	17887.9
2939.88	17714.3
2940.49	17509.2
2941.1	17339.6
2941.71	17052.4
2942.33	16868.1
2942.94	16385.8
2943.55	15927.6
2944.17	15538.8
2944.78	15235.2
2945.39	14977.5
2946	14464.1
2946.61	14139.2
2947.22	13758.2
2947.83	13603.1
2948.45	13204.9
2949.06	12824.5
2949.67	12595.4
2950.28	12415.4
2950.89	12144.9
2951.5	11868.9
2952.11	11680.4
2952.72	11306.6
2953.33	11162.4
2953.94	10988.8
2954.54	10870.4
2955.15	10652.9
2955.76	10526.3
2956.37	10356.6
2956.98	10170.3
2957.59	10059.5
2958.2	9960.18
2958.8	9800.7
2959.41	9793.17
2960.02	9578.04
2960.63	9562.05
2961.23	9389.74
2961.84	9245.57
2962.45	9222.04
2963.05	9114.7
2963.66	8938.76
2964.27	8779.1
2964.87	8741.75
2965.48	8670.8
2966.08	8592.13
2966.69	8460.45
2967.29	8345.02
2967.9	8174.4
2968.5	8035.43
2969.11	7893.89
2969.71	7783.75
2970.32	7665.63
2970.92	7540.74
2971.53	7374.6
2972.13	7208.38
2972.74	7050.3
2973.34	6919.33
2973.94	6807.58
2974.54	6735.36
2975.15	6593.78
2975.75	6405.26
2976.35	6246.94
2976.96	6151.28
2977.56	6094.1
2978.16	6017.43
2978.76	5781.53
2979.36	5653.24
2979.97	5608.2
2980.57	5483.47
2981.17	5372.98
2981.77	5253.69
2982.37	5070.92
2982.97	4983.76
2983.57	4830.63
2984.17	4756.66
2984.77	4610.79
2985.37	4519.27
2985.97	4384.77
2986.57	4376.91
2987.17	4226.83
2987.77	4062.04
2988.37	3983.76
2988.97	3888.42
2989.57	3815.11
2990.17	3681.08
2990.76	3600.37
2991.36	3503.51
2991.96	3514.48
2992.56	3422.2
2993.16	3320.67
2993.75	3223
2994.35	3163.91
2994.95	3154.71
2995.54	3053.4
2996.14	3021.96
2996.74	2947.03
2997.33	2864.4
2997.93	2825.03
2998.52	2782.72
2999.12	2776.18
2999.72	2773.66
3000.31	2691.25
3000.91	2651.81
3001.5	2619.53
3002.1	2552.34
3002.69	2541.3
3003.29	2479.84
3003.88	2482.73
3004.47	2426.19
3005.07	2405.7
3005.66	2353.86
3006.26	2307.58
3006.85	2245.21
3007.44	2173.68
3008.04	2179.91
3008.63	2090.33
3009.22	2078.28
3009.81	2018.62
3010.41	1961.87
3011	1932.89
3011.59	1921.58
3012.18	1883.86
3012.77	1835.02
3013.36	1820.1
3013.96	1755.83
3014.55	1782.89
3015.14	1764.79
3015.73	1756.07
3016.32	1708.45
3016.91	1654.72
3017.5	1659.55
3018.09	1674.46
3018.68	1644.86
3019.27	1603.76
3019.86	1538.96
3020.45	1596.85
3021.04	1594.23
3021.63	1600.05
3022.22	1548.2
3022.8	1568.4
3023.39	1600.8
3023.98	1570.11
3024.57	1558.95
3025.16	1549.86
3025.74	1587.24
3026.33	1622.54
3026.92	1580.34
3027.5	1558.63
3028.09	1594.59
3028.68	1615.02
3029.26	1581.89
3029.85	1641.86
3030.44	1603.03
3031.02	1616.03
3031.61	1652.9
3032.19	1665.96
3032.78	1643.7
3033.37	1729.73
3033.95	1695.68
3034.54	1690.47
3035.12	1697.67
3035.71	1753.51
3036.29	1750.48
3036.87	1740.23
3037.46	1762.03
3038.04	1771.47
3038.63	1819.27
3039.21	1830.06
3039.79	1821.43
3040.38	1860.6
3040.96	1866.71
3041.54	1821.89
3042.12	1814.02
3042.71	1866.85
3043.29	1841.59
3043.87	1857.52
3044.45	1857.89
3045.03	1877.07
3045.62	1898.65
3046.2	1908.16
3046.78	1996.6
3047.36	2024.11
3047.94	2087.84
3048.52	2108.94
3049.1	2200.28
3049.68	2288.33
3050.26	2361.74
3050.84	2451.66
3051.42	2602.65
3052	2713.23
3052.58	2840.36
3053.16	2866.06
3053.74	2992.32
3054.32	3055.66
3054.89	3118.3
3055.47	3153.31
3056.05	3162.64
3056.63	3192.71
3057.21	3286.84
3057.78	3259.24
3058.36	3257.07
3058.94	3203.71
3059.52	3182.32
3060.09	3215.94
3060.67	3245.68
3061.25	3243.62
3061.82	3156.8
3062.4	3172.58
3062.97	3199.58
3063.55	3226.31
3064.13	3109.84
3064.7	3089.74
3065.28	3037.71
3065.85	2986.99
3066.43	2920.93
3067	2864.18
3067.58	2716.02
3068.15	2697.99
3068.72	2547.01
3069.3	2503.54
3069.87	2338.02
3070.45	2273.2
3071.02	2211.89
3071.59	2102.35
3072.17	2036.45
3072.74	1915.7
3073.31	1854.76
3073.89	1744.96
3074.46	1709.46
3075.03	1677.03
3075.6	1587.88
3076.17	1509.3
3076.74	1447.49
3077.32	1401.33
3077.89	1351.07
3078.46	1318.33
3079.03	1263.7
3079.6	1264.77
3080.17	1140.47
3080.74	1169.2
3081.31	1077.85
3081.88	1081.65
3082.45	1039.97
3083.02	990.079
3083.59	1007.38
3084.16	986.47
3084.73	969.709
3085.3	908.601
3085.87	918.775
3086.43	894.995
3087	872.361
3087.57	858.068
3088.14	845.873
3088.71	838.804
3089.28	845.078
3089.84	825.448
3090.41	764.47
3090.98	795.341
3091.54	770.475
3092.11	756.97
3092.68	744.493
3093.24	706.222
3093.81	706.114
3094.38	711.171
3094.94	732.743
3095.51	723.408
3096.07	715.11
3096.64	688.25
3097.2	630.466
3097.77	671.606
3098.33	643.749
3098.9	657.159
3099.46	669.6
3100.03	633.652
3100.59	647.152
3101.15	624.541
3101.72	630.729
3102.28	635.834
3102.84	626.481
3103.41	621.234
3103.97	658.204
3104.53	633.373
3105.1	609.576
3105.66	601.233
3106.22	611.43
3106.78	629.88
3107.34	627.775
3107.91	628.777
3108.47	628.768
3109.03	639.071
3109.59	587.704
3110.15	618.688
3110.71	596.234
3111.27	589.236
3111.83	581.181
3112.39	572.016
3112.95	579.221
3113.51	585.301
3114.07	542.958
3114.63	549.011
3115.19	575.693
3115.75	548.942
3116.31	557.217
3116.87	532.576
3117.43	536.709
3117.98	531.531
3118.54	532.475
3119.1	550.874
3119.66	558.991
3120.22	532.192
3120.77	541.416
3121.33	521.9
3121.89	504.453
3122.44	531.182
3123	502.378
3123.56	478.671
3124.11	497.051
3124.67	506.165
3125.23	515.293
3125.78	508.042
3126.34	509.066
3126.89	500.913
3127.45	493.829
3128	464.173
3128.56	512.548
3129.11	486.967
3129.67	482.915
3130.22	489.094
3130.78	481.879
3131.33	479.763
3131.88	485.834
3132.44	491.892
3132.99	473.328
3133.54	509.167
3134.1	478.355
3134.65	465.021
3135.2	495.82
3135.76	464.067
3136.31	535.925
3136.86	503.146
3137.41	496
3137.96	515.514
3138.51	469.358
3139.07	510.391
3139.62	464.227
3140.17	486.793
3140.72	488.851
3141.27	474.507
3141.82	488.883
3142.37	506.329
3142.92	488.886
3143.47	470.411
3144.02	473.475
3144.57	489.892
3145.12	483.794
3145.67	515.689
3146.22	505.577
3146.77	499.577
3147.32	496.635
3147.86	514.182
3148.41	506.01
3148.96	510.102
3149.51	500.806