401.058	943.364
402.149	887.746
403.243	919.161
404.332	859.78
405.424	841.032
406.515	822.316
407.606	831.909
408.697	791.692
409.785	758.169
410.876	766.938
411.967	824.377
413.055	770.085
414.143	746.64
415.233	715.643
416.321	861.729
417.409	753.265
418.499	749.229
419.586	780.544
420.673	761.945
421.761	890.616
422.848	850.197
423.935	887.576
425.02	836.449
426.106	853.648
427.193	936.218
428.278	941.222
429.364	970.076
430.45	894.977
431.534	947.851
432.618	863.064
433.704	895.206
434.788	939.471
435.871	800.991
436.955	909.683
438.038	876.826
439.123	786.971
440.204	793.72
441.287	685.663
442.37	747.071
443.452	668.651
444.535	755.222
445.615	659.933
446.698	644.716
447.78	621.941
448.86	692.465
449.939	555.023
451.021	681.263
452.101	632.794
453.18	626.917
454.262	570.891
455.341	548.062
456.42	521.365
457.499	529.84
458.578	514.193
459.654	577.505
460.733	524.889
461.811	504.809
462.89	488.449
463.966	433.938
465.044	479.834
466.12	476.428
467.197	470.201
468.273	507.686
469.349	483.587
470.426	427.665
471.501	492.617
472.576	479.293
473.651	521.732
474.726	533.571
475.801	482.435
476.876	562.231
477.95	544.651
479.022	523.336
480.097	530.689
481.171	578.717
482.243	603.458
483.317	572.602
484.388	614.826
485.46	559.954
486.533	526.375
487.605	518.648
488.676	484.189
489.747	522.549
490.818	576.553
491.889	544.158
492.959	580.843
494.03	580.821
495.1	585.398
496.171	600.932
497.239	605.329
498.309	680.259
499.379	693.596
500.446	706.02
501.514	683.748
502.584	682.695
503.651	667.152
504.718	694.735
505.788	731.542
506.855	734.51
507.921	830.846
508.988	760.55
510.055	757.088
511.119	683.139
512.186	635.778
513.252	635.181
514.318	689.641
515.382	636.875
516.448	620.797
517.512	590.046
518.577	582.281
519.641	585.606
520.704	605.572
521.768	572.179
522.833	592.215
523.896	628.842
524.959	585.951
526.021	659.304
527.084	591.11
528.144	691.952
529.207	665.227
530.269	628.433
531.331	745.308
532.391	807.06
533.453	668.106
534.513	773.765
535.572	739.383
536.634	646.216
537.693	747.027
538.752	656.196
539.812	675.031
540.87	718.149
541.929	724.247
542.988	737.051
544.047	730.382
545.105	696.574
546.164	688.673
547.22	731.857
548.278	750.479
549.336	720.361
550.392	745.248
551.448	729.136
552.505	766.28
553.561	731.783
554.616	786.827
555.671	724.45
556.728	762.597
557.783	853.61
558.836	748.897
559.891	793.869
560.946	780.183
562	786.051
563.055	705.821
564.107	749.976
565.161	732.134
566.213	726.342
567.267	684.436
568.318	664.728
569.37	691.225
570.424	659.526
571.475	695.256
572.526	627.671
573.577	642.218
574.628	642.018
575.679	638.151
576.73	719.94
577.781	667.368
578.829	681.144
579.88	667.373
580.93	702.389
581.978	664.719
583.026	649.094
584.076	667.462
585.124	635.237
586.172	560.74
587.221	675.555
588.269	648.814
589.316	638.568
590.363	716.375
591.41	714.27
592.457	681.043
593.502	617.733
594.549	663.709
595.595	755.784
596.64	714.175
597.686	701.938
598.73	732.761
599.776	847.933
600.82	821.353
601.864	866.339
602.908	848.915
603.953	842.752
604.997	896.636
606.04	887.323
607.083	932.382
608.125	899.034
609.168	901.37
610.211	1009.52
611.253	909.11
612.294	994.035
613.336	1103.01
614.377	1289.57
615.419	1631.2
616.459	1832.56
617.499	1971
618.539	2073.24
619.579	1906.98
620.619	1714.08
621.658	1472.46
622.698	1405.25
623.737	1506.86
624.776	1657.44
625.815	1809.08
626.852	2059.62
627.891	2251.38
628.928	2455.33
629.966	2702.69
631.003	2693
632.041	2698.43
633.077	2701.42
634.114	2450.33
635.15	2209.63
636.185	2198.08
637.221	1989.64
638.257	1764.92
639.292	1709.96
640.328	1575.53
641.361	1492.45
642.396	1348.2
643.431	1248.02
644.464	1216.89
645.497	991.693
646.532	969.251
647.564	979.226
648.597	929.629
649.629	909.543
650.663	878.395
651.695	804.848
652.727	801.969
653.757	703.431
654.789	716.051
655.821	652.5
656.852	617.518
657.882	594.572
658.913	582.708
659.942	549.778
660.973	495.73
662.002	481.986
663.031	540.632
664.06	486.585
665.09	455.598
666.119	542.156
667.147	485.796
668.175	468.904
669.201	490.562
670.229	421.93
671.257	405.573
672.285	489.46
673.311	443.53
674.338	451.057
675.363	449.476
676.389	400.053
677.416	438.181
678.441	431.093
679.466	432.208
680.491	478.437
681.515	476.623
682.54	426.851
683.565	458.307
684.589	427.128
685.613	480.911
686.635	441.549
687.659	449.28
688.681	452.386
689.705	460.094
690.727	450.197
691.75	535.591
692.772	519.178
693.793	520.317
694.814	530.673
695.835	522.455
696.856	564.188
697.877	542.911
698.898	525.326
699.918	551.253
700.937	544.808
701.957	524.509
702.978	544.005
703.996	516.309
705.016	518.197
706.034	471.049
707.052	461.815
708.069	460.905
709.087	415.648
710.107	423.101
711.124	418.567
712.139	432.539
713.156	427.117
714.173	450.333
715.19	460.572
716.205	408.845
717.222	418.957
718.238	410.545
719.253	422.407
720.267	478.502
721.283	483.889
722.297	499.438
723.311	465.304
724.325	530.607
725.339	524.159
726.353	550.883
727.366	576.74
728.38	634.837
729.391	669.934
730.404	734.398
731.417	790.437
732.428	779.184
733.441	867.991
734.452	856.591
735.463	878.328
736.475	918.554
737.486	927.757
738.496	947.203
739.506	907.084
740.516	978.918
741.526	1035.08
742.534	999.351
743.544	1020.43
744.554	1008.43
745.561	1048.74
746.571	1055.14
747.578	1044.19
748.587	1034.23
749.594	980.288
750.601	982.356
751.608	1000.09
752.615	1015.16
753.621	993.593
754.628	956.486
755.634	958.037
756.641	932.073
757.647	970.565
758.651	948.351
759.657	992.481
760.663	887.194
761.666	958.018
762.67	981.725
763.676	1001.63
764.679	1012.16
765.682	1041.04
766.686	1068.9
767.689	1041.29
768.692	1058.16
769.694	1005.91
770.697	1019.6
771.698	945.56
772.7	899.31
773.703	896.524
774.703	929.731
775.703	853.023
776.705	937.683
777.705	932.051
778.705	975.653
779.705	940.448
780.705	957.442
781.704	961.582
782.704	950.9
783.703	967.121
784.702	965.564
785.701	1022.5
786.698	997.539
787.697	1081.45
788.694	1036.15
789.693	1091.41
790.689	1132.75
791.686	1055.79
792.682	1056.89
793.68	1121.19
794.676	1110.95
795.672	1178.98
796.666	1230.41
797.662	1293.2
798.658	1398.03
799.653	1413.38
800.647	1493.72
801.642	1555.09
802.636	1622.65
803.631	1694.62
804.624	1713.43
805.617	1749.92
806.61	1752.02
807.602	1671.37
808.595	1710.51
809.587	1649.28
810.58	1608.51
811.572	1600.33
812.564	1513.58
813.554	1589.16
814.546	1552.76
815.536	1525.65
816.528	1501.29
817.518	1519.47
818.507	1455.31
819.499	1552.13
820.488	1566.63
821.477	1595.84
822.466	1676.61
823.455	1757.08
824.444	1884.35
825.431	1925.65
826.42	2010.4
827.408	2143.3
828.395	2257.15
829.383	2383.15
830.369	2564.27
831.356	2773.42
832.342	2959.72
833.33	3303.44
834.315	3517.11
835.301	3798.08
836.287	3921.92
837.27	4118.37
838.256	4171.47
839.241	4173.45
840.226	4122.03
841.209	4008.76
842.194	3958.63
843.177	3793.66
844.16	3645.34
845.145	3426.43
846.127	3337.18
847.11	3119.23
848.092	2993.07
849.074	2975.24
850.056	2901.99
851.039	2764.08
852.018	2796.07
853	2722.12
853.982	2775.04
854.962	2753.66
855.941	2716.08
856.923	2677.99
857.902	2628.29
858.881	2548.44
859.86	2454.75
860.839	2446.48
861.818	2335.72
862.797	2328.68
863.776	2228.33
864.754	2211.57
865.733	2156.05
866.709	2123.57
867.687	2037.84
868.664	2033.26
869.642	1986.54
870.618	1970.35
871.594	1928.5
872.569	1900.52
873.545	1925.98
874.521	1846.38
875.496	1853.3
876.471	1770.71
877.447	1816.08
878.42	1783.88
879.395	1758.01
880.37	1756.06
881.343	1740.36
882.315	1663.06
883.29	1649.49
884.262	1606.54
885.235	1528.56
886.207	1555.56
887.179	1541.87
888.151	1521.62
889.123	1481.97
890.095	1493.98
891.065	1471.96
892.037	1506.23
893.009	1597.66
893.978	1554.53
894.948	1621.13
895.919	1608.55
896.888	1619.16
897.857	1676.01
898.826	1707.07
899.795	1666.01
900.764	1750.24
901.732	1762.18
902.701	1825.55
903.668	1811.27
904.636	1804.42
905.604	1835.51
906.57	1870.52
907.538	1855.1
908.504	1846.4
909.47	1857.31
910.436	1933.94
911.402	1944.23
912.367	1991.43
913.333	1975.65
914.298	2035.47
915.264	2011.9
916.229	1880.05
917.192	1962.82
918.157	1914.41
919.12	1956.86
920.084	1899.45
921.047	1854.02
922.01	1836.26
922.972	1743.23
923.935	1677.86
924.897	1615.21
925.859	1551.66
926.821	1559.62
927.783	1425.66
928.743	1393.76
929.705	1392.43
930.667	1365.93
931.626	1248.31
932.586	1316.53
933.547	1286.36
934.506	1304.68
935.466	1262.68
936.425	1280.28
937.384	1281.09
938.343	1276.21
939.301	1284.28
940.26	1310.03
941.217	1352.61
942.175	1314.1
943.132	1294.35
944.09	1352.26
945.046	1352.28
946.002	1317.62
946.96	1303.44
947.916	1322.88
948.872	1389.12
949.828	1237.8
950.783	1302.04
951.737	1291.15
952.692	1294.19
953.647	1253.93
954.601	1255.84
955.556	1239.02
956.509	1218.63
957.464	1283.86
958.417	1280.8
959.369	1290.94
960.322	1253.02
961.275	1291.86
962.227	1398.02
963.179	1306.56
964.132	1324.09
965.082	1302.34
966.034	1301.55
966.984	1276.61
967.936	1228.29
968.885	1251.33
969.837	1243.14
970.787	1284.51
971.736	1242.92
972.686	1229.42
973.635	1222.52
974.584	1293.66
975.533	1243.8
976.48	1298.26
977.429	1384.69
978.378	1351.93
979.325	1418.66
980.273	1519.15
981.22	1513.54
982.166	1593.24
983.113	1674.62
984.061	1780.11
985.007	1837.47
985.953	1963.93
986.897	2039.71
987.843	2086.58
988.789	2220.73
989.734	2329.87
990.678	2462.56
991.623	2659.72
992.567	2975.37
993.51	3600.8
994.453	4356.17
995.398	5458.84
996.341	6898.19
997.284	8598.45
998.227	9864.01
999.168	10576.4
1000.11	10410.1
1001.05	9252.38
1001.99	7447.43
1002.94	5622.24
1003.88	4163.86
1004.82	3127.74
1005.76	2535.05
1006.7	2104.34
1007.64	1882.13
1008.58	1702.51
1009.52	1579.45
1010.46	1496.26
1011.4	1432.59
1012.34	1414.7
1013.27	1371.94
1014.21	1420.81
1015.15	1375.92
1016.09	1492.49
1017.03	1516.79
1017.96	1559.61
1018.9	1600.31
1019.84	1751.01
1020.77	1878.27
1021.71	1976.69
1022.65	2190.37
1023.58	2432.69
1024.52	2786.17
1025.45	3100.27
1026.39	3401.72
1027.32	3696.61
1028.26	3946.12
1029.19	4098.52
1030.12	3970.01
1031.06	3761.74
1031.99	3546.35
1032.92	3273.12
1033.86	2975.6
1034.79	2670.29
1035.72	2429.4
1036.65	2317.97
1037.59	2171.22
1038.52	2034.48
1039.45	1950.4
1040.38	1889.85
1041.31	1816.96
1042.24	1787.45
1043.17	1708.67
1044.1	1677.04
1045.03	1573.53
1045.96	1601.56
1046.89	1609.04
1047.82	1577.04
1048.75	1533.85
1049.68	1635.87
1050.61	1619.3
1051.53	1668.02
1052.46	1690.75
1053.39	1773.04
1054.32	1702.89
1055.24	1798.11
1056.17	1900.08
1057.1	1905.25
1058.02	1943
1058.95	1994.23
1059.88	2078.82
1060.8	1996.71
1061.73	2045.01
1062.65	2032.37
1063.58	2013.16
1064.5	1958.72
1065.43	1983.35
1066.35	1951.35
1067.27	1917.83
1068.2	1897.08
1069.12	1833.04
1070.04	1789.93
1070.97	1748.08
1071.89	1721.03
1072.81	1680.25
1073.73	1664.57
1074.65	1621.39
1075.58	1571.38
1076.5	1564.87
1077.42	1525.7
1078.34	1550.13
1079.26	1459.31
1080.18	1575.92
1081.1	1452.87
1082.02	1482.96
1082.94	1506.37
1083.86	1449.93
1084.78	1495.12
1085.7	1443.48
1086.61	1483.06
1087.53	1473.4
1088.45	1474.23
1089.37	1464.62
1090.28	1440.71
1091.2	1497.27
1092.12	1484.5
1093.03	1457.5
1093.95	1495.92
1094.87	1439.79
1095.78	1543.81
1096.7	1434.04
1097.61	1451.15
1098.53	1486.23
1099.44	1478.65
1100.36	1389.6
1101.27	1448.08
1102.19	1403.37
1103.1	1350.13
1104.01	1443.42
1104.93	1434.69
1105.84	1498.86
1106.75	1482.01
1107.67	1465.38
1108.58	1557.62
1109.49	1573.36
1110.4	1644.73
1111.31	1643.01
1112.22	1723.32
1113.14	1733.49
1114.05	1798.49
1114.96	1871.17
1115.87	1950.68
1116.78	2099.36
1117.69	1990.91
1118.6	2088.36
1119.51	2064.51
1120.42	2042.3
1121.32	2121.14
1122.23	2088.75
1123.14	2010.61
1124.05	2000.19
1124.96	1965.76
1125.86	1889.99
1126.77	1842.49
1127.68	1743.4
1128.58	1681.6
1129.49	1624.91
1130.4	1525.11
1131.3	1500.03
1132.21	1414.34
1133.11	1435.97
1134.02	1402.97
1134.92	1365.54
1135.83	1424.09
1136.73	1358.51
1137.64	1360.21
1138.54	1374.13
1139.44	1387.91
1140.35	1372.16
1141.25	1437.2
1142.15	1446.29
1143.06	1456.45
1143.96	1545.66
1144.86	1606.38
1145.76	1591.81
1146.66	1636.12
1147.57	1696.45
1148.47	1663.32
1149.37	1752.06
1150.27	1842.73
1151.17	1873.44
1152.07	1916.6
1152.97	1970.28
1153.87	1937.18
1154.77	1856.31
1155.67	1816.28
1156.57	1645.61
1157.46	1584.54
1158.36	1495.95
1159.26	1443.73
1160.16	1431.68
1161.05	1387.32
1161.95	1335.26
1162.85	1279.19
1163.75	1276.23
1164.64	1263.48
1165.54	1266.76
1166.44	1266.22
1167.33	1177.34
1168.23	1188.59
1169.12	1200.98
1170.02	1223.94
1170.91	1205.06
1171.81	1225.12
1172.7	1225.1
1173.59	1290.58
1174.49	1288.43
1175.38	1272.86
1176.27	1334.13
1177.17	1479.71
1178.06	1581.48
1178.95	1566.59
1179.84	1654.28
1180.74	1700.45
1181.63	1672.89
1182.52	1679.47
1183.41	1669.81
1184.3	1677.91
1185.19	1669.66
1186.08	1600.72
1186.97	1652.82
1187.86	1634.04
1188.75	1700.31
1189.64	1740.09
1190.53	1816.58
1191.42	1825.13
1192.31	1920.43
1193.2	1965.96
1194.09	2035.3
1194.97	2027.76
1195.86	2035.45
1196.75	2044.94
1197.64	1981.76
1198.52	1947.65
1199.41	1844.82
1200.29	1839.01
1201.18	1762.79
1202.07	1679.13
1202.95	1666.94
1203.84	1517.26
1204.72	1505.66
1205.61	1404.59
1206.49	1361.83
1207.38	1335.2
1208.26	1231.88
1209.14	1252.84
1210.03	1196.11
1210.91	1179.88
1211.79	1103.4
1212.68	1133.93
1213.56	1076.69
1214.44	1103.86
1215.32	1074.41
1216.21	1077.81
1217.09	1075.66
1217.97	1075.61
1218.85	1062.71
1219.73	1114.01
1220.61	1071.58
1221.49	1113.96
1222.37	1103.64
1223.25	1175.2
1224.13	1188.1
1225.01	1246.99
1225.89	1296.25
1226.77	1316.2
1227.65	1321.13
1228.52	1326.29
1229.4	1353.43
1230.28	1333.59
1231.16	1340.36
1232.03	1312.15
1232.91	1331.21
1233.79	1267.7
1234.66	1266.54
1235.54	1286.08
1236.42	1255.19
1237.29	1256.48
1238.17	1180.85
1239.04	1216.36
1239.92	1155.07
1240.79	1195.51
1241.67	1189.46
1242.54	1167.26
1243.41	1145.07
1244.29	1150.49
1245.16	1122.6
1246.03	1066.1
1246.91	1147.83
1247.78	1132.22
1248.65	1111.68
1249.52	1121.51
1250.4	1166.55
1251.27	1152.33
1252.14	1110.45
1253.01	1169.87
1253.88	1199.8
1254.75	1196.35
1255.62	1232.05
1256.49	1250.45
1257.36	1230.47
1258.23	1239
1259.1	1251.24
1259.97	1300.65
1260.84	1269.84
1261.71	1276.32
1262.57	1308.66
1263.44	1298.13
1264.31	1332.53
1265.18	1324.01
1266.05	1347.92
1266.91	1366.98
1267.78	1396.44
1268.65	1482.07
1269.51	1479.86
1270.38	1560.5
1271.24	1714.38
1272.11	1759.51
1272.97	1801.69
1273.84	1909.44
1274.7	2030.41
1275.57	2111.44
1276.43	2152.4
1277.3	2293.59
1278.16	2335.15
1279.02	2465.63
1279.89	2535.11
1280.75	2632.21
1281.61	2724.41
1282.48	2805.9
1283.34	2902.44
1284.2	2990.02
1285.06	2937.49
1285.92	2958.61
1286.78	2896.15
1287.65	2840.42
1288.51	2701.09
1289.37	2556.63
1290.23	2484.87
1291.09	2431.44
1291.95	2349.44
1292.81	2280.91
1293.67	2217.09
1294.52	2232.69
1295.38	2172.9
1296.24	2125.79
1297.1	2154.46
1297.96	2112.7
1298.81	2080.18
1299.67	2027.03
1300.53	2044.02
1301.39	2041.16
1302.24	1977.24
1303.1	1921.63
1303.95	1886.38
1304.81	1792.65
1305.67	1796.86
1306.52	1712.69
1307.38	1620.78
1308.23	1603.05
1309.09	1509.95
1309.94	1431.97
1310.8	1386.1
1311.65	1338.99
1312.5	1293.02
1313.35	1251.94
1314.21	1227.7
1315.06	1192.96
1315.91	1171.97
1316.77	1152.47
1317.62	1149.63
1318.47	1141.36
1319.32	1128.33
1320.17	1112.11
1321.02	1122.87
1321.87	1126.07
1322.73	1110.89
1323.57	1089.67
1324.43	1087.4
1325.28	1080.4
1326.13	1085.52
1326.97	1098.33
1327.82	1088.59
1328.67	1089.51
1329.52	1061.17
1330.37	1089.66
1331.22	1075.49
1332.06	1085.3
1332.91	1067.96
1333.76	1069.73
1334.61	1079.18
1335.45	1102.61
1336.3	1095.53
1337.15	1083.71
1337.99	1056.48
1338.84	1082.88
1339.68	1100.08
1340.53	1114.39
1341.37	1096.21
1342.22	1106.3
1343.06	1092.42
1343.91	1086.17
1344.75	1089.48
1345.6	1076.27
1346.44	1119.58
1347.28	1102.12
1348.12	1106.03
1348.97	1072.84
1349.81	1089.95
1350.65	1113.62
1351.49	1126.03
1352.33	1149.89
1353.18	1144.71
1354.02	1143.13
1354.86	1171.36
1355.7	1207.41
1356.54	1224.21
1357.38	1235.58
1358.22	1248.65
1359.06	1245.68
1359.9	1288.1
1360.74	1310.37
1361.58	1294.52
1362.42	1348.39
1363.25	1344.27
1364.09	1342.33
1364.93	1337.43
1365.77	1325.28
1366.6	1327.87
1367.19	1342.71
1368.1	1313.53
1369.01	1386.65
1369.92	1335.63
1370.83	1307.12
1371.74	1278.49
1372.65	1261.56
1373.56	1224.9
1374.47	1237.4
1375.37	1191.82
1376.28	1164.88
1377.19	1172.27
1378.1	1156.97
1379	1150.47
1379.91	1106.67
1380.82	1116.84
1381.72	1028.94
1382.63	1046.83
1383.54	1013.67
1384.44	1019.54
1385.35	1012.6
1386.25	1033.94
1387.16	991.942
1388.06	991.971
1388.97	986.246
1389.87	1003.93
1390.78	994.442
1391.68	992.778
1392.59	994.044
1393.49	967.18
1394.39	1006.14
1395.3	951.078
1396.2	928.887
1397.1	907.652
1398	922.18
1398.91	833.641
1399.81	815.664
1400.71	818.004
1401.61	787.664
1402.52	831.324
1403.42	822.022
1404.32	804.988
1405.22	778.372
1406.12	816.011
1407.02	804.881
1407.92	794.857
1408.82	819.383
1409.72	808.621
1410.62	865.727
1411.52	847.315
1412.42	856.532
1413.32	869.48
1414.21	875.67
1415.11	878.943
1416.01	887.907
1416.91	935.896
1417.81	899.224
1418.71	961.595
1419.6	1002.24
1420.5	1007.9
1421.4	1061.28
1422.29	1071.03
1423.19	1134.96
1424.09	1183.54
1424.98	1223.38
1425.88	1319.15
1426.77	1369.2
1427.67	1458.23
1428.56	1584.38
1429.46	1725.83
1430.35	1876.92
1431.25	2031.05
1432.14	2119.89
1433.04	2249.92
1433.93	2312.84
1434.82	2388.42
1435.72	2431.87
1436.61	2419.25
1437.5	2472.45
1438.39	2490.4
1439.29	2543.61
1440.18	2579.5
1441.07	2689.7
1441.96	2811.25
1442.85	2995.94
1443.75	3083.41
1444.64	3263.36
1445.53	3362.72
1446.42	3452.01
1447.31	3561.47
1448.2	3549.5
1449.09	3597.32
1449.98	3596.52
1450.87	3568.57
1451.76	3503.37
1452.65	3457.1
1453.54	3393.37
1454.43	3278.2
1455.31	3273.92
1456.2	3090.48
1457.09	2941.61
1457.98	2845.74
1458.87	2752.08
1459.75	2634.18
1460.64	2527.39
1461.53	2412.61
1462.41	2359.37
1463.3	2268.53
1464.19	2231.63
1465.07	2201.84
1465.96	2101.43
1466.85	2112.09
1467.73	2050.76
1468.61	1954.63
1469.5	1889.8
1470.38	1828.09
1471.27	1757.73
1472.15	1743.6
1473.04	1651.62
1473.92	1698.3
1474.8	1589.45
1475.69	1610.71
1476.57	1559.28
1477.45	1472.17
1478.34	1472.73
1479.22	1402.47
1480.1	1376.77
1480.98	1314.72
1481.86	1297.89
1482.75	1258.23
1483.63	1205.69
1484.51	1186.16
1485.39	1091.24
1486.27	1078.11
1487.15	984.891
1488.03	886.048
1488.91	879.176
1489.79	833.431
1490.67	757.52
1491.55	750.186
1492.43	733.149
1493.31	712.312
1494.19	673.26
1495.07	608.298
1495.94	645.525
1496.82	605.662
1497.7	588.878
1498.58	579.743
1499.45	588.827
1500.33	544.159
1501.21	541.759
1502.09	529.815
1502.96	509.309
1503.84	512.756
1504.72	519.066
1505.59	499.574
1506.47	499.163
1507.34	499.682
1508.22	483.06
1509.09	481.715
1509.97	474.72
1510.84	431.692
1511.72	439.077
1512.59	464.491
1513.46	450
1514.34	425.031
1515.21	441.699
1516.08	406.254
1516.96	429.451
1517.83	435.615
1518.7	388.042
1519.57	436.701
1520.45	371.414
1521.32	387.186
1522.19	374.788
1523.06	381.259
1523.93	385.888
1524.8	369.854
1525.67	353.799
1526.54	346.162
1527.41	356.32
1528.28	358.003
1529.16	319.381
1530.02	358.604
1530.89	350.083
1531.76	337.881
1532.63	337.9
1533.5	362.289
1534.37	356.701
1535.24	345.473
1536.11	350.139
1536.97	345.429
1537.84	320.137
1538.71	332.326
1539.57	336.144
1540.44	310.056
1541.31	301.797
1542.18	320.735
1543.04	344.372
1543.91	328.582
1544.77	318.354
1545.64	312.757
1546.5	309.009
1547.37	294.021
1548.24	287.543
1549.1	292.425
1549.96	319.036
1550.83	295.927
1551.69	318.006
1552.56	299.553
1553.42	283.814
1554.28	300.07
1555.15	286.995
1556.01	271.071
1556.87	311.917
1557.73	288.566
1558.6	299.358
1559.46	293.141
1560.32	286.88
1561.18	271.979
1562.04	297.871
1562.9	279.008
1563.77	311.514
1564.63	297.422
1565.49	303.393
1566.35	313.265
1567.21	327.993
1568.07	342.784
1568.93	326.969
1569.79	340.786
1570.64	317.169
1571.5	351.056
1572.36	366.706
1573.22	360.265
1574.08	390.388
1574.94	410.972
1575.8	428.741
1576.65	490.934
1577.51	561.925
1578.37	596.282
1579.22	680.912
1580.08	771.412
1580.94	892.992
1581.79	924.661
1582.65	947.729
1583.51	893.283
1584.36	844.616
1585.22	722.925
1586.07	623.351
1586.93	577.123
1587.78	545.39
1588.63	542.819
1589.49	541.162
1590.34	553.092
1591.2	578.598
1592.05	658.669
1592.9	686.92
1593.76	735.638
1594.61	828.334
1595.46	965.127
1596.32	1090.51
1597.17	1295.39
1598.02	1522.14
1598.87	1693.38
1599.72	1890.99
1600.58	2065.81
1601.43	2155.97
1602.28	2071.38
1603.13	1903.27
1603.98	1781.07
1604.83	1496.72
1605.68	1315.37
1606.53	1107.96
1607.38	967.222
1608.23	879.307
1609.08	764.994
1609.93	687.689
1610.77	649.322
1611.62	575.788
1612.47	535.462
1613.32	498.159
1614.17	503.821
1615.01	443.384
1615.86	398.587
1616.71	412.181
1617.55	408.204
1618.4	383.73
1619.25	362.121
1620.09	382.248
1620.94	366.429
1621.79	364.23
1622.63	356.267
1623.48	348.369
1624.32	348.273
1625.17	351.116
1626.01	362.685
1626.86	368.449
1627.7	348.09
1628.54	366.411
1629.39	358.596
1630.23	372.015
1631.07	370.892
1631.92	403.522
1632.76	399.425
1633.6	408.831
1634.45	400.905
1635.29	424.808
1636.13	417.916
1636.97	445.695
1637.81	466.721
1638.66	461.762
1639.5	433.744
1640.34	462.486
1641.18	472.053
1642.02	512.432
1642.86	481.745
1643.7	533.734
1644.54	500.17
1645.38	545.402
1646.22	524.27
1647.06	541.575
1647.89	512.755
1648.73	499.37
1649.57	514.912
1650.41	516.143
1651.25	489.549
1652.09	513.051
1652.92	507.636
1653.76	483.797
1654.6	508.052
1655.43	463.746
1656.27	489.849
1657.11	462.014
1657.94	515.382
1658.78	495.548
1659.62	484.464
1660.45	458.827
1661.29	467.924
1662.12	482.718
1662.96	469.306
1663.79	473.309
1664.62	465.73
1665.46	444.671
1666.29	424.673
1667.13	402.786
1667.96	438.309
1668.79	403.759
1669.63	423.715
1670.46	417.305
1671.29	397.156
1672.12	380.84
1672.96	392.826
1673.79	382.296
1674.62	368.814
1675.45	342.611
1676.28	337.979
1677.11	352.027
1677.95	329.802
1678.78	351.765
1679.61	316.684
1680.44	355.308
1681.27	325.955
1682.1	313.276
1682.93	299.593
1683.75	323.372
1684.58	340.311
1685.41	348.435
1686.24	350.672
1687.07	338.103
1687.9	348.238
1688.73	348.479
1689.55	381.354
1690.38	373.656
1691.21	361.953
1692.04	378.916
1692.86	324.493
1693.69	386.908
1694.52	406.708
1695.34	409.706
1696.17	402.88
1696.99	429.841
1697.82	413.279
1698.64	453.287
1699.47	464.521
1700.29	466.747
1701.12	469.861
1701.94	490.757
1702.77	520.509
1703.59	554.173
1704.41	564.969
1705.24	541.031
1706.06	617.37
1706.88	650.059
1707.71	689.716
1708.53	706.566
1709.35	724.397
1710.17	769.963
1711	797.594
1711.82	839.012
1712.64	879.335
1713.46	915.637
1714.28	943.035
1715.1	981.41
1715.92	1046.61
1716.74	1079.18
1717.56	1134.43
1718.38	1194.37
1719.2	1249.96
1720.02	1262.72
1720.84	1321.72
1721.66	1376.83
1722.48	1484.5
1723.3	1549.25
1724.11	1596.62
1724.93	1668.7
1725.75	1652.75
1726.57	1718.99
1727.39	1799.36
1728.2	1806.52
1729.02	1836.26
1729.84	1835.8
1730.65	1880.82
1731.47	1891.74
1732.29	1897.78
1733.1	1880.13
1733.92	1828.98
1734.73	1854.02
1735.55	1804.74
1736.36	1741.02
1737.18	1728.28
1737.99	1661.01
1738.81	1576.22
1739.62	1545.95
1740.43	1470.82
1741.25	1394.77
1742.06	1332.52
1742.87	1281.15
1743.69	1170.75
1744.5	1128.43
1745.31	1056.12
1746.13	994.537
1746.94	914.643
1747.75	851.346
1748.56	782.369
1749.37	668.005
1750.18	652.41
1750.99	665.83
1751.81	585.406
1752.61	528.219
1753.42	512.644
1754.24	479.721
1755.04	439.12
1755.85	431.397
1756.66	419.784
1757.47	391.689
1758.28	397.339
1759.09	349.858
1759.9	333.29
1760.71	338.95
1761.52	327.325
1762.32	320.589
1763.13	321.605
1763.94	290.823
1764.74	250.381
1765.55	292.823
1766.36	272.608
1767.17	268.804
1767.97	271.791
1768.78	263.247
1769.58	261.474
1770.39	219.146
1771.19	257.899
1772	247.378
1772.8	248.432
1773.61	234.022
1774.41	244.756
1775.22	217.788
1776.02	190.807
1776.83	225.75
1777.63	207.466
1778.43	208.549
1779.23	206.745
1780.04	202.06
1780.84	206.13
1781.64	212.169
1782.44	198.784
1783.25	225.256
1784.05	222.546
1784.85	231.506
1785.65	219.997
1786.45	193.839
1787.25	179.364
1788.05	181.479
1788.86	212.924
1789.65	189.628
1790.46	201.529
1791.25	178.178
1792.05	160.674
1792.85	197.075
1793.65	189.386
1794.45	176.8
1795.25	183.87
1796.05	178.19
1796.85	179.403
1797.64	185.544
1798.44	182.803
1799.24	189.904
1800.04	205.88
1800.83	189.228
1801.63	201.229
1802.43	175.633
1803.22	200.504
1804.02	181.814
1804.82	175.983
1805.61	201.864
1806.41	182.135
1807.2	197.113
1808	198.212
1808.79	185.424
1809.59	175.618
1810.38	208.548
1811.18	193.774
1811.97	189.906
1812.76	174.055
1813.56	191.993
1814.35	168.114
1815.14	177.063
1815.94	201.945
1816.73	210.956
1817.52	206.083
1818.31	190.279
1819.1	177.441
1819.9	178.51
1820.69	174.557
1821.48	182.524
1822.27	200.432
1823.06	205.394
1823.85	157.61
1824.64	179.517
1825.43	174.544
1826.22	174.534
1827.01	159.591
1827.8	186.42
1828.59	162.542
1829.38	196.346
1830.17	161.573
1830.96	186.438
1831.74	188.421
1832.53	188.383
1833.32	186.329
1834.11	158.452
1834.89	154.401
1835.68	184.05
1836.47	171.078
1837.26	161.097
1838.04	154.099
1838.83	156.993
1839.61	165.803
1840.4	173.596
1841.19	194.181
1841.97	162.486
1842.76	172.2
1843.54	172.076
1844.33	178.861
1845.11	171.919
1845.89	173.847
1846.68	179.715
1847.46	147.291
1848.25	154.131
1849.03	165.863
1849.81	171.703
1850.6	183.429
1851.38	168.704
1852.16	165.748
1852.94	171.601
1853.72	178.413
1854.51	189.111
1855.29	183.154
1856.07	171.329
1856.85	187.833
1857.63	182.843
1858.41	154.458
1859.19	170.948
1859.97	181.588
1860.75	169.848
1861.53	191.235
1862.31	176.634
1863.09	156.213
1863.87	176.659
1864.65	158.169
1865.43	156.192
1866.21	157.101
1866.99	185.176
1867.76	170.499
1868.54	166.518
1869.32	180.982
1870.1	162.531
1870.87	179.966
1871.65	164.493
1872.43	148.062
1873.2	179.091
1873.98	163.611
1874.76	167.493
1875.53	151.036
1876.31	170.425
1877.08	150.134
1877.86	161.823
1878.63	178.377
1879.41	183.306
1880.18	191.129
1880.96	162.092
1881.73	136.918
1882.5	176.707
1883.28	148.635
1884.05	180.706
1884.82	134.22
1885.6	169.231
1886.37	178.046
1887.14	160.638
1887.91	145.158
1888.68	169.495
1889.46	194.825
1890.23	168.684
1891	193.115
1891.77	178.692
1892.54	197.397
1893.31	147.922
1894.08	164.723
1894.85	175.688
1895.62	175.881
1896.39	166.233
1897.16	168.268
1897.93	169.282
1898.7	169.304
1899.47	195.778
1900.24	141.035
1901.01	175.457
1901.77	158.979
1902.54	152.307
1903.31	142.661
1904.08	179.203
1904.84	166.564
1905.61	187.371
1906.38	156.956
1907.14	176.78
1907.91	165.069
1908.68	166.183
1909.44	166.322
1910.21	188.214
1910.97	188.397
1911.74	171.765
1912.51	189.775
1913.27	165.181
1914.03	171.294
1914.8	179.387
1915.56	173.565
1916.33	176.666
1917.09	175.777
1917.85	159.954
1918.62	185.895
1919.38	171.045
1920.14	149.223
1920.9	173.205
1921.67	173.324
1922.43	170.484
1923.19	172.658
1923.95	153.88
1924.71	180.048
1925.47	148.215
1926.24	222.411
1927	175.461
1927.76	189.54
1928.52	196.579
1929.28	189.581
1930.04	172.562
1930.8	167.56
1931.56	186.589
1932.32	191.614
1933.08	186.651
1933.83	187.721
1934.59	199.835
1935.35	165.876
1936.11	172.975
1936.87	175.03
1937.62	148.974
1938.38	154.959
1939.14	202.984
1939.89	179.897
1940.65	171.862
1941.41	181.869
1942.16	198.893
1942.92	153.881
1943.68	183.869
1944.43	192.8
1945.19	174.708
1945.94	193.548
1946.7	199.386
1947.45	189.283
1948.21	175.232
1948.96	188.086
1949.71	177.074
1950.47	188.95
1951.22	179.957
1951.98	171.968
1952.73	154.051
1953.48	188.737
1954.23	167.811
1954.99	209.314
1955.74	174.473
1956.49	184.188
1957.24	205.742
1957.99	205.576
1958.75	191.65
1959.5	194.538
1960.25	191.531
1961	190.488
1961.75	163.826
1962.5	201.106
1963.25	199.973
1964	192.945
1964.75	176.126
1965.5	184.829
1966.25	187.639
1967	184.553
1967.74	222.495
1968.49	142.183
1969.24	186.855
1969.99	196.362
1970.74	181.568
1971.48	175.595
1972.23	207.549
1972.98	182.253
1973.73	187.072
1974.47	183.14
1975.22	171.421
1975.96	198.418
1976.71	189.539
1977.46	163.27
1978.2	183.41
1978.95	208.373
1979.69	178.395
1980.44	185.116
1981.18	190.901
1981.93	172.599
1982.67	203.423
1983.41	201.436
1984.16	200.361
1984.9	180.01
1985.64	177.926
1986.39	160.493
1987.13	204.467
1987.87	156.44
1988.61	172.655
1989.36	174.526
1990.1	159.189
1990.84	184.995
1991.58	189.75
1992.32	167.74
1993.06	142.884
1993.81	174.437
1994.55	170.66
1995.29	180.299
1996.03	174.672
1996.77	151.833
1997.51	172.059
1998.24	184.635
1998.98	204.87
1999.72	176.202
2000.46	184.903
2001.2	182.093
2001.94	178.329
2002.68	191.851
2003.41	165.076
2004.15	157.498
2004.89	165.29
2005.63	182.697
2006.36	188.567
2007.1	173.267
2007.84	162.767
2008.57	169.597
2009.31	167.782
2010.05	175.628
2010.78	191.223
2011.52	188.52
2012.25	189.679
2012.99	183.092
2013.72	167.766
2014.46	185.313
2015.19	152.501
2015.92	195.233
2016.66	165.318
2017.39	188.749
2018.13	166.618
2018.86	182.38
2019.59	172.891
2020.32	166.303
2021.06	187.974
2021.79	181.456
2022.52	193.475
2023.25	174.119
2023.98	194.554
2024.72	157.283
2025.45	184.059
2026.18	177.074
2026.91	200.16
2027.64	189.719
2028.37	177.04
2029.1	190.625
2029.83	188.199
2030.56	192.159
2031.29	204.345
2032.02	197.498
2032.75	194.179
2033.47	190.885
2034.2	152.212
2034.93	172.126
2035.66	173.5
2036.39	176.907
2037.11	203.256
2037.84	178.496
2038.57	182.88
2039.3	159.972
2040.02	176.999
2040.75	180.616
2041.47	205.45
2042.2	175.278
2042.93	174.32
2043.65	184.384
2044.38	178.503
2045.1	164.715
2045.83	176.804
2046.55	173.214
2047.28	188.662
2048	156.353
2048.73	165.295
2049.45	174.548
2050.17	187.078
2050.9	177.497
2051.62	191.373
2052.34	176.745
2053.07	171.472
2053.79	169.108
2054.51	182.214
2055.23	193.822
2055.95	192.189
2056.68	164.07
2057.4	184.27
2058.12	191.7
2058.84	199.081
2059.56	174.186
2060.28	194.986
2061	188.368
2061.72	179.451
2062.44	168.171
2063.16	181.243
2063.88	191.637
2064.6	183.925
2065.32	184.242
2066.03	198.514
2066.75	181.388
2067.47	175.522
2068.19	188.16
2068.91	198.468
2069.62	200.728
2070.34	198.468
2071.06	195.74
2071.77	210.711
2072.49	205.977
2073.21	206.646
2073.92	191.103
2074.64	178.617
2075.36	192.977
2076.07	199.717
2076.79	188.925
2077.5	206.792
2078.22	180.253
2078.93	195.423
2079.64	192.137
2080.36	174.656
2081.07	193.28
2081.79	195.16
2082.5	201.211
2083.21	187.024
2083.93	187.594
2084.64	184.583
2085.35	190.374
2086.07	199.007
2086.78	182.323
2087.49	197.38
2088.2	187.335
2088.91	184.331
2089.62	200.593
2090.33	210.847
2091.04	202.958
2091.76	186.488
2092.47	173.398
2093.18	187.034
2093.89	201.424
2094.6	181.404
2095.3	218.611
2096.01	215.368
2096.72	207.176
2097.43	196.167
2098.14	184.312
2098.85	193.831
2099.56	202.462
2100.09	180.928
2100.87	206.562
2101.65	190.683
2102.43	212.364
2103.21	209.325
2103.99	189.472
2104.77	212.022
2105.55	201.962
2106.32	182.051
2107.1	193.656
2107.88	208.223
2108.66	203.19
2109.44	192.332
2110.22	201.143
2110.99	208.963
2111.77	195.135
2112.55	199.878
2113.33	196.714
2114.1	220.934
2114.88	192.378
2115.66	214.712
2116.43	186.341
2117.21	210.739
2117.99	227.339
2118.76	191.201
2119.54	213.596
2120.31	210.582
2121.09	190.005
2121.86	193.816
2122.64	192.762
2123.41	197.566
2124.19	200.434
2124.96	228.635
2125.74	186.768
2126.51	200.431
2127.28	198.543
2128.06	204.459
2128.83	217.19
2129.61	197.728
2130.38	207.489
2131.15	187.988
2131.92	187.994
2132.7	182.164
2133.47	203.659
2134.24	198.824
2135.01	191.056
2135.78	197.922
2136.55	175.499
2137.33	194.094
2138.1	195.132
2138.87	204.014
2139.64	185.545
2140.41	196.439
2141.18	173.087
2141.95	215.4
2142.72	210.687
2143.49	186.304
2144.26	185.448
2145.03	218.99
2145.8	187.606
2146.57	196.568
2147.33	211.482
2148.1	212.649
2148.87	204.957
2149.64	211.083
2150.41	172.685
2151.17	182.701
2151.94	186.77
2152.71	187.872
2153.48	213.794
2154.24	211.992
2155.01	186.362
2155.78	200.481
2156.54	171.802
2157.31	192.899
2158.08	217.013
2158.84	174.239
2159.61	204.33
2160.37	188.438
2161.14	191.518
2161.9	187.594
2162.67	191.697
2163.43	181.813
2164.2	222.108
2164.96	219.343
2165.72	196.469
2166.49	200.696
2167.25	193.801
2168.01	177.774
2168.78	173.797
2169.54	224.272
2170.3	191.057
2171.07	188.131
2171.83	194.331
2172.59	209.667
2173.35	194.665
2174.11	204.934
2174.88	221.249
2175.64	185.82
2176.4	190.9
2177.16	178.802
2177.92	166.719
2178.68	159.731
2179.44	212.645
2180.2	182.368
2180.96	192.706
2181.72	199.993
2182.48	222.525
2183.24	220.623
2184	197.319
2184.76	245.242
2185.52	200.521
2186.28	203.641
2187.04	198.622
2187.79	216.009
2188.55	229.333
2189.31	203.963
2190.07	227.477
2190.83	217.377
2191.58	248.024
2192.34	231.8
2193.1	229.825
2193.85	208.466
2194.61	226.803
2195.37	236.94
2196.12	247.032
2196.88	211.342
2197.63	246.834
2198.39	199.045
2199.15	218.34
2199.9	235.632
2200.66	236.692
2201.41	218.448
2202.16	210.32
2202.92	231.567
2203.67	232.494
2204.43	226.334
2205.18	212.116
2205.93	226.292
2206.69	195.984
2207.44	209.216
2208.19	205.241
2208.95	212.372
2209.7	206.309
2210.45	205.276
2211.2	195.128
2211.95	221.36
2212.71	203.134
2213.46	210.164
2214.21	213.147
2214.96	184.861
2215.71	220.074
2216.46	215.95
2217.21	226.904
2217.96	207.666
2218.71	239.667
2219.46	211.422
2220.21	203.296
2220.96	228.273
2221.71	205.198
2222.46	214.192
2223.21	220.179
2223.96	220.137
2224.71	259.04
2225.46	246.924
2226.21	264.752
2226.95	286.554
2227.7	265.509
2228.45	267.422
2229.2	292.245
2229.94	298.146
2230.69	370.678
2231.44	376.538
2232.18	408.224
2232.93	410.072
2233.68	467.476
2234.42	477.155
2235.17	473.9
2235.92	499.364
2236.66	504.037
2237.41	503.815
2238.15	462.126
2238.9	467.957
2239.64	471.823
2240.38	457.899
2241.13	411.38
2241.87	372.778
2242.62	375.634
2243.36	316.36
2244.1	324.166
2244.85	301.426
2245.59	285.605
2246.33	288.508
2247.08	255.988
2247.82	270.711
2248.56	274.592
2249.3	247.984
2250.05	226.298
2250.79	228.192
2251.53	227.149
2252.27	248.685
2253.01	236.909
2253.75	205.57
2254.49	213.466
2255.23	240.982
2255.97	230.279
2256.71	228.389
2257.45	219.617
2258.19	222.582
2258.93	222.581
2259.67	208.854
2260.41	198.081
2261.15	220.624
2261.89	206.004
2262.63	222.759
2263.36	234.66
2264.1	220.124
2264.84	207.529
2265.58	204.712
2266.32	218.544
2267.05	195.066
2267.79	214.737
2268.53	194.174
2269.26	211.872
2270	232.526
2270.74	216.912
2271.48	225.852
2272.21	201.455
2272.95	224.197
2273.68	227.329
2274.42	206.875
2275.15	220.829
2275.89	234.788
2276.62	229.044
2277.36	218.348
2278.09	217.481
2278.83	195.899
2279.56	214.721
2280.29	226.642
2281.03	215.885
2281.76	220.913
2282.49	223
2283.23	213.271
2283.96	233.186
2284.69	217.578
2285.42	221.733
2286.16	205.097
2286.89	221.076
2287.62	230.097
2288.35	206.422
2289.08	197.597
2289.81	215.539
2290.55	214.704
2291.28	218.868
2292.01	231.008
2292.74	207.417
2293.47	201.678
2294.2	221.785
2294.93	204.052
2295.66	214.156
2296.39	228.217
2297.11	194.425
2297.85	203.477
2298.57	208.561
2299.3	217.67
2300.03	216.846
2300.76	221.037
2301.49	224.236
2302.22	203.427
2302.94	211.577
2303.67	187.695
2304.4	229.856
2305.12	254.04
2305.85	240.199
2306.58	227.361
2307.31	193.443
2308.03	220.693
2308.76	256.981
2309.48	214.931
2310.21	236.138
2310.93	200.085
2311.66	228.358
2312.38	232.537
2313.11	205.539
2313.83	226.831
2314.56	249.13
2315.28	231.124
2316.01	206.038
2316.73	232.341
2317.45	219.357
2318.18	234.618
2318.9	219.637
2319.62	232.901
2320.35	205.777
2321.07	233.154
2321.79	251.439
2322.52	238.411
2323.24	233.468
2323.96	201.243
2324.68	213.491
2325.4	199.447
2326.12	187.407
2326.84	196.598
2327.56	200.723
2328.29	156.277
2329.01	163.446
2329.73	164.555
2330.45	192.006
2331.17	211.371
2331.89	195.271
2332.61	208.536
2333.32	211.647
2334.04	225.893
2334.76	236.082
2335.48	200.672
2336.2	222.035
2336.92	243.42
2337.64	246.57
2338.35	193.937
2339.07	227.496
2339.79	239.747
2340.51	240.838
2341.23	210.488
2341.94	208.568
2342.66	231.039
2343.37	224.086
2344.09	252.682
2344.81	222.303
2345.52	191.867
2346.24	228.459
2346.95	220.304
2347.67	222.31
2348.38	212.168
2349.1	245.721
2349.82	226.55
2350.53	215.525
2351.24	210.592
2351.96	232.062
2352.67	229.098
2353.39	232.191
2354.1	209.846
2354.81	233.224
2355.53	227.139
2356.24	225.137
2356.95	197.767
2357.66	207.992
2358.38	243.627
2359.09	237.634
2359.8	213.361
2360.51	227.717
2361.22	225.83
2361.94	231.081
2362.65	257.725
2363.36	236.52
2364.07	216.293
2364.78	226.599
2365.49	219.542
2366.2	232.84
2366.91	244.079
2367.62	261.429
2368.33	211.542
2369.04	238.095
2369.75	251.418
2370.46	267.805
2371.16	230.173
2371.87	241.455
2372.58	215.022
2373.29	216.113
2374	255.946
2374.71	242.775
2375.41	238.775
2376.12	238.849
2376.83	223.626
2377.53	239.003
2378.24	243.177
2378.95	254.506
2379.65	263.802
2380.36	273.088
2381.07	257.855
2381.77	264.034
2382.48	233.468
2383.18	222.316
2383.89	235.701
2384.59	244.026
2385.3	301.43
2386	281.169
2386.71	263.908
2387.41	217.943
2388.12	250.668
2388.82	291.527
2389.52	244.508
2390.23	277.228
2390.93	245.629
2391.63	280.457
2392.34	220.253
2393.04	245.852
2393.74	246.899
2394.44	283.688
2395.15	271.467
2395.85	251.12
2396.55	255.322
2397.25	274.869
2397.95	255.56
2398.65	266.867
2399.35	223.95
2400.05	240.279
2400.75	282.109
2401.45	259.612
2402.15	274.921
2402.85	299.453
2403.55	266.881
2404.25	232.287
2404.95	242.612
2405.65	259.067
2406.35	273.473
2407.05	269.479
2407.75	247.082
2408.44	266.573
2409.14	250.312
2409.84	269.825
2410.54	323.076
2411.24	253.648
2411.93	272.102
2412.63	295.63
2413.33	269.046
2414.02	257.784
2414.72	251.631
2415.42	272.026
2416.11	286.298
2416.81	277.115
2417.5	285.299
2418.2	305.744
2418.9	257.872
2419.59	262.024
2420.28	297.781
2420.98	266.179
2421.67	292.663
2422.37	246.741
2423.06	292.528
2423.75	278.24
2424.45	285.398
2425.14	249.86
2425.84	281.574
2426.53	250.153
2427.22	238.061
2427.91	286.079
2428.61	242.287
2429.3	275.917
2429.99	284.001
2430.68	252.33
2431.37	268.495
2432.07	263.289
2432.76	275.384
2433.45	271.266
2434.14	269.236
2434.83	261.163
2435.52	277.478
2436.21	271.455
2436.9	288.743
2437.59	247.116
2438.28	288.644
2438.97	283.475
2439.66	297.561
2440.35	286.349
2441.04	291.375
2441.72	263.038
2442.41	253.941
2443.1	300.464
2443.79	277.177
2444.48	268.041
2445.16	288.205
2445.85	259.9
2446.54	273.039
2447.23	265.001
2447.91	267.072
2448.6	266.108
2449.29	289.354
2449.97	285.327
2450.66	255.062
2451.34	291.389
2452.03	271.243
2452.72	292.468
2453.4	285.459
2454.09	309.69
2454.77	283.463
2455.46	262.244
2456.14	299.42
2456.82	266.094
2457.51	293.177
2458.19	305.203
2458.88	305.219
2459.56	278.143
2460.24	294.324
2460.92	278.344
2461.61	277.442
2462.29	285.583
2462.97	306.784
2463.66	287.721
2464.34	307.856
2465.02	296.775
2465.7	272.607
2466.38	282.604
2467.06	274.522
2467.75	280.523
2468.42	255.443
2469.11	282.597
2469.79	291.722
2470.47	283.809
2471.15	308.035
2471.83	317.195
2472.51	312.267
2473.19	275.158
2473.86	276.2
2474.54	289.281
2475.22	253.153
2475.9	277.3
2476.58	293.443
2477.26	314.646
2477.94	311.776
2478.61	284.791
2479.29	250.744
2479.97	292.08
2480.65	286.14
2481.32	321.419
2482	266.177
2482.68	291.407
2483.35	281.442
2484.03	256.381
2484.71	287.655
2485.38	306.831
2486.06	291.765
2486.73	266.627
2487.41	283.743
2488.08	278.753
2488.76	291.902
2489.43	269.887
2490.11	307.262
2490.78	304.412
2491.45	281.417
2492.13	301.71
2492.8	291.764
2493.48	262.648
2494.15	295.014
2494.82	305.223
2495.49	277.134
2496.17	288.413
2496.84	286.603
2497.51	281.767
2498.18	305.215
2498.86	305.379
2499.53	269.074
2500.2	279.256
2500.87	296.507
2501.54	268.258
2502.21	297.72
2502.88	291.831
2503.55	289.014
2504.22	284.175
2504.89	309.728
2505.56	273.366
2506.23	283.62
2506.9	285.74
2507.57	322.379
2508.24	316.425
2508.91	299.332
2509.58	299.514
2510.25	276.295
2510.91	295.734
2511.58	278.541
2512.25	288.788
2512.92	292.943
2513.59	330.696
2514.25	288.107
2514.92	267.904
2515.59	292.499
2516.25	295.703
2516.92	299.906
2517.59	286.76
2518.25	304.173
2518.92	301.193
2519.58	279.867
2520.25	304.431
2520.91	300.475
2521.58	303.692
2522.24	269.178
2522.91	319.416
2523.57	309.433
2524.24	308.633
2524.9	319.069
2525.56	306.975
2526.23	284.614
2526.89	313.439
2527.55	315.632
2528.22	290.141
2528.88	329.188
2529.54	332.334
2530.21	298.554
2530.87	317.043
2531.53	298.66
2532.19	292.624
2532.85	350.229
2533.51	302.254
2534.18	289.146
2534.84	285.242
2535.5	324.445
2536.16	320.408
2536.82	303.967
2537.48	293.661
2538.14	309.039
2538.8	297.752
2539.46	295.765
2540.12	313.35
2540.78	305.308
2541.44	328.121
2542.09	298.497
2542.75	326.44
2543.41	297.746
2544.07	323.534
2544.73	314.268
2545.39	327.58
2546.04	306.921
2546.7	311.961
2547.36	310.858
2548.02	315.961
2548.67	307.772
2549.33	304.76
2549.98	293.562
2550.64	336.78
2551.3	322.509
2551.95	289.748
2552.61	300.116
2553.26	310.49
2553.92	335.239
2554.57	348.66
2555.23	340.455
2555.88	336.303
2556.54	342.372
2557.19	348.413
2557.85	323.703
2558.5	359.515
2559.15	381.015
2559.81	369.778
2560.46	403.656
2561.11	379.146
2561.77	360.763
2562.42	363.857
2563.07	379.187
2563.72	347.364
2564.37	393.307
2565.03	380.918
2565.68	380.849
2566.33	351.208
2566.98	369.673
2567.63	382.047
2568.28	340.232
2568.93	368.918
2569.58	361.757
2570.23	392.356
2570.88	387.165
2571.53	369.755
2572.18	402.447
2572.83	389.244
2573.48	406.702
2574.13	390.452
2574.78	382.336
2575.43	405.832
2576.07	409.889
2576.72	379.233
2577.37	390.427
2578.02	401.624
2578.67	411.794
2579.31	375.044
2579.96	400.454
2580.61	388.122
2581.26	391.063
2581.9	387.915
2582.55	392.96
2583.19	422.489
2583.84	421.568
2584.49	393.21
2585.13	395.363
2585.78	411.708
2586.42	419.819
2587.07	412.574
2587.71	389.009
2588.36	398.966
2589	435.314
2589.65	412.84
2590.29	426.954
2590.93	419.838
2591.58	426.97
2592.22	415.901
2592.86	433.251
2593.51	440.497
2594.15	439.652
2594.79	427.654
2595.43	462.329
2596.07	431.003
2596.72	437.183
2597.36	463.608
2598	448.355
2598.64	412.784
2599.28	409.692
2599.92	409.673
2600.56	463.445
2601.2	437.154
2601.85	401.76
2602.49	426.202
2603.13	445.549
2603.76	436.459
2604.4	454.723
2605.04	444.582
2605.68	442.563
2606.32	462.861
2606.96	461.87
2607.6	448.696
2608.24	455.759
2608.88	474.941
2609.51	443.466
2610.15	454.556
2610.79	430.272
2611.43	426.31
2612.06	420.389
2612.7	433.756
2613.34	424.853
2613.97	415.933
2614.61	427.263
2615.25	433.501
2615.88	419.434
2616.52	437.83
2617.15	428.838
2617.79	436.098
2618.42	445.404
2619.06	404.945
2619.69	402.045
2620.33	410.299
2620.96	403.283
2621.6	404.373
2622.23	414.6
2622.86	396.38
2623.5	414.776
2624.13	418.976
2624.76	387.606
2625.4	398.944
2626.03	385.851
2626.66	408.342
2627.29	394.181
2627.93	412.581
2628.56	393.341
2629.19	427.059
2629.82	422.13
2630.45	431.473
2631.08	411.273
2631.71	406.33
2632.34	388.115
2632.98	387.215
2633.61	440.369
2634.24	422.175
2634.87	391.763
2635.5	431.782
2636.12	413.63
2636.75	402.604
2637.38	414.038
2638.01	419.325
2638.64	403.12
2639.27	429.847
2639.9	451.445
2640.53	421.87
2641.15	434.218
2641.78	428.141
2642.41	428.211
2643.04	424.213
2643.66	430.481
2644.29	417.333
2644.92	429.791
2645.54	396.158
2646.17	386.046
2646.8	433.274
2647.42	415.922
2648.05	428.26
2648.67	398.588
2649.3	421.18
2649.92	453.022
2650.55	422.403
2651.17	416.408
2651.8	470.93
2652.42	458.844
2653.05	425.199
2653.67	425.381
2654.29	422.447
2654.92	446.165
2655.54	448.288
2656.16	461.687
2656.79	452.503
2657.41	457.516
2658.03	441.119
2658.65	483.304
2659.27	463.624
2659.9	470.037
2660.52	488.099
2661.14	501.621
2661.76	489.248
2662.38	469.983
2663	461.706
2663.62	474.86
2664.24	458.255
2664.86	486.185
2665.48	509.607
2666.1	523.845
2666.72	490.765
2667.34	498.027
2667.96	504.875
2668.58	487.334
2669.2	493.885
2669.82	503.651
2670.44	517.884
2671.05	508.484
2671.67	499.575
2672.29	499.449
2672.91	512.397
2673.53	521.726
2674.14	520.017
2674.76	511.872
2675.38	529.788
2675.99	525.192
2676.61	555.845
2677.23	543.62
2677.84	552.997
2678.46	574.084
2679.07	569.463
2679.69	557.135
2680.3	570.515
2680.92	607.198
2681.53	571.901
2682.15	617.208
2682.76	627.112
2683.38	634.902
2683.99	655.887
2684.61	663.501
2685.22	642.295
2685.83	632.089
2686.44	637.431
2687.06	643.058
2687.67	634.041
2688.28	658.115
2688.9	639.052
2689.51	678.324
2690.12	686.172
2690.73	683.235
2691.34	692.002
2691.96	707.908
2692.57	713.015
2693.18	722.2
2693.79	723.739
2694.4	747.639
2695.01	748.357
2695.62	755.755
2696.23	749.469
2696.84	737.654
2697.45	753.881
2698.06	734.496
2698.67	781.702
2699.28	780.284
2699.88	787.486
2700.49	787.8
2701.1	783.696
2701.71	789.094
2702.32	793.19
2702.93	789.601
2703.53	789.448
2704.14	817.661
2704.75	794.133
2705.36	807.382
2705.96	844.273
2706.57	816.864
2707.17	830.456
2707.78	841.317
2708.39	865.281
2708.99	876.597
2709.6	889.129
2710.2	913.421
2710.81	914.349
2711.41	931.754
2712.02	953.126
2712.62	951.992
2713.23	946.356
2713.83	958.016
2714.44	972.427
2715.04	990.471
2715.64	1015.71
2716.25	1053.11
2716.85	1046.38
2717.45	1041.25
2718.05	1038.28
2718.66	1064.05
2719.26	1097.38
2719.86	1115.86
2720.46	1119.26
2721.06	1113.34
2721.67	1147.57
2722.27	1166.25
2722.87	1196.62
2723.47	1216.71
2724.07	1217.49
2724.67	1218.37
2725.27	1219.77
2725.71	1215.97
2726.38	1224.92
2727.06	1280.5
2727.73	1298.25
2728.4	1275.27
2729.07	1265.59
2729.74	1290.64
2730.42	1317.96
2731.09	1309.99
2731.76	1355.11
2732.43	1361.76
2733.1	1370.51
2733.77	1374.11
2734.44	1364.34
2735.11	1406.29
2735.78	1386.96
2736.45	1405.1
2737.12	1401.72
2737.79	1428.76
2738.46	1442.55
2739.13	1462.5
2739.8	1358.59
2740.47	1405.36
2741.14	1390.39
2741.81	1383.76
2742.47	1375.22
2743.14	1352.46
2743.81	1347.94
2744.48	1319.88
2745.15	1327.35
2745.81	1299.11
2746.48	1284.11
2747.15	1248.78
2747.81	1197.14
2748.48	1236.23
2749.15	1191.56
2749.81	1207.92
2750.48	1169.04
2751.15	1106.62
2751.81	1134.01
2752.48	1072.86
2753.14	1077.23
2753.81	1048.17
2754.47	1067.2
2755.14	1003.41
2755.8	983.322
2756.47	999.802
2757.13	995.668
2757.8	980.234
2758.46	925.013
2759.13	973.151
2759.79	904.935
2760.45	942.092
2761.12	921.962
2761.78	924.196
2762.44	962.073
2763.1	931.283
2763.77	916.85
2764.43	899.449
2765.09	918.019
2765.76	913.25
2766.42	900.429
2767.08	921.463
2767.74	939.416
2768.4	918.329
2769.06	958.66
2769.72	945.553
2770.38	914.926
2771.05	962.268
2771.71	967.576
2772.37	991.446
2773.03	982.558
2773.69	968.589
2774.35	1003.94
2775.01	1020.72
2775.67	1039.43
2776.33	1051.86
2776.99	1071.43
2777.64	1109.52
2778.3	1141.52
2778.96	1158.17
2779.62	1188.23
2780.28	1192.52
2780.94	1184.36
2781.59	1198.76
2782.25	1188.45
2782.91	1185.44
2783.57	1143.48
2784.22	1166.54
2784.88	1154.7
2785.54	1135.61
2786.2	1149.32
2786.85	1131.8
2787.51	1141.82
2788.16	1108.4
2788.82	1099.73
2789.48	1052.14
2790.13	1125.26
2790.79	1108.09
2791.44	1133.3
2792.1	1114.2
2792.75	1157.76
2793.41	1128.91
2794.06	1142.07
2794.72	1127.26
2795.37	1139.18
2796.02	1162.46
2796.68	1189.95
2797.33	1109.53
2797.98	1184.59
2798.64	1153.79
2799.29	1173.49
2799.94	1169.56
2800.6	1181.09
2801.25	1178.23
2801.9	1225.82
2802.55	1183.8
2803.21	1191.13
2803.86	1236.48
2804.51	1255.99
2805.16	1286.75
2805.81	1258.8
2806.46	1246.31
2807.11	1321.34
2807.77	1336.67
2808.42	1350.92
2809.07	1357.89
2809.72	1359.61
2810.37	1383.87
2811.02	1395.77
2811.67	1432.42
2812.32	1419.89
2812.97	1445.55
2813.61	1453.9
2814.26	1490.07
2814.91	1444.04
2815.56	1454.48
2816.21	1556.35
2816.86	1554.31
2817.51	1581.97
2818.15	1577.65
2818.8	1605.08
2819.45	1640.65
2820.1	1613.59
2820.74	1612.38
2821.39	1680.2
2822.04	1719.49
2822.69	1693.13
2823.33	1777.61
2823.98	1794.01
2824.63	1826.51
2825.27	1828.99
2825.92	1864.26
2826.56	1919.14
2827.21	1900.39
2827.85	1962.97
2828.5	2003.2
2829.14	2026.15
2829.79	2076.93
2830.43	2092.91
2831.08	2144.9
2831.72	2160.93
2832.37	2165.56
2833.01	2251.2
2833.65	2229.75
2834.3	2321.14
2834.94	2405.14
2835.58	2500.25
2836.23	2534.61
2836.87	2579.19
2837.51	2642.35
2838.16	2707.81
2838.8	2786.98
2839.44	2899.35
2840.08	3016.01
2840.72	3042.23
2841.36	3148.24
2842.01	3300.14
2842.65	3333.72
2843.29	3477.19
2843.93	3624.89
2844.57	3728.57
2845.21	3801.53
2845.85	3955.64
2846.49	4052.39
2847.13	4145.35
2847.77	4250.16
2848.41	4399.68
2849.05	4532.98
2849.69	4567.23
2850.33	4608.86
2850.97	4593.88
2851.61	4655.12
2852.24	4743.73
2852.88	4786.38
2853.52	4930.6
2854.16	4972.3
2854.8	5038.57
2855.43	5108.23
2856.07	5179.57
2856.71	5263.5
2857.35	5367.29
2857.98	5516.1
2858.62	5611.88
2859.26	5835.15
2859.89	6085.27
2860.53	6234.22
2861.16	6552.92
2861.8	6825.58
2862.44	7086.96
2863.07	7429
2863.71	7721.44
2864.34	8087.44
2864.98	8372.79
2865.61	8747.41
2866.25	9099.64
2866.88	9384.69
2867.52	9652.61
2868.15	10043.6
2868.78	10226
2869.42	10581.6
2870.05	10844.1
2870.69	11106.8
2871.32	11376.2
2871.95	11574.6
2872.58	11873.7
2873.22	12196.3
2873.85	12371.2
2874.48	12670
2875.11	12667.5
2875.75	12913.3
2876.38	12941.3
2877.01	12897.7
2877.64	12764.7
2878.27	12676.2
2878.9	12347.6
2879.53	12162.1
2880.16	11985.4
2880.79	11693.7
2881.42	11458.1
2882.05	11074.8
2882.68	11004.5
2883.31	10815.4
2883.94	10698.3
2884.57	10508.1
2885.2	10396.4
2885.83	10306.4
2886.46	10279.8
2887.09	10171.9
2887.72	10167.4
2888.35	10142.2
2888.97	10237.8
2889.6	10095.3
2890.23	10238.5
2890.86	10352.5
2891.49	10456.5
2892.11	10467
2892.74	10586.2
2893.37	10832.1
2893.99	10920.7
2894.62	10943.6
2895.25	11144.5
2895.87	11252.2
2896.5	11283.4
2897.12	11653.6
2897.75	11714.3
2898.38	11855.5
2899	11962.5
2899.63	12190.3
2900.25	12444
2900.88	12507.6
2901.5	12613.4
2902.12	12818.3
2902.75	12891.1
2903.37	13126.3
2904	13260.8
2904.62	13416.7
2905.25	13524.4
2905.87	13712
2906.49	13961.5
2907.11	14083.8
2907.74	14147.7
2908.36	14158.2
2908.98	14359.5
2909.6	14650.2
2910.23	14725.5
2910.85	14894.3
2911.47	14903
2912.09	15117.7
2912.71	15319
2913.33	15454.6
2913.96	15555.3
2914.58	15575
2915.2	15668
2915.82	15732.8
2916.44	15733.7
2917.06	15780.3
2917.68	15715.8
2918.3	15638.3
2918.92	15781.3
2919.54	15792.4
2920.16	15821.9
2920.77	15815.9
2921.39	15663.4
2922.01	15782.2
2922.63	15588.3
2923.25	15676.3
2923.87	15776.5
2924.48	15889.2
2925.1	15784.5
2925.72	15921.5
2926.34	16035.8
2926.95	16125.5
2927.57	16295
2928.19	16422.3
2928.8	16682.9
2929.42	16860.3
2930.04	17107.3
2930.65	17414.3
2931.27	17735.6
2931.89	18138.1
2932.5	18583.8
2933.12	18789.2
2933.73	19253.7
2934.35	19642.7
2934.96	20221.6
2935.58	20564.7
2936.19	20793.2
2936.81	21040.3
2937.42	21531.8
2938.03	21716.1
2938.65	21746.6
2939.26	21852.2
2939.88	21716.8
2940.49	21500.1
2941.1	21055.5
2941.71	20913.7
2942.33	20368
2942.94	19975
2943.55	19359.2
2944.17	18913
2944.78	18418.8
2945.39	17904.8
2946	17501.2
2946.61	16996.8
2947.22	16431.4
2947.83	15994.4
2948.45	15678.4
2949.06	15269.7
2949.67	14915.2
2950.28	14623.8
2950.89	14183.6
2951.5	13909.1
2952.11	13565.7
2952.72	13236.6
2953.33	12992.4
2953.94	12767.7
2954.54	12578.7
2955.15	12474.7
2955.76	12214
2956.37	12093.3
2956.98	11969.4
2957.59	11767
2958.2	11560.8
2958.8	11447.7
2959.41	11364.4
2960.02	11200.6
2960.63	11231.5
2961.23	11059.4
2961.84	10868.7
2962.45	10849.3
2963.05	10658.6
2963.66	10505.7
2964.27	10372.4
2964.87	10196
2965.48	10181.9
2966.08	9997.36
2966.69	9995.7
2967.29	9804.01
2967.9	9638.24
2968.5	9537.85
2969.11	9421.36
2969.71	9157.3
2970.32	9049.13
2970.92	8921.07
2971.53	8727.24
2972.13	8555.95
2972.74	8376.13
2973.34	8232.36
2973.94	8034.57
2974.54	7971.81
2975.15	7775.1
2975.75	7570.67
2976.35	7481.84
2976.96	7306.12
2977.56	7261.29
2978.16	7171.32
2978.76	6930.3
2979.36	6817.36
2979.97	6622.58
2980.57	6576.91
2981.17	6392.61
2981.77	6268.12
2982.37	6119.98
2982.97	5965.74
2983.57	5713.74
2984.17	5652.67
2984.77	5439.96
2985.37	5364.74
2985.97	5259.03
2986.57	5152.08
2987.17	5004.32
2987.77	4938.13
2988.37	4743.13
2988.97	4609.86
2989.57	4572.31
2990.17	4484.21
2990.76	4360.3
2991.36	4220.28
2991.96	4181
2992.56	4117.37
2993.16	3972.8
2993.75	3898.59
2994.35	3840.35
2994.95	3777.72
2995.54	3731.43
2996.14	3616.98
2996.74	3569.6
2997.33	3461.43
2997.93	3444.67
2998.52	3389.19
2999.12	3318.31
2999.72	3334.32
3000.31	3266.33
3000.91	3230.06
3001.5	3181.49
3002.1	3137.94
3002.69	3181.23
3003.29	3098.25
3003.88	2996.62
3004.47	3040.38
3005.07	2998.38
3005.66	2964.04
3006.26	2836
3006.85	2778
3007.44	2750.86
3008.04	2674.26
3008.63	2590.99
3009.22	2581.05
3009.81	2480.29
3010.41	2443.99
3011	2374.92
3011.59	2383.1
3012.18	2323.88
3012.77	2260.76
3013.36	2244.92
3013.96	2188.96
3014.55	2225.34
3015.14	2187.81
3015.73	2154.54
3016.32	2092.68
3016.91	2074.09
3017.5	2074.96
3018.09	2038.53
3018.68	1995.59
3019.27	2002.88
3019.86	1955.6
3020.45	1986.77
3021.04	1977.04
3021.63	1958.29
3022.22	1933.39
3022.8	1930.01
3023.39	1970.75
3023.98	1966.94
3024.57	1919.71
3025.16	2000.42
3025.74	1941.88
3026.33	1990.64
3026.92	1954.65
3027.5	2004.14
3028.09	2003.92
3028.68	2020.16
3029.26	2064.38
3029.85	2092.38
3030.44	2029.92
3031.02	2069.92
3031.61	2063.6
3032.19	2091.28
3032.78	2181.78
3033.37	2194.49
3033.95	2155.28
3034.54	2136.61
3035.12	2184.11
3035.71	2284.39
3036.29	2267.93
3036.87	2273.2
3037.46	2332.23
3038.04	2312.76
3038.63	2375.1
3039.21	2416
3039.79	2370.34
3040.38	2406.65
3040.96	2426.49
3041.54	2416.08
3042.12	2411.44
3042.71	2388.62
3043.29	2421.24
3043.87	2457.67
3044.45	2465.06
3045.03	2507.89
3045.62	2510.77
3046.2	2582.42
3046.78	2645.14
3047.36	2673.87
3047.94	2738.79
3048.52	2828.38
3049.1	2991.25
3049.68	2993.3
3050.26	3204.43
3050.84	3307.73
3051.42	3505.24
3052	3648.86
3052.58	3766.59
3053.16	3875.05
3053.74	4077.89
3054.32	4198.24
3054.89	4312.83
3055.47	4289.1
3056.05	4423.14
3056.63	4431.84
3057.21	4441.26
3057.78	4449.05
3058.36	4468.61
3058.94	4412.97
3059.52	4423.46
3060.09	4474.46
3060.67	4393.19
3061.25	4377.65
3061.82	4352.03
3062.4	4349.24
3062.97	4343.09
3063.55	4302.38
3064.13	4288.33
3064.7	4206.94
3065.28	4121.66
3065.85	4089.59
3066.43	3967.67
3067	3851.94
3067.58	3738.98
3068.15	3657.6
3068.72	3503.21
3069.3	3355.83
3069.87	3247.89
3070.45	3059.71
3071.02	2951.75
3071.59	2812.24
3072.17	2699.88
3072.74	2599.9
3073.31	2403.47
3073.89	2341.19
3074.46	2285.92
3075.03	2157.19
3075.6	2095.87
3076.17	1954.22
3076.74	1895.56
3077.32	1846.41
3077.89	1736.28
3078.46	1667.41
3079.03	1604.56
3079.6	1590.11
3080.17	1471.98
3080.74	1450.96
3081.31	1391.58
3081.88	1350.82
3082.45	1347.29
3083.02	1258.04
3083.59	1250.47
3084.16	1187.15
3084.73	1192.02
3085.3	1128.79
3085.87	1089.39
3086.43	1104.8
3087	1057.41
3087.57	1046.23
3088.14	1021.69
3088.71	971.284
3089.28	956.915
3089.84	965.151
3090.41	915.509
3090.98	893.716
3091.54	859.545
3092.11	870.786
3092.68	841.782
3093.24	813.806
3093.81	814.706
3094.38	791.902
3094.94	783.563
3095.51	820.606
3096.07	758.698
3096.64	764.808
3097.2	742.044
3097.77	729.59
3098.33	703.784
3098.9	716.161
3099.46	706.969
3100.03	741.089
3100.59	712.348
3101.15	684.585
3101.72	693.86
3102.28	683.499
3102.84	686.498
3103.41	675.056
3103.97	692.445
3104.53	659.366
3105.1	653.06
3105.66	652.938
3106.22	613.731
3106.78	658.927
3107.34	648.586
3107.91	645.469
3108.47	641.341
3109.03	657.813
3109.59	622.902
3110.15	643.601
3110.71	597.482
3111.27	604.893
3111.83	563.889
3112.39	568.106
3112.95	578.397
3113.51	558.736
3114.07	564.772
3114.63	536.861
3115.19	552.224
3115.75	536.788
3116.31	560.491
3116.87	520.414
3117.43	544.092
3117.98	520.393
3118.54	518.251
3119.1	534.594
3119.66	538.599
3120.22	512.829
3120.77	504.58
3121.33	510.755
3121.89	495.36
3122.44	497.422
3123	461.425
3123.56	477.791
3124.11	490.005
3124.67	476.529
3125.23	506.192
3125.78	471.229
3126.34	447.621
3126.89	449.724
3127.45	429.284
3128	420.147
3128.56	462.349
3129.11	436.758
3129.67	427.564
3130.22	454.283
3130.78	468.635
3131.33	407.99
3131.88	424.34
3132.44	433.49
3132.99	429.302
3133.54	457.965
3134.1	442.543
3134.65	419.975
3135.2	457.951
3135.76	438.503
3136.31	442.652
3136.86	423.202
3137.41	428.361
3137.96	429.406
3138.51	398.638
3139.07	422.233
3139.62	414.023
3140.17	390.431
3140.72	430.44
3141.27	403.785
3141.82	423.288
3142.37	421.246
3142.92	409.959
3143.47	389.436
3144.02	364.817
3144.57	400.716
3145.12	393.584
3145.67	409.051
3146.22	400.962
3146.77	421.61
3147.32	394.016
3147.86	402.306
3148.41	396.181
3148.96	404.383
3149.51	400.233