401.058	1016.29
402.149	975.742
403.243	1039.21
404.332	973.081
405.424	950.426
406.515	916.5
407.606	890.208
408.697	833.933
409.785	825.728
410.876	791.241
411.967	828.95
413.055	791.499
414.143	733.409
415.233	855.543
416.321	846.656
417.409	784.722
418.499	799.189
419.586	822.066
420.673	783.03
421.761	858.034
422.848	899.853
423.935	963.958
425.02	855.572
426.106	969.582
427.193	976.495
428.278	988.828
429.364	1023.16
430.45	1049.17
431.534	944.771
432.618	1003.3
433.704	1019.8
434.788	1028.23
435.871	920.074
436.955	1001.21
438.038	972.026
439.123	937.332
440.204	1010.32
441.287	975.954
442.37	898.551
443.452	779.718
444.535	823.03
445.615	721.323
446.698	687.653
447.78	752.679
448.86	673.47
449.939	667.323
451.021	678.883
452.101	657.253
453.18	537.404
454.262	616.692
455.341	579.029
456.42	490.157
457.499	575.639
458.578	536.782
459.654	517.482
460.733	539.111
461.811	489.302
462.89	534.263
463.966	454.658
465.044	502.413
466.12	449.676
467.197	498.363
468.273	517.216
469.349	494.969
470.426	438.101
471.501	487.217
472.576	541.747
473.651	476.376
474.726	577.344
475.801	502.981
476.876	589.255
477.95	558.675
479.022	567.023
480.097	507.598
481.171	584.351
482.243	529.437
483.317	628.175
484.388	617.639
485.46	608.952
486.533	556.856
487.605	514.037
488.676	596.612
489.747	577.772
490.818	658.405
491.889	652.62
492.959	666.273
494.03	652.434
495.1	690.981
496.171	654.112
497.239	680.504
498.309	717.755
499.379	764.97
500.446	834.124
501.514	756.834
502.584	780.452
503.651	784.1
504.718	792.459
505.788	810.964
506.855	802.034
507.921	865.41
508.988	777.711
510.055	852.991
511.119	809.27
512.186	753.685
513.252	764.114
514.318	814.034
515.382	856.708
516.448	746.211
517.512	787.15
518.577	784.106
519.641	796.778
520.704	788.394
521.768	820.594
522.833	772.615
523.896	823.239
524.959	914.42
526.021	925.978
527.084	944.697
528.144	1035.35
529.207	1075.15
530.269	1152.08
531.331	1176.69
532.391	1240.62
533.453	1212.35
534.513	1224.94
535.572	1175.24
536.634	1087.98
537.693	1105.33
538.752	1057.35
539.812	1008.36
540.87	1019.01
541.929	960.113
542.988	954.468
544.047	942.399
545.105	933.963
546.164	828.134
547.22	907.758
548.278	877.77
549.336	895.179
550.392	899.431
551.448	885.093
552.505	813.123
553.561	842.907
554.616	958.502
555.671	826.219
556.728	897.867
557.783	805.372
558.836	816.989
559.891	881.406
560.946	943.766
562	866.895
563.055	761.557
564.107	811.224
565.161	742.41
566.213	779.177
567.267	747.405
568.318	665.705
569.37	764.254
570.424	771.28
571.475	734.03
572.526	671.946
573.577	697.521
574.628	727.687
575.679	768.896
576.73	809.193
577.781	862.419
578.829	926.75
579.88	833.816
580.93	888.127
581.978	819.152
583.026	740.031
584.076	732.621
585.124	721.512
586.172	647.9
587.221	745.221
588.269	663.333
589.316	742.133
590.363	730.856
591.41	760.834
592.457	740.408
593.502	689.902
594.549	682.707
595.595	804.123
596.64	780.889
597.686	686.045
598.73	754.521
599.776	833.843
600.82	775.087
601.864	809.043
602.908	903.703
603.953	815.753
604.997	844.786
606.04	860.266
607.083	913.582
608.125	891.271
609.168	912.955
610.211	900.289
611.253	937.274
612.294	1042.48
613.336	1098.87
614.377	1225.47
615.419	1475.75
616.459	1686.32
617.499	1723.27
618.539	1830.14
619.579	1779.19
620.619	1536.5
621.658	1417.53
622.698	1325.41
623.737	1365.22
624.776	1404.19
625.815	1628.64
626.852	1834.85
627.891	2104.04
628.928	2193.47
629.966	2378.87
631.003	2441.16
632.041	2444.75
633.077	2465.35
634.114	2203.27
635.15	2015.23
636.185	1919.81
637.221	1818.34
638.257	1630.48
639.292	1593.01
640.328	1489
641.361	1420.68
642.396	1274.59
643.431	1144.95
644.464	1079.82
645.497	1006.53
646.532	902.209
647.564	862.535
648.597	870.859
649.629	836.047
650.663	831.553
651.695	759.838
652.727	775.343
653.757	699.772
654.789	682.996
655.821	640.558
656.852	591.806
657.882	587.199
658.913	612.931
659.942	560.727
660.973	512.168
662.002	458.981
663.031	521.287
664.06	480.064
665.09	515.983
666.119	494.335
667.147	420.482
668.175	489.894
669.201	501.445
670.229	446.614
671.257	440.379
672.285	479.147
673.311	413.874
674.338	427.831
675.363	438.205
676.389	422.862
677.416	473.902
678.441	428.999
679.466	465.164
680.491	437.568
681.515	445.897
682.54	425.633
683.565	466.301
684.589	434.189
685.613	457.511
686.635	478.142
687.659	491.427
688.681	483.455
689.705	464.348
690.727	521.979
691.75	501.884
692.772	543.772
693.793	493.979
694.814	520.063
695.835	559.989
696.856	582.261
697.877	584.115
698.898	572.99
699.918	553.548
700.937	573
701.957	511.975
702.978	561.991
703.996	526.881
705.016	525.056
706.034	488.991
707.052	462.174
708.069	487.134
709.087	445.557
710.107	416.031
711.124	439.207
712.139	496.598
713.156	447.735
714.173	448.762
715.19	410.014
716.205	397.088
717.222	447.824
718.238	436.613
719.253	437.377
720.267	492.528
721.283	468.412
722.297	460.933
723.311	479.27
724.325	478.302
725.339	515.092
726.353	512.37
727.366	566.732
728.38	640.455
729.391	674.621
730.404	718.835
731.417	761.99
732.428	739.704
733.441	757.774
734.452	798.765
735.463	879.255
736.475	860.747
737.486	847.925
738.496	856.343
739.506	874.012
740.516	918.294
741.526	906.522
742.534	926.771
743.544	952.437
744.554	940.436
745.561	949.55
746.571	989.898
747.578	978.021
748.587	986.387
749.594	933.35
750.601	908.796
751.608	892.552
752.615	929.606
753.621	899.737
754.628	906.672
755.634	844.761
756.641	857.346
757.647	888.411
758.651	867.969
759.657	903.732
760.663	844.498
761.666	884.822
762.67	871.533
763.676	943.131
764.679	927.756
765.682	967.708
766.686	915.13
767.689	975.32
768.692	965.36
769.694	897.345
770.697	898.924
771.698	899.801
772.7	867.405
773.703	847.875
774.703	829.028
775.703	826.604
776.705	818.343
777.705	846.162
778.705	833.112
779.705	819.26
780.705	882.666
781.704	903.496
782.704	914.161
783.703	919.201
784.702	932.505
785.701	937.337
786.698	949.569
787.697	983.232
788.694	970.462
789.693	1083.4
790.689	1007.44
791.686	981.645
792.682	1074.92
793.68	1102.89
794.676	1026.54
795.672	1168.11
796.666	1176.69
797.662	1225.5
798.658	1322.84
799.653	1378.23
800.647	1423.14
801.642	1489.17
802.636	1556.74
803.631	1650.14
804.624	1625.23
805.617	1612.46
806.61	1684.33
807.602	1604.63
808.595	1643.79
809.587	1592.79
810.58	1547.41
811.572	1486.41
812.564	1532.19
813.554	1494.75
814.546	1519.48
815.536	1501.63
816.528	1477.26
817.518	1538.92
818.507	1504.35
819.499	1547.5
820.488	1588.8
821.477	1613.37
822.466	1724.6
823.455	1824.43
824.444	1962.71
825.431	2124.75
826.42	2178.95
827.408	2290.59
828.395	2430.18
829.383	2581.93
830.369	2709.6
831.356	3030.99
832.342	3230.94
833.33	3609.39
834.315	3881.62
835.301	4295.5
836.287	4576.15
837.27	4953.38
838.256	5060.78
839.241	5217.22
840.226	5238.55
841.209	5147.45
842.194	5045.04
843.177	4825.94
844.16	4610.65
845.145	4227.41
846.127	3867.17
847.11	3667.71
848.092	3547.18
849.074	3377.67
850.056	3287.89
851.039	3290.68
852.018	3301.44
853	3291.75
853.982	3486.12
854.962	3524.38
855.941	3673.38
856.923	3669.44
857.902	3664.16
858.881	3476.14
859.86	3255.82
860.839	3025.02
861.818	2791
862.797	2720.45
863.776	2516.01
864.754	2443.04
865.733	2335
866.709	2311.68
867.687	2224.07
868.664	2190.94
869.642	2100.96
870.618	2054.4
871.594	1968.38
872.569	1960.65
873.545	1939.14
874.521	1844.79
875.496	1915.28
876.471	1832.69
877.447	1811.69
878.42	1832.01
879.395	1807.97
880.37	1788.5
881.343	1719.34
882.315	1689.94
883.29	1631.21
884.262	1546.78
885.235	1529.61
886.207	1570.43
887.179	1534.6
888.151	1455.34
889.123	1500.49
890.095	1459.95
891.065	1472.95
892.037	1457.42
893.009	1530.41
893.978	1565.62
894.948	1493
895.919	1543.09
896.888	1569.36
897.857	1675.07
898.826	1636.91
899.795	1651.21
900.764	1741.89
901.732	1779.65
902.701	1829.17
903.668	1856.39
904.636	1835.67
905.604	1875.97
906.57	1889.76
907.538	1894.61
908.504	1932.02
909.47	1924.51
910.436	2017.77
911.402	1981
912.367	2027.28
913.333	2009.66
914.298	2022.33
915.264	1931.24
916.229	1995.44
917.192	1963.52
918.157	1924.35
919.12	1933.47
920.084	1917.71
921.047	1873.21
922.01	1873.05
922.972	1770.76
923.935	1704.45
924.897	1644.58
925.859	1609.78
926.821	1618.67
927.783	1494.94
928.743	1425.91
929.705	1439.44
930.667	1385.08
931.626	1347.35
932.586	1360.76
933.547	1255.28
934.506	1269.86
935.466	1263.19
936.425	1268.68
937.384	1267.62
938.343	1249.67
939.301	1289.43
940.26	1303.04
941.217	1306.41
942.175	1336.96
943.132	1325.63
944.09	1349.9
945.046	1341.48
946.002	1324.6
946.96	1294.49
947.916	1281.13
948.872	1308.91
949.828	1250.38
950.783	1267.72
951.737	1313.1
952.692	1261.71
953.647	1242.09
954.601	1198.95
955.556	1255.3
956.509	1136.37
957.464	1237.24
958.417	1256.68
959.369	1243.32
960.322	1238.26
961.275	1251.7
962.227	1291.13
963.179	1241.97
964.132	1239.78
965.082	1248.09
966.034	1241.65
966.984	1250.5
967.936	1207.81
968.885	1271.25
969.837	1270.57
970.787	1283.72
971.736	1203.59
972.686	1206.06
973.635	1257.39
974.584	1318.17
975.533	1271.11
976.48	1333.07
977.429	1332.19
978.378	1367.94
979.325	1388.67
980.273	1469.44
981.22	1496.67
982.166	1519.11
983.113	1638.02
984.061	1706
985.007	1776.51
985.953	1905.8
986.897	1977.85
987.843	2044.39
988.789	2053.18
989.734	2166.08
990.678	2301.58
991.623	2519.32
992.567	2755.51
993.51	3322.11
994.453	3960.8
995.398	4924.52
996.341	6269.86
997.284	7523.55
998.227	8617.05
999.168	9143.46
1000.11	8916.13
1001.05	7990.71
1001.99	6498.02
1002.94	4929.97
1003.88	3692.31
1004.82	2896.44
1005.76	2399.64
1006.7	2017.34
1007.64	1734.52
1008.58	1640.63
1009.52	1500.79
1010.46	1412.94
1011.4	1441.51
1012.34	1404.97
1013.27	1392.93
1014.21	1398.02
1015.15	1313.03
1016.09	1423.96
1017.03	1521
1017.96	1548.88
1018.9	1523.26
1019.84	1694.48
1020.77	1764.75
1021.71	1929.48
1022.65	2046.88
1023.58	2236.77
1024.52	2610.69
1025.45	2854.43
1026.39	3185.66
1027.32	3409.13
1028.26	3654.75
1029.19	3627.8
1030.12	3642.79
1031.06	3432.55
1031.99	3248.02
1032.92	2952.05
1033.86	2793.47
1034.79	2533.19
1035.72	2343.05
1036.65	2175.95
1037.59	2088.53
1038.52	2002.7
1039.45	1878.95
1040.38	1898.62
1041.31	1784.17
1042.24	1799.04
1043.17	1752.4
1044.1	1708.48
1045.03	1641.85
1045.96	1669.9
1046.89	1676.45
1047.82	1693.73
1048.75	1634.53
1049.68	1684.45
1050.61	1718.24
1051.53	1786.98
1052.46	1802.17
1053.39	1915.84
1054.32	1854.26
1055.24	2026.5
1056.17	2154.14
1057.1	2215.48
1058.02	2324.66
1058.95	2356.04
1059.88	2433.13
1060.8	2402.56
1061.73	2439.53
1062.65	2380.31
1063.58	2309.73
1064.5	2233.46
1065.43	2149.41
1066.35	2166.09
1067.27	2138.27
1068.2	2159.37
1069.12	2092.26
1070.04	2120.37
1070.97	2025.02
1071.89	2039.74
1072.81	1905.7
1073.73	1879.59
1074.65	1864.08
1075.58	1754.12
1076.5	1754.28
1077.42	1720.78
1078.34	1653.75
1079.26	1664.69
1080.18	1645.2
1081.1	1659.99
1082.02	1582.59
1082.94	1641.1
1083.86	1573.2
1084.78	1603.14
1085.7	1597.02
1086.61	1559.67
1087.53	1558.52
1088.45	1505.25
1089.37	1482.35
1090.28	1586.44
1091.2	1567.1
1092.12	1552.39
1093.03	1533.87
1093.95	1556.15
1094.87	1578.57
1095.78	1517.86
1096.7	1560.45
1097.61	1596.48
1098.53	1555.83
1099.44	1564.32
1100.36	1621.91
1101.27	1627.35
1102.19	1558.93
1103.1	1513.19
1104.01	1566.73
1104.93	1645.83
1105.84	1655.16
1106.75	1742.23
1107.67	1668.94
1108.58	1748.95
1109.49	1780.82
1110.4	1886.27
1111.31	1894.02
1112.22	1936.46
1113.14	2043.96
1114.05	2128.73
1114.96	2143.71
1115.87	2268.57
1116.78	2351.1
1117.69	2427.96
1118.6	2494.19
1119.51	2548.71
1120.42	2683.21
1121.32	2695.71
1122.23	2713.26
1123.14	2676.72
1124.05	2684.52
1124.96	2554.13
1125.86	2502.56
1126.77	2327.72
1127.68	2298.19
1128.58	2151.25
1129.49	2069.92
1130.4	1953.89
1131.3	1974.14
1132.21	1926.18
1133.11	1895.58
1134.02	2017.97
1134.92	2051.79
1135.83	2082.2
1136.73	2154.54
1137.64	2186.06
1138.54	2184.15
1139.44	2165.87
1140.35	2138.89
1141.25	2149.94
1142.15	2122.16
1143.06	2081.24
1143.96	2096.51
1144.86	2083.22
1145.76	2063.11
1146.66	2064.66
1147.57	1995.51
1148.47	2043.35
1149.37	1951.09
1150.27	1999.83
1151.17	2000.06
1152.07	2008.92
1152.97	2026.38
1153.87	1987.56
1154.77	1872.37
1155.67	1844.72
1156.57	1636.88
1157.46	1647.25
1158.36	1490.04
1159.26	1437.81
1160.16	1466.73
1161.05	1394.72
1161.95	1320.74
1162.85	1287.53
1163.75	1233.09
1164.64	1227.96
1165.54	1206.48
1166.44	1233.56
1167.33	1177.03
1168.23	1162.58
1169.12	1154.99
1170.02	1160.81
1170.91	1207.55
1171.81	1163.88
1172.7	1176.21
1173.59	1194.15
1174.49	1211.97
1175.38	1253.43
1176.27	1317.54
1177.17	1369.15
1178.06	1430.17
1178.95	1480.77
1179.84	1463.27
1180.74	1536.95
1181.63	1540.66
1182.52	1484.71
1183.41	1547.07
1184.3	1531.52
1185.19	1531.84
1186.08	1496.08
1186.97	1503.8
1187.86	1525.71
1188.75	1566.53
1189.64	1617.69
1190.53	1669.72
1191.42	1742.42
1192.31	1743.55
1193.2	1776.88
1194.09	1868.86
1194.97	1823.65
1195.86	1877.46
1196.75	1836.1
1197.64	1802.12
1198.52	1756.73
1199.41	1699.09
1200.29	1714.93
1201.18	1639.64
1202.07	1565.38
1202.95	1553.18
1203.84	1498.51
1204.72	1407.91
1205.61	1339.77
1206.49	1312.99
1207.38	1250.68
1208.26	1194.3
1209.14	1164.53
1210.03	1156.61
1210.91	1115.91
1211.79	1091.13
1212.68	1091.54
1213.56	1070.98
1214.44	1054.87
1215.32	1056.44
1216.21	1063.6
1217.09	1094.32
1217.97	1091.44
1218.85	1114.22
1219.73	1130.77
1220.61	1130.68
1221.49	1150.5
1222.37	1203.34
1223.25	1301.36
1224.13	1388.85
1225.01	1477.96
1225.89	1571.58
1226.77	1665.13
1227.65	1738.98
1228.52	1760.28
1229.4	1815.96
1230.28	1772.79
1231.16	1733.56
1232.03	1764.37
1232.91	1742.1
1233.79	1704.45
1234.66	1687.39
1235.54	1686.22
1236.42	1650.69
1237.29	1620.72
1238.17	1580.28
1239.04	1452.52
1239.92	1424.55
1240.79	1341.54
1241.67	1330.79
1242.54	1282.97
1243.41	1276.06
1244.29	1242.5
1245.16	1258.48
1246.03	1216.35
1246.91	1203.73
1247.78	1243.49
1248.65	1190.52
1249.52	1218.5
1250.4	1220.57
1251.27	1219.7
1252.14	1213.14
1253.01	1281.16
1253.88	1274.8
1254.75	1251.3
1255.62	1290.82
1256.49	1272.9
1257.36	1316.94
1258.23	1345.52
1259.1	1342.43
1259.97	1373.65
1260.84	1370.49
1261.71	1382.66
1262.57	1383.47
1263.44	1460.71
1264.31	1442.6
1265.18	1512.31
1266.05	1590.58
1266.91	1604.84
1267.78	1675.26
1268.65	1765.57
1269.51	1878.62
1270.38	2075.37
1271.24	2229.04
1272.11	2458.67
1272.97	2621.39
1273.84	2861.92
1274.7	2987.19
1275.57	3169.49
1276.43	3239.9
1277.3	3344.94
1278.16	3461.49
1279.02	3532.88
1279.89	3579.4
1280.75	3566.06
1281.61	3557.54
1282.48	3618.72
1283.34	3563.29
1284.2	3512.65
1285.06	3439.13
1285.92	3390.41
1286.78	3224.87
1287.65	3095.96
1288.51	2923.17
1289.37	2787.38
1290.23	2702.03
1291.09	2567.11
1291.95	2429.48
1292.81	2396.19
1293.67	2314.91
1294.52	2301.47
1295.38	2184.08
1296.24	2158.56
1297.1	2110.09
1297.96	2105.97
1298.81	2056.48
1299.67	2045.68
1300.53	1999.73
1301.39	1983.96
1302.24	1928.53
1303.1	1844.15
1303.95	1779.84
1304.81	1776.52
1305.67	1688.01
1306.52	1626.64
1307.38	1580.9
1308.23	1567.76
1309.09	1501.63
1309.94	1420.73
1310.8	1376.67
1311.65	1327.25
1312.5	1316.47
1313.35	1252.3
1314.21	1205.7
1315.06	1205.3
1315.91	1179.35
1316.77	1156.49
1317.62	1172.99
1318.47	1157.09
1319.32	1149.98
1320.17	1146.21
1321.02	1141.2
1321.87	1142.3
1322.73	1165.3
1323.57	1125.03
1324.43	1123.25
1325.28	1137.1
1326.13	1129.79
1326.97	1123.77
1327.82	1145.6
1328.67	1122.6
1329.52	1140.73
1330.37	1134.94
1331.22	1130.82
1332.06	1156
1332.91	1140.44
1333.76	1135.29
1334.61	1169.14
1335.45	1174.62
1336.3	1138.74
1337.15	1197.97
1337.99	1148.62
1338.84	1186.47
1339.68	1211
1340.53	1195.14
1341.37	1187.66
1342.22	1186.52
1343.06	1169.18
1343.91	1184.24
1344.75	1224.83
1345.6	1207.22
1346.44	1212.23
1347.28	1201.76
1348.12	1213.56
1348.97	1201.4
1349.81	1212.59
1350.65	1234.79
1351.49	1240.3
1352.33	1234.56
1353.18	1240.17
1354.02	1261.78
1354.86	1286.55
1355.7	1310.47
1356.54	1340.07
1357.38	1359.99
1358.22	1380.24
1359.06	1431.08
1359.9	1433.86
1360.74	1467.85
1361.58	1471.12
1362.42	1480.06
1363.25	1473.73
1364.09	1445.69
1364.93	1446.61
1365.77	1451.8
1366.6	1427.48
1367.19	1411.89
1368.1	1423.07
1369.01	1430.23
1369.92	1401.84
1370.83	1389.08
1371.74	1383.07
1372.65	1359.22
1373.56	1346.14
1374.47	1342.86
1375.37	1293.31
1376.28	1289.92
1377.19	1272.68
1378.1	1268.12
1379	1243.88
1379.91	1200.02
1380.82	1176.78
1381.72	1130.98
1382.63	1162.51
1383.54	1140.99
1384.44	1136.95
1385.35	1150.39
1386.25	1078.91
1387.16	1110.92
1388.06	1152.69
1388.97	1125.42
1389.87	1141.04
1390.78	1193.6
1391.68	1222.85
1392.59	1266.62
1393.49	1300.62
1394.39	1261.84
1395.3	1189.13
1396.2	1120.3
1397.1	1095
1398	1040.84
1398.91	988.814
1399.81	1009.23
1400.71	926.742
1401.61	949.218
1402.52	892.805
1403.42	902.654
1404.32	878.826
1405.22	907.733
1406.12	882.043
1407.02	899.566
1407.92	889.479
1408.82	881.449
1409.72	919.396
1410.62	916.267
1411.52	870.129
1412.42	907.969
1413.32	895.117
1414.21	936.57
1415.11	915.016
1416.01	926.805
1416.91	972.857
1417.81	970.403
1418.71	1008.96
1419.6	1010.6
1420.5	1071.39
1421.4	1087.68
1422.29	1117.39
1423.19	1161.34
1424.09	1199.44
1424.98	1238.32
1425.88	1330.28
1426.77	1390.77
1427.67	1450.32
1428.56	1538.45
1429.46	1731.2
1430.35	1818.62
1431.25	1960.38
1432.14	2050.14
1433.04	2168.72
1433.93	2252.51
1434.82	2294.73
1435.72	2280.97
1436.61	2306.34
1437.5	2408.07
1438.39	2493.71
1439.29	2513.49
1440.18	2619.08
1441.07	2753.18
1441.96	2888.11
1442.85	3033.6
1443.75	3066.53
1444.64	3205.28
1445.53	3310.33
1446.42	3412.02
1447.31	3540.62
1448.2	3510.36
1449.09	3474.55
1449.98	3517.91
1450.87	3387.05
1451.76	3379.49
1452.65	3314.85
1453.54	3275.07
1454.43	3143.37
1455.31	3079.1
1456.2	3050
1457.09	2922.34
1457.98	2798.42
1458.87	2713.45
1459.75	2632.27
1460.64	2541.9
1461.53	2509.33
1462.41	2479.37
1463.3	2496.18
1464.19	2538.96
1465.07	2556.86
1465.96	2622.47
1466.85	2669.01
1467.73	2636.73
1468.61	2606.53
1469.5	2500.98
1470.38	2398.61
1471.27	2398.28
1472.15	2350.3
1473.04	2379.79
1473.92	2489.6
1474.8	2425.35
1475.69	2484.4
1476.57	2475.69
1477.45	2425.63
1478.34	2430.4
1479.22	2374.16
1480.1	2269.07
1480.98	2241.15
1481.86	2221.15
1482.75	2210.06
1483.63	2147.94
1484.51	2122.69
1485.39	1921.39
1486.27	1786.75
1487.15	1577.14
1488.03	1368.8
1488.91	1192.42
1489.79	1087.53
1490.67	1001.79
1491.55	921.767
1492.43	887.196
1493.31	811.224
1494.19	769.203
1495.07	697.427
1495.94	735.556
1496.82	703.327
1497.7	674.92
1498.58	585.938
1499.45	595.97
1500.33	588.7
1501.21	567.085
1502.09	548.408
1502.96	557.542
1503.84	557.12
1504.72	551.923
1505.59	528.578
1506.47	502.382
1507.34	496.22
1508.22	508.158
1509.09	476.341
1509.97	501.663
1510.84	483.311
1511.72	469.769
1512.59	450.551
1513.46	463.565
1514.34	432.891
1515.21	443.863
1516.08	411.247
1516.96	440.102
1517.83	448.137
1518.7	383.57
1519.57	415.265
1520.45	392.353
1521.32	395.871
1522.19	395.684
1523.06	400.256
1523.93	349.418
1524.8	358.75
1525.67	381.201
1526.54	351.006
1527.41	350.828
1528.28	389.084
1529.16	347.623
1530.02	359.65
1530.89	359.547
1531.76	354.823
1532.63	354.829
1533.5	334.251
1534.37	323.03
1535.24	323.964
1536.11	366.075
1536.97	312.667
1537.84	353.83
1538.71	336.049
1539.57	321.129
1540.44	322.18
1541.31	333.584
1542.18	324.401
1543.04	348.96
1543.91	323.775
1544.77	321.037
1545.64	308.858
1546.5	335.121
1547.37	283.528
1548.24	323.955
1549.1	319.45
1549.96	310.356
1550.83	289.098
1551.69	291.367
1552.56	307.753
1553.42	297.665
1554.28	289.36
1555.15	298.937
1556.01	303.792
1556.87	343.693
1557.73	282.497
1558.6	295.156
1559.46	278.479
1560.32	259.836
1561.18	281.96
1562.04	300.232
1562.9	295.625
1563.77	328.122
1564.63	314.021
1565.49	292.35
1566.35	309.823
1567.21	311.158
1568.07	357.459
1568.93	320.582
1569.79	319.039
1570.64	328.953
1571.5	353.232
1572.36	363.103
1573.22	338.38
1574.08	371.354
1574.94	398.643
1575.8	420.236
1576.65	463.111
1577.51	514.748
1578.37	560.64
1579.22	646.192
1580.08	717.297
1580.94	794.283
1581.79	849.121
1582.65	850.779
1583.51	772.935
1584.36	746.481
1585.22	668.437
1586.07	594.101
1586.93	517.641
1587.78	508.266
1588.63	494.93
1589.49	512.746
1590.34	516.843
1591.2	565.755
1592.05	593.103
1592.9	629.156
1593.76	715.929
1594.61	764.7
1595.46	907.325
1596.32	1017.05
1597.17	1139.8
1598.02	1344.93
1598.87	1551.25
1599.72	1680.26
1600.58	1809.97
1601.43	1858.02
1602.28	1830.24
1603.13	1646.56
1603.98	1475.58
1604.83	1329.2
1605.68	1168.42
1606.53	958.115
1607.38	864.258
1608.23	746.059
1609.08	676.666
1609.93	617.921
1610.77	585.432
1611.62	530.456
1612.47	530.106
1613.32	489.874
1614.17	466.321
1615.01	431.187
1615.86	433.094
1616.71	375.634
1617.55	368.737
1618.4	373.44
1619.25	345.026
1620.09	386.519
1620.94	378.448
1621.79	377.2
1622.63	327.557
1623.48	340.967
1624.32	362.159
1625.17	363.051
1626.01	370.735
1626.86	395.835
1627.7	390.934
1628.54	352.175
1629.39	375.29
1630.23	395.457
1631.07	370.162
1631.92	385.403
1632.76	412.181
1633.6	404.213
1634.45	428.08
1635.29	413.431
1636.13	450.821
1636.97	452.59
1637.81	440.89
1638.66	491.71
1639.5	467.516
1640.34	465.48
1641.18	508.668
1642.02	512.516
1642.86	502.958
1643.7	506.877
1644.54	506.941
1645.38	485.829
1646.22	488.718
1647.06	510.817
1647.89	527.16
1648.73	507.996
1649.57	504.294
1650.41	504.543
1651.25	492.363
1652.09	521.629
1652.92	487.288
1653.76	508.746
1654.6	508.879
1655.43	479.993
1656.27	500.294
1657.11	512.006
1657.94	504.568
1658.78	512.725
1659.62	487.133
1660.45	468.256
1661.29	504.466
1662.12	490.188
1662.96	450.59
1663.79	472.997
1664.62	455.705
1665.46	469.557
1666.29	444.707
1667.13	435.458
1667.96	427.206
1668.79	432.569
1669.63	431.081
1670.46	415.875
1671.29	389.847
1672.12	362.757
1672.96	378.63
1673.79	350.463
1674.62	371.216
1675.45	347.936
1676.28	352.113
1677.11	345.555
1677.95	338.034
1678.78	351.143
1679.61	323.912
1680.44	354.651
1681.27	330.206
1682.1	348.044
1682.93	336.324
1683.75	333.494
1684.58	360.281
1685.41	372.346
1686.24	341.023
1687.07	335.345
1687.9	345.461
1688.73	347.663
1689.55	358.755
1690.38	367.858
1691.21	353.167
1692.04	357.236
1692.86	329.544
1693.69	371.144
1694.52	379.047
1695.34	357.269
1696.17	408.867
1696.99	397.165
1697.82	419.241
1698.64	401.683
1699.47	453.579
1700.29	433.931
1701.12	436.03
1701.94	446.977
1702.77	500.565
1703.59	490.522
1704.41	525.152
1705.24	539.925
1706.06	597.394
1706.88	607.249
1707.71	618.123
1708.53	649.846
1709.35	651.794
1710.17	688.429
1711	717.057
1711.82	759.479
1712.64	783.964
1713.46	823.267
1714.28	902.181
1715.1	868.286
1715.92	921.609
1716.74	984.868
1717.56	982.727
1718.38	1087.22
1719.2	1101.35
1720.02	1126.08
1720.84	1201.97
1721.66	1241.41
1722.48	1296.91
1723.3	1366.61
1724.11	1411.99
1724.93	1414.08
1725.75	1465.15
1726.57	1523.58
1727.39	1551.94
1728.2	1602.58
1729.02	1586.34
1729.84	1592.94
1730.65	1652.8
1731.47	1613.82
1732.29	1651.32
1733.1	1609.31
1733.92	1618.04
1734.73	1607.04
1735.55	1592.14
1736.36	1537.34
1737.18	1492.51
1737.99	1449.74
1738.81	1372.86
1739.62	1346.62
1740.43	1302.77
1741.25	1257.97
1742.06	1171.51
1742.87	1138.69
1743.69	1055.54
1744.5	1010.36
1745.31	924.519
1746.13	869.779
1746.94	802.527
1747.75	716.025
1748.56	681.926
1749.37	612.093
1750.18	572.307
1750.99	589.602
1751.81	534.331
1752.61	482.947
1753.42	491.535
1754.24	420.912
1755.04	423.788
1755.85	396.726
1756.66	378.341
1757.47	354.108
1758.28	362.657
1759.09	337.379
1759.9	350.704
1760.71	302.358
1761.52	333.136
1762.32	289.764
1763.13	313.896
1763.94	276.351
1764.74	266.742
1765.55	261.936
1766.36	272.554
1767.17	275.485
1767.97	230.246
1768.78	248.681
1769.58	256.538
1770.39	222.882
1771.19	246.168
1772	254.952
1772.8	207.675
1773.61	206.774
1774.41	256.16
1775.22	216.608
1776.02	204.125
1776.83	195.504
1777.63	180.1
1778.43	215.058
1779.23	196.769
1780.04	189.153
1780.84	192.228
1781.64	211.836
1782.44	211.071
1783.25	214.189
1784.05	189.064
1784.85	229.161
1785.65	233.233
1786.45	216.823
1787.25	211.134
1788.05	190.789
1788.86	206.584
1789.65	176.422
1790.46	196.13
1791.25	180.595
1792.05	186.595
1792.85	185.739
1793.65	206.478
1794.45	197.816
1795.25	159.689
1796.05	169.707
1796.85	167.941
1797.64	177.997
1798.44	189.044
1799.24	186.261
1800.04	213.088
1800.83	193.459
1801.63	204.459
1802.43	186.766
1803.22	185.887
1804.02	169.155
1804.82	176.188
1805.61	178.26
1806.41	184.294
1807.2	194.298
1808	217.216
1808.79	165.699
1809.59	181.697
1810.38	204.676
1811.18	225.686
1811.97	186.996
1812.76	178.096
1813.56	198.01
1814.35	188.045
1815.14	183.051
1815.94	193
1816.73	194.038
1817.52	171.234
1818.31	182.279
1819.1	149.505
1819.9	187.412
1820.69	168.502
1821.48	165.501
1822.27	197.341
1823.06	189.348
1823.85	172.411
1824.64	197.289
1825.43	182.348
1826.22	165.409
1827.01	171.344
1827.8	216.056
1828.59	185.2
1829.38	198.112
1830.17	197.121
1830.96	153.389
1831.74	205.052
1832.53	169.232
1833.32	157.245
1834.11	180.975
1834.89	161.03
1835.68	167.869
1836.47	163.808
1837.26	140.952
1838.04	177.477
1838.83	186.277
1839.61	169.367
1840.4	191.954
1841.19	167.139
1841.97	166.991
1842.76	164.874
1843.54	152.939
1844.33	207.894
1845.11	148.848
1845.89	147.826
1846.68	180.199
1847.46	145.799
1848.25	172.252
1849.03	154.538
1849.81	161.35
1850.6	176.007
1851.38	166.17
1852.16	167.12
1852.94	166.104
1853.72	185.631
1854.51	184.571
1855.29	181.538
1856.07	178.496
1856.85	180.334
1857.63	161.675
1858.41	172.3
1859.19	156.605
1859.97	172.11
1860.75	137.969
1861.53	208.016
1862.31	177.829
1863.09	179.775
1863.87	165.178
1864.65	173.915
1865.43	162.195
1866.21	158.228
1866.99	153.27
1867.76	182.274
1868.54	177.302
1869.32	152.01
1870.1	162.621
1870.87	182.949
1871.65	164.556
1872.43	152.955
1873.2	175.253
1873.98	147.168
1874.76	153.943
1875.53	159.748
1876.31	170.407
1877.08	147.197
1877.86	159.841
1878.63	184.131
1879.41	138.648
1880.18	167.776
1880.96	154.236
1881.73	157.165
1882.5	163.005
1883.28	141.706
1884.05	181.521
1884.82	166.068
1885.6	178.754
1886.37	162.318
1887.14	156.544
1887.91	166.299
1888.68	161.487
1889.46	158.626
1890.23	188.828
1891	169.498
1891.77	167.694
1892.54	176.636
1893.31	158.323
1894.08	151.696
1894.85	159.701
1895.62	172.58
1896.39	155.087
1897.16	170.81
1897.93	168.873
1898.7	178.671
1899.47	186.531
1900.24	156.254
1901.01	196.552
1901.77	172.232
1902.54	165.559
1903.31	161.809
1904.08	170.814
1904.84	150.281
1905.61	186.821
1906.38	166.245
1907.14	150.573
1907.91	147.711
1908.68	189.259
1909.44	142.004
1910.21	169.793
1910.97	194.67
1911.74	188.916
1912.51	180.182
1913.27	167.463
1914.03	159.674
1914.8	169.731
1915.56	154.95
1916.33	175.917
1917.09	187.939
1917.85	147.241
1918.62	176.15
1919.38	172.23
1920.14	150.395
1920.9	212.201
1921.67	173.473
1922.43	178.595
1923.19	157.814
1923.95	167.97
1924.71	170.147
1925.47	167.304
1926.24	202.459
1927	170.509
1927.76	167.547
1928.52	199.611
1929.28	153.543
1930.04	171.561
1930.8	196.581
1931.56	164.539
1932.32	184.567
1933.08	172.582
1933.83	165.626
1934.59	192.742
1935.35	178.807
1936.11	180.885
1936.87	179.92
1937.62	147.836
1938.38	150.803
1939.14	181.79
1939.89	198.74
1940.65	187.684
1941.41	173.661
1942.16	180.667
1942.92	167.655
1943.68	195.627
1944.43	202.539
1945.19	173.437
1945.94	202.246
1946.7	190.112
1947.45	168.046
1948.21	171.919
1948.96	183.767
1949.71	193.629
1950.47	155.777
1951.22	160.696
1951.98	164.621
1952.73	167.545
1953.48	188.317
1954.23	178.287
1954.99	181.119
1955.74	150.252
1956.49	187.668
1957.24	181.546
1957.99	174.48
1958.75	170.424
1959.5	174.294
1960.25	190.988
1961	189.932
1961.75	179.99
1962.5	167.079
1963.25	169.893
1964	206.08
1964.75	193.16
1965.5	168.507
1966.25	198.741
1967	200.523
1967.74	189.559
1968.49	184.445
1969.24	196.873
1969.99	184.933
1970.74	178.89
1971.48	155.417
1972.23	214.556
1972.98	190.214
1973.73	188.225
1974.47	198.826
1975.22	175.453
1975.96	192.748
1976.71	179.023
1977.46	157.582
1978.2	212.472
1978.95	178.548
1979.69	189.069
1980.44	186.134
1981.18	189.014
1981.93	171.662
1982.67	182.239
1983.41	184.1
1984.16	183.023
1984.9	157.865
1985.64	175.961
1986.39	168.111
1987.13	190.972
1987.87	163.059
1988.61	160.107
1989.36	201.207
1990.1	180.108
1990.84	203.981
1991.58	201.067
1992.32	185.731
1993.06	170.415
1993.81	165.638
1994.55	180.961
1995.29	180.073
1996.03	162
1996.77	178.376
1997.51	177.54
1998.24	171.903
1998.98	189.244
1999.72	189.32
2000.46	186.503
2001.2	180.803
2001.94	172.229
2002.68	183.816
2003.41	153.185
2004.15	159.035
2004.89	162.01
2005.63	191.9
2006.36	185.258
2007.1	160.324
2007.84	156.543
2008.57	170.096
2009.31	160.564
2010.05	184.776
2010.78	155.036
2011.52	168.7
2012.25	167.897
2012.99	177.718
2013.72	180.758
2014.46	186.683
2015.19	162.575
2015.92	202.391
2016.66	151.14
2017.39	194.921
2018.13	180.552
2018.86	170.072
2019.59	168.342
2020.32	171.479
2021.06	173.638
2021.79	165.234
2022.52	167.802
2023.25	167.765
2023.98	166.32
2024.72	157.354
2025.45	169.439
2026.18	175.026
2026.91	176.737
2027.64	151.267
2028.37	163.325
2029.1	178.472
2029.83	169.099
2030.56	183.396
2031.29	175.852
2032.02	190.849
2032.75	181.209
2033.47	185.612
2034.2	173.907
2034.93	171.371
2035.66	162.463
2036.39	171.86
2037.11	207.824
2037.84	171.87
2038.57	183.519
2039.3	162.179
2040.02	184.87
2040.75	185.522
2041.47	198.751
2042.2	159.15
2042.93	182.544
2043.65	177.165
2044.38	178.917
2045.1	180.637
2045.83	176.248
2046.55	180.396
2047.28	187.888
2048	183.374
2048.73	159.085
2049.45	172.003
2050.17	179.901
2050.9	183.548
2051.62	194.616
2052.34	177.168
2053.07	165.428
2053.79	173.518
2054.51	190.233
2055.23	204.996
2055.95	181.068
2056.68	175.891
2057.4	174.425
2058.12	185.326
2058.84	199.836
2059.56	185.019
2060.28	202.652
2061	186.576
2061.72	185.861
2062.44	185.88
2063.16	184.307
2063.88	180.169
2064.6	184.766
2065.32	182.493
2066.03	196.148
2066.75	195.386
2067.47	177.857
2068.19	185.336
2068.91	187.406
2069.62	183.39
2070.34	190.062
2071.06	197.5
2071.77	207.873
2072.49	204.532
2073.21	196.447
2073.92	195.782
2074.64	183.177
2075.36	179.795
2076.07	185.257
2076.79	182.89
2077.5	194.912
2078.22	181.562
2078.93	180.557
2079.64	180.424
2080.36	182.105
2081.07	183.954
2081.79	198.056
2082.5	202.726
2083.21	198.48
2083.93	198.966
2084.64	184.948
2085.35	201.716
2086.07	197.68
2086.78	165.058
2087.49	198.41
2088.2	177.758
2088.91	195.676
2089.62	189.091
2090.33	203.948
2091.04	206.349
2091.76	177.109
2092.47	171.46
2093.18	199.538
2093.89	190.255
2094.6	175.314
2095.3	208.359
2096.01	209.85
2096.72	204.235
2097.43	189.444
2098.14	187.49
2098.85	196.554
2099.56	184.752
2100.09	157.926
2100.87	187.524
2101.65	195.371
2102.43	182.468
2103.21	196.231
2103.99	179.346
2104.77	191.052
2105.55	184.955
2106.32	186.721
2107.1	201.272
2107.88	204.041
2108.66	199.011
2109.44	192.081
2110.22	194.021
2110.99	200.861
2111.77	177.225
2112.55	220.214
2113.33	182.756
2114.1	201.123
2114.88	219.487
2115.66	210.557
2116.43	197.807
2117.21	232.943
2117.99	217.329
2118.76	206.572
2119.54	193.83
2120.31	224.968
2121.09	219.986
2121.86	191.62
2122.64	193.49
2123.41	230.435
2124.19	190.451
2124.96	201.129
2125.74	190.417
2126.51	191.422
2127.28	203.169
2128.06	194.47
2128.83	237.417
2129.61	210.159
2130.38	185.794
2131.15	215.048
2131.92	218.957
2132.7	195.576
2133.47	181.955
2134.24	230.783
2135.01	196.67
2135.78	224.038
2136.55	181.116
2137.33	193.853
2138.1	203.684
2138.87	185.202
2139.64	211.712
2140.41	203.051
2141.18	207.133
2141.95	202.414
2142.72	231.058
2143.49	202.765
2144.26	192.09
2145.03	228.588
2145.8	213.939
2146.57	197.315
2147.33	184.64
2148.1	183.811
2148.87	207.682
2149.64	215.788
2150.41	177.395
2151.17	168.607
2151.94	180.591
2152.71	179.708
2153.48	188.762
2154.24	183.96
2155.01	174.202
2155.78	193.283
2156.54	191.487
2157.31	204.628
2158.08	176.867
2158.84	169.013
2159.61	185.11
2160.37	192.205
2161.14	191.286
2161.9	182.358
2162.67	198.474
2163.43	179.577
2164.2	195.796
2164.96	205.053
2165.72	197.244
2166.49	187.38
2167.25	200.623
2168.01	172.505
2168.78	196.758
2169.54	207.905
2170.3	187.801
2171.07	202.037
2171.83	191.072
2172.59	184.157
2173.35	218.73
2174.11	183.434
2174.88	185.55
2175.64	198.772
2176.4	177.493
2177.16	180.628
2177.92	192.908
2178.68	192.039
2179.44	201.353
2180.2	175.156
2180.96	211.935
2181.72	200.956
2182.48	198.081
2183.24	204.337
2184	242.123
2184.76	222.892
2185.52	211.789
2186.28	212.898
2187.04	207.903
2187.79	224.298
2188.55	241.721
2189.31	230.636
2190.07	252.141
2190.83	235.956
2191.58	228.934
2192.34	239.224
2193.1	220.971
2193.85	238.352
2194.61	211.891
2195.37	234.276
2196.12	223.029
2196.88	233.133
2197.63	260.508
2198.39	209.69
2199.15	225.961
2199.9	239.216
2200.66	224.059
2201.41	231.215
2202.16	242.385
2202.92	211.923
2203.67	238.223
2204.43	226.008
2205.18	236.11
2205.93	227.028
2206.69	198.768
2207.44	223.158
2208.19	209.087
2208.95	196.002
2209.7	240.558
2210.45	231.445
2211.2	197.048
2211.95	221.283
2212.71	229.339
2213.46	208.119
2214.21	227.27
2214.96	204.042
2215.71	219.116
2216.46	248.246
2217.21	242.095
2217.96	207.791
2218.71	247.852
2219.46	218.622
2220.21	220.54
2220.96	218.483
2221.71	211.459
2222.46	213.469
2223.21	234.489
2223.96	219.465
2224.71	263.392
2225.46	247.303
2226.21	257.173
2226.95	250.091
2227.7	279.914
2228.45	265.91
2229.2	274.832
2229.94	319.572
2230.69	341.397
2231.44	372.149
2232.18	394.919
2232.93	394.813
2233.68	420.488
2234.42	474.862
2235.17	472.625
2235.92	447.602
2236.66	484.01
2237.41	468.986
2238.15	444.147
2238.9	448.033
2239.64	451.93
2240.38	428.16
2241.13	413.276
2241.87	338.179
2242.62	361.794
2243.36	323.26
2244.1	316.304
2244.85	314.283
2245.59	288.634
2246.33	295.498
2247.08	247.257
2247.82	272.829
2248.56	273.785
2249.3	263.91
2250.05	213.758
2250.79	241.206
2251.53	235.276
2252.27	246.048
2253.01	264.687
2253.75	242.19
2254.49	222.667
2255.23	229.624
2255.97	240.51
2256.71	263.153
2257.45	227.937
2258.19	241.707
2258.93	251.524
2259.67	241.731
2260.41	204.535
2261.15	217.312
2261.89	223.277
2262.63	225.371
2263.36	212.805
2264.1	194.361
2264.84	231.786
2265.58	218.212
2266.32	214.411
2267.05	212.543
2267.79	233.218
2268.53	212.679
2269.26	224.515
2270	233.422
2270.74	223.719
2271.48	225.817
2272.21	223.037
2272.95	221.262
2273.68	218.519
2274.42	211.848
2275.15	256.326
2275.89	228
2276.62	230.155
2277.36	211.601
2278.09	217.654
2278.83	234.539
2279.56	243.533
2280.29	236.748
2281.03	215.169
2281.76	241.92
2282.49	244.036
2283.23	240.26
2283.96	248.363
2284.69	235.752
2285.42	236.975
2286.16	214.435
2286.89	249.247
2287.62	217.707
2288.35	212.868
2289.08	239.721
2289.81	248.783
2290.55	226.183
2291.28	235.335
2292.01	225.673
2292.74	236.87
2293.47	241.122
2294.2	239.389
2294.93	228.659
2295.66	214.89
2296.39	216.022
2297.11	213.145
2297.85	232.19
2298.57	239.297
2299.3	247.444
2300.03	244.663
2300.76	219.939
2301.49	224.159
2302.22	245.362
2302.94	230.549
2303.67	216.704
2304.4	242.883
2305.12	261.087
2305.85	249.276
2306.58	272.556
2307.31	230.662
2308.03	252.936
2308.76	262.151
2309.48	255.278
2310.21	266.473
2310.93	224.423
2311.66	215.535
2312.38	225.764
2313.11	201.804
2313.83	241.236
2314.56	247.451
2315.28	218.387
2316.01	247.731
2316.73	233.755
2317.45	250.029
2318.18	236.08
2318.9	228.185
2319.62	222.299
2320.35	246.684
2321.07	255.917
2321.79	236.858
2322.52	223.851
2323.24	232.065
2323.96	240.294
2324.68	208.089
2325.4	214.294
2326.12	196.212
2326.84	174.064
2327.56	197.437
2328.29	180.337
2329.01	174.376
2329.73	162.351
2330.45	176.658
2331.17	193.003
2331.89	196.174
2332.61	230.746
2333.32	230.842
2334.04	211.666
2334.76	244.177
2335.48	225.008
2336.2	227.139
2336.92	243.48
2337.64	240.57
2338.35	209.257
2339.07	229.655
2339.79	206.426
2340.51	230.872
2341.23	217.794
2341.94	216.914
2342.66	232.304
2343.37	205.058
2344.09	236.718
2344.81	203.31
2345.52	217.619
2346.24	222.731
2346.95	221.716
2347.67	245.068
2348.38	219.721
2349.1	217.776
2349.82	245.321
2350.53	239.405
2351.24	205.038
2351.96	217.38
2352.67	229.687
2353.39	229.756
2354.1	226.747
2354.81	228.81
2355.53	187.2
2356.24	231.948
2356.95	239.132
2357.66	232.118
2358.38	212.929
2359.09	235.401
2359.8	223.344
2360.51	227.561
2361.22	222.645
2361.94	246.231
2362.65	235.237
2363.36	264.971
2364.07	225.417
2364.78	231.671
2365.49	261.337
2366.2	245.097
2366.91	271.647
2367.62	231.954
2368.33	221.832
2369.04	191.35
2369.75	243.416
2370.46	260.845
2371.16	216.103
2371.87	227.408
2372.58	247.886
2373.29	251.041
2374	256.242
2374.71	237.997
2375.41	235.041
2376.12	223.922
2376.83	265.828
2377.53	245.539
2378.24	249.737
2378.95	254.97
2379.65	254.085
2380.36	241.96
2381.07	264.513
2381.77	231.933
2382.48	235.073
2383.18	259.67
2383.89	240.417
2384.59	280.428
2385.3	274.513
2386	280.844
2386.71	244.175
2387.41	210.508
2388.12	242.239
2388.82	291.303
2389.52	259.637
2390.23	260.712
2390.93	242.418
2391.63	298.725
2392.34	265.115
2393.04	251.909
2393.74	257.067
2394.44	259.151
2395.15	270.449
2395.85	261.361
2396.55	273.763
2397.25	256.546
2397.95	259.745
2398.65	264.943
2399.35	272.131
2400.05	251.69
2400.75	299.671
2401.45	264.945
2402.15	267.013
2402.85	305.856
2403.55	245.756
2404.25	248.947
2404.95	279.719
2405.65	276.802
2406.35	292.256
2407.05	270.921
2407.75	255.7
2408.44	270.108
2409.14	303.942
2409.84	317.355
2410.54	296.018
2411.24	274.658
2411.93	283.937
2412.63	299.311
2413.33	255.383
2414.02	252.324
2414.72	271.727
2415.42	295.205
2416.11	256.436
2416.81	274.832
2417.5	303.441
2418.2	311.671
2418.9	268.924
2419.59	251.68
2420.28	264.001
2420.98	268.126
2421.67	286.481
2422.37	257.913
2423.06	303.724
2423.75	255.859
2424.45	302.75
2425.14	255.019
2425.84	275.552
2426.53	278.797
2427.22	247.369
2427.91	275.02
2428.61	295.483
2429.3	294.471
2429.99	272.013
2430.68	274.993
2431.37	260.655
2432.07	269.717
2432.76	289.964
2433.45	277.745
2434.14	266.604
2434.83	265.662
2435.52	272.866
2436.21	290.215
2436.9	285.196
2437.59	260.848
2438.28	286.171
2438.97	279.006
2439.66	287.047
2440.35	280.932
2441.04	275.867
2441.72	253.631
2442.41	273.9
2443.1	303.251
2443.79	282.013
2444.48	261.787
2445.16	311.277
2445.85	301.169
2446.54	268.893
2447.23	290.157
2447.91	268.024
2448.6	270.114
2449.29	276.226
2449.97	293.42
2450.66	258.135
2451.34	301.549
2452.03	298.574
2452.72	301.669
2453.4	282.583
2454.09	305.832
2454.77	269.552
2455.46	301.773
2456.14	321.836
2456.82	276.45
2457.51	254.273
2458.19	308.569
2458.88	315.647
2459.56	312.723
2460.24	284.694
2460.92	314.992
2461.61	307.08
2462.29	305.188
2462.97	302.272
2463.66	286.252
2464.34	309.43
2465.02	299.382
2465.7	301.374
2466.38	327.462
2467.06	293.279
2467.75	286.251
2468.42	293.315
2469.11	298.412
2469.79	338.681
2470.47	301.683
2471.15	320.915
2471.83	337.132
2472.51	324.193
2473.19	295.146
2473.86	294.202
2474.54	308.311
2475.22	293.296
2475.9	319.474
2476.58	274.385
2477.26	288.576
2477.94	293.758
2478.61	285.884
2479.29	286.042
2479.97	300.257
2480.65	317.472
2481.32	334.674
2482	290.521
2482.68	290.629
2483.35	276.662
2484.03	277.786
2484.71	310.092
2485.38	336.336
2486.06	313.243
2486.73	272.032
2487.41	290.179
2488.08	288.231
2488.76	295.371
2489.43	295.511
2490.11	310.776
2490.78	309.962
2491.45	283.967
2492.13	302.268
2492.8	314.514
2493.48	259.219
2494.15	296.647
2494.82	327.046
2495.49	299.995
2496.17	309.286
2496.84	325.683
2497.51	298.659
2498.18	298.883
2498.86	294.009
2499.53	314.37
2500.2	295.243
2500.87	322.633
2501.54	309.584
2502.21	314.794
2502.88	307.92
2503.55	317.287
2504.22	323.633
2504.89	359.368
2505.56	300.724
2506.23	362.759
2506.9	316.198
2507.57	321.398
2508.24	322.573
2508.91	308.55
2509.58	316.885
2510.25	291.66
2510.91	337.562
2511.58	311.245
2512.25	366.267
2512.92	336.888
2513.59	336.014
2514.25	331.101
2514.92	334.349
2515.59	338.622
2516.25	341.862
2516.92	328.775
2517.59	328.906
2518.25	322.903
2518.92	337.278
2519.58	320.056
2520.25	343.629
2520.91	308.09
2521.58	339.895
2522.24	310.521
2522.91	336.29
2523.57	335.532
2524.24	348.058
2524.9	312.496
2525.56	334.194
2526.23	344.628
2526.89	332.524
2527.55	339.867
2528.22	346.173
2528.88	312.479
2529.54	352.548
2530.21	341.342
2530.87	339.356
2531.53	332.271
2532.19	343.691
2532.85	352.111
2533.51	364.7
2534.18	312.629
2534.84	313.894
2535.5	345.932
2536.16	349.115
2536.82	359.415
2537.48	328.573
2538.14	357.319
2538.8	368.638
2539.46	313.284
2540.12	336.03
2540.78	323.907
2541.44	354.972
2542.09	363.435
2542.75	354.382
2543.41	345.27
2544.07	358.733
2544.73	362.862
2545.39	374.126
2546.04	340.11
2546.7	382.146
2547.36	367.692
2548.02	364.593
2548.67	388.24
2549.33	345.227
2549.98	375.116
2550.64	397.836
2551.3	378.463
2551.95	371.406
2552.61	369.484
2553.26	397.355
2553.92	435.494
2554.57	368.804
2555.23	394.521
2555.88	428.375
2556.54	391.322
2557.19	402.496
2557.85	362.409
2558.5	395.162
2559.15	421.804
2559.81	462.839
2560.46	437.321
2561.11	413.861
2561.77	452.88
2562.42	439.598
2563.07	409.871
2563.72	446.655
2564.37	471.092
2565.03	440.286
2565.68	448.404
2566.33	451.486
2566.98	439.313
2567.63	448.652
2568.28	440.609
2568.93	444.781
2569.58	448.877
2570.23	439.622
2570.88	458.957
2571.53	468.102
2572.18	470.178
2572.83	475.38
2573.48	479.596
2574.13	475.63
2574.78	448.135
2575.43	470.627
2576.07	447.135
2576.72	461.401
2577.37	454.237
2578.02	472.587
2578.67	458.293
2579.31	416.46
2579.96	467.362
2580.61	469.292
2581.26	410.117
2581.9	467.036
2582.55	439.529
2583.19	461.96
2583.84	477.344
2584.49	437.825
2585.13	477.664
2585.78	465.537
2586.42	409.56
2587.07	465.407
2587.71	421.514
2588.36	447.732
2589	448.56
2589.65	424.082
2590.29	456.473
2590.93	452.419
2591.58	472.753
2592.22	456.641
2592.86	464.895
2593.51	458.986
2594.15	449.037
2594.79	453.298
2595.43	481.911
2596.07	461.777
2596.72	485.242
2597.36	480.219
2598	475.14
2598.64	439.59
2599.28	453.764
2599.92	466.946
2600.56	449.756
2601.2	472.165
2601.85	441.869
2602.49	476.481
2603.13	466.439
2603.76	451.287
2604.4	418.868
2605.04	474.669
2605.68	445.298
2606.32	481.843
2606.96	440.328
2607.6	477.862
2608.24	448.466
2608.88	496.044
2609.51	467.63
2610.15	452.42
2610.79	431.199
2611.43	476.867
2612.06	430.475
2612.7	468.177
2613.34	444.105
2613.97	424.059
2614.61	466.849
2615.25	468.046
2615.88	446.906
2616.52	444.019
2617.15	433.02
2617.79	448.423
2618.42	467.907
2619.06	457.947
2619.69	445.938
2620.33	456.254
2620.96	409.631
2621.6	464.61
2622.23	429.128
2622.86	428.211
2623.5	416.139
2624.13	437.644
2624.76	426.638
2625.4	440.041
2626.03	390.351
2626.66	452.55
2627.29	457.75
2627.93	426.311
2628.56	443.737
2629.19	433.713
2629.82	437.97
2630.45	455.486
2631.08	432.256
2631.71	432.435
2632.34	407.111
2632.98	417.452
2633.61	467.573
2634.24	453.487
2634.87	443.512
2635.5	462.135
2636.12	471.587
2636.75	452.43
2637.38	441.416
2638.01	439.575
2638.64	478.618
2639.27	509.472
2639.9	484.048
2640.53	485.19
2641.15	471.987
2641.78	461.843
2642.41	457.845
2643.04	496.847
2643.66	472.448
2644.29	463.427
2644.92	488.206
2645.54	491.483
2646.17	473.216
2646.8	463.099
2647.42	463.19
2648.05	468.38
2648.67	486.883
2649.3	491.058
2649.92	473.75
2650.55	457.502
2651.17	506.882
2651.8	505.064
2652.42	528.907
2653.05	484.021
2653.67	487.32
2654.29	489.554
2654.92	492.768
2655.54	506.21
2656.16	493.964
2656.79	515.607
2657.41	522.55
2658.03	524.195
2658.65	547.126
2659.27	539.525
2659.9	537.38
2660.52	551.068
2661.14	563.594
2661.76	537.641
2662.38	538.369
2663	528.048
2663.62	558.126
2664.24	551.328
2664.86	530.557
2665.48	556.403
2666.1	575.634
2666.72	534.877
2667.34	545.881
2667.96	550.214
2668.58	573.886
2669.2	548.254
2669.82	596.874
2670.44	549.922
2671.05	560.583
2671.67	591.42
2672.29	598.508
2672.91	613.192
2673.53	603.159
2674.14	608.824
2674.76	603.341
2675.38	615.118
2675.99	615.278
2676.61	636.393
2677.23	678.984
2677.84	680.296
2678.46	725.178
2679.07	747.857
2679.69	780.679
2680.3	818.013
2680.92	859.46
2681.53	894.515
2682.15	941.14
2682.76	973.182
2683.38	991.374
2683.99	1011.82
2684.61	991.193
2685.22	985.291
2685.83	957.689
2686.44	943.649
2687.06	956.975
2687.67	933.713
2688.28	964.555
2688.9	987.487
2689.51	957.661
2690.12	968.801
2690.73	986.524
2691.34	1013.81
2691.96	1039.79
2692.57	1034.6
2693.18	1047.28
2693.79	1063.22
2694.4	1056.46
2695.01	1048.6
2695.62	1056.01
2696.23	1052.64
2696.84	1046.15
2697.45	1060.92
2698.06	1077.76
2698.67	1054.87
2699.28	1088.46
2699.88	1059.22
2700.49	1052.66
2701.1	1060.74
2701.71	1063.69
2702.32	1084.58
2702.93	1093.29
2703.53	1084.1
2704.14	1114.76
2704.75	1113.77
2705.36	1114.34
2705.96	1101.13
2706.57	1127.72
2707.17	1137.16
2707.78	1149.69
2708.39	1155.81
2708.99	1163.51
2709.6	1207.25
2710.2	1226.33
2710.81	1223.17
2711.41	1244.06
2712.02	1271.93
2712.62	1253.32
2713.23	1240.91
2713.83	1269.01
2714.44	1292.99
2715.04	1285.57
2715.64	1346.9
2716.25	1348.18
2716.85	1351.26
2717.45	1368.75
2718.05	1376.85
2718.66	1385.34
2719.26	1423.05
2719.86	1447.32
2720.46	1429.39
2721.06	1461.67
2721.67	1455.55
2722.27	1481.7
2722.87	1480.9
2723.47	1506.04
2724.07	1525.78
2724.67	1544.04
2725.27	1563.35
2725.71	1576.42
2726.38	1573.08
2727.06	1569.51
2727.73	1563.73
2728.4	1610.78
2729.07	1605.01
2729.74	1606.59
2730.42	1591.21
2731.09	1668.61
2731.76	1647.76
2732.43	1645.37
2733.1	1670.5
2733.77	1686.41
2734.44	1682.84
2735.11	1706.5
2735.78	1754.35
2736.45	1712.39
2737.12	1786.26
2737.79	1764.35
2738.46	1794.29
2739.13	1715.52
2739.8	1741.67
2740.47	1708.13
2741.14	1749.12
2741.81	1751.76
2742.47	1691.49
2743.14	1714.66
2743.81	1692.97
2744.48	1697.61
2745.15	1632.83
2745.81	1608.72
2746.48	1612.13
2747.15	1563.61
2747.81	1589.56
2748.48	1618.54
2749.15	1560.66
2749.81	1619.88
2750.48	1572.79
2751.15	1550.07
2751.81	1527.41
2752.48	1515.22
2753.14	1497.25
2753.81	1483.68
2754.47	1407.99
2755.14	1389.33
2755.8	1356.07
2756.47	1339.88
2757.13	1300.97
2757.8	1284.47
2758.46	1275.21
2759.13	1265.12
2759.79	1249.1
2760.45	1257.74
2761.12	1224.41
2761.78	1207.25
2762.44	1217.5
2763.1	1231.68
2763.77	1224.36
2764.43	1224.33
2765.09	1206.12
2765.76	1228.05
2766.42	1249.17
2767.08	1247.86
2767.74	1273.16
2768.4	1276.82
2769.06	1312.13
2769.72	1301.15
2770.38	1336.24
2771.05	1378.49
2771.71	1401.31
2772.37	1442.73
2773.03	1429.88
2773.69	1478.75
2774.35	1552.32
2775.01	1584.68
2775.67	1658
2776.33	1767.13
2776.99	1819.6
2777.64	1887.52
2778.3	1983.34
2778.96	2072.12
2779.62	2129.09
2780.28	2155.1
2780.94	2206.66
2781.59	2227.2
2782.25	2187.01
2782.91	2161.41
2783.57	2192.7
2784.22	2109.02
2784.88	2103.75
2785.54	2079.89
2786.2	2089.7
2786.85	2139.15
2787.51	2074.71
2788.16	2095.49
2788.82	2070.97
2789.48	2095.19
2790.13	2077.76
2790.79	2097.91
2791.44	2184.3
2792.1	2183.12
2792.75	2204.24
2793.41	2235.14
2794.06	2230.53
2794.72	2247.26
2795.37	2294.77
2796.02	2307.34
2796.68	2360.24
2797.33	2363.99
2797.98	2390.64
2798.64	2401.03
2799.29	2471.26
2799.94	2400.63
2800.6	2498.81
2801.25	2549.7
2801.9	2558.39
2802.55	2621.58
2803.21	2619.77
2803.86	2623.95
2804.51	2690.74
2805.16	2702.78
2805.81	2711.69
2806.46	2765.93
2807.11	2761.54
2807.77	2878.62
2808.42	2901.93
2809.07	2971.37
2809.72	2963.4
2810.37	2988.18
2811.02	3084.85
2811.67	3074.82
2812.32	3128.83
2812.97	3215.06
2813.61	3224.54
2814.26	3268.12
2814.91	3325.1
2815.56	3362.46
2816.21	3426.4
2816.86	3476.76
2817.51	3520.72
2818.15	3522.28
2818.8	3602.73
2819.45	3655.26
2820.1	3617.47
2820.74	3708.41
2821.39	3789.62
2822.04	3810.72
2822.69	3901.85
2823.33	4020.5
2823.98	3966.96
2824.63	3966.13
2825.27	4093.14
2825.92	4170.69
2826.56	4238.23
2827.21	4286.82
2827.85	4324.76
2828.5	4321.09
2829.14	4458.34
2829.79	4426.52
2830.43	4518.08
2831.08	4596.45
2831.72	4641.93
2832.37	4632.74
2833.01	4737.23
2833.65	4773.46
2834.3	4737.29
2834.94	4952.51
2835.58	4977.28
2836.23	5096.31
2836.87	5009.85
2837.51	5108.45
2838.16	5237.32
2838.8	5255.99
2839.44	5365.66
2840.08	5524.93
2840.72	5537.19
2841.36	5599.16
2842.01	5756.09
2842.65	5786.33
2843.29	5914.15
2843.93	5984.69
2844.57	6051.36
2845.21	6217.78
2845.85	6323.66
2846.49	6390.73
2847.13	6470.61
2847.77	6603.74
2848.41	6753.06
2849.05	6851.25
2849.69	6878.98
2850.33	6815.92
2850.97	6878.8
2851.61	6866.31
2852.24	6919.11
2852.88	6990.83
2853.52	7160.44
2854.16	7090.42
2854.8	7195.35
2855.43	7231.84
2856.07	7321.24
2856.71	7473.3
2857.35	7491.69
2857.98	7675.32
2858.62	7714.6
2859.26	7952.66
2859.89	8130.5
2860.53	8413.15
2861.16	8604
2861.8	8813.34
2862.44	9143.95
2863.07	9363.39
2863.71	9622.82
2864.34	10091.9
2864.98	10358.9
2865.61	10627.8
2866.25	11053.6
2866.88	11285.3
2867.52	11584.4
2868.15	11930.1
2868.78	12136.1
2869.42	12398.9
2870.05	12564.6
2870.69	12996.7
2871.32	13277.9
2871.95	13465.7
2872.58	13797.6
2873.22	14114.7
2873.85	14315
2874.48	14569.6
2875.11	14841.2
2875.75	14823.8
2876.38	15042.5
2877.01	15036.9
2877.64	14960.9
2878.27	14815.8
2878.9	14636.6
2879.53	14579.9
2880.16	14367
2880.79	14198.6
2881.42	14013.2
2882.05	13823.1
2882.68	13766.3
2883.31	13610.6
2883.94	13583.3
2884.57	13437.8
2885.2	13296.5
2885.83	13096.1
2886.46	13197.1
2887.09	13176.2
2887.72	13212.3
2888.35	13140.8
2888.97	13210.6
2889.6	13162.2
2890.23	13142.6
2890.86	13246.3
2891.49	13262.3
2892.11	13338.2
2892.74	13444.3
2893.37	13418.5
2893.99	13599.4
2894.62	13667.5
2895.25	13757
2895.87	13870.6
2896.5	13960.4
2897.12	14081
2897.75	14249.8
2898.38	14286.4
2899	14367.8
2899.63	14738.3
2900.25	14962.8
2900.88	14898.6
2901.5	15128.9
2902.12	15305.6
2902.75	15399.7
2903.37	15648
2904	15806.2
2904.62	15848.6
2905.25	15749.3
2905.87	16075.9
2906.49	16250.1
2907.11	16349.4
2907.74	16449
2908.36	16475.2
2908.98	16744.9
2909.6	16833.3
2910.23	16945.8
2910.85	17014.3
2911.47	16992.8
2912.09	16904.2
2912.71	17131.9
2913.33	17169.8
2913.96	17163.4
2914.58	17157.8
2915.2	17155.3
2915.82	17070.8
2916.44	17099.1
2917.06	16997.6
2917.68	16844.9
2918.3	16703.4
2918.92	16577.5
2919.54	16542.3
2920.16	16658.6
2920.77	16405.8
2921.39	16554.3
2922.01	16387.5
2922.63	16311.1
2923.25	16348.8
2923.87	16406
2924.48	16325.7
2925.1	16353.2
2925.72	16494.2
2926.34	16584.2
2926.95	16624.5
2927.57	16738.5
2928.19	16893.9
2928.8	17059.2
2929.42	17172.7
2930.04	17460.6
2930.65	17770.7
2931.27	18033.2
2931.89	18455.6
2932.5	18793.3
2933.12	19094.9
2933.73	19532
2934.35	19838.3
2934.96	20347.2
2935.58	20770.7
2936.19	21080.7
2936.81	21221.1
2937.42	21596.7
2938.03	21854
2938.65	21868.8
2939.26	22004.7
2939.88	21852.6
2940.49	21811
2941.1	21352.6
2941.71	21179.4
2942.33	20667.9
2942.94	20188.4
2943.55	19665.2
2944.17	19349.1
2944.78	18869.5
2945.39	18472.9
2946	17888.2
2946.61	17432.7
2947.22	17159.5
2947.83	16817.1
2948.45	16179.7
2949.06	15907.3
2949.67	15592.1
2950.28	15355.4
2950.89	14906.4
2951.5	14612.6
2952.11	14279.1
2952.72	13985.9
2953.33	13666.9
2953.94	13482.5
2954.54	13306.8
2955.15	13106.4
2955.76	12862.1
2956.37	12650
2956.98	12368.6
2957.59	12207.4
2958.2	12022.9
2958.8	11941.7
2959.41	11848.1
2960.02	11735.8
2960.63	11557.9
2961.23	11421.6
2961.84	11264.8
2962.45	11173
2963.05	11044.9
2963.66	10888.7
2964.27	10713.2
2964.87	10635.6
2965.48	10517.5
2966.08	10344.4
2966.69	10227.3
2967.29	10027.4
2967.9	9860.55
2968.5	9668.42
2969.11	9522.02
2969.71	9337.13
2970.32	9204.22
2970.92	9035.01
2971.53	8884.38
2972.13	8730.58
2972.74	8485.94
2973.34	8243.41
2973.94	8175.1
2974.54	8058.84
2975.15	7826.14
2975.75	7687.35
2976.35	7559.52
2976.96	7387.89
2977.56	7329.72
2978.16	7113.58
2978.76	7006.93
2979.36	6742.17
2979.97	6749.46
2980.57	6575.56
2981.17	6433.32
2981.77	6314.97
2982.37	6038.62
2982.97	6018.71
2983.57	5749.25
2984.17	5668.7
2984.77	5541.98
2985.37	5417.61
2985.97	5227.94
2986.57	5201.88
2987.17	5012.13
2987.77	4923.39
2988.37	4812.43
2988.97	4706.82
2989.57	4554.47
2990.17	4490.97
2990.76	4308.66
2991.36	4283.36
2991.96	4145.75
2992.56	4081.09
2993.16	4003.07
2993.75	3858.21
2994.35	3793.83
2994.95	3758.84
2995.54	3699.25
2996.14	3589.92
2996.74	3551.74
2997.33	3459.93
2997.93	3380.77
2998.52	3364.14
2999.12	3292.23
2999.72	3266.26
3000.31	3218.73
3000.91	3136.37
3001.5	3167.65
3002.1	3102.58
3002.69	3129.47
3003.29	3037.28
3003.88	2977.63
3004.47	2980.43
3005.07	2919.99
3005.66	2877.44
3006.26	2745.27
3006.85	2709.76
3007.44	2701.04
3008.04	2621.33
3008.63	2535.99
3009.22	2497.29
3009.81	2447.86
3010.41	2381.79
3011	2329.14
3011.59	2340.39
3012.18	2286.29
3012.77	2265.25
3013.36	2166.23
3013.96	2141.06
3014.55	2159.96
3015.14	2130.63
3015.73	2110.7
3016.32	2081.72
3016.91	2039.45
3017.5	2015.61
3018.09	2035.77
3018.68	1945.47
3019.27	1994.96
3019.86	1901.35
3020.45	1934.56
3021.04	1974.25
3021.63	1907.06
3022.22	1913.06
3022.8	1892.14
3023.39	1921.51
3023.98	1885.71
3024.57	1890.05
3025.16	1902.65
3025.74	1872.99
3026.33	1931.02
3026.92	1912.57
3027.5	1907.35
3028.09	1935
3028.68	1954.34
3029.26	1976.9
3029.85	1942.98
3030.44	1957.88
3031.02	1972.03
3031.61	1955.33
3032.19	2060.46
3032.78	2005.22
3033.37	2075.79
3033.95	2091.35
3034.54	2103.7
3035.12	2090.2
3035.71	2153.27
3036.29	2116.12
3036.87	2133.79
3037.46	2170.07
3038.04	2218.8
3038.63	2205.65
3039.21	2209.28
3039.79	2201.82
3040.38	2251.5
3040.96	2286.78
3041.54	2252.49
3042.12	2220.87
3042.71	2271.61
3043.29	2260.74
3043.87	2292.05
3044.45	2309.85
3045.03	2348.57
3045.62	2315.25
3046.2	2382.74
3046.78	2380.19
3047.36	2474.07
3047.94	2483.01
3048.52	2607.76
3049.1	2709.48
3049.68	2798.55
3050.26	2894.71
3050.84	3078.82
3051.42	3210.07
3052	3339.22
3052.58	3413.48
3053.16	3501.25
3053.74	3687.53
3054.32	3796.46
3054.89	3859.2
3055.47	3890.25
3056.05	3936.08
3056.63	3989.19
3057.21	3992.27
3057.78	4009.33
3058.36	4044.45
3058.94	3981.63
3059.52	3997.38
3060.09	4000.79
3060.67	3982.77
3061.25	3951.68
3061.82	3961.26
3062.4	3954.29
3062.97	4002.02
3063.55	3856.67
3064.13	3834.39
3064.7	3827.64
3065.28	3715.46
3065.85	3683.38
3066.43	3620.47
3067	3550.29
3067.58	3383.46
3068.15	3319.75
3068.72	3186.16
3069.3	3066.86
3069.87	2890.75
3070.45	2792.65
3071.02	2735.4
3071.59	2565.88
3072.17	2456.59
3072.74	2389.68
3073.31	2242.89
3073.89	2115.45
3074.46	2103.66
3075.03	1980.14
3075.6	1942.61
3076.17	1837.14
3076.74	1756.75
3077.32	1711.7
3077.89	1651.18
3078.46	1606.08
3079.03	1505.95
3079.6	1481.15
3080.17	1373.37
3080.74	1381.34
3081.31	1346.8
3081.88	1323.62
3082.45	1244.65
3083.02	1208.12
3083.59	1221.21
3084.16	1161
3084.73	1153.47
3085.3	1076.83
3085.87	1101.41
3086.43	1051.81
3087	996.158
3087.57	1030.38
3088.14	996.531
3088.71	987.413
3089.28	981.298
3089.84	930.682
3090.41	902.715
3090.98	920.139
3091.54	874.607
3092.11	867.267
3092.68	851.67
3093.24	856.691
3093.81	849.328
3094.38	806.922
3094.94	823.318
3095.51	807.779
3096.07	824.2
3096.64	783.92
3097.2	771.452
3097.77	753.836
3098.33	773.35
3098.9	750.694
3099.46	767.256
3100.03	759.133
3100.59	740.693
3101.15	748.996
3101.72	734.56
3102.28	746.858
3102.84	709.661
3103.41	694.089
3103.97	733.095
3104.53	711.327
3105.1	727.651
3105.66	700.748
3106.22	683.135
3106.78	716.998
3107.34	689.156
3107.91	682.944
3108.47	673.666
3109.03	703.502
3109.59	690.19
3110.15	694.434
3110.71	689.485
3111.27	628.978
3111.83	635.339
3112.39	635.441
3112.95	642.634
3113.51	639.427
3114.07	631.024
3114.63	595.887
3115.19	612.264
3115.75	599.905
3116.31	611.259
3116.87	583.525
3117.43	613.37
3117.98	595.83
3118.54	563.84
3119.1	611.014
3119.66	573.874
3120.22	586.122
3120.77	596.359
3121.33	573.75
3121.89	573.766
3122.44	562.46
3123	555.222
3123.56	549.989
3124.11	556.015
3124.67	564.076
3125.23	577.286
3125.78	540.252
3126.34	545.37
3126.89	553.632
3127.45	540.388
3128	509.706
3128.56	551.919
3129.11	523.253
3129.67	533.575
3130.22	522.283
3130.78	538.677
3131.33	518.059
3131.88	499.475
3132.44	545.547
3132.99	505.413
3133.54	552.522
3134.1	548.366
3134.65	542.199
3135.2	521.704
3135.76	500.202
3136.31	543.329
3136.86	513.619
3137.41	517.749
3137.96	535.203
3138.51	486.985
3139.07	566.99
3139.62	515.685
3140.17	510.545
3140.72	515.671
3141.27	494.137
3141.82	529.018
3142.37	529.017
3142.92	499.258
3143.47	516.664
3144.02	484.852
3144.57	495.108
3145.12	507.459
3145.67	494.223
3146.22	481.019
3146.77	489.369
3147.32	516.181
3147.86	484.449
3148.41	521.435
3148.96	512.173
3149.51	498.763