401.058	564.503
402.149	547.97
403.243	552.237
404.332	530.012
405.424	477.607
406.515	433.792
407.606	423.975
408.697	356.837
409.785	291.727
410.876	281.179
411.967	328.763
413.055	271.285
414.143	241.96
415.233	255.625
416.321	272.002
417.409	260.394
418.499	270.196
419.586	260.536
420.673	238.929
421.761	363.535
422.848	354.027
423.935	400.925
425.02	347.246
426.106	336.058
427.193	437.307
428.278	441.675
429.364	456.127
430.45	471.483
431.534	441.843
432.618	450.916
433.704	465.609
434.788	493.258
435.871	486.048
436.955	476.081
438.038	414.62
439.123	428.527
440.204	394.672
441.287	388.485
442.37	372.271
443.452	270.393
444.535	320.536
445.615	255.304
446.698	221.325
447.78	164.159
448.86	166.106
449.939	92.2405
451.021	136.757
452.101	114.691
453.18	37.9233
454.262	81.5884
455.341	47.3542
456.42	-18.4622
457.499	-10.0549
458.578	3.92041
459.654	-8.08862
460.733	27.2456
461.811	-63.7205
462.89	-58.1226
463.966	-60.887
465.044	-32.021
466.12	-87.8245
467.197	-49.6287
468.273	-92.4282
469.349	-94.2363
470.426	-106.25
471.501	-42.8506
472.576	-56.6987
473.651	-12.936
474.726	11.2651
475.801	-64.7664
476.876	21.5781
477.95	45.75
479.022	-20.9751
480.097	-26.4731
481.171	22.7114
482.243	39.4246
483.317	124.592
484.388	10.8206
485.46	97.728
486.533	69.0876
487.605	36.8022
488.676	74.6145
489.747	78.2922
490.818	151.9
491.889	130.724
492.959	165.667
494.03	141.792
495.1	204.299
496.171	242.869
497.239	252.904
498.309	239.947
499.379	278.323
500.446	292.834
501.514	278.99
502.584	237.764
503.651	291.776
504.718	254.324
505.788	306.581
506.855	282.886
507.921	384.601
508.988	329.767
510.055	336.274
511.119	342.799
512.186	335.612
513.252	346.778
514.318	345.144
515.382	394.894
516.448	342.848
517.512	413.813
518.577	368.205
519.641	376.83
520.704	407.604
521.768	465.189
522.833	377.16
523.896	568.641
524.959	545.986
526.021	599.867
527.084	658.244
528.144	725.761
529.207	707.302
530.269	786.007
531.331	894.576
532.391	946.218
533.453	930.578
534.513	888.098
535.572	874.217
536.634	786.686
537.693	696.947
538.752	618.141
539.812	576.467
540.87	560.893
541.929	484.006
542.988	491.909
544.047	446.73
545.105	362.233
546.164	299.926
547.22	319.646
548.278	339.243
549.336	299.936
550.392	304.489
551.448	228.875
552.505	201.826
553.561	273.606
554.616	253.146
555.671	148.828
556.728	185.184
557.783	229.854
558.836	178.574
559.891	171.965
560.946	231.288
562	144.849
563.055	133.673
564.107	169.784
565.161	104.017
566.213	111.432
567.267	128.083
568.318	41.1658
569.37	102.18
570.424	133.574
571.475	157.553
572.526	94.8115
573.577	163.043
574.628	200.802
575.679	192.48
576.73	284.524
577.781	313.024
578.829	290.936
579.88	234.837
580.93	270.755
581.978	203.637
583.026	170.554
584.076	215.635
585.124	155.885
586.172	124.656
587.221	103.547
588.269	103.573
589.316	139.402
590.363	178.857
591.41	153.139
592.457	196.218
593.502	110.985
594.549	144.963
595.595	236.776
596.64	187.433
597.686	161.908
598.73	182.266
599.776	191.557
600.82	173.225
601.864	190.711
602.908	191.67
603.953	203.709
604.997	236.971
606.04	235.368
607.083	276.141
608.125	245.05
609.168	239.677
610.211	277.581
611.253	286.86
612.294	605.983
613.336	624.512
614.377	483.531
615.419	577.755
616.459	688.568
617.499	649.859
618.539	719.935
619.579	663.609
620.619	599.019
621.658	513.276
622.698	426.657
623.737	506.957
624.776	557.786
625.815	640.943
626.852	762.924
627.891	810.277
628.928	963.844
629.966	1021.43
631.003	1037.32
632.041	991.118
633.077	1059.2
634.114	900.094
635.15	830.61
636.185	775.117
637.221	760.365
638.257	652.596
639.292	681.347
640.328	578.147
641.361	539.402
642.396	447.069
643.431	462.536
644.464	412.559
645.497	351.622
646.532	318.401
647.564	287.115
648.597	287.156
649.629	300.096
650.663	273.49
651.695	315.807
652.727	304.746
653.757	245.876
654.789	215.512
655.821	200.788
656.852	198.942
657.882	189.788
658.913	233.858
659.942	217.397
660.973	101.878
662.002	200.946
663.031	200.033
664.06	135.903
665.09	181.814
666.119	211.313
667.147	149.117
668.175	199.849
669.201	191.795
670.229	168.032
671.257	145.116
672.285	195.807
673.311	141.547
674.338	193.178
675.363	192.379
676.389	175.946
677.416	212.057
678.441	126.412
679.466	166.167
680.491	208.661
681.515	204.073
682.54	183.807
683.565	178.326
684.589	207.931
685.613	232.978
686.635	183.288
687.659	224.088
688.681	205.771
689.705	218.865
690.727	269.887
691.75	295.943
692.772	262.753
693.793	245.27
694.814	299.067
695.835	286.164
696.856	310.272
697.877	356.571
698.898	302.871
699.918	327.861
700.937	339.903
701.957	300.141
702.978	366.788
703.996	323.331
705.016	305.77
706.034	285.427
707.052	309.464
708.069	314.08
709.087	283.584
710.107	272.519
711.124	260.549
712.139	298.495
713.156	228.331
714.173	257.963
715.19	316.215
716.205	244.144
717.222	213.634
718.238	252.346
719.253	264.247
720.267	242.949
721.283	260.385
722.297	302.686
723.311	267.652
724.325	261.188
725.339	251.988
726.353	275.013
727.366	319.22
728.38	299.977
729.391	379.166
730.404	406.799
731.417	418.718
732.428	385.505
733.441	387.192
734.452	406.315
735.463	395.171
736.475	436.403
737.486	428.166
738.496	405.317
739.506	436.639
740.516	446.857
741.526	449.698
742.534	435.05
743.544	499.289
744.554	500.175
745.561	475.38
746.571	496.48
747.578	463.492
748.587	525.012
749.594	452.638
750.601	461.01
751.608	459.321
752.615	461.338
753.621	465.234
754.628	445.289
755.634	476.842
756.641	419.251
757.647	466.539
758.651	417.193
759.657	488.536
760.663	399.449
761.666	457.913
762.67	440.662
763.676	449.212
764.679	465.096
765.682	474.45
766.686	439.387
767.689	472.726
768.692	456.196
769.694	432.36
770.697	409.547
771.698	423.85
772.7	424.321
773.703	401.56
774.703	361.943
775.703	379.766
776.705	381.683
777.705	400.252
778.705	445.751
779.705	391.932
780.705	435.715
781.704	476.801
782.704	464.024
783.703	460.51
784.702	422.525
785.701	493.314
786.698	464.557
787.697	567.915
788.694	517.819
789.693	543.128
790.689	591.73
791.686	549.063
792.682	560.328
793.68	643.226
794.676	571.531
795.672	665.597
796.666	651.752
797.662	727.4
798.658	760.277
799.653	748.399
800.647	808.145
801.642	841.619
802.636	860.943
803.631	928.56
804.624	930.95
805.617	940.794
806.61	934.843
807.602	879.629
808.595	912.643
809.587	912.157
810.58	912.592
811.572	893.614
812.564	913.669
813.554	903.247
814.546	895.671
815.536	892.741
816.528	839.804
817.518	997.842
818.507	938.408
819.499	1036.24
820.488	1048.04
821.477	1103.23
822.466	1187.84
823.455	1269.44
824.444	1432.95
825.431	1492.01
826.42	1532.7
827.408	1640.86
828.395	1863.45
829.383	1951.69
830.369	2031.54
831.356	2217.8
832.342	2396.06
833.33	2750.22
834.315	3030.37
835.301	3365.72
836.287	3717.27
837.27	4058.69
838.256	4368.78
839.241	4520.43
840.226	4561.79
841.209	4538.55
842.194	4431.46
843.177	4296.79
844.16	3984.94
845.145	3664.96
846.127	3210.82
847.11	2937.63
848.092	2794.84
849.074	2699.68
850.056	2672.35
851.039	2680.63
852.018	2745.68
853	2831.66
853.982	3009.53
854.962	3224.29
855.941	3284.09
856.923	3394.05
857.902	3289.34
858.881	3125.07
859.86	2830.95
860.839	2549.34
861.818	2357.53
862.797	2149.69
863.776	1913.93
864.754	1829.03
865.733	1713.68
866.709	1604.84
867.687	1599.17
868.664	1496.1
869.642	1534.89
870.618	1401.69
871.594	1368.89
872.569	1304.81
873.545	1330.99
874.521	1303.72
875.496	1292.98
876.471	1203.81
877.447	1209.46
878.42	1195.66
879.395	1176.25
880.37	1158.66
881.343	1119
882.315	1072.06
883.29	1074.05
884.262	1003.31
885.235	1002.61
886.207	1013.84
887.179	993.633
888.151	964.14
889.123	919.879
890.095	931.869
891.065	983.536
892.037	986.392
893.009	962.531
893.978	1021.64
894.948	1026.38
895.919	1013.67
896.888	1025.94
897.857	1032.76
898.826	1079.26
899.795	1098.01
900.764	1142.46
901.732	1164.56
902.701	1216.02
903.668	1278.44
904.636	1226.49
905.604	1270.56
906.57	1289.88
907.538	1353.66
908.504	1342.03
909.47	1304.74
910.436	1370.93
911.402	1346.72
912.367	1406.54
913.333	1360.92
914.298	1343.78
915.264	1394.02
916.229	1327.69
917.192	1326.14
918.157	1282.13
919.12	1282.65
920.084	1286.03
921.047	1206.03
922.01	1201.88
922.972	1129.96
923.935	1177.53
924.897	1134.22
925.859	1047.33
926.821	1060.67
927.783	982.184
928.743	982.579
929.705	930.925
930.667	964.653
931.626	899.862
932.586	877.812
933.547	815.846
934.506	814.39
935.466	787.895
936.425	746.508
937.384	765.614
938.343	703.577
939.301	728.157
940.26	785.377
941.217	832.387
942.175	764.651
943.132	757.641
944.09	842.291
945.046	808.266
946.002	799.446
946.96	805.547
947.916	738.511
948.872	765.105
949.828	714.789
950.783	754.443
951.737	774.353
952.692	734.135
953.647	732.307
954.601	741.698
955.556	747.365
956.509	694.961
957.464	740.277
958.417	763.209
959.369	768.349
960.322	707.615
961.275	772.642
962.227	749.107
963.179	731.084
964.132	742.173
965.082	721.426
966.034	724.324
966.984	748.981
967.936	749.298
968.885	813.503
969.837	749.738
970.787	807.076
971.736	755.224
972.686	784.129
973.635	745.404
974.584	815.674
975.533	794.946
976.48	831.552
977.429	860.685
978.378	883.26
979.325	908.646
980.273	940.588
981.22	904.928
982.166	985.58
983.113	1015.44
984.061	1002.95
985.007	1100.94
985.953	1072.26
986.897	1108.23
987.843	1214.44
988.789	1205.69
989.734	1201.79
990.678	1366.33
991.623	1297.98
992.567	1465.16
993.51	1732.09
994.453	2051.88
995.398	2480.49
996.341	3107.43
997.284	3667.6
998.227	4188.29
999.168	4401.22
1000.11	4289.95
1001.05	3803.53
1001.99	3142.46
1002.94	2402.7
1003.88	1856.98
1004.82	1476.29
1005.76	1277.28
1006.7	1054
1007.64	1007.68
1008.58	897.837
1009.52	857.745
1010.46	835.239
1011.4	876.972
1012.34	823.755
1013.27	848.01
1014.21	842.682
1015.15	810.515
1016.09	887.529
1017.03	862.912
1017.96	879.238
1018.9	891.683
1019.84	950.702
1020.77	1003.13
1021.71	1071.51
1022.65	1085.86
1023.58	1173.36
1024.52	1391.23
1025.45	1483.22
1026.39	1677.46
1027.32	1757.38
1028.26	1867.08
1029.19	1865.83
1030.12	1870.06
1031.06	1787.96
1031.99	1703.24
1032.92	1602.77
1033.86	1456.33
1034.79	1352.13
1035.72	1269.38
1036.65	1207.11
1037.59	1120.08
1038.52	1139.48
1039.45	1072.95
1040.38	1079.06
1041.31	1034.17
1042.24	1110.17
1043.17	1006.58
1044.1	1038.08
1045.03	998.665
1045.96	1001.88
1046.89	991.99
1047.82	1018.26
1048.75	995.443
1049.68	1022.94
1050.61	1064.69
1051.53	1148.14
1052.46	1185.81
1053.39	1231.79
1054.32	1211.01
1055.24	1307.13
1056.17	1474.64
1057.1	1559.6
1058.02	1636.22
1058.95	1714.9
1059.88	1827.92
1060.8	1737.12
1061.73	1758.62
1062.65	1642.93
1063.58	1553.94
1064.5	1492.61
1065.43	1509.4
1066.35	1434.33
1067.27	1480.97
1068.2	1440.32
1069.12	1475.64
1070.04	1497.48
1070.97	1493.81
1071.89	1428.72
1072.81	1345.06
1073.73	1275.01
1074.65	1167.87
1075.58	1149.14
1076.5	1120.67
1077.42	1055.81
1078.34	1086.02
1079.26	991.499
1080.18	966.486
1081.1	927.252
1082.02	909.92
1082.94	924.897
1083.86	843.897
1084.78	870.251
1085.7	833.005
1086.61	812.91
1087.53	819.45
1088.45	713.131
1089.37	784.219
1090.28	748.072
1091.2	785.826
1092.12	752.422
1093.03	810.913
1093.95	841.933
1094.87	802.016
1095.78	838.87
1096.7	834.145
1097.61	786.863
1098.53	807.716
1099.44	923.159
1100.36	915.514
1101.27	880.382
1102.19	861.298
1103.1	833.688
1104.01	924.24
1104.93	963.767
1105.84	985.433
1106.75	1027.09
1107.67	1024.5
1108.58	1107.11
1109.49	1131.17
1110.4	1209.97
1111.31	1226.16
1112.22	1234.59
1113.14	1339.35
1114.05	1422.33
1114.96	1451.53
1115.87	1579.2
1116.78	1654.06
1117.69	1772.43
1118.6	1924.67
1119.51	1987.74
1120.42	2160.16
1121.32	2236.07
1122.23	2349.05
1123.14	2356.84
1124.05	2279.43
1124.96	2222.49
1125.86	2108.13
1126.77	1959.45
1127.68	1849.98
1128.58	1785.35
1129.49	1644.2
1130.4	1636.32
1131.3	1604.51
1132.21	1567.05
1133.11	1649.23
1134.02	1741.25
1134.92	1786.34
1135.83	1892.46
1136.73	1959.92
1137.64	1978.03
1138.54	2068.12
1139.44	2008.93
1140.35	1955.28
1141.25	1906.39
1142.15	1851.89
1143.06	1775.64
1143.96	1773.62
1144.86	1665.94
1145.76	1623.74
1146.66	1593.73
1147.57	1507.32
1148.47	1431.25
1149.37	1343.7
1150.27	1369.53
1151.17	1306.79
1152.07	1311.74
1152.97	1234.75
1153.87	1189.16
1154.77	1150.16
1155.67	1047.22
1156.57	992.845
1157.46	962.291
1158.36	892.739
1159.26	846.155
1160.16	821.575
1161.05	807.524
1161.95	769.606
1162.85	727.755
1163.75	737.225
1164.64	707.471
1165.54	756.691
1166.44	727.804
1167.33	712.344
1168.23	674.19
1169.12	647.568
1170.02	678.074
1170.91	630.597
1171.81	699.121
1172.7	723.832
1173.59	688.57
1174.49	696.99
1175.38	684.439
1176.27	738.32
1177.17	762.671
1178.06	796.469
1178.95	798.984
1179.84	843.298
1180.74	814.741
1181.63	830.814
1182.52	861.107
1183.41	815.55
1184.3	815.346
1185.19	796.096
1186.08	841.106
1186.97	847.286
1187.86	850.64
1188.75	877.621
1189.64	878.155
1190.53	904.143
1191.42	920.676
1192.31	949.486
1193.2	992.503
1194.09	1034.71
1194.97	975.396
1195.86	1027.26
1196.75	1032
1197.64	1016.89
1198.52	1016.77
1199.41	995.938
1200.29	998.671
1201.18	952.559
1202.07	929.075
1202.95	936.618
1203.84	906.443
1204.72	903.421
1205.61	831.683
1206.49	820.112
1207.38	841.502
1208.26	811.421
1209.14	796.576
1210.03	783.785
1210.91	760.729
1211.79	758.316
1212.68	746.364
1213.56	742.691
1214.44	781.16
1215.32	736.725
1216.21	776.869
1217.09	774.771
1217.97	764.378
1218.85	795.538
1219.73	841.049
1220.61	783.36
1221.49	872.538
1222.37	911.935
1223.25	1000.3
1224.13	1091.39
1225.01	1237.95
1225.89	1333.41
1226.77	1473.15
1227.65	1567.71
1228.52	1557.78
1229.4	1598.23
1230.28	1603.1
1231.16	1558.04
1232.03	1502.55
1232.91	1615.53
1233.79	1554.08
1234.66	1494.25
1235.54	1508.15
1236.42	1413.69
1237.29	1409.28
1238.17	1341.23
1239.04	1280.81
1239.92	1167.26
1240.79	1137.34
1241.67	1088.45
1242.54	1005.3
1243.41	978.23
1244.29	982.581
1245.16	956.478
1246.03	985.658
1246.91	964.301
1247.78	988.653
1248.65	940.343
1249.52	943.424
1250.4	992.223
1251.27	969.36
1252.14	971.348
1253.01	982.009
1253.88	987.024
1254.75	997.815
1255.62	1019.09
1256.49	1002.06
1257.36	1045.11
1258.23	1068.91
1259.1	1079.21
1259.97	1094.24
1260.84	1071.06
1261.71	1113.8
1262.57	1164.24
1263.44	1170.85
1264.31	1225.24
1265.18	1281.55
1266.05	1348.34
1266.91	1385.47
1267.78	1515.02
1268.65	1665.4
1269.51	1749.83
1270.38	1998.99
1271.24	2235.52
1272.11	2464.14
1272.97	2619.19
1273.84	2853.95
1274.7	3061.9
1275.57	3152.86
1276.43	3227.65
1277.3	3306.39
1278.16	3350.82
1279.02	3332.42
1279.89	3344.44
1280.75	3247.13
1281.61	3195.54
1282.48	3141.68
1283.34	3035.14
1284.2	2903.16
1285.06	2777.04
1285.92	2589.19
1286.78	2524.62
1287.65	2335.11
1288.51	2224.89
1289.37	2066.26
1290.23	1934.25
1291.09	1874.71
1291.95	1801.15
1292.81	1721.07
1293.67	1627.36
1294.52	1593.51
1295.38	1553.06
1296.24	1488.55
1297.1	1464.62
1297.96	1427.26
1298.81	1405.14
1299.67	1338.67
1300.53	1324.61
1301.39	1324.49
1302.24	1281.62
1303.1	1267.27
1303.95	1226.52
1304.81	1193.65
1305.67	1173.88
1306.52	1152.34
1307.38	1104.56
1308.23	1049.34
1309.09	1060.06
1309.94	1014.06
1310.8	967.723
1311.65	954.626
1312.5	923.527
1313.35	905.639
1314.21	909.324
1315.06	901.636
1315.91	869.606
1316.77	850.833
1317.62	852.979
1318.47	847.955
1319.32	880.258
1320.17	850.529
1321.02	876.8
1321.87	869.52
1322.73	856.399
1323.57	881.983
1324.43	880.785
1325.28	869.805
1326.13	913.802
1326.97	899.443
1327.82	881.454
1328.67	898.159
1329.52	921.814
1330.37	934.435
1331.22	924.135
1332.06	924.684
1332.91	916.387
1333.76	898.411
1334.61	935.401
1335.45	955.172
1336.3	953.735
1337.15	974.626
1337.99	946.985
1338.84	981.138
1339.68	983.792
1340.53	988.615
1341.37	993.363
1342.22	986.142
1343.06	965.059
1343.91	977.6
1344.75	995.318
1345.6	999.504
1346.44	1011.69
1347.28	1007.39
1348.12	1015.4
1348.97	1001.76
1349.81	992.308
1350.65	1037
1351.49	1012.24
1352.33	1007.09
1353.18	1019.6
1354.02	1057.12
1354.86	1082.48
1355.7	1092.02
1356.54	1096.3
1357.38	1109.92
1358.22	1142.85
1359.06	1143.53
1359.9	1142.88
1360.74	1152.77
1361.58	1131.11
1362.42	1163.74
1363.25	1132.79
1364.09	1098.11
1364.93	1098.91
1365.77	1104.85
1366.6	1089.22
1367.19	1064.43
1368.1	1099.12
1369.01	1125.89
1369.92	1083.67
1370.83	1049.22
1371.74	1076.69
1372.65	1047.95
1373.56	1056.57
1374.47	1039.56
1375.37	1013.69
1376.28	977.932
1377.19	1007.98
1378.1	975.05
1379	938.185
1379.91	957.274
1380.82	959.659
1381.72	943.378
1382.63	928.989
1383.54	937.983
1384.44	916.529
1385.35	911.635
1386.25	888.199
1387.16	893.108
1388.06	928.262
1388.97	985.8
1389.87	990.825
1390.78	1052.23
1391.68	1051.47
1392.59	1135.11
1393.49	1133.32
1394.39	1144.05
1395.3	1074.33
1396.2	987.233
1397.1	970.749
1398	893.551
1398.91	825.257
1399.81	825.562
1400.71	746.069
1401.61	764.8
1402.52	720.035
1403.42	732.888
1404.32	762.924
1405.22	732.493
1406.12	721.306
1407.02	691.084
1407.92	704.057
1408.82	693.221
1409.72	696.806
1410.62	711.876
1411.52	696.35
1412.42	700.827
1413.32	758.675
1414.21	729.615
1415.11	723.424
1416.01	723.892
1416.91	717.705
1417.81	740.113
1418.71	746.425
1419.6	760.476
1420.5	780.38
1421.4	814.683
1422.29	769.196
1423.19	814.016
1424.09	861.598
1424.98	836.773
1425.88	926.898
1426.77	944.703
1427.67	1033.8
1428.56	1037.42
1429.46	1098.13
1430.35	1166.53
1431.25	1256.9
1432.14	1307.52
1433.04	1381.16
1433.93	1436.01
1434.82	1489.16
1435.72	1516.77
1436.61	1547.32
1437.5	1633.25
1438.39	1691.61
1439.29	1746.17
1440.18	1845.57
1441.07	1956.34
1441.96	2004.89
1442.85	2114.65
1443.75	2083.04
1444.64	2204.91
1445.53	2171.17
1446.42	2180.73
1447.31	2282.37
1448.2	2252.2
1449.09	2262.86
1449.98	2202.98
1450.87	2173.7
1451.76	2157.07
1452.65	2139.89
1453.54	2111.69
1454.43	2009.67
1455.31	1971.22
1456.2	1945.93
1457.09	1898.77
1457.98	1835.46
1458.87	1812.31
1459.75	1784.27
1460.64	1774.93
1461.53	1795.16
1462.41	1825.6
1463.3	1863.1
1464.19	1959.65
1465.07	2020.87
1465.96	2211.53
1466.85	2302.7
1467.73	2338.35
1468.61	2244.11
1469.5	2206.44
1470.38	2169.99
1471.27	2154.04
1472.15	2206
1473.04	2261.67
1473.92	2344.26
1474.8	2374.2
1475.69	2452.65
1476.57	2523.55
1477.45	2447.25
1478.34	2449.09
1479.22	2395.75
1480.1	2377.18
1480.98	2265.62
1481.86	2261.15
1482.75	2267.5
1483.63	2221.83
1484.51	2147.02
1485.39	2028.07
1486.27	1763.55
1487.15	1537.46
1488.03	1269.08
1488.91	1085.91
1489.79	960.706
1490.67	866.315
1491.55	797.978
1492.43	724.864
1493.31	687.603
1494.19	622.505
1495.07	557.546
1495.94	554.321
1496.82	514.489
1497.7	497.745
1498.58	482.896
1499.45	446.915
1500.33	451.28
1501.21	452.774
1502.09	394.915
1502.96	413.723
1503.84	423.91
1504.72	352.875
1505.59	363.082
1506.47	358.946
1507.34	354.8
1508.22	368.751
1509.09	350.352
1509.97	349.131
1510.84	345.104
1511.72	316.423
1512.59	341.872
1513.46	325.529
1514.34	306.314
1515.21	320.224
1516.08	306.638
1516.96	311.019
1517.83	313.508
1518.7	296.208
1519.57	341.155
1520.45	280.623
1521.32	281.371
1522.19	285.923
1523.06	312.135
1523.93	281.035
1524.8	291.301
1525.67	275.237
1526.54	251.639
1527.41	259.002
1528.28	304.796
1529.16	292.423
1530.02	272.6
1530.89	281.871
1531.76	279.947
1532.63	234.981
1533.5	308.967
1534.37	265.882
1535.24	239.64
1536.11	289.23
1536.97	252.665
1537.84	296.622
1538.71	264.781
1539.57	275.107
1540.44	294.85
1541.31	307.156
1542.18	259.503
1543.04	254.936
1543.91	270.972
1544.77	239.115
1545.64	265.384
1546.5	267.234
1547.37	240.015
1548.24	242.873
1549.1	246.752
1549.96	260.124
1550.83	233.138
1551.69	244.732
1552.56	247.838
1553.42	259.379
1554.28	212.311
1555.15	263.401
1556.01	226.639
1556.87	250.4
1557.73	229.793
1558.6	248.052
1559.46	252.157
1560.32	218.264
1561.18	210.86
1562.04	231.917
1562.9	227.257
1563.77	232.101
1564.63	207.454
1565.49	243.814
1566.35	236.416
1567.21	219.498
1568.07	251.32
1568.93	268.853
1569.79	254.773
1570.64	226.236
1571.5	253.291
1572.36	261.148
1573.22	256.517
1574.08	284.599
1574.94	300.238
1575.8	297.627
1576.65	312.387
1577.51	349.374
1578.37	374.806
1579.22	404.104
1580.08	420.831
1580.94	485.98
1581.79	497.946
1582.65	509.973
1583.51	445.394
1584.36	423.468
1585.22	425.807
1586.07	341.506
1586.93	328.134
1587.78	303.989
1588.63	341.22
1589.49	327.721
1590.34	317.094
1591.2	361.068
1592.05	364.967
1592.9	399.075
1593.76	439.018
1594.61	455.58
1595.46	540.553
1596.32	574.935
1597.17	657.342
1598.02	702.764
1598.87	804.956
1599.72	867.994
1600.58	937.741
1601.43	959.301
1602.28	937.562
1603.13	908.806
1603.98	805.654
1604.83	728.99
1605.68	639.765
1606.53	580.98
1607.38	495.935
1608.23	451.956
1609.08	437.256
1609.93	406.865
1610.77	373.481
1611.62	360.553
1612.47	378.812
1613.32	366.893
1614.17	352.13
1615.01	305.321
1615.86	320.847
1616.71	310.09
1617.55	278.868
1618.4	273.868
1619.25	278.537
1620.09	299.67
1620.94	321.727
1621.79	300.142
1622.63	252.464
1623.48	274.606
1624.32	302.576
1625.17	308.301
1626.01	284.04
1626.86	329.452
1627.7	314.87
1628.54	274.172
1629.39	330.16
1630.23	332.926
1631.07	333.722
1631.92	314.208
1632.76	316.89
1633.6	329.211
1634.45	324.19
1635.29	361.584
1636.13	364.313
1636.97	361.281
1637.81	378.456
1638.66	370.612
1639.5	365.666
1640.34	361.714
1641.18	401.053
1642.02	389.505
1642.86	396.254
1643.7	375.149
1644.54	391.52
1645.38	391.53
1646.22	398.244
1647.06	370.342
1647.89	426.076
1648.73	400.152
1649.57	414.67
1650.41	419.666
1651.25	400.674
1652.09	425.036
1652.92	421.454
1653.76	415.859
1654.6	449.706
1655.43	386.07
1656.27	433.353
1657.11	405.468
1657.94	425.948
1658.78	452.376
1659.62	438.308
1660.45	404.843
1661.29	415.797
1662.12	407.27
1662.96	379.261
1663.79	402.601
1664.62	427.938
1665.46	420.405
1666.29	405.204
1667.13	371.59
1667.96	385.628
1668.79	371.438
1669.63	395.221
1670.46	370.2
1671.29	416.4
1672.12	367.8
1672.96	366.049
1673.79	378.951
1674.62	361.514
1675.45	333.309
1676.28	345.296
1677.11	315.165
1677.95	318.396
1678.78	324.584
1679.61	287.474
1680.44	324.073
1681.27	284.824
1682.1	290.809
1682.93	290.875
1683.75	294.906
1684.58	313.766
1685.41	301.122
1686.24	307.239
1687.07	274.849
1687.9	315.543
1688.73	305.838
1689.55	305.012
1690.38	281.401
1691.21	267.644
1692.04	281.576
1692.86	292.489
1693.69	250.863
1694.52	261.726
1695.34	277.565
1696.17	306.341
1696.99	287.637
1697.82	288.801
1698.64	305.864
1699.47	266.334
1700.29	291.282
1701.12	284.386
1701.94	285.375
1702.77	293.269
1703.59	308.085
1704.41	315.934
1705.24	320.811
1706.06	347.535
1706.88	340.533
1707.71	343.471
1708.53	417.854
1709.35	355.313
1710.17	431.641
1711	414.681
1711.82	432.388
1712.64	434.187
1713.46	481.542
1714.28	499.17
1715.1	475.264
1715.92	493.985
1716.74	514.709
1717.56	564.086
1718.38	571.777
1719.2	575.347
1720.02	607.423
1720.84	650.241
1721.66	666.447
1722.48	690.707
1723.3	686.617
1724.11	729
1724.93	755.652
1725.75	737.816
1726.57	788.678
1727.39	778.217
1728.2	822.682
1729.02	810.103
1729.84	848.699
1730.65	829.544
1731.47	832.09
1732.29	834.648
1733.1	830.27
1733.92	857.105
1734.73	823.191
1735.55	793.232
1736.36	799.505
1737.18	777.54
1737.99	774.167
1738.81	730.806
1739.62	684.514
1740.43	706.366
1741.25	642.568
1742.06	617.775
1742.87	593.071
1743.69	553.889
1744.5	540.001
1745.31	494.134
1746.13	488.054
1746.94	431.619
1747.75	407.221
1748.56	379.008
1749.37	329.549
1750.18	316.892
1750.99	350.669
1751.81	293.505
1752.61	316.615
1753.42	278.827
1754.24	249.776
1755.04	260.377
1755.85	247.795
1756.66	243.896
1757.47	217.743
1758.28	219.57
1759.09	200.137
1759.9	236.663
1760.71	205.697
1761.52	213.347
1762.32	199.835
1763.13	186.351
1763.94	149.735
1764.74	180.584
1765.55	163.225
1766.36	185.389
1767.17	172.867
1767.97	196.045
1768.78	174.896
1769.58	178.837
1770.39	160.573
1771.19	155.803
1772	159.709
1772.8	170.372
1773.61	136.576
1774.41	177.219
1775.22	169.537
1776.02	111.543
1776.83	137.712
1777.63	165.835
1778.43	157.18
1779.23	127.214
1780.04	121.475
1780.84	138.064
1781.64	147.895
1782.44	137.335
1783.25	148.153
1784.05	145.349
1784.85	149.349
1785.65	151.398
1786.45	170.033
1787.25	154.53
1788.05	159.523
1788.86	132.265
1789.65	132.356
1790.46	138.313
1791.25	167.774
1792.05	121.812
1792.85	152.273
1793.65	154.331
1794.45	125.976
1795.25	136.897
1796.05	122.283
1796.85	132.263
1797.64	112.695
1798.44	166.082
1799.24	125.74
1800.04	160.41
1800.83	149.628
1801.63	156.628
1802.43	163.631
1803.22	128.067
1804.02	139.023
1804.82	135.12
1805.61	145.087
1806.41	156.046
1807.2	149.154
1808	170.049
1808.79	124.448
1809.59	158.286
1810.38	160.36
1811.18	178.342
1811.97	165.479
1812.76	145.608
1813.56	130.675
1814.35	156.513
1815.14	130.614
1815.94	150.491
1816.73	126.632
1817.52	162.495
1818.31	133.695
1819.1	124.783
1819.9	152.701
1820.69	141.739
1821.48	126.768
1822.27	149.632
1823.06	143.617
1823.85	149.56
1824.64	151.526
1825.43	135.574
1826.22	154.442
1827.01	139.468
1827.8	149.362
1828.59	126.452
1829.38	155.255
1830.17	123.43
1830.96	130.372
1831.74	145.248
1832.53	136.247
1833.32	154.041
1834.11	131.109
1834.89	123.074
1835.68	121.985
1836.47	152.594
1837.26	138.629
1838.04	158.316
1838.83	98.89
1839.61	122.52
1840.4	130.31
1841.19	145.963
1841.97	117.232
1842.76	142.703
1843.54	153.387
1844.33	129.674
1845.11	122.719
1845.89	126.594
1846.68	147.168
1847.46	100.975
1848.25	125.459
1849.03	142.07
1849.81	118.47
1850.6	129.198
1851.38	136.99
1852.16	135.965
1852.94	128.08
1853.72	142.703
1854.51	142.62
1855.29	134.698
1856.07	123.845
1856.85	148.157
1857.63	137.303
1858.41	140.119
1859.19	122.471
1859.97	128.231
1860.75	131.082
1861.53	167.044
1862.31	125.163
1863.09	146.552
1863.87	111.505
1864.65	101.747
1865.43	130.871
1866.21	115.235
1866.99	146.216
1867.76	124.737
1868.54	136.268
1869.32	125.514
1870.1	130.298
1870.87	156.42
1871.65	146.724
1872.43	138.975
1873.2	141.878
1873.98	122.49
1874.76	140.868
1875.53	130.19
1876.31	129.208
1877.08	129.215
1877.86	126.336
1878.63	156.409
1879.41	165.175
1880.18	152.602
1880.96	117.708
1881.73	130.31
1882.5	154.55
1883.28	125.472
1884.05	128.405
1884.82	137.171
1885.6	112.949
1886.37	155.691
1887.14	127.562
1887.91	112.041
1888.68	128.568
1889.46	152.883
1890.23	172.371
1891	188.019
1891.77	182.318
1892.54	139.635
1893.31	117.367
1894.08	144.84
1894.85	142.073
1895.62	147.095
1896.39	128.589
1897.16	135.474
1897.93	133.515
1898.7	133.503
1899.47	156.023
1900.24	104.171
1901.01	160.095
1901.77	125.917
1902.54	128.017
1903.31	93.7493
1904.08	127.269
1904.84	147.041
1905.61	120.537
1906.38	98.9225
1907.14	113.756
1907.91	139.457
1908.68	172.1
1909.44	146.539
1910.21	131.825
1910.97	136.876
1911.74	127.098
1912.51	136.124
1913.27	138.223
1914.03	144.283
1914.8	123.535
1915.56	113.676
1916.33	119.696
1917.09	145.594
1917.85	125.749
1918.62	145.678
1919.38	104.911
1920.14	115.885
1920.9	145.796
1921.67	130.925
1922.43	149.957
1923.19	120.156
1923.95	162.217
1924.71	131.386
1925.47	140.5
1926.24	154.6
1927	121.61
1927.76	139.652
1928.52	179.706
1929.28	186.693
1930.04	165.633
1930.8	166.603
1931.56	136.545
1932.32	127.523
1933.08	138.537
1933.83	123.543
1934.59	116.571
1935.35	135.653
1936.11	140.704
1936.87	126.682
1937.62	98.5923
1938.38	123.595
1939.14	158.576
1939.89	148.484
1940.65	161.437
1941.41	142.392
1942.16	132.369
1942.92	136.348
1943.68	148.302
1944.43	152.214
1945.19	138.105
1945.94	136.973
1946.7	136.836
1947.45	127.739
1948.21	129.623
1948.96	128.535
1949.71	141.384
1950.47	141.308
1951.22	145.215
1951.98	132.234
1952.73	135.147
1953.48	145.985
1954.23	130.005
1954.99	158.616
1955.74	106.954
1956.49	147.357
1957.24	118.529
1957.99	178.602
1958.75	126.192
1959.5	122.174
1960.25	159.555
1961	140.76
1961.75	151.492
1962.5	131.69
1963.25	142.369
1964	149.096
1964.75	144.045
1965.5	129.207
1966.25	134.96
1967	126.987
1967.74	159.083
1968.49	143.238
1969.24	148.866
1969.99	117.488
1970.74	124.135
1971.48	124.973
1972.23	147.21
1972.98	156.84
1973.73	142.225
1974.47	131.484
1975.22	128.48
1975.96	147.724
1976.71	144.655
1977.46	120.322
1978.2	136.599
1978.95	158.662
1979.69	157.598
1980.44	165.251
1981.18	150.763
1981.93	117.974
1982.67	142.027
1983.41	166.031
1984.16	121.63
1984.9	132.077
1985.64	136.722
1986.39	146.155
1987.13	120.116
1987.87	107.555
1988.61	116.097
1989.36	129.436
1990.1	130.341
1990.84	157.073
1991.58	143.631
1992.32	187.554
1993.06	122.517
1993.81	117.721
1994.55	127.284
1995.29	144.526
1996.03	140.764
1996.77	153.284
1997.51	146.671
1998.24	122.798
1998.98	153.518
1999.72	169.861
2000.46	135.375
2001.2	121.972
2001.94	130.632
2002.68	122.993
2003.41	141.282
2004.15	125.018
2004.89	142.372
2005.63	144.357
2006.36	150.18
2007.1	127.139
2007.84	110.818
2008.57	136.851
2009.31	129.211
2010.05	123.511
2010.78	131.323
2011.52	115.994
2012.25	121.895
2012.99	138.432
2013.72	121.113
2014.46	132.796
2015.19	138.668
2015.92	125.165
2016.66	110.693
2017.39	138.908
2018.13	144.865
2018.86	138.223
2019.59	118.928
2020.32	159.018
2021.06	117.262
2021.79	119.592
2022.52	144.089
2023.25	95.4785
2023.98	139.54
2024.72	108.229
2025.45	120.707
2026.18	140.664
2026.91	123.492
2027.64	140.767
2028.37	119.35
2029.1	146.387
2029.83	138.804
2030.56	141.455
2031.29	152.056
2032.02	173.918
2032.75	141.141
2033.47	126.969
2034.2	119.917
2034.93	129.282
2035.66	118.446
2036.39	138.052
2037.11	125.942
2037.84	125.484
2038.57	134.411
2039.3	129.714
2040.02	126.381
2040.75	133.216
2041.47	131.623
2042.2	113.219
2042.93	130.395
2043.65	134.69
2044.38	125.245
2045.1	133.236
2045.83	144.015
2046.55	101.869
2047.28	148.986
2048	130.92
2048.73	143.937
2049.45	145.637
2050.17	122.102
2050.9	143.574
2051.62	149.579
2052.34	117.936
2053.07	114.994
2053.79	125.751
2054.51	135.768
2055.23	152.927
2055.95	136.547
2056.68	137.454
2057.4	133.028
2058.12	153.97
2058.84	150.17
2059.56	144.926
2060.28	137.852
2061	117.563
2061.72	133.066
2062.44	132.409
2063.16	142.749
2063.88	132.449
2064.6	135.132
2065.32	150.288
2066.03	141.271
2066.75	167.795
2067.47	136.126
2068.19	150.205
2068.91	153.379
2069.62	136.962
2070.34	145.203
2071.06	132.414
2071.77	154.92
2072.49	160.494
2073.21	149.036
2073.92	140.806
2074.64	127.33
2075.36	127.135
2076.07	138.914
2076.79	143.515
2077.5	148.055
2078.22	134.219
2078.93	139.521
2079.64	141.411
2080.36	143.293
2081.07	129.202
2081.79	127.343
2082.5	136.315
2083.21	137.78
2083.93	147.393
2084.64	140.792
2085.35	145.893
2086.07	145.191
2086.78	136.309
2087.49	145.653
2088.2	140.718
2088.91	140.054
2089.62	151.019
2090.33	148.004
2091.04	137.246
2091.76	137.496
2092.47	125.815
2093.18	124.933
2093.89	153.377
2094.6	141.526
2095.3	163.548
2096.01	138.441
2096.72	149.845
2097.43	154.742
2098.14	150.883
2098.85	145.557
2099.56	136.692
2100.09	129.288
2100.87	172.734
2101.65	131.164
2102.43	145.941
2103.21	143.908
2103.99	144.817
2104.77	161.479
2105.55	160.337
2106.32	134.564
2107.1	122.618
2107.88	138.229
2108.66	137.162
2109.44	114.536
2110.22	155.745
2110.99	156.696
2111.77	141.906
2112.55	168.257
2113.33	148.483
2114.1	167.869
2114.88	140.343
2115.66	120.72
2116.43	158.751
2117.21	168.501
2117.99	172.403
2118.76	150.906
2119.54	160.62
2120.31	185.914
2121.09	160.47
2121.86	146.747
2122.64	151.554
2123.41	165.133
2124.19	155.346
2124.96	166.998
2125.74	131.94
2126.51	119.294
2127.28	157.311
2128.06	176.847
2128.83	189.563
2129.61	156.438
2130.38	136.938
2131.15	174.961
2131.92	165.209
2132.7	161.32
2133.47	156.465
2134.24	168.201
2135.01	150.659
2135.78	139.939
2136.55	118.475
2137.33	136.072
2138.1	163.461
2138.87	158.636
2139.64	157.738
2140.41	153.921
2141.18	145.217
2141.95	177.69
2142.72	184.71
2143.49	132.791
2144.26	152.53
2145.03	185.062
2145.8	149.716
2146.57	149.786
2147.33	148.893
2148.1	178.596
2148.87	179.744
2149.64	166.07
2150.41	116.742
2151.17	105.922
2151.94	141.63
2152.71	141.704
2153.48	154.688
2154.24	142.897
2155.01	142.03
2155.78	154.101
2156.54	133.331
2157.31	154.379
2158.08	140.532
2158.84	125.649
2159.61	136.711
2160.37	133.772
2161.14	136.82
2161.9	130.863
2162.67	140.934
2163.43	124.99
2164.2	151.176
2164.96	148.318
2165.72	177.634
2166.49	166.732
2167.25	138.646
2168.01	128.628
2168.78	154.875
2169.54	162.977
2170.3	113.587
2171.07	146.953
2171.83	148.061
2172.59	153.233
2173.35	154.365
2174.11	148.388
2174.88	157.572
2175.64	159.629
2176.4	129.216
2177.16	122.176
2177.92	162.808
2178.68	144.65
2179.44	169.129
2180.2	146.939
2180.96	112.529
2181.72	131.961
2182.48	146.313
2183.24	166.763
2184	157.688
2184.76	180.15
2185.52	144.58
2186.28	178.23
2187.04	175.237
2187.79	163.087
2188.55	183.524
2189.31	174.434
2190.07	199.973
2190.83	182.73
2191.58	168.537
2192.34	198.148
2193.1	159.484
2193.85	194.158
2194.61	186.011
2195.37	188.017
2196.12	181.855
2196.88	168.572
2197.63	180.716
2198.39	163.42
2199.15	168.504
2199.9	203.052
2200.66	171.623
2201.41	166.576
2202.16	174.693
2202.92	181.756
2203.67	176.629
2204.43	177.588
2205.18	182.621
2205.93	173.521
2206.69	157.374
2207.44	185.776
2208.19	154.463
2208.95	163.614
2209.7	150.474
2210.45	177.776
2211.2	153.483
2211.95	172.658
2212.71	173.638
2213.46	157.461
2214.21	166.518
2214.96	173.541
2215.71	162.405
2216.46	159.325
2217.21	192.454
2217.96	157.16
2218.71	191.214
2219.46	178.058
2220.21	195.015
2220.96	170.905
2221.71	186.901
2222.46	138.843
2223.21	171.866
2223.96	174.841
2224.71	185.783
2225.46	178.711
2226.21	195.591
2226.95	190.519
2227.7	184.477
2228.45	179.456
2229.2	172.46
2229.94	188.359
2230.69	247.01
2231.44	268.826
2232.18	273.727
2232.93	251.8
2233.68	280.502
2234.42	278.394
2235.17	290.147
2235.92	280.086
2236.66	328.455
2237.41	285.79
2238.15	267.922
2238.9	315.329
2239.64	307.379
2240.38	283.625
2241.13	277.65
2241.87	234.162
2242.62	230.168
2243.36	211.385
2244.1	204.447
2244.85	206.385
2245.59	198.476
2246.33	220.11
2247.08	176.786
2247.82	225.96
2248.56	199.373
2249.3	187.538
2250.05	177.667
2250.79	174.676
2251.53	158.941
2252.27	193.248
2253.01	195.207
2253.75	160.926
2254.49	176.656
2255.23	179.658
2255.97	183.644
2256.71	190.567
2257.45	161.203
2258.19	185.733
2258.93	169.078
2259.67	183.768
2260.41	159.287
2261.15	180.851
2261.89	150.557
2262.63	195.688
2263.36	194.833
2264.1	173.408
2264.84	186.277
2265.58	166.769
2266.32	174.698
2267.05	167.89
2267.79	184.611
2268.53	168.949
2269.26	172.909
2270	188.651
2270.74	175.968
2271.48	172.134
2272.21	192.858
2272.95	160.592
2273.68	204.946
2274.42	177.586
2275.15	181.673
2275.89	181.818
2276.62	207.556
2277.36	189.946
2278.09	190.047
2278.83	193.093
2279.56	219.793
2280.29	208.042
2281.03	172.62
2281.76	196.372
2282.49	203.376
2283.23	188.695
2283.96	194.763
2284.69	198.883
2285.42	190.16
2286.16	204.167
2286.89	182.523
2287.62	173.705
2288.35	197.543
2289.08	158.008
2289.81	176.921
2290.55	171.103
2291.28	159.358
2292.01	194.268
2292.74	178.581
2293.47	181.756
2294.2	176.96
2294.93	175.12
2295.66	158.307
2296.39	191.276
2297.11	177.401
2297.85	163.519
2298.57	180.549
2299.3	183.654
2300.03	154.863
2300.76	178.971
2301.49	174.138
2302.22	144.292
2302.94	171.409
2303.67	166.515
2304.4	151.605
2305.12	196.775
2305.85	164.86
2306.58	174.023
2307.31	163.134
2308.03	202.402
2308.76	178.432
2309.48	181.545
2310.21	189.675
2310.93	169.678
2311.66	157.722
2312.38	166.887
2313.11	145.884
2313.83	159.084
2314.56	170.269
2315.28	173.387
2316.01	132.16
2316.73	149.368
2317.45	145.425
2318.18	178.801
2318.9	161.77
2319.62	152.797
2320.35	155.925
2321.07	175.2
2321.79	145.991
2322.52	163.242
2323.24	141.096
2323.96	154.321
2324.68	159.469
2325.4	128.208
2326.12	110.075
2326.84	118.234
2327.56	137.52
2328.29	91.0353
2329.01	96.1599
2329.73	70.9218
2330.45	97.3204
2331.17	97.3979
2331.89	94.431
2332.61	127.94
2333.32	133.066
2334.04	144.265
2334.76	180.798
2335.48	130.177
2336.2	147.471
2336.92	154.641
2337.64	136.47
2338.35	132.488
2339.07	146.757
2339.79	149.863
2340.51	143.837
2341.23	146.949
2341.94	162.258
2342.66	131.906
2343.37	132.009
2344.09	155.478
2344.81	156.577
2345.52	114.954
2346.24	160.704
2346.95	126.164
2347.67	152.568
2348.38	140.406
2349.1	139.442
2349.82	118.204
2350.53	121.344
2351.24	105.183
2351.96	119.493
2352.67	109.391
2353.39	150.097
2354.1	123.697
2354.81	140.994
2355.53	127.812
2356.24	140.036
2356.95	112.662
2357.66	153.343
2358.38	136.144
2359.09	131.138
2359.8	121.055
2360.51	137.405
2361.22	135.472
2361.94	142.703
2362.65	132.64
2363.36	133.769
2364.07	89.0323
2364.78	131.913
2365.49	140.129
2366.2	137.116
2366.91	163.649
2367.62	129.033
2368.33	121.944
2369.04	111.806
2369.75	118.998
2370.46	153.708
2371.16	113.002
2371.87	117.136
2372.58	121.268
2373.29	139.674
2374	148.91
2374.71	92.9006
2375.41	126.605
2376.12	122.585
2376.83	132.84
2377.53	139.021
2378.24	141.131
2378.95	137.127
2379.65	134.143
2380.36	130.131
2381.07	127.128
2381.77	134.323
2382.48	136.412
2383.18	115.038
2383.89	156.973
2384.59	168.319
2385.3	160.271
2386	163.452
2386.71	129.791
2387.41	87.9122
2388.12	93.0593
2388.82	182
2389.52	150.332
2390.23	122.785
2390.93	126.927
2391.63	172.97
2392.34	125.01
2393.04	149.582
2393.74	149.615
2394.44	160.879
2395.15	169.088
2395.85	153.831
2396.55	166.174
2397.25	147.873
2397.95	124.44
2398.65	156.181
2399.35	119.413
2400.05	127.601
2400.75	149.051
2401.45	130.681
2402.15	124.584
2402.85	175.65
2403.55	129.792
2404.25	139.052
2404.95	146.281
2405.65	147.384
2406.35	149.503
2407.05	142.42
2407.75	105.701
2408.44	148.673
2409.14	142.608
2409.84	162.097
2410.54	186.702
2411.24	157.122
2411.93	122.414
2412.63	157.201
2413.33	165.389
2414.02	118.406
2414.72	179.687
2415.42	137.836
2416.11	119.488
2416.81	165.425
2417.5	147.096
2418.2	169.581
2418.9	127.817
2419.59	129.914
2420.28	154.445
2420.98	142.237
2421.67	162.639
2422.37	122.884
2423.06	161.594
2423.75	144.289
2424.45	178.942
2425.14	113.851
2425.84	169.955
2426.53	129.307
2427.22	134.493
2427.91	141.701
2428.61	140.728
2429.3	143.804
2429.99	144.815
2430.68	146.824
2431.37	139.665
2432.07	119.302
2432.76	141.642
2433.45	187.331
2434.14	156.89
2434.83	149.83
2435.52	138.723
2436.21	156.036
2436.9	135.773
2437.59	134.775
2438.28	128.687
2438.97	138.812
2439.66	156.016
2440.35	123.606
2441.04	143.865
2441.72	141.864
2442.41	104.461
2443.1	150.003
2443.79	139.904
2444.48	157.09
2445.16	138.906
2445.85	117.713
2446.54	131.882
2447.23	171.296
2447.91	148.125
2448.6	138.075
2449.29	150.226
2449.97	168.418
2450.66	131.109
2451.34	189.645
2452.03	149.333
2452.72	174.591
2453.4	163.544
2454.09	135.347
2454.77	142.426
2455.46	172.653
2456.14	205.849
2456.82	173.582
2457.51	180.594
2458.19	186.621
2458.88	172.574
2459.56	157.551
2460.24	162.647
2460.92	184.847
2461.61	184.927
2462.29	176.952
2462.97	187.073
2463.66	186.113
2464.34	171.053
2465.02	201.229
2465.7	179.101
2466.38	196.165
2467.06	188.112
2467.75	190.118
2468.42	164.044
2469.11	198.217
2469.79	210.336
2470.47	188.339
2471.15	207.512
2471.83	215.638
2472.51	196.625
2473.19	177.59
2473.86	198.723
2474.54	209.799
2475.22	185.725
2475.9	171.708
2476.58	193.862
2477.26	190.932
2477.94	207.107
2478.61	162.993
2479.29	166.101
2479.97	207.41
2480.65	188.376
2481.32	210.566
2482	159.332
2482.68	213.716
2483.35	171.538
2484.03	168.59
2484.71	161.61
2485.38	189.835
2486.06	185.843
2486.73	169.771
2487.41	181.867
2488.08	177.883
2488.76	162.858
2489.43	167.968
2490.11	153.977
2490.78	189.313
2491.45	175.328
2492.13	171.399
2492.8	158.387
2493.48	186.687
2494.15	200.883
2494.82	179.801
2495.49	154.686
2496.17	167.917
2496.84	190.263
2497.51	163.131
2498.18	169.319
2498.86	167.401
2499.53	179.616
2500.2	189.788
2500.87	197.928
2501.54	206.083
2502.21	183.917
2502.88	216.435
2503.55	213.563
2504.22	218.801
2504.89	220.984
2505.56	196.756
2506.23	225.253
2506.9	222.283
2507.57	247.739
2508.24	223.481
2508.91	225.641
2509.58	190.215
2510.25	199.476
2510.91	216.855
2511.58	203.71
2512.25	265.812
2512.92	223.169
2513.59	244.622
2514.25	238.634
2514.92	212.296
2515.59	210.381
2516.25	220.681
2516.92	248.294
2517.59	219.843
2518.25	218.894
2518.92	240.366
2519.58	204.754
2520.25	205.849
2520.91	214.1
2521.58	195.853
2522.24	214.355
2522.91	236.979
2523.57	210.586
2524.24	224.035
2524.9	204.749
2525.56	232.512
2526.23	201.924
2526.89	208.178
2527.55	233.897
2528.22	238.097
2528.88	215.63
2529.54	218.763
2530.21	213.681
2530.87	240.366
2531.53	228.123
2532.19	258.968
2532.85	246.812
2533.51	225.446
2534.18	215.358
2534.84	212.431
2535.5	223.85
2536.16	216.716
2536.82	249.616
2537.48	220.829
2538.14	225.954
2538.8	226.996
2539.46	199.329
2540.12	227.153
2540.78	209.818
2541.44	230.518
2542.09	228.609
2542.75	239.025
2543.41	247.354
2544.07	238.143
2544.73	253.582
2545.39	246.342
2546.04	230.859
2546.7	264.699
2547.36	236.915
2548.02	247.166
2548.67	279.005
2549.33	265.721
2549.98	259.642
2550.64	303.874
2551.3	269.054
2551.95	252.708
2552.61	263.063
2553.26	259.041
2553.92	283.776
2554.57	231.435
2555.23	253.03
2555.88	285.867
2556.54	294.006
2557.19	302.118
2557.85	273.323
2558.5	302.998
2559.15	318.356
2559.81	325.557
2560.46	329.714
2561.11	303.143
2561.77	328.809
2562.42	327.801
2563.07	304.214
2563.72	351.243
2564.37	369.55
2565.03	348.982
2565.68	342.784
2566.33	330.517
2566.98	327.509
2567.63	314.311
2568.28	326.668
2568.93	347.167
2569.58	335.913
2570.23	331.77
2570.88	342.938
2571.53	352.083
2572.18	360.265
2572.83	342.969
2573.48	337.948
2574.13	347.216
2574.78	346.241
2575.43	347.27
2576.07	340.104
2576.72	323.746
2577.37	341.068
2578.02	341.048
2578.67	321.651
2579.31	308.367
2579.96	315.45
2580.61	331.671
2581.26	310.196
2581.9	311.147
2582.55	297.893
2583.19	314.198
2583.84	327.502
2584.49	294.029
2585.13	299.211
2585.78	326.743
2586.42	289.079
2587.07	294.094
2587.71	287.877
2588.36	293.838
2589	310.967
2589.65	286.524
2590.29	273.302
2590.93	268.237
2591.58	310.849
2592.22	296.723
2592.86	327.229
2593.51	341.542
2594.15	310.23
2594.79	305.289
2595.43	312.519
2596.07	325.822
2596.72	301.529
2597.36	316.789
2598	323.887
2598.64	284.285
2599.28	294.409
2599.92	296.435
2600.56	292.408
2601.2	322.891
2601.85	281.392
2602.49	296.684
2603.13	285.588
2603.76	322.141
2604.4	292.747
2605.04	322.167
2605.68	307.989
2606.32	292.809
2606.96	303.989
2607.6	339.48
2608.24	262.452
2608.88	327.27
2609.51	293.809
2610.15	316.068
2610.79	270.533
2611.43	306.035
2612.06	278.811
2612.7	318.457
2613.34	265.923
2613.97	283.294
2614.61	288.49
2615.25	321.061
2615.88	288.702
2616.52	286.771
2617.15	300.068
2617.79	301.198
2618.42	321.629
2619.06	307.538
2619.69	286.319
2620.33	300.641
2620.96	286.492
2621.6	279.438
2622.23	306.934
2622.86	303.947
2623.5	295.896
2624.13	294.981
2624.76	295.097
2625.4	274.87
2626.03	268.866
2626.66	280.14
2627.29	291.403
2627.93	280.275
2628.56	289.512
2629.19	291.646
2629.82	306.019
2630.45	332.635
2631.08	308.321
2631.71	288.058
2632.34	281.024
2632.98	309.663
2633.61	315.887
2634.24	334.371
2634.87	305.96
2635.5	291.833
2636.12	327.737
2636.75	304.409
2637.38	313.754
2638.01	323.092
2638.64	304.81
2639.27	334.577
2639.9	332.625
2640.53	328.608
2641.15	334.807
2641.78	320.537
2642.41	327.758
2643.04	347.276
2643.66	349.429
2644.29	326.016
2644.92	370.182
2645.54	324.234
2646.17	339.711
2646.8	329.549
2647.42	328.581
2648.05	353.209
2648.67	339.926
2649.3	356.364
2649.92	354.384
2650.55	336.039
2651.17	331.039
2651.8	380.399
2652.42	387.758
2653.05	358.184
2653.67	360.389
2654.29	350.246
2654.92	366.761
2655.54	366.82
2656.16	352.491
2656.79	361.781
2657.41	389.372
2658.03	396.089
2658.65	377.479
2659.27	364.834
2659.9	403.333
2660.52	402.562
2661.14	396.206
2661.76	399.248
2662.38	391.784
2663	361.866
2663.62	392.502
2664.24	376.66
2664.86	389.359
2665.48	413.321
2666.1	416.98
2666.72	391.669
2667.34	398.06
2667.96	392.35
2668.58	396.259
2669.2	416.065
2669.82	416.543
2670.44	399.448
2671.05	412.24
2671.67	438.812
2672.29	452.211
2672.91	463.962
2673.53	467.933
2674.14	462.006
2674.76	432.26
2675.38	467.696
2675.99	491.928
2676.61	497.992
2677.23	554.295
2677.84	568.308
2678.46	614.228
2679.07	636.263
2679.69	702.629
2680.3	747.557
2680.92	801.697
2681.53	843.824
2682.15	907.416
2682.76	937.393
2683.38	971.255
2683.99	986.252
2684.61	989.215
2685.22	934.722
2685.83	925.116
2686.44	896.583
2687.06	880.466
2687.67	887.177
2688.28	873.672
2688.9	905.508
2689.51	904.604
2690.12	913.374
2690.73	930.754
2691.34	937.714
2691.96	948.763
2692.57	941.89
2693.18	967.014
2693.79	995.761
2694.4	980.541
2695.01	979.082
2695.62	988.035
2696.23	968.611
2696.84	968.577
2697.45	966.298
2698.06	966.006
2698.67	960.428
2699.28	947.425
2699.88	940.553
2700.49	963.872
2701.1	961.231
2701.71	959.819
2702.32	978.347
2702.93	946.986
2703.53	949.18
2704.14	990.073
2704.75	980.727
2705.36	993.636
2705.96	1014.75
2706.57	1001.21
2707.17	1003.35
2707.78	1016.4
2708.39	1018.05
2708.99	1054.84
2709.6	1058.64
2710.2	1069.59
2710.81	1041.68
2711.41	1044.76
2712.02	1078.46
2712.62	1108.99
2713.23	1121.61
2713.83	1109.68
2714.44	1093.4
2715.04	1115.36
2715.64	1147.51
2716.25	1159.28
2716.85	1155.85
2717.45	1194.19
2718.05	1176.48
2718.66	1151.2
2719.26	1166.16
2719.86	1197.55
2720.46	1215.16
2721.06	1222.74
2721.67	1255.05
2722.27	1223.57
2722.87	1255.14
2723.47	1271.3
2724.07	1275.18
2724.67	1288.56
2725.27	1298.17
2725.71	1289.82
2726.38	1281.44
2727.06	1314.6
2727.73	1316.07
2728.4	1312.39
2729.07	1331.15
2729.74	1339.92
2730.42	1313.39
2731.09	1349.1
2731.76	1346.45
2732.43	1345.98
2733.1	1364.88
2733.77	1365.42
2734.44	1362.77
2735.11	1404.71
2735.78	1422.03
2736.45	1417.77
2737.12	1423.54
2737.79	1450.57
2738.46	1472.48
2739.13	1411.09
2739.8	1434.24
2740.47	1432.21
2741.14	1434.52
2741.81	1439.09
2742.47	1382.75
2743.14	1435.31
2743.81	1416.56
2744.48	1373.23
2745.15	1375.62
2745.81	1389.16
2746.48	1368.06
2747.15	1364.35
2747.81	1368.83
2748.48	1388.57
2749.15	1372.49
2749.81	1430.68
2750.48	1381.57
2751.15	1391.52
2751.81	1345.44
2752.48	1350.57
2753.14	1362.15
2753.81	1253.61
2754.47	1285.01
2755.14	1232.56
2755.8	1198.24
2756.47	1161.58
2757.13	1168.68
2757.8	1144.02
2758.46	1076.52
2759.13	1086.85
2759.79	1067.73
2760.45	1108
2761.12	1045.98
2761.78	1054.37
2762.44	1111.68
2763.1	1083.94
2763.77	1043.91
2764.43	1088.89
2765.09	1090.09
2765.76	1048.54
2766.42	1102.32
2767.08	1106.05
2767.74	1176.37
2768.4	1157.44
2769.06	1189.63
2769.72	1211.45
2770.38	1241.4
2771.05	1326.75
2771.71	1346.48
2772.37	1342.72
2773.03	1377.07
2773.69	1486.54
2774.35	1525.17
2775.01	1603.79
2775.67	1719.27
2776.33	1797.55
2776.99	1919.96
2777.64	1997.14
2778.3	2116.63
2778.96	2231.14
2779.62	2336.49
2780.28	2330.63
2780.94	2463.49
2781.59	2458.3
2782.25	2489.1
2782.91	2408.98
2783.57	2369.3
2784.22	2369.08
2784.88	2339.2
2785.54	2332.94
2786.2	2292.32
2786.85	2328.37
2787.51	2311.28
2788.16	2306.21
2788.82	2256.89
2789.48	2298.57
2790.13	2327.47
2790.79	2367.25
2791.44	2438.29
2792.1	2461.95
2792.75	2503.74
2793.41	2442.92
2794.06	2572.21
2794.72	2547.62
2795.37	2566.19
2796.02	2631.15
2796.68	2692.19
2797.33	2682.52
2797.98	2784.24
2798.64	2779.23
2799.29	2832.01
2799.94	2881.82
2800.6	2889.52
2801.25	2967.24
2801.9	2907.02
2802.55	3029.98
2803.21	3027.18
2803.86	3141.55
2804.51	3143.44
2805.16	3155.43
2805.81	3213.69
2806.46	3234.93
2807.11	3359.16
2807.77	3464.85
2808.42	3470.6
2809.07	3488.49
2809.72	3573.99
2810.37	3632.5
2811.02	3696.07
2811.67	3738.29
2812.32	3806.59
2812.97	3890.74
2813.61	3900.27
2814.26	3950.1
2814.91	3989.7
2815.56	4037.41
2816.21	4181.56
2816.86	4215.47
2817.51	4265.55
2818.15	4304
2818.8	4290.78
2819.45	4341.09
2820.1	4434.6
2820.74	4395.03
2821.39	4487.54
2822.04	4635.07
2822.69	4736.63
2823.33	4729.02
2823.98	4795.65
2824.63	4930.23
2825.27	4968.61
2825.92	5060.2
2826.56	5100.81
2827.21	5127.72
2827.85	5255.93
2828.5	5282.12
2829.14	5255.34
2829.79	5361.24
2830.43	5349.36
2831.08	5342.73
2831.72	5462.38
2832.37	5465.71
2833.01	5479.89
2833.65	5593.23
2834.3	5566.29
2834.94	5625.21
2835.58	5788.55
2836.23	5759.48
2836.87	5811.5
2837.51	5729.23
2838.16	5822.11
2838.8	5906.51
2839.44	5877.67
2840.08	6098.66
2840.72	6112.04
2841.36	6070.31
2842.01	6134.76
2842.65	6232.75
2843.29	6241.4
2843.93	6228.74
2844.57	6345.73
2845.21	6386.87
2845.85	6446.54
2846.49	6535.18
2847.13	6489.78
2847.77	6585.92
2848.41	6655.08
2849.05	6725.48
2849.69	6773.73
2850.33	6709.64
2850.97	6686.15
2851.61	6608.96
2852.24	6711.18
2852.88	6787.08
2853.52	6889.95
2854.16	6815.79
2854.8	6878.51
2855.43	6856.29
2856.07	6931.19
2856.71	6977.28
2857.35	6948.37
2857.98	7045.67
2858.62	6991.35
2859.26	7232.36
2859.89	7322.48
2860.53	7471.98
2861.16	7613.02
2861.8	7734.54
2862.44	7829.13
2863.07	8031.06
2863.71	8152.47
2864.34	8375.3
2864.98	8487.58
2865.61	8615.93
2866.25	8929.99
2866.88	9035.63
2867.52	9202.48
2868.15	9375.94
2868.78	9458.27
2869.42	9736.59
2870.05	9909.35
2870.69	10147.2
2871.32	10216.1
2871.95	10366.6
2872.58	10596
2873.22	10887.1
2873.85	11109.2
2874.48	11246.6
2875.11	11406.1
2875.75	11432.6
2876.38	11397.2
2877.01	11706.7
2877.64	11643.4
2878.27	11643.3
2878.9	11623.7
2879.53	11749.8
2880.16	11614.4
2880.79	11684.6
2881.42	11448
2882.05	11463.2
2882.68	11473.8
2883.31	11512
2883.94	11527.8
2884.57	11450.1
2885.2	11493.7
2885.83	11379.5
2886.46	11331.7
2887.09	11351.4
2887.72	11424.3
2888.35	11395.2
2888.97	11407.6
2889.6	11344.3
2890.23	11482.7
2890.86	11352.2
2891.49	11317
2892.11	11211.2
2892.74	11303.7
2893.37	11416.1
2893.99	11440
2894.62	11321.9
2895.25	11488.4
2895.87	11445.7
2896.5	11515.6
2897.12	11532.4
2897.75	11541.7
2898.38	11615.9
2899	11756.3
2899.63	11843.6
2900.25	12040.8
2900.88	12164.1
2901.5	12162
2902.12	12195
2902.75	12296
2903.37	12368.7
2904	12512.4
2904.62	12487.8
2905.25	12465.2
2905.87	12706.1
2906.49	12828.4
2907.11	12865.7
2907.74	12780.6
2908.36	12858.3
2908.98	12820.3
2909.6	12965.8
2910.23	13012.5
2910.85	12839.8
2911.47	12828.2
2912.09	12770.7
2912.71	12728.2
2913.33	12680
2913.96	12804.9
2914.58	12585.2
2915.2	12362.3
2915.82	12249.6
2916.44	12083.6
2917.06	12133.2
2917.68	11844.9
2918.3	11707.5
2918.92	11509.4
2919.54	11336.4
2920.16	11358.7
2920.77	11249.2
2921.39	11122.1
2922.01	11044.6
2922.63	10994.6
2923.25	10980.6
2923.87	11067.7
2924.48	10977.9
2925.1	11017.5
2925.72	11052.7
2926.34	11125.3
2926.95	11176.3
2927.57	11116
2928.19	11260.2
2928.8	11379.1
2929.42	11395.7
2930.04	11599.5
2930.65	11649.1
2931.27	11734.8
2931.89	12084.8
2932.5	12216.9
2933.12	12336.1
2933.73	12635.7
2934.35	12803.1
2934.96	13017
2935.58	13374.4
2936.19	13663
2936.81	13579.1
2937.42	13769.6
2938.03	13946.2
2938.65	14089.1
2939.26	14099
2939.88	14037.5
2940.49	13753.1
2941.1	13679.8
2941.71	13459.9
2942.33	13317.1
2942.94	13075.3
2943.55	12799.8
2944.17	12635.8
2944.78	12394.9
2945.39	12185.4
2946	11835.8
2946.61	11741.2
2947.22	11334.4
2947.83	11293.7
2948.45	11060.9
2949.06	10755.5
2949.67	10570.6
2950.28	10461.3
2950.89	10368.8
2951.5	10044.3
2952.11	9922.32
2952.72	9652.05
2953.33	9457.57
2953.94	9291.43
2954.54	9120.42
2955.15	9000.57
2955.76	8721.3
2956.37	8739.56
2956.98	8560.14
2957.59	8330.9
2958.2	8240.24
2958.8	8155.42
2959.41	8067.48
2960.02	7895.12
2960.63	7822.93
2961.23	7637.08
2961.84	7563.14
2962.45	7557.21
2963.05	7401.35
2963.66	7298.25
2964.27	7164.71
2964.87	7023.38
2965.48	7070.66
2966.08	6917.5
2966.69	6770.12
2967.29	6695.91
2967.9	6531.79
2968.5	6499.49
2969.11	6276.3
2969.71	6185.31
2970.32	6003.8
2970.92	5990.09
2971.53	5861.91
2972.13	5759.37
2972.74	5583.94
2973.34	5457.59
2973.94	5330.21
2974.54	5245.59
2975.15	5141.86
2975.75	5042.19
2976.35	4864.67
2976.96	4811.12
2977.56	4737.47
2978.16	4634.07
2978.76	4540.74
2979.36	4457.59
2979.97	4413.56
2980.57	4292.84
2981.17	4148.43
2981.77	4066.13
2982.37	3921.58
2982.97	3895.37
2983.57	3815.54
2984.17	3719.51
2984.77	3587.28
2985.37	3477.42
2985.97	3411.37
2986.57	3365.31
2987.17	3186.18
2987.77	3221.95
2988.37	3106.63
2988.97	3003.09
2989.57	2985.25
2990.17	2858.57
2990.76	2789.3
2991.36	2756.07
2991.96	2705.65
2992.56	2637.98
2993.16	2548.77
2993.75	2513.65
2994.35	2441.4
2994.95	2405.83
2995.54	2397.86
2996.14	2281.7
2996.74	2260.01
2997.33	2224.36
2997.93	2155.22
2998.52	2137.3
2999.12	2144.94
2999.72	2065.53
3000.31	2041.33
3000.91	2035.56
3001.5	1958.11
3002.1	1944.07
3002.69	1942.19
3003.29	1896.1
3003.88	1854.98
3004.47	1853.8
3005.07	1841.5
3005.66	1768.06
3006.26	1726.68
3006.85	1721.42
3007.44	1692.66
3008.04	1627.84
3008.63	1563.72
3009.22	1544.42
3009.81	1532.01
3010.41	1502.01
3011	1446.41
3011.59	1442.28
3012.18	1429.13
3012.77	1387.37
3013.36	1375.41
3013.96	1341.84
3014.55	1334.92
3015.14	1324.94
3015.73	1319.17
3016.32	1267.26
3016.91	1250.35
3017.5	1231.33
3018.09	1214.21
3018.68	1219.53
3019.27	1237.09
3019.86	1187.72
3020.45	1168.33
3021.04	1158.37
3021.63	1189.77
3022.22	1164.53
3022.8	1169.11
3023.39	1199.33
3023.98	1142.79
3024.57	1132.61
3025.16	1147.19
3025.74	1142.2
3026.33	1159.89
3026.92	1150.69
3027.5	1142.4
3028.09	1160.85
3028.68	1186.5
3029.26	1152.37
3029.85	1178.25
3030.44	1184.72
3031.02	1150.07
3031.61	1188.79
3032.19	1154.14
3032.78	1149.3
3033.37	1205.28
3033.95	1175.34
3034.54	1177.38
3035.12	1222.84
3035.71	1244.56
3036.29	1230.13
3036.87	1219.86
3037.46	1216.82
3038.04	1226.21
3038.63	1237.75
3039.21	1245.3
3039.79	1271.63
3040.38	1266.02
3040.96	1260.44
3041.54	1269.25
3042.12	1263.32
3042.71	1262.27
3043.29	1236.1
3043.87	1238.78
3044.45	1302.51
3045.03	1289.76
3045.62	1279.31
3046.2	1318.76
3046.78	1350.13
3047.36	1355.71
3047.94	1350.9
3048.52	1415.37
3049.1	1455.89
3049.68	1475.57
3050.26	1560.42
3050.84	1644.19
3051.42	1679.26
3052	1754.71
3052.58	1809.44
3053.16	1871.44
3053.74	1902.47
3054.32	1979.2
3054.89	2000.24
3055.47	2012.17
3056.05	2015.94
3056.63	2090.2
3057.21	2075.18
3057.78	2070.25
3058.36	2081.6
3058.94	2077.14
3059.52	2029.03
3060.09	2054.57
3060.67	2111.36
3061.25	2075.1
3061.82	2006.86
3062.4	2032.91
3062.97	2067.15
3063.55	2051.47
3064.13	1950.7
3064.7	1949.4
3065.28	1873.63
3065.85	1921.3
3066.43	1877.95
3067	1799.36
3067.58	1795.21
3068.15	1730.71
3068.72	1708.43
3069.3	1581.46
3069.87	1536.33
3070.45	1496.57
3071.02	1466.39
3071.59	1369.23
3072.17	1314.6
3072.74	1268.23
3073.31	1212.43
3073.89	1182.33
3074.46	1142.81
3075.03	1108.43
3075.6	1090.69
3076.17	1037.96
3076.74	1005.03
3077.32	985.645
3077.89	929.051
3078.46	910.675
3079.03	895.304
3079.6	887.052
3080.17	817.631
3080.74	815.385
3081.31	789.294
3081.88	809.72
3082.45	767.092
3083.02	764.804
3083.59	778.027
3084.16	716.904
3084.73	715.693
3085.3	696.953
3085.87	703.031
3086.43	690.609
3087	641.13
3087.57	671.169
3088.14	649.639
3088.71	640.467
3089.28	638.459
3089.84	641.543
3090.41	603.289
3090.98	608.373
3091.54	605.199
3092.11	588.614
3092.68	569.966
3093.24	565.755
3093.81	571.853
3094.38	568.676
3094.94	553.147
3095.51	588.148
3096.07	549.966
3096.64	548.883
3097.2	547.785
3097.77	532.264
3098.33	518.834
3098.9	532.237
3099.46	534.358
3100.03	536.507
3100.59	543.803
3101.15	530.453
3101.72	504.688
3102.28	519.073
3102.84	480.884
3103.41	506.559
3103.97	523.977
3104.53	507.403
3105.1	519.657
3105.66	518.529
3106.22	486.546
3106.78	514.266
3107.34	517.309
3107.91	513.168
3108.47	514.185
3109.03	540.938
3109.59	497.786
3110.15	507.143
3110.71	509.349
3111.27	501.286
3111.83	485.991
3112.39	500.49
3112.95	516.958
3113.51	493.186
3114.07	479.68
3114.63	483.684
3115.19	504.195
3115.75	470.239
3116.31	453.811
3116.87	473.397
3117.43	479.58
3117.98	504.233
3118.54	460.948
3119.1	485.527
3119.66	485.426
3120.22	485.356
3120.77	482.243
3121.33	479.164
3121.89	446.293
3122.44	489.459
3123	462.705
3123.56	448.245
3124.11	472.787
3124.67	478.82
3125.23	477.682
3125.78	440.666
3126.34	470.421
3126.89	454.046
3127.45	444.893
3128	422.407
3128.56	461.524
3129.11	412.305
3129.67	414.403
3130.22	457.55
3130.78	442.114
3131.33	446.158
3131.88	455.309
3132.44	470.603
3132.99	433.566
3133.54	475.56
3134.1	449.873
3134.65	466.277
3135.2	446.808
3135.76	432.483
3136.31	484.84
3136.86	430.507
3137.41	486.956
3137.96	450.038
3138.51	419.263
3139.07	492.091
3139.62	454.126
3140.17	444.887
3140.72	482.837
3141.27	422.33
3141.82	462.34
3142.37	472.599
3142.92	455.15
3143.47	423.338
3144.02	459.21
3144.57	468.442
3145.12	438.749
3145.67	442.937
3146.22	448.187
3146.77	449.346
3147.32	451.517
3147.86	435.174
3148.41	467.027
3148.96	470.087
3149.51	455.658