401.058	1185.83
402.149	1077.92
403.243	1120.47
404.332	1098.63
405.424	987.133
406.515	1061.52
407.606	1019.99
408.697	868.578
409.785	852.802
410.876	791.045
411.967	809.041
413.055	744.432
414.143	669.554
415.233	746.021
416.321	735.443
417.409	721.137
418.499	720.838
419.586	747.531
420.673	733.573
421.761	803.066
422.848	890.179
423.935	941.344
425.02	913.222
426.106	1017.03
427.193	987.955
428.278	1103.42
429.364	1087.02
430.45	1138.71
431.534	1105.93
432.618	1191.94
433.704	1138.57
434.788	1202.11
435.871	1214.33
436.955	1233.92
438.038	1155.12
439.123	1126.86
440.204	1124.47
441.287	974.229
442.37	990.715
443.452	902.365
444.535	908.877
445.615	808.145
446.698	751.408
447.78	658.401
448.86	654.023
449.939	544.278
451.021	529.842
452.101	514.563
453.18	498.365
454.262	496.002
455.341	369.2
456.42	311.815
457.499	347.16
458.578	401.07
459.654	379.867
460.733	335.506
461.811	290.222
462.89	308.104
463.966	277.647
465.044	289.944
466.12	269.668
467.197	270.776
468.273	311.9
469.349	303.598
470.426	257.015
471.501	272.735
472.576	270.72
473.651	303.081
474.726	338.233
475.801	301.059
476.876	391.061
477.95	341.929
479.022	341.018
480.097	373.43
481.171	415.016
482.243	404.638
483.317	423.859
484.388	497.6
485.46	471.425
486.533	529.284
487.605	515.984
488.676	600.377
489.747	504.165
490.818	674.999
491.889	703.206
492.959	630.41
494.03	708.46
495.1	759.835
496.171	762.419
497.239	823.62
498.309	821.301
499.379	783.155
500.446	904.488
501.514	854.599
502.584	869.007
503.651	869.876
504.718	905.668
505.788	836.307
506.855	847.497
507.921	929.168
508.988	928.437
510.055	924.048
511.119	890.392
512.186	879.695
513.252	950.629
514.318	1052.86
515.382	1046.1
516.448	1005.43
517.512	1041
518.577	1070.27
519.641	1176.96
520.704	1109.99
521.768	1150.79
522.833	1120.64
523.896	1199.25
524.959	1222.31
526.021	1267.24
527.084	1336.83
528.144	1304.52
529.207	1272.19
530.269	1270.56
531.331	1381.2
532.391	1429.53
533.453	1378.27
534.513	1429.99
535.572	1382.34
536.634	1449.47
537.693	1409.33
538.752	1340.96
539.812	1344.08
540.87	1345.52
541.929	1267.24
542.988	1279.53
544.047	1220.19
545.105	1106.51
546.164	1071.74
547.22	1008.47
548.278	989.646
549.336	932.307
550.392	962.634
551.448	883.908
552.505	902.324
553.561	873.362
554.616	838.908
555.671	748.54
556.728	727.958
557.783	748.186
558.836	699.341
559.891	778.716
560.946	748.291
562	642.822
563.055	603.456
564.107	631.888
565.161	609.437
566.213	583.307
567.267	645.048
568.318	544.896
569.37	624.094
570.424	571.163
571.475	540.463
572.526	532.877
573.577	579.701
574.628	598.845
575.679	635.486
576.73	638.989
577.781	597.451
578.829	634.21
579.88	632.371
580.93	623.198
581.978	600.219
583.026	538.583
584.076	539.468
585.124	587.22
586.172	532.92
587.221	582.47
588.269	572.258
589.316	584.043
590.363	647.157
591.41	690.916
592.457	631.993
593.502	646.569
594.549	619.184
595.595	659.857
596.64	636.508
597.686	583.779
598.73	619.099
599.776	585.322
600.82	568.828
601.864	628.527
602.908	603.74
603.953	557.063
604.997	651.217
606.04	600.27
607.083	578.743
608.125	587.513
609.168	612.732
610.211	738.324
611.253	694.133
612.294	687.735
613.336	713.663
614.377	827.276
615.419	980.609
616.459	1042.58
617.499	1104.43
618.539	1141.26
619.579	1038.76
620.619	967.68
621.658	870.858
622.698	857.094
623.737	906.084
624.776	973.572
625.815	1028.22
626.852	1175.22
627.891	1275.32
628.928	1324.74
629.966	1407.37
631.003	1396.56
632.041	1365.12
633.077	1415.56
634.114	1282.16
635.15	1156.28
636.185	1168.96
637.221	1057.37
638.257	980.08
639.292	960.015
640.328	881.761
641.361	833.775
642.396	769.011
643.431	670.052
644.464	712.033
645.497	633.436
646.532	555.948
647.564	556.8
648.597	572.475
649.629	547.744
650.663	550.581
651.695	534.041
652.727	515.581
653.757	486.036
654.789	468.426
655.821	490.314
656.852	458.106
657.882	408.555
658.913	442.535
659.942	459.105
660.973	396.776
662.002	364.679
663.031	443.489
664.06	415.086
665.09	423.473
666.119	422.851
667.147	403.999
668.175	421
669.201	443.509
670.229	350.891
671.257	404.446
672.285	403.607
673.311	423.005
674.338	366.97
675.363	409.538
676.389	362.828
677.416	400.907
678.441	342.114
679.466	418.837
680.491	346.012
681.515	379.24
682.54	341.44
683.565	359.952
684.589	382.227
685.613	403.664
686.635	326.377
687.659	379.283
688.681	441.481
689.705	423.26
690.727	441.074
691.75	494.968
692.772	459.073
693.793	429.612
694.814	529.75
695.835	460.379
696.856	519.677
697.877	506.705
698.898	485.39
699.918	539.979
700.937	577.917
701.957	524.272
702.978	571.489
703.996	514.153
705.016	518.782
706.034	536.333
707.052	482.669
708.069	489.115
709.087	465.074
710.107	466.942
711.124	448.511
712.139	447.665
713.156	402.475
714.173	456.154
715.19	436.788
716.205	415.518
717.222	406.198
718.238	399.599
719.253	397.593
720.267	430.619
721.283	422.174
722.297	433.11
723.311	403.567
724.325	413.642
725.339	439.384
726.353	466.084
727.366	451.435
728.38	509.49
729.391	518.789
730.404	578.629
731.417	588.685
732.428	582.077
733.441	579.997
734.452	583.418
735.463	568.537
736.475	617.994
737.486	629.024
738.496	579.6
739.506	609.132
740.516	591.859
741.526	647.047
742.534	571.83
743.544	628.724
744.554	654.379
745.561	623.154
746.571	625.909
747.578	608.525
748.587	640.712
749.594	568.364
750.601	577.685
751.608	596.223
752.615	594.622
753.621	586.646
754.628	560.343
755.634	557.045
756.641	537.232
757.647	531.231
758.651	546.427
759.657	603.132
760.663	508.606
761.666	557.923
762.67	582.306
763.676	587.233
764.679	570.82
765.682	580.203
766.686	743.907
767.689	835.504
768.692	597.148
769.694	574.301
770.697	575.655
771.698	563.257
772.7	550.901
773.703	503.211
774.703	527.762
775.703	486.196
776.705	511.358
777.705	509.484
778.705	557.768
779.705	512.323
780.705	575.651
781.704	596.357
782.704	524.148
783.703	566.234
784.702	520.847
785.701	595.383
786.698	571.298
787.697	636.539
788.694	543.669
789.693	657.416
790.689	626.933
791.686	619.672
792.682	636.544
793.68	743.665
794.676	731.564
795.672	758.61
796.666	768.998
797.662	854.935
798.658	893.457
799.653	885.353
800.647	920.896
801.642	950.643
802.636	993.232
803.631	1040.32
804.624	1038.03
805.617	1039.47
806.61	1040.93
807.602	943.869
808.595	948.081
809.587	971.725
810.58	909.073
811.572	917.928
812.564	905.562
813.554	909.057
814.546	924.649
815.536	886.549
816.528	859.548
817.518	951.904
818.507	935.053
819.499	943.2
820.488	1013.29
821.477	1004.74
822.466	1065.39
823.455	1102.76
824.444	1260.86
825.431	1257.35
826.42	1358.1
827.408	1502.28
828.395	1564.66
829.383	1737.67
830.369	1855.33
831.356	1991.04
832.342	2160.24
833.33	2346.36
834.315	2545.05
835.301	2685.12
836.287	2856.06
837.27	3012.11
838.256	3018.18
839.241	3048.33
840.226	3002.17
841.209	2998.03
842.194	2969.84
843.177	2861.72
844.16	2827.2
845.145	2668.77
846.127	2505.8
847.11	2427.37
848.092	2334.14
849.074	2285.83
850.056	2296.19
851.039	2244.71
852.018	2212.35
853	2169.73
853.982	2194.22
854.962	2234.47
855.941	2249.24
856.923	2177.03
857.902	2185.09
858.881	2142.76
859.86	2069.13
860.839	1967.71
861.818	1973.76
862.797	1888.37
863.776	1826.68
864.754	1809.02
865.733	1771.95
866.709	1686.12
867.687	1641.82
868.664	1594.89
869.642	1583.08
870.618	1560.36
871.594	1532.21
872.569	1458.06
873.545	1421.66
874.521	1379.69
875.496	1434.4
876.471	1417.16
877.447	1326.06
878.42	1364.81
879.395	1318.67
880.37	1394.15
881.343	1299.2
882.315	1268.86
883.29	1273.66
884.262	1166.1
885.235	1194.94
886.207	1189.61
887.179	1106.74
888.151	1139.02
889.123	1091.07
890.095	1074.5
891.065	1140.01
892.037	1143.81
893.009	1206.62
893.978	1155.14
894.948	1223.52
895.919	1237.59
896.888	1244.39
897.857	1298.34
898.826	1299.72
899.795	1431.14
900.764	1456.24
901.732	1546.63
902.701	1605.4
903.668	1640.05
904.636	1711.59
905.604	1771.25
906.57	1793.32
907.538	1812.9
908.504	1935.12
909.47	1883.3
910.436	1968.22
911.402	1927.71
912.367	2004.44
913.333	1884.21
914.298	1905.13
915.264	1863.95
916.229	1793.08
917.192	1726.88
918.157	1732.97
919.12	1721.63
920.084	1605.76
921.047	1616.69
922.01	1554.33
922.972	1463.98
923.935	1425.41
924.897	1380.3
925.859	1294.4
926.821	1217.83
927.783	1140.34
928.743	1103.67
929.705	1092.93
930.667	1086.77
931.626	1015.51
932.586	988.859
933.547	922.294
934.506	919.968
935.466	911.226
936.425	949.078
937.384	904.955
938.343	892.407
939.301	879.773
940.26	875.489
941.217	902.948
942.175	895.016
943.132	889.958
944.09	932.636
945.046	952
946.002	890.864
946.96	951.347
947.916	911.566
948.872	992.612
949.828	908.633
950.783	913.654
951.737	935.488
952.692	960.043
953.647	915.069
954.601	924.466
955.556	943.279
956.509	886.223
957.464	926.919
958.417	986.576
959.369	930.776
960.322	943.435
961.275	967.152
962.227	1005.65
963.179	970.65
964.132	978.859
965.082	1010.67
966.034	1035.2
966.984	1036.47
967.936	1030.32
968.885	1120.95
969.837	1079.81
970.787	1112.69
971.736	1066.41
972.686	1126.22
973.635	1139.04
974.584	1108.77
975.533	1175.31
976.48	1298.25
977.429	1255.12
978.378	1279.59
979.325	1316.25
980.273	1381.98
981.22	1345.38
982.166	1457.9
983.113	1517.7
984.061	1550.99
985.007	1540.93
985.953	1593.52
986.897	1588.01
987.843	1687.46
988.789	1677.64
989.734	1661.51
990.678	1729.7
991.623	1840.87
992.567	1958.42
993.51	2209.32
994.453	2539.21
995.398	3094.6
996.341	3764.18
997.284	4416.41
998.227	4926.55
999.168	5116.85
1000.11	5085.51
1001.05	4474.08
1001.99	3726.27
1002.94	2904.5
1003.88	2277.77
1004.82	1826.35
1005.76	1592.96
1006.7	1385.62
1007.64	1305.83
1008.58	1187.64
1009.52	1199.74
1010.46	1138.03
1011.4	1094
1012.34	1098.49
1013.27	1118.1
1014.21	1163.16
1015.15	1113.45
1016.09	1140.31
1017.03	1173.71
1017.96	1161.26
1018.9	1194.34
1019.84	1243.15
1020.77	1287.21
1021.71	1353.76
1022.65	1451.37
1023.58	1580.2
1024.52	1803.03
1025.45	1924.38
1026.39	2109.62
1027.32	2183.27
1028.26	2328.84
1029.19	2338.07
1030.12	2328.34
1031.06	2274.54
1031.99	2083.89
1032.92	1992.11
1033.86	1849.74
1034.79	1766.57
1035.72	1623.86
1036.65	1565.61
1037.59	1438.23
1038.52	1449.29
1039.45	1385.72
1040.38	1396.69
1041.31	1348.15
1042.24	1430.89
1043.17	1299.05
1044.1	1363.72
1045.03	1320.63
1045.96	1333.42
1046.89	1393.74
1047.82	1350.21
1048.75	1316.3
1049.68	1370.66
1050.61	1384.23
1051.53	1423.27
1052.46	1397.38
1053.39	1470.05
1054.32	1436.94
1055.24	1439.88
1056.17	1498.04
1057.1	1537.37
1058.02	1587.35
1058.95	1589.88
1059.88	1631.45
1060.8	1639.66
1061.73	1623.99
1062.65	1540.67
1063.58	1623.27
1064.5	1563.89
1065.43	1638.92
1066.35	1560.07
1067.27	1565.68
1068.2	1602.27
1069.12	1578.41
1070.04	1614.48
1070.97	1617.43
1071.89	1622.74
1072.81	1566.7
1073.73	1600.45
1074.65	1664.81
1075.58	1585.25
1076.5	1643.48
1077.42	1550.94
1078.34	1530.57
1079.26	1552.95
1080.18	1501.13
1081.1	1426.56
1082.02	1366.31
1082.94	1414.42
1083.86	1316.17
1084.78	1280.65
1085.7	1281.26
1086.61	1227.84
1087.53	1221.98
1088.45	1177.28
1089.37	1205.63
1090.28	1181.74
1091.2	1250.66
1092.12	1246.47
1093.03	1218.58
1093.95	1260.84
1094.87	1208.52
1095.78	1246.28
1096.7	1295.5
1097.61	1265.26
1098.53	1315.45
1099.44	1338.13
1100.36	1324.76
1101.27	1360.51
1102.19	1327.13
1103.1	1323.04
1104.01	1382.27
1104.93	1442.5
1105.84	1415.93
1106.75	1456.68
1107.67	1418.28
1108.58	1467.94
1109.49	1561.16
1110.4	1639.12
1111.31	1810.47
1112.22	1839.66
1113.14	1677.66
1114.05	1654.72
1114.96	1718.88
1115.87	1755.82
1116.78	1833.55
1117.69	1798.78
1118.6	1908.5
1119.51	1873.29
1120.42	1920.08
1121.32	1935.63
1122.23	1949.51
1123.14	1909.12
1124.05	1921.3
1124.96	1861.27
1125.86	1846.92
1126.77	1848.63
1127.68	1753.32
1128.58	1746.52
1129.49	1736.28
1130.4	1660.12
1131.3	1668.14
1132.21	1571.92
1133.11	1545.16
1134.02	1591.71
1134.92	1575.16
1135.83	1530.43
1136.73	1527.51
1137.64	1549.21
1138.54	1549.88
1139.44	1528.54
1140.35	1465.3
1141.25	1486.62
1142.15	1422.5
1143.06	1444.99
1143.96	1439.03
1144.86	1461.61
1145.76	1453.63
1146.66	1427.39
1147.57	1469.57
1148.47	1431.63
1149.37	1403.16
1150.27	1413.76
1151.17	1392.01
1152.07	1430.33
1152.97	1365.75
1153.87	1345.92
1154.77	1332.67
1155.67	1259.29
1156.57	1150.59
1157.46	1132.42
1158.36	1023.81
1159.26	962.007
1160.16	932.698
1161.05	911.063
1161.95	888.434
1162.85	853.279
1163.75	841.777
1164.64	838.682
1165.54	809.766
1166.44	834.175
1167.33	796.811
1168.23	798.604
1169.12	759.626
1170.02	743.548
1170.91	767.424
1171.81	760.826
1172.7	805.52
1173.59	785.473
1174.49	810.044
1175.38	823.125
1176.27	815.233
1177.17	860.447
1178.06	864.807
1178.95	931.784
1179.84	966.591
1180.74	981.614
1181.63	961.683
1182.52	955.034
1183.41	961.574
1184.3	971.758
1185.19	971.383
1186.08	934.026
1186.97	986.491
1187.86	977.506
1188.75	962.898
1189.64	1014.36
1190.53	1050.67
1191.42	1067.15
1192.31	1072.35
1193.2	1143.6
1194.09	1133.07
1194.97	1135.9
1195.86	1174.6
1196.75	1189.72
1197.64	1121.89
1198.52	1131.19
1199.41	1102.82
1200.29	1082.98
1201.18	1077.33
1202.07	1056.68
1202.95	1077.4
1203.84	1006.78
1204.72	961.441
1205.61	953.612
1206.49	900.674
1207.38	913.606
1208.26	861.938
1209.14	844.299
1210.03	846.571
1210.91	816.038
1211.79	794.852
1212.68	787.628
1213.56	824.429
1214.44	852.554
1215.32	795.889
1216.21	797.497
1217.09	760.653
1217.97	801.944
1218.85	810.577
1219.73	857.985
1220.61	828.532
1221.49	842.446
1222.37	926.103
1223.25	972.058
1224.13	1046.16
1225.01	1144.61
1225.89	1157.98
1226.77	1229.79
1227.65	1234.69
1228.52	1270
1229.4	1258.37
1230.28	1240.34
1231.16	1171.36
1232.03	1209.27
1232.91	1121.19
1233.79	1165.59
1234.66	1113.14
1235.54	1087.06
1236.42	1075.07
1237.29	1064.9
1238.17	1036.68
1239.04	990.451
1239.92	970.867
1240.79	981.752
1241.67	946.109
1242.54	923.778
1243.41	884.309
1244.29	911.474
1245.16	892.01
1246.03	913.534
1246.91	940.792
1247.78	887.845
1248.65	903.472
1249.52	937.114
1250.4	910.496
1251.27	904.837
1252.14	929.758
1253.01	940.43
1253.88	965.509
1254.75	985.861
1255.62	1005.24
1256.49	973.888
1257.36	1010.26
1258.23	998.728
1259.1	1046.33
1259.97	1060.43
1260.84	1001.96
1261.71	1038.06
1262.57	1079.94
1263.44	1049.37
1264.31	1096.15
1265.18	1089.51
1266.05	1157.28
1266.91	1157.25
1267.78	1236.3
1268.65	1278.06
1269.51	1340.7
1270.38	1424.2
1271.24	1537.12
1272.11	1580.38
1272.97	1641.63
1273.84	1734.18
1274.7	1809.55
1275.57	1871.6
1276.43	1919.48
1277.3	1970.02
1278.16	1982.08
1279.02	2014.58
1279.89	1979.49
1280.75	1984.27
1281.61	2037.42
1282.48	2034.2
1283.34	2016.7
1284.2	1988.37
1285.06	1994.46
1285.92	1894.54
1286.78	1851.78
1287.65	1808.73
1288.51	1728.14
1289.37	1677.28
1290.23	1585.36
1291.09	1544.5
1291.95	1518.09
1292.81	1468.77
1293.67	1433.13
1294.52	1427.06
1295.38	1374.16
1296.24	1344.93
1297.1	1344.39
1297.96	1292.36
1298.81	1301.08
1299.67	1226.3
1300.53	1277.85
1301.39	1257.74
1302.24	1225.84
1303.1	1197.95
1303.95	1202.65
1304.81	1160.3
1305.67	1144.07
1306.52	1132.41
1307.38	1081.77
1308.23	1065.6
1309.09	1054.76
1309.94	1001.31
1310.8	990.366
1311.65	979.651
1312.5	972.711
1313.35	929.345
1314.21	950.67
1315.06	929.762
1315.91	926.769
1316.77	916.634
1317.62	932.734
1318.47	954.253
1319.32	964.041
1320.17	974.536
1321.02	999.157
1321.87	1020.74
1322.73	1007.8
1323.57	1028.9
1324.43	1018.37
1325.28	1050.8
1326.13	1066.49
1326.97	1081.86
1327.82	1076.07
1328.67	1120.14
1329.52	1117.95
1330.37	1155.46
1331.22	1164.02
1332.06	1171.55
1332.91	1170.53
1333.76	1205.21
1334.61	1203.54
1335.45	1184.3
1336.3	1219.1
1337.15	1250.33
1337.99	1227.09
1338.84	1253.93
1339.68	1297.64
1340.53	1286.45
1341.37	1296.47
1342.22	1285.71
1343.06	1262.74
1343.91	1282.98
1344.75	1324.64
1345.6	1330.16
1346.44	1340.39
1347.28	1311.76
1348.12	1315.75
1348.97	1309.91
1349.81	1336.66
1350.65	1341.02
1351.49	1361.92
1352.33	1349.88
1353.18	1356.16
1354.02	1370.91
1354.86	1355.09
1355.7	1343.71
1356.54	1346.51
1357.38	1356.05
1358.22	1378.2
1359.06	1376.67
1359.9	1342.27
1360.74	1380.06
1361.58	1391.33
1362.42	1399.25
1363.25	1399.5
1364.09	1384.24
1364.93	1396.54
1365.77	1401.6
1366.6	1394.26
1367.19	1416.2
1368.1	1436.22
1369.01	1390.22
1369.92	1380.53
1370.83	1391.38
1371.74	1351.89
1372.65	1327.05
1373.56	1288.39
1374.47	1321.51
1375.37	1280.81
1376.28	1298.07
1377.19	1270
1378.1	1280.18
1379	1226.47
1379.91	1225.78
1380.82	1208.41
1381.72	1184.15
1382.63	1220.53
1383.54	1140.23
1384.44	1159.65
1385.35	1194.55
1386.25	1143.5
1387.16	1140.36
1388.06	1145.1
1388.97	1143.12
1389.87	1134.42
1390.78	1192.81
1391.68	1172.56
1392.59	1158.17
1393.49	1183.51
1394.39	1142.88
1395.3	1087.68
1396.2	1052.78
1397.1	1022.72
1398	967.664
1398.91	966.776
1399.81	904.383
1400.71	873.928
1401.61	852.192
1402.52	863.116
1403.42	839.372
1404.32	830.945
1405.22	835.927
1406.12	837.11
1407.02	800.112
1407.92	814.943
1408.82	825.102
1409.72	782.781
1410.62	821.723
1411.52	753.641
1412.42	800.113
1413.32	838.837
1414.21	824.047
1415.11	801.604
1416.01	807.746
1416.91	828.167
1417.81	797.249
1418.71	801.645
1419.6	821.396
1420.5	835.605
1421.4	870.877
1422.29	863.45
1423.19	872.16
1424.09	909.294
1424.98	935.828
1425.88	958.441
1426.77	1000.96
1427.67	1043.49
1428.56	1061.38
1429.46	1112.6
1430.35	1249.41
1431.25	1252.39
1432.14	1310.63
1433.04	1364.31
1433.93	1400.15
1434.82	1429.51
1435.72	1450.43
1436.61	1456.17
1437.5	1478.16
1438.39	1516.4
1439.29	1529.81
1440.18	1527.83
1441.07	1602.15
1441.96	1696.48
1442.85	1733.44
1443.75	1838.51
1444.64	1941.1
1445.53	2015.45
1446.42	2031.61
1447.31	2135.06
1448.2	2148.03
1449.09	2154.81
1449.98	2201.61
1450.87	2162.72
1451.76	2123.98
1452.65	2127.01
1453.54	2108.45
1454.43	2055.6
1455.31	2089.58
1456.2	1993.91
1457.09	1951.63
1457.98	1894.14
1458.87	1851.67
1459.75	1839.11
1460.64	1734.08
1461.53	1736.89
1462.41	1701.47
1463.3	1679.77
1464.19	1718.97
1465.07	1701.49
1465.96	1746.52
1466.85	1738.72
1467.73	1753.1
1468.61	1687.04
1469.5	1660.98
1470.38	1580.76
1471.27	1578.26
1472.15	1607.77
1473.04	1641.02
1473.92	1663.4
1474.8	1651.64
1475.69	1681.62
1476.57	1738.92
1477.45	1645.02
1478.34	1652.42
1479.22	1569.57
1480.1	1494.32
1480.98	1477
1481.86	1511.63
1482.75	1536.92
1483.63	1534.6
1484.51	1484.69
1485.39	1323.62
1486.27	1238.67
1487.15	1093.11
1488.03	909.988
1488.91	861.46
1489.79	781.826
1490.67	702.058
1491.55	629.992
1492.43	618.836
1493.31	578.775
1494.19	562.944
1495.07	511.524
1495.94	507.373
1496.82	492.609
1497.7	467.235
1498.58	459.149
1499.45	414.559
1500.33	418.004
1501.21	426.248
1502.09	393.32
1502.96	403.528
1503.84	391.742
1504.72	382.843
1505.59	374.899
1506.47	347.872
1507.34	372.336
1508.22	376.76
1509.09	359.316
1509.97	345.741
1510.84	357.878
1511.72	365.285
1512.59	348.011
1513.46	328.831
1514.34	355.117
1515.21	333.011
1516.08	291.043
1516.96	303.01
1517.83	338.557
1518.7	306.154
1519.57	336.027
1520.45	289.632
1521.32	296.031
1522.19	292.123
1523.06	288.263
1523.93	301.353
1524.8	295.653
1525.67	257.994
1526.54	271.035
1527.41	279.337
1528.28	319.504
1529.16	255.577
1530.02	299.496
1530.89	274.113
1531.76	288.124
1532.63	276.884
1533.5	297.502
1534.37	255.366
1535.24	289.072
1536.11	296.532
1536.97	297.427
1537.84	282.416
1538.71	252.46
1539.57	256.244
1540.44	284.423
1541.31	260.199
1542.18	277.214
1543.04	277.358
1543.91	291.539
1544.77	249.377
1545.64	257.831
1546.5	280.335
1547.37	244.684
1548.24	262.571
1549.1	293.702
1549.96	258.263
1550.83	263.276
1551.69	249.49
1552.56	261.102
1553.42	263.231
1554.28	263.395
1555.15	247.446
1556.01	251.327
1556.87	276.061
1557.73	247.918
1558.6	277.58
1559.46	274.148
1560.32	270.683
1561.18	227.222
1562.04	265.422
1562.9	252.227
1563.77	257.094
1564.63	270.564
1565.49	261.24
1566.35	269.134
1567.21	250.358
1568.07	285.1
1568.93	286.415
1569.79	276.2
1570.64	291.818
1571.5	274.782
1572.36	266.338
1573.22	297.288
1574.08	289.824
1574.94	327.623
1575.8	319.27
1576.65	313.811
1577.51	364.329
1578.37	402.348
1579.22	473.263
1580.08	467.794
1580.94	536.861
1581.79	562.441
1582.65	572.592
1583.51	528.463
1584.36	515.372
1585.22	447.799
1586.07	415.11
1586.93	388.173
1587.78	367.006
1588.63	388.684
1589.49	364.489
1590.34	362.67
1591.2	414.474
1592.05	440.836
1592.9	448.595
1593.76	465.124
1594.61	520.729
1595.46	589.133
1596.32	657.719
1597.17	719.674
1598.02	837.495
1598.87	916.309
1599.72	1015.63
1600.58	1110.88
1601.43	1113.86
1602.28	1033.37
1603.13	1014.38
1603.98	921.94
1604.83	806.13
1605.68	743.266
1606.53	638.557
1607.38	578.911
1608.23	504.665
1609.08	486.066
1609.93	460.557
1610.77	393.982
1611.62	387.878
1612.47	376.896
1613.32	398.104
1614.17	369.711
1615.01	338.484
1615.86	359.857
1616.71	315.05
1617.55	321.779
1618.4	304.13
1619.25	308.792
1620.09	334.769
1620.94	326.732
1621.79	321.637
1622.63	287.522
1623.48	293.196
1624.32	301.811
1625.17	323.034
1626.01	309.427
1626.86	367.424
1627.7	301.58
1628.54	298.614
1629.39	343.006
1630.23	319.685
1631.07	347.548
1631.92	321.28
1632.76	341.336
1633.6	334.369
1634.45	351.522
1635.29	363.872
1636.13	370.464
1636.97	383.803
1637.81	353.84
1638.66	377.754
1639.5	364.166
1640.34	385.217
1641.18	381.319
1642.02	391.887
1642.86	367.895
1643.7	392.935
1644.54	389.134
1645.38	396.847
1646.22	361.277
1647.06	367.994
1647.89	385.293
1648.73	372.836
1649.57	377.744
1650.41	405.823
1651.25	371.434
1652.09	419.87
1652.92	438.465
1653.76	375.998
1654.6	405.027
1655.43	389.628
1656.27	398.34
1657.11	362.74
1657.94	420.859
1658.78	402.854
1659.62	381.015
1660.45	385.259
1661.29	374.902
1662.12	388.658
1662.96	365.504
1663.79	369.463
1664.62	361.827
1665.46	384.353
1666.29	366.222
1667.13	361.746
1667.96	357.295
1668.79	357.701
1669.63	335.647
1670.46	338.892
1671.29	344.053
1672.12	309.103
1672.96	334.717
1673.79	330.003
1674.62	316.47
1675.45	300.007
1676.28	289.439
1677.11	310.288
1677.95	316.472
1678.78	304.982
1679.61	287.54
1680.44	327.103
1681.27	297.714
1682.1	301.745
1682.93	277.199
1683.75	292.078
1684.58	279.403
1685.41	278.588
1686.24	278.781
1687.07	287.867
1687.9	271.26
1688.73	295.164
1689.55	320.07
1690.38	297.468
1691.21	262.934
1692.04	282.82
1692.86	268.981
1693.69	310.575
1694.52	298.665
1695.34	332.345
1696.17	329.443
1696.99	343.466
1697.82	306.001
1698.64	316.142
1699.47	352.091
1700.29	345.302
1701.12	318.56
1701.94	340.426
1702.77	352.298
1703.59	360.159
1704.41	369.994
1705.24	388.766
1706.06	417.475
1706.88	374.753
1707.71	415.405
1708.53	436.219
1709.35	436.19
1710.17	487.722
1711	504.482
1711.82	517.217
1712.64	527.915
1713.46	518.776
1714.28	562.15
1715.1	572.888
1715.92	619.321
1716.74	605.405
1717.56	616.186
1718.38	662.448
1719.2	691.675
1720.02	700.946
1720.84	705.206
1721.66	755.886
1722.48	789.964
1723.3	834.14
1724.11	853.881
1724.93	851.982
1725.75	874.539
1726.57	909.596
1727.39	885.28
1728.2	935.556
1729.02	916.008
1729.84	926.075
1730.65	995.154
1731.47	945.681
1732.29	957.02
1733.1	940.838
1733.92	965.655
1734.73	953.187
1735.55	919.233
1736.36	899.067
1737.18	890.718
1737.99	871.689
1738.81	836.082
1739.62	767.327
1740.43	796.916
1741.25	718.47
1742.06	731.539
1742.87	697.06
1743.69	623.857
1744.5	618.677
1745.31	588.298
1746.13	521.122
1746.94	522.809
1747.75	469.336
1748.56	434.34
1749.37	428.431
1750.18	378.998
1750.99	411.806
1751.81	385.587
1752.61	368.076
1753.42	308.056
1754.24	311.871
1755.04	343.738
1755.85	292.514
1756.66	282.826
1757.47	279.858
1758.28	272.982
1759.09	240.023
1759.9	262.073
1760.71	253.282
1761.52	255.15
1762.32	268.634
1763.13	273.479
1763.94	233.993
1764.74	234.976
1765.55	198.351
1766.36	215.707
1767.17	237.905
1767.97	240.861
1768.78	219.741
1769.58	235.296
1770.39	182.311
1771.19	198.81
1772	209.504
1772.8	191.199
1773.61	187.385
1774.41	201.949
1775.22	189.452
1776.02	166.307
1776.83	186.7
1777.63	165.474
1778.43	192.669
1779.23	156.917
1780.04	163.813
1780.84	186.267
1781.64	185.466
1782.44	178.837
1783.25	174.137
1784.05	193.755
1784.85	208.517
1785.65	190.144
1786.45	189.305
1787.25	206.04
1788.05	183.729
1788.86	159.432
1789.65	183.028
1790.46	188.05
1791.25	163.687
1792.05	179.467
1792.85	198.207
1793.65	184.609
1794.45	174.94
1795.25	149.558
1796.05	178.244
1796.85	164.664
1797.64	161.894
1798.44	192.648
1799.24	188.872
1800.04	179.134
1800.83	165.409
1801.63	188.254
1802.43	200.233
1803.22	179.549
1804.02	183.607
1804.82	154.961
1805.61	190.724
1806.41	166.009
1807.2	178.974
1808	181.035
1808.79	176.159
1809.59	183.212
1810.38	192.269
1811.18	210.28
1811.97	168.59
1812.76	186.543
1813.56	185.553
1814.35	191.499
1815.14	177.543
1815.94	217.322
1816.73	182.541
1817.52	172.661
1818.31	188.676
1819.1	154.9
1819.9	174.867
1820.69	135.029
1821.48	169.872
1822.27	172.824
1823.06	179.76
1823.85	133.948
1824.64	179.723
1825.43	160.794
1826.22	176.685
1827.01	150.776
1827.8	182.558
1828.59	200.415
1829.38	179.518
1830.17	193.429
1830.96	165.591
1831.74	195.38
1832.53	168.495
1833.32	166.427
1834.11	177.242
1834.89	168.199
1835.68	188.897
1836.47	168.966
1837.26	158.965
1838.04	166.783
1838.83	168.659
1839.61	157.68
1840.4	166.444
1841.19	189.972
1841.97	162.201
1842.76	160.078
1843.54	170.763
1844.33	200.137
1845.11	171.545
1845.89	158.718
1846.68	183.224
1847.46	160.593
1848.25	162.499
1849.03	166.358
1849.81	188.844
1850.6	172.117
1851.38	165.212
1852.16	173.988
1852.94	169.044
1853.72	168.003
1854.51	178.684
1855.29	161.954
1856.07	168.687
1856.85	177.358
1857.63	186.015
1858.41	148.829
1859.19	179.918
1859.97	146.7
1860.75	161.239
1861.53	204.991
1862.31	175.768
1863.09	177.705
1863.87	161.154
1864.65	156.263
1865.43	174.684
1866.21	161.954
1866.99	175.435
1867.76	177.24
1868.54	173.231
1869.32	140.179
1870.1	163.379
1870.87	162.387
1871.65	136.237
1872.43	142.061
1873.2	196.316
1873.98	162.409
1874.76	167.236
1875.53	173.029
1876.31	189.489
1877.08	188.546
1877.86	165.35
1878.63	178.006
1879.41	159.651
1880.18	168.416
1880.96	187.83
1881.73	143.243
1882.5	156.83
1883.28	152.007
1884.05	192.784
1884.82	161.803
1885.6	199.712
1886.37	241.519
1887.14	215.363
1887.91	155.196
1888.68	148.431
1889.46	172.761
1890.23	196.156
1891	182.655
1891.77	179.88
1892.54	172.267
1893.31	147.118
1894.08	181.466
1894.85	156.273
1895.62	173.053
1896.39	164.359
1897.16	173.223
1897.93	176.173
1898.7	164.425
1899.47	189.897
1900.24	139.047
1901.01	167.566
1901.77	167.732
1902.54	157.12
1903.31	179.888
1904.08	179.064
1904.84	170.339
1905.61	168.477
1906.38	140.987
1907.14	159.795
1907.91	138.19
1908.68	179.725
1909.44	180.838
1910.21	175.052
1910.97	146.525
1911.74	175.363
1912.51	193.354
1913.27	157.837
1914.03	148.049
1914.8	169.01
1915.56	184.021
1916.33	173.191
1917.09	179.238
1917.85	143.502
1918.62	172.401
1919.38	153.544
1920.14	163.548
1920.9	178.551
1921.67	157.73
1922.43	176.789
1923.19	173.958
1923.95	168.143
1924.71	158.318
1925.47	171.464
1926.24	187.595
1927	165.644
1927.76	181.701
1928.52	177.702
1929.28	169.68
1930.04	181.679
1930.8	180.657
1931.56	147.608
1932.32	195.654
1933.08	175.653
1933.83	160.678
1934.59	178.77
1935.35	179.851
1936.11	175.906
1936.87	176.937
1937.62	140.835
1938.38	174.854
1939.14	184.79
1939.89	173.699
1940.65	167.644
1941.41	151.613
1942.16	163.614
1942.92	155.597
1943.68	184.562
1944.43	177.475
1945.19	189.336
1945.94	185.183
1946.7	192.001
1947.45	162.947
1948.21	184.736
1948.96	179.649
1949.71	175.579
1950.47	172.52
1951.22	173.447
1951.98	172.39
1952.73	163.386
1953.48	183.156
1954.23	175.103
1954.99	173.962
1955.74	174.771
1956.49	190.393
1957.24	179.317
1957.99	210.73
1958.75	174.094
1959.5	174.009
1960.25	198.575
1961	189.626
1961.75	177.706
1962.5	189.376
1963.25	173.487
1964	215.551
1964.75	194.763
1965.5	187.742
1966.25	183.669
1967	176.646
1967.74	213.593
1968.49	173.291
1969.24	196.446
1969.99	139.709
1970.74	161.908
1971.48	156.899
1972.23	194.666
1972.98	189.733
1973.73	176.091
1974.47	162.441
1975.22	177.849
1975.96	177.7
1976.71	193.001
1977.46	151.239
1978.2	175.227
1978.95	182.805
1979.69	185.6
1980.44	181.692
1981.18	203.839
1981.93	157.565
1982.67	176.806
1983.41	194.069
1984.16	172.763
1984.9	204.335
1985.64	174.343
1986.39	175.118
1987.13	154.821
1987.87	149.915
1988.61	161.321
1989.36	166.043
1990.1	182.257
1990.84	173.6
1991.58	179.291
1992.32	185.937
1993.06	156.276
1993.81	172.514
1994.55	172.537
1995.29	170.683
1996.03	187.985
1996.77	170.875
1997.51	163.324
1998.24	140.427
1998.98	174.04
1999.72	184.649
2000.46	175.11
2001.2	170.358
2001.94	171.366
2002.68	219.412
2003.41	178.226
2004.15	161.989
2004.89	179.371
2005.63	198.686
2006.36	193.962
2007.1	160.364
2007.84	176.784
2008.57	164.344
2009.31	168.285
2010.05	154.908
2010.78	175.291
2011.52	171.59
2012.25	191.071
2012.99	170.931
2013.72	155.577
2014.46	180.841
2015.19	155.754
2015.92	178.119
2016.66	164.655
2017.39	174.484
2018.13	184.365
2018.86	165.134
2019.59	167.286
2020.32	180.159
2021.06	172.568
2021.79	150.586
2022.52	160.685
2023.25	144.935
2023.98	173.519
2024.72	183.837
2025.45	186.784
2026.18	157.125
2026.91	180.448
2027.64	164.589
2028.37	169.522
2029.1	175.771
2029.83	179.082
2030.56	213.513
2031.29	187.668
2032.02	186.966
2032.75	170.447
2033.47	147.002
2034.2	164.333
2034.93	155.29
2035.66	172.63
2036.39	171.211
2037.11	196.678
2037.84	181.939
2038.57	169.083
2039.3	158.711
2040.02	193.128
2040.75	169.827
2041.47	190.749
2042.2	173.117
2042.93	185.429
2043.65	167.045
2044.38	155.971
2045.1	162.46
2045.83	199.421
2046.55	177.343
2047.28	185.449
2048	205.642
2048.73	186.488
2049.45	172.537
2050.17	167.269
2050.9	173.182
2051.62	189.429
2052.34	181.505
2053.07	164.728
2053.79	179.689
2054.51	168.101
2055.23	174.815
2055.95	167.794
2056.68	164.019
2057.4	160.201
2058.12	184.91
2058.84	191.896
2059.56	190.333
2060.28	196.187
2061	180.54
2061.72	168.734
2062.44	176.295
2063.16	188.391
2063.88	179.474
2064.6	195.818
2065.32	172.691
2066.03	193.549
2066.75	203.232
2067.47	184.887
2068.19	188.304
2068.91	189.458
2069.62	172.626
2070.34	180.811
2071.06	195.105
2071.77	190.414
2072.49	202.63
2073.21	184.568
2073.92	191.853
2074.64	175.585
2075.36	171.996
2076.07	174.625
2076.79	183.211
2077.5	208.498
2078.22	200.808
2078.93	159.373
2079.64	191.428
2080.36	176.694
2081.07	172.765
2081.79	189.883
2082.5	193.18
2083.21	186.221
2083.93	190.482
2084.64	186.552
2085.35	189.329
2086.07	196.836
2086.78	198.579
2087.49	209.988
2088.2	193.447
2088.91	187.3
2089.62	170.013
2090.33	171.8
2091.04	177.809
2091.76	178.349
2092.47	180.497
2093.18	189.775
2093.89	180.63
2094.6	181.779
2095.3	204.863
2096.01	197.072
2096.72	197.429
2097.43	176.38
2098.14	173.07
2098.85	185.307
2099.56	178.024
2100.09	167.198
2100.87	173.061
2101.65	197.712
2102.43	214.448
2103.21	212.394
2103.99	191.55
2104.77	236.787
2105.55	194.179
2106.32	197.905
2107.1	199.659
2107.88	180.812
2108.66	197.397
2109.44	187.52
2110.22	171.787
2110.99	207.091
2111.77	192.28
2112.55	210.748
2113.33	214.427
2114.1	208.306
2114.88	212.006
2115.66	200.15
2116.43	191.305
2117.21	221.556
2117.99	203.009
2118.76	220.558
2119.54	203.906
2120.31	235.038
2121.09	196.896
2121.86	200.702
2122.64	185.029
2123.41	180.093
2124.19	198.542
2124.96	230.635
2125.74	204.342
2126.51	183.922
2127.28	218.067
2128.06	200.598
2128.83	214.298
2129.61	209.456
2130.38	170.46
2131.15	196.785
2131.92	196.788
2132.7	200.708
2133.47	186.109
2134.24	199.805
2135.01	210.577
2135.78	184.252
2136.55	190.138
2137.33	185.294
2138.1	180.462
2138.87	192.264
2139.64	212.905
2140.41	180.748
2141.18	169.132
2141.95	224.182
2142.72	243.026
2143.49	177.409
2144.26	200.133
2145.03	204.171
2145.8	192.456
2146.57	197.477
2147.33	201.548
2148.1	213.549
2148.87	193.016
2149.64	208.018
2150.41	163.677
2151.17	191.498
2151.94	161.891
2152.71	182.794
2153.48	193.829
2154.24	168.177
2155.01	174.296
2155.78	179.442
2156.54	169.657
2157.31	210.683
2158.08	177.932
2158.84	185.052
2159.61	167.178
2160.37	186.255
2161.14	195.332
2161.9	189.404
2162.67	177.481
2163.43	183.615
2164.2	199.831
2164.96	195.025
2165.72	224.399
2166.49	189.394
2167.25	180.47
2168.01	172.494
2168.78	187.668
2169.54	193.765
2170.3	197.866
2171.07	193.93
2171.83	194.067
2172.59	186.137
2173.35	199.448
2174.11	182.365
2174.88	208.799
2175.64	193.638
2176.4	172.354
2177.16	166.326
2177.92	193.777
2178.68	212.144
2179.44	182.863
2180.2	202.315
2180.96	212.651
2181.72	204.683
2182.48	226.186
2183.24	172.374
2184	189.759
2184.76	234.615
2185.52	210.241
2186.28	194.006
2187.04	194.063
2187.79	184.964
2188.55	209.473
2189.31	188.161
2190.07	218.79
2190.83	214.788
2191.58	214.857
2192.34	204.731
2193.1	204.781
2193.85	214.995
2194.61	193.596
2195.37	219.008
2196.12	220.96
2196.88	209.678
2197.63	219.759
2198.39	188.22
2199.15	197.353
2199.9	209.56
2200.66	226.85
2201.41	219.76
2202.16	211.62
2202.92	214.602
2203.67	212.488
2204.43	205.317
2205.18	230.576
2205.93	194.134
2206.69	199.234
2207.44	226.622
2208.19	175.065
2208.95	165.993
2209.7	210.52
2210.45	212.507
2211.2	186.17
2211.95	224.52
2212.71	218.399
2213.46	221.372
2214.21	220.303
2214.96	205.108
2215.71	201
2216.46	211.982
2217.21	229.97
2217.96	215.744
2218.71	220.615
2219.46	218.46
2220.21	228.361
2220.96	194.206
2221.71	214.191
2222.46	192.142
2223.21	246.15
2223.96	171.08
2224.71	231.99
2225.46	216.887
2226.21	230.737
2226.95	219.649
2227.7	210.593
2228.45	213.52
2229.2	256.275
2229.94	255.216
2230.69	294.935
2231.44	311.753
2232.18	302.718
2232.93	285.737
2233.68	339.228
2234.42	332.117
2235.17	341.842
2235.92	342.632
2236.66	357.299
2237.41	339.342
2238.15	311.557
2238.9	348.071
2239.64	340.105
2240.38	316.335
2241.13	312.317
2241.87	268.809
2242.62	286.499
2243.36	276.559
2244.1	279.443
2244.85	232.081
2245.59	224.155
2246.33	252.665
2247.08	225.067
2247.82	215.198
2248.56	237.773
2249.3	220.999
2250.05	236.64
2250.79	227.717
2251.53	214.891
2252.27	213.866
2253.01	230.517
2253.75	211.909
2254.49	209.01
2255.23	211.029
2255.97	215.995
2256.71	219.973
2257.45	213.149
2258.19	209.242
2258.93	217.071
2259.67	215.088
2260.41	187.655
2261.15	225.851
2261.89	203.387
2262.63	196.625
2263.36	196.747
2264.1	210.603
2264.84	199.951
2265.58	195.158
2266.32	201.126
2267.05	210.993
2267.79	218.877
2268.53	204.187
2269.26	216.967
2270	244.474
2270.74	206.287
2271.48	211.287
2272.21	210.429
2272.95	213.521
2273.68	204.842
2274.42	193.209
2275.15	192.384
2275.89	216.157
2276.62	235.998
2277.36	196.72
2278.09	218.5
2278.83	207.749
2279.56	202.898
2280.29	227.623
2281.03	206.005
2281.76	215.951
2282.49	222.956
2283.23	207.292
2283.96	234.104
2284.69	212.555
2285.42	211.748
2286.16	225.765
2286.89	214.024
2287.62	203.23
2288.35	187.46
2289.08	214.272
2289.81	235.177
2290.55	200.642
2291.28	206.766
2292.01	206.971
2292.74	213.15
2293.47	187.516
2294.2	194.663
2294.93	201.792
2295.66	193.952
2296.39	217.959
2297.11	184.153
2297.85	201.164
2298.57	217.2
2299.3	189.401
2300.03	215.489
2300.76	200.695
2301.49	202.868
2302.22	214.025
2302.94	202.162
2303.67	200.277
2304.4	197.387
2305.12	231.558
2305.85	198.656
2306.58	225.881
2307.31	186.933
2308.03	232.232
2308.76	231.362
2309.48	223.439
2310.21	224.544
2310.93	192.495
2311.66	178.532
2312.38	230.948
2313.11	203.936
2313.83	177.901
2314.56	198.154
2315.28	199.26
2316.01	211.435
2316.73	199.431
2317.45	208.602
2318.18	244.015
2318.9	181.609
2319.62	197.873
2320.35	205.05
2321.07	220.295
2321.79	210.283
2322.52	205.316
2323.24	230.669
2323.96	186.3
2324.68	179.321
2325.4	176.379
2326.12	169.38
2326.84	188.673
2327.56	169.512
2328.29	153.385
2329.01	138.273
2329.73	153.537
2330.45	158.692
2331.17	189.177
2331.89	174.071
2332.61	205.562
2333.32	209.675
2334.04	179.313
2334.76	204.693
2335.48	192.581
2336.2	209.876
2336.92	224.149
2337.64	195.849
2338.35	197.959
2339.07	210.205
2339.79	238.673
2340.51	200.185
2341.23	181.993
2341.94	188.172
2342.66	183.209
2343.37	230.057
2344.09	217.996
2344.81	227.237
2345.52	171.378
2346.24	212.027
2346.95	216.055
2347.67	219.065
2348.38	215.001
2349.1	196.778
2349.82	209.053
2350.53	198.008
2351.24	195.088
2351.96	182.996
2352.67	190.18
2353.39	189.197
2354.1	206.484
2354.81	203.433
2355.53	203.437
2356.24	188.223
2356.95	189.278
2357.66	219.803
2358.38	199.56
2359.09	190.498
2359.8	179.411
2360.51	222.206
2361.22	217.254
2361.94	193.998
2362.65	192.104
2363.36	204.466
2364.07	195.421
2364.78	183.285
2365.49	221.064
2366.2	218.04
2366.91	223.154
2367.62	221.133
2368.33	196.709
2369.04	167.208
2369.75	177.456
2370.46	217.263
2371.16	213.248
2371.87	210.247
2372.58	200.109
2373.29	209.34
2374	225.714
2374.71	196.215
2375.41	223.806
2376.12	180.021
2376.83	200.473
2377.53	204.616
2378.24	225.092
2378.95	227.223
2379.65	202.826
2380.36	191.677
2381.07	216.232
2381.77	218.317
2382.48	190.801
2383.18	211.275
2383.89	243.021
2384.59	238.059
2385.3	248.439
2386	236.321
2386.71	211.878
2387.41	186.354
2388.12	220.097
2388.82	233.359
2389.52	221.083
2390.23	229.276
2390.93	186.424
2391.63	235.536
2392.34	197.796
2393.04	193.75
2393.74	229.528
2394.44	261.201
2395.15	239.777
2395.85	234.736
2396.55	214.401
2397.25	245.166
2397.95	216.638
2398.65	189.087
2399.35	214.648
2400.05	200.319
2400.75	243.175
2401.45	181.891
2402.15	216.596
2402.85	281.936
2403.55	228.94
2404.25	218.824
2404.95	228.111
2405.65	249.656
2406.35	224.212
2407.05	266.17
2407.75	218.218
2408.44	263.239
2409.14	188.717
2409.84	232.738
2410.54	252.238
2411.24	253.329
2411.93	201.235
2412.63	265.644
2413.33	238.034
2414.02	222.684
2414.72	237.973
2415.42	254.277
2416.11	232.827
2416.81	215.483
2417.5	244.062
2418.2	243.078
2418.9	233.951
2419.59	196.267
2420.28	254.453
2420.98	204.489
2421.67	252.39
2422.37	214.625
2423.06	227.821
2423.75	222.707
2424.45	258.363
2425.14	225.863
2425.84	253.483
2426.53	218.981
2427.22	239.486
2427.91	250.787
2428.61	214.121
2429.3	226.343
2429.99	245.643
2430.68	233.326
2431.37	215.922
2432.07	215.825
2432.76	249.269
2433.45	233.981
2434.14	240.067
2434.83	216.758
2435.52	223.921
2436.21	224.99
2436.9	210.805
2437.59	213.836
2438.28	243.198
2438.97	231.961
2439.66	268.349
2440.35	225.753
2441.04	220.667
2441.72	231.794
2442.41	233.819
2443.1	248.982
2443.79	260.074
2444.48	208.486
2445.16	244.824
2445.85	251.865
2446.54	243.79
2447.23	221.608
2447.91	207.516
2448.6	243.892
2449.29	261.071
2449.97	248.964
2450.66	216.676
2451.34	233.832
2452.03	234.861
2452.72	249.015
2453.4	243.004
2454.09	247.06
2454.77	231.926
2455.46	231.877
2456.14	274.092
2456.82	240.769
2457.51	249.748
2458.19	246.695
2458.88	261.786
2459.56	246.76
2460.24	240.805
2460.92	243.909
2461.61	252.041
2462.29	235.018
2462.97	257.21
2463.66	241.153
2464.34	234.126
2465.02	258.245
2465.7	243.125
2466.38	244.08
2467.06	251.063
2467.75	245.012
2468.42	243.01
2469.11	259.111
2469.79	258.184
2470.47	239.206
2471.15	262.405
2471.83	257.481
2472.51	269.611
2473.19	256.6
2473.86	257.631
2474.54	254.631
2475.22	244.605
2475.9	257.694
2476.58	254.742
2477.26	252.824
2477.94	256.956
2478.61	250.043
2479.29	240.103
2479.97	262.318
2480.65	235.242
2481.32	270.505
2482	221.282
2482.68	285.728
2483.35	269.713
2484.03	268.787
2484.71	262.817
2485.38	233.679
2486.06	248.793
2486.73	260.871
2487.41	263.894
2488.08	213.636
2488.76	252.919
2489.43	235.913
2490.11	255.15
2490.78	271.396
2491.45	247.369
2492.13	294.841
2492.8	210.309
2493.48	219.466
2494.15	256.852
2494.82	283.173
2495.49	232.873
2496.17	257.239
2496.84	265.498
2497.51	235.378
2498.18	249.69
2498.86	239.709
2499.53	244.853
2500.2	256.033
2500.87	280.352
2501.54	251.078
2502.21	266.358
2502.88	258.418
2503.55	250.505
2504.22	278.066
2504.89	286.363
2505.56	250.995
2506.23	274.425
2506.9	246.086
2507.57	289.811
2508.24	239.164
2508.91	270.782
2509.58	256.713
2510.25	245.665
2510.91	269.153
2511.58	268.214
2512.25	274.381
2512.92	242.922
2513.59	262.341
2514.25	210.561
2514.92	241.219
2515.59	240.33
2516.25	266.937
2516.92	239.531
2517.59	246.747
2518.25	267.201
2518.92	292.749
2519.58	243.884
2520.25	270.47
2520.91	276.693
2521.58	262.546
2522.24	261.685
2522.91	285.354
2523.57	280.449
2524.24	272.464
2524.9	263.432
2525.56	268.701
2526.23	248.362
2526.89	281.26
2527.55	273.187
2528.22	263.045
2528.88	288.751
2529.54	274.458
2530.21	253.993
2530.87	284.771
2531.53	291.997
2532.19	287.998
2532.85	286.107
2533.51	300.68
2534.18	229.027
2534.84	295.975
2535.5	278.639
2536.16	280.755
2536.82	278.695
2537.48	276.603
2538.14	298.135
2538.8	309.425
2539.46	245.818
2540.12	264.406
2540.78	253.249
2541.44	279.109
2542.09	297.791
2542.75	310.288
2543.41	277.463
2544.07	255.898
2544.73	270.299
2545.39	296.984
2546.04	271.188
2546.7	298.834
2547.36	254.598
2548.02	289.473
2548.67	286.406
2549.33	275.17
2549.98	269.088
2550.64	281.491
2551.3	286.709
2551.95	295.008
2552.61	270.444
2553.26	287.992
2553.92	299.37
2554.57	307.641
2555.23	269.639
2555.88	324.03
2556.54	303.405
2557.19	284.834
2557.85	249.889
2558.5	290.842
2559.15	345.131
2559.81	331.834
2560.46	341.11
2561.11	335.027
2561.77	341.222
2562.42	323.815
2563.07	336.07
2563.72	308.346
2564.37	357.365
2565.03	343.956
2565.68	319.351
2566.33	348.991
2566.98	340.867
2567.63	338.913
2568.28	320.596
2568.93	314.507
2569.58	334.943
2570.23	314.445
2570.88	329.7
2571.53	351.096
2572.18	319.454
2572.83	338.91
2573.48	362.476
2574.13	331.914
2574.78	339.104
2575.43	361.571
2576.07	331.939
2576.72	310.474
2577.37	340.037
2578.02	348.172
2578.67	322.649
2579.31	319.554
2579.96	329.684
2580.61	350.985
2581.26	326.44
2581.9	346.712
2582.55	332.425
2583.19	346.687
2583.84	370.164
2584.49	346.872
2585.13	339.846
2585.78	317.503
2586.42	323.588
2587.07	364.175
2587.71	336.561
2588.36	315.057
2589	349.418
2589.65	344.219
2590.29	348.205
2590.93	324.872
2591.58	348.216
2592.22	371.596
2592.86	355.47
2593.51	376.884
2594.15	363.838
2594.79	314.264
2595.43	358.031
2596.07	326.672
2596.72	358.213
2597.36	350.115
2598	360.246
2598.64	320.627
2599.28	357.109
2599.92	338.832
2600.56	325.67
2601.2	358.179
2601.85	356.233
2602.49	375.586
2603.13	364.489
2603.76	351.332
2604.4	342.212
2605.04	341.2
2605.68	355.402
2606.32	364.544
2606.96	368.617
2607.6	378.755
2608.24	345.286
2608.88	349.291
2609.51	375.567
2610.15	369.45
2610.79	376.544
2611.43	350.293
2612.06	332.191
2612.7	361.723
2613.34	357.847
2613.97	343.822
2614.61	371.344
2615.25	377.558
2615.88	343.177
2616.52	358.503
2617.15	346.438
2617.79	361.788
2618.42	362.939
2619.06	357.997
2619.69	348.978
2620.33	333.839
2620.96	353.227
2621.6	354.302
2622.23	378.745
2622.86	347.298
2623.5	360.594
2624.13	358.671
2624.76	357.783
2625.4	355.878
2626.03	318.347
2626.66	345.905
2627.29	363.273
2627.93	362.323
2628.56	380.724
2629.19	361.493
2629.82	362.645
2630.45	405.571
2631.08	382.295
2631.71	383.449
2632.34	365.217
2632.98	361.243
2633.61	395.006
2634.24	416.568
2634.87	402.469
2635.5	413.9
2636.12	401.857
2636.75	371.405
2637.38	387.926
2638.01	387.06
2638.64	372.882
2639.27	424.138
2639.9	439.586
2640.53	411.021
2641.15	421.31
2641.78	396.805
2642.41	407.092
2643.04	420.474
2643.66	428.777
2644.29	399.239
2644.92	448.544
2645.54	421.05
2646.17	415.03
2646.8	419.216
2647.42	418.245
2648.05	457.208
2648.67	420.351
2649.3	439.856
2649.92	457.343
2650.55	432.861
2651.17	437.106
2651.8	458.816
2652.42	449.791
2653.05	442.811
2653.67	464.542
2654.29	443.126
2654.92	439.113
2655.54	443.276
2656.16	452.555
2656.79	453.626
2657.41	454.503
2658.03	477.648
2658.65	475.388
2659.27	439.108
2659.9	485.376
2660.52	472.008
2661.14	492.107
2661.76	460.148
2662.38	506.645
2663	468.735
2663.62	487.273
2664.24	466.922
2664.86	461.9
2665.48	475.983
2666.1	506.372
2666.72	503.576
2667.34	499.004
2667.96	457.823
2668.58	500.843
2669.2	464.036
2669.82	512.477
2670.44	492.774
2671.05	498.224
2671.67	480.336
2672.29	521.301
2672.91	506.096
2673.53	513.605
2674.14	508.547
2674.76	487.905
2675.38	517.367
2675.99	512.815
2676.61	509.507
2677.23	552.878
2677.84	520.409
2678.46	589.455
2679.07	575.912
2679.69	599.505
2680.3	630.143
2680.92	649.654
2681.53	644.673
2682.15	672.369
2682.76	685.156
2683.38	691.306
2683.99	698.539
2684.61	697.12
2685.22	684.328
2685.83	665.073
2686.44	671.132
2687.06	654.596
2687.67	662.34
2688.28	676.274
2688.9	679.599
2689.51	661.105
2690.12	697.024
2690.73	696.683
2691.34	704.984
2691.96	707.836
2692.57	696.057
2693.18	689.03
2693.79	709.831
2694.4	701.228
2695.01	720.064
2695.62	720.427
2696.23	717.238
2696.84	708.025
2697.45	726.846
2698.06	718.532
2698.67	731.095
2699.28	766.932
2699.88	735.266
2700.49	737.554
2701.1	727.062
2701.71	727.555
2702.32	738.083
2702.93	748.756
2703.53	744.959
2704.14	760.481
2704.75	745.252
2705.36	754.344
2705.96	795.005
2706.57	794.157
2707.17	790.476
2707.78	804.359
2708.39	800.605
2708.99	808.852
2709.6	819.821
2710.2	813.752
2710.81	840.343
2711.41	848.27
2712.02	859.591
2712.62	872.628
2713.23	870.034
2713.83	859.088
2714.44	860.055
2715.04	892.983
2715.64	901.315
2716.25	921.423
2716.85	922.11
2717.45	937.855
2718.05	952.988
2718.66	953.052
2719.26	961.4
2719.86	966.575
2720.46	962.675
2721.06	970.651
2721.67	987.218
2722.27	1006.58
2722.87	1003.76
2723.47	1012.64
2724.07	1019.49
2724.67	1035.43
2725.27	1057.23
2725.71	1067.52
2726.38	1052.07
2727.06	1071.06
2727.73	1098.07
2728.4	1029.43
2729.07	1102.17
2729.74	1072.4
2730.42	1123.11
2731.09	1128.33
2731.76	1091.07
2732.43	1100.67
2733.1	1115.4
2733.77	1153.5
2734.44	1141.63
2735.11	1172.35
2735.78	1148.94
2736.45	1188.5
2737.12	1165.83
2737.79	1176.67
2738.46	1210.88
2739.13	1191.24
2739.8	1173.77
2740.47	1185.98
2741.14	1220.78
2741.81	1147.99
2742.47	1102.73
2743.14	1174.5
2743.81	1138.34
2744.48	1146.88
2745.15	1158.38
2745.81	1110.74
2746.48	1130.36
2747.15	1112.32
2747.81	1117.75
2748.48	1114.99
2749.15	1091.72
2749.81	1110.13
2750.48	1075.33
2751.15	1064.95
2751.81	1101.52
2752.48	1076.06
2753.14	1041.67
2753.81	997.281
2754.47	1014.23
2755.14	989.242
2755.8	960.97
2756.47	975.401
2757.13	979.444
2757.8	949.704
2758.46	915.942
2759.13	920.133
2759.79	925.501
2760.45	910.511
2761.12	920.034
2761.78	897.711
2762.44	916.148
2763.1	927.303
2763.77	937.418
2764.43	946.606
2765.09	942.676
2765.76	910.285
2766.42	917.936
2767.08	935.905
2767.74	986.662
2768.4	962.518
2769.06	970.036
2769.72	955.904
2770.38	964.269
2771.05	997.248
2771.71	998.455
2772.37	1027.46
2773.03	1018.58
2773.69	1050.86
2774.35	1091.38
2775.01	1120.52
2775.67	1123.83
2776.33	1208.25
2776.99	1158.91
2777.64	1227.85
2778.3	1289.68
2778.96	1305.33
2779.62	1339.53
2780.28	1331.49
2780.94	1365.52
2781.59	1358.3
2782.25	1363.42
2782.91	1329.55
2783.57	1325.7
2784.22	1291.16
2784.88	1303.06
2785.54	1261.36
2786.2	1319.41
2786.85	1306.01
2787.51	1270.65
2788.16	1318.54
2788.82	1295.37
2789.48	1261.11
2790.13	1296.16
2790.79	1328.45
2791.44	1351.69
2792.1	1322.37
2792.75	1398.95
2793.41	1364.94
2794.06	1374.96
2794.72	1368.3
2795.37	1400.72
2796.02	1363.18
2796.68	1434.86
2797.33	1408.93
2797.98	1467.51
2798.64	1432.61
2799.29	1454.39
2799.94	1458.73
2800.6	1488.84
2801.25	1491.17
2801.9	1481.15
2802.55	1525.66
2803.21	1525.82
2803.86	1509.38
2804.51	1548.44
2805.16	1556.51
2805.81	1624.26
2806.46	1587.02
2807.11	1634.22
2807.77	1669.07
2808.42	1656.53
2809.07	1707.68
2809.72	1716.51
2810.37	1729.34
2811.02	1758.6
2811.67	1784.88
2812.32	1779.49
2812.97	1844.18
2813.61	1843.3
2814.26	1876.44
2814.91	1898.29
2815.56	1882.06
2816.21	1928.44
2816.86	1999.37
2817.51	2009.53
2818.15	2006.17
2818.8	2030.43
2819.45	2055.62
2820.1	2051.06
2820.74	2087.78
2821.39	2076.54
2822.04	2116.91
2822.69	2180
2823.33	2230.63
2823.98	2193.59
2824.63	2252.71
2825.27	2244.78
2825.92	2310.68
2826.56	2361.33
2827.21	2395.85
2827.85	2411.24
2828.5	2459.72
2829.14	2483.77
2829.79	2519.25
2830.43	2503.52
2831.08	2550.5
2831.72	2586.16
2832.37	2564.17
2833.01	2566.62
2833.65	2644.88
2834.3	2725.97
2834.94	2783.2
2835.58	2812.49
2836.23	2836.5
2836.87	2811.18
2837.51	2888.66
2838.16	2964.36
2838.8	2952.17
2839.44	3065.59
2840.08	3082.67
2840.72	3135.6
2841.36	3190.25
2842.01	3252.78
2842.65	3292.53
2843.29	3338.43
2843.93	3408.1
2844.57	3498.43
2845.21	3635.06
2845.85	3590.97
2846.49	3659.97
2847.13	3702.54
2847.77	3800.06
2848.41	3897
2849.05	3922.15
2849.69	3979.88
2850.33	3992.64
2850.97	3951
2851.61	3987.78
2852.24	4041.71
2852.88	4104.1
2853.52	4233.01
2854.16	4163.67
2854.8	4241
2855.43	4287.76
2856.07	4357.85
2856.71	4414.94
2857.35	4462.19
2857.98	4471.2
2858.62	4549.47
2859.26	4733.45
2859.89	4873.07
2860.53	4982.36
2861.16	5086.35
2861.8	5264.88
2862.44	5359.21
2863.07	5564.23
2863.71	5739.27
2864.34	5943.47
2864.98	6194.56
2865.61	6384.31
2866.25	6554.66
2866.88	6660.93
2867.52	6871.89
2868.15	7158.71
2868.78	7203.97
2869.42	7377.14
2870.05	7646.69
2870.69	7752.13
2871.32	7945.21
2871.95	8079.32
2872.58	8207.67
2873.22	8493.76
2873.85	8597.41
2874.48	8899.62
2875.11	8980.34
2875.75	9103.66
2876.38	9138.99
2877.01	9183.88
2877.64	9188.64
2878.27	9164.25
2878.9	9058.19
2879.53	9120.56
2880.16	8934.1
2880.79	8890.39
2881.42	8952.09
2882.05	8800.11
2882.68	8789.94
2883.31	8754.26
2883.94	8786.14
2884.57	8729.21
2885.2	8597.85
2885.83	8654.34
2886.46	8813.89
2887.09	8735.4
2887.72	8834.41
2888.35	8873.55
2888.97	8914.94
2889.6	8978.48
2890.23	8995.36
2890.86	9173.37
2891.49	9148.42
2892.11	9224.96
2892.74	9230.76
2893.37	9372.8
2893.99	9478.87
2894.62	9578.95
2895.25	9615.71
2895.87	9751.15
2896.5	9707.41
2897.12	9960.66
2897.75	10013.1
2898.38	9936.86
2899	10087.3
2899.63	10288.6
2900.25	10437.6
2900.88	10586.1
2901.5	10580.8
2902.12	10689.2
2902.75	10749.2
2903.37	10887.6
2904	10914.6
2904.62	11055.2
2905.25	10988.1
2905.87	11131.1
2906.49	11378.1
2907.11	11463.5
2907.74	11364.9
2908.36	11340.8
2908.98	11410.7
2909.6	11548.8
2910.23	11623.5
2910.85	11630
2911.47	11627.7
2912.09	11632
2912.71	11774.3
2913.33	11711.5
2913.96	11794.3
2914.58	11756.3
2915.2	11575.4
2915.82	11651.8
2916.44	11642.3
2917.06	11665.6
2917.68	11581
2918.3	11388
2918.92	11518.6
2919.54	11386.6
2920.16	11356.3
2920.77	11384.2
2921.39	11312.8
2922.01	11322.2
2922.63	11251.3
2923.25	11271.9
2923.87	11278.3
2924.48	11211.5
2925.1	11194.5
2925.72	11383.8
2926.34	11444.8
2926.95	11486.3
2927.57	11516.1
2928.19	11622.5
2928.8	11749.9
2929.42	11761.3
2930.04	11943.1
2930.65	12023
2931.27	12236.4
2931.89	12468
2932.5	12664.8
2933.12	12855
2933.73	12977.6
2934.35	13312.2
2934.96	13474.7
2935.58	13792.3
2936.19	13877
2936.81	14044.9
2937.42	14226
2938.03	14374.3
2938.65	14589.2
2939.26	14455.9
2939.88	14468.4
2940.49	14348.6
2941.1	14166.6
2941.71	14033.8
2942.33	13832.4
2942.94	13575.8
2943.55	13362.7
2944.17	13012.4
2944.78	12907.8
2945.39	12633.7
2946	12400.6
2946.61	12119.7
2947.22	11907.4
2947.83	11687.8
2948.45	11490.4
2949.06	11193.2
2949.67	10987.5
2950.28	10844.6
2950.89	10720.7
2951.5	10490.4
2952.11	10297.6
2952.72	10226.2
2953.33	9962.09
2953.94	9778.27
2954.54	9678.68
2955.15	9490.36
2955.76	9464.61
2956.37	9291.11
2956.98	9221.13
2957.59	8976.16
2958.2	8894.68
2958.8	8804.61
2959.41	8700.05
2960.02	8619.52
2960.63	8465.45
2961.23	8347.4
2961.84	8240
2962.45	8267.66
2963.05	8119.64
2963.66	7988.42
2964.27	7857.82
2964.87	7815.34
2965.48	7661.86
2966.08	7603.6
2966.69	7451.17
2967.29	7375.93
2967.9	7127.2
2968.5	7165.74
2969.11	6987.54
2969.71	6932.28
2970.32	6759.85
2970.92	6665.87
2971.53	6509.95
2972.13	6363.22
2972.74	6306.03
2973.34	6104.37
2973.94	5972.51
2974.54	5888.51
2975.15	5802.87
2975.75	5749.08
2976.35	5598.08
2976.96	5482.96
2977.56	5372.41
2978.16	5277.24
2978.76	5154.18
2979.36	5043.32
2979.97	4946.99
2980.57	4898.12
2981.17	4814.27
2981.77	4709.36
2982.37	4525.7
2982.97	4462.33
2983.57	4376.06
2984.17	4238.81
2984.77	4169.89
2985.37	4047.7
2985.97	3909.03
2986.57	3844.69
2987.17	3776.38
2987.77	3649.38
2988.37	3578.2
2988.97	3516.69
2989.57	3408.58
2990.17	3345.34
2990.76	3253.43
2991.36	3178.13
2991.96	3129.73
2992.56	3050.77
2993.16	2962.57
2993.75	2939.69
2994.35	2882.7
2994.95	2788.65
2995.54	2765.21
2996.14	2661.23
2996.74	2629.28
2997.33	2571.17
2997.93	2568.57
2998.52	2456.62
2999.12	2495.03
2999.72	2440.26
3000.31	2376.21
3000.91	2303.95
3001.5	2285.94
3002.1	2277.07
3002.69	2274.2
3003.29	2202.5
3003.88	2119.37
3004.47	2148.88
3005.07	2146.83
3005.66	2117.48
3006.26	2050.61
3006.85	2004.51
3007.44	1994.38
3008.04	1921.5
3008.63	1835.93
3009.22	1845.41
3009.81	1781.65
3010.41	1767.02
3011	1699.06
3011.59	1734.96
3012.18	1662.31
3012.77	1657.57
3013.36	1658
3013.96	1598.82
3014.55	1583.73
3015.14	1567.64
3015.73	1544.47
3016.32	1516.3
3016.91	1469.68
3017.5	1467.22
3018.09	1483.1
3018.68	1457.59
3019.27	1447.36
3019.86	1385.65
3020.45	1384.81
3021.04	1393.46
3021.63	1420.83
3022.22	1411.17
3022.8	1384.9
3023.39	1405.9
3023.98	1403.04
3024.57	1383.6
3025.16	1387.9
3025.74	1371.58
3026.33	1392.41
3026.92	1334.71
3027.5	1370.8
3028.09	1376.85
3028.68	1382.86
3029.26	1426.1
3029.85	1477.79
3030.44	1379.07
3031.02	1442.57
3031.61	1439.08
3032.19	1413.82
3032.78	1404.92
3033.37	1429.93
3033.95	1410.33
3034.54	1445.45
3035.12	1448.52
3035.71	1523.99
3036.29	1459.96
3036.87	1476.57
3037.46	1500.43
3038.04	1527.41
3038.63	1561.74
3039.21	1524.89
3039.79	1533.74
3040.38	1542.75
3040.96	1566.3
3041.54	1554.52
3042.12	1527.93
3042.71	1508.23
3043.29	1522.41
3043.87	1577.8
3044.45	1562.74
3045.03	1596.49
3045.62	1592.22
3046.2	1623.42
3046.78	1641.41
3047.36	1640.86
3047.94	1666.16
3048.52	1693.4
3049.1	1780.56
3049.68	1880.01
3050.26	1922.37
3050.84	2009.21
3051.42	2070.14
3052	2132.09
3052.58	2178.51
3053.16	2259.13
3053.74	2300.5
3054.32	2397.97
3054.89	2444.96
3055.47	2454.94
3056.05	2441.24
3056.63	2494.91
3057.21	2501.77
3057.78	2510.37
3058.36	2565.25
3058.94	2509.92
3059.52	2471.06
3060.09	2522.42
3060.67	2494.2
3061.25	2512.86
3061.82	2455
3062.4	2476.95
3062.97	2520.52
3063.55	2479.94
3064.13	2419.52
3064.7	2402.62
3065.28	2357.9
3065.85	2342.39
3066.43	2281.45
3067	2239.16
3067.58	2176.99
3068.15	2133.15
3068.72	2075.54
3069.3	2026.05
3069.87	1912.45
3070.45	1861.2
3071.02	1817.52
3071.59	1781.4
3072.17	1683.39
3072.74	1618.45
3073.31	1570.94
3073.89	1499.43
3074.46	1481.56
3075.03	1429.54
3075.6	1398.31
3076.17	1342.47
3076.74	1243.41
3077.32	1293.38
3077.89	1244.12
3078.46	1229.96
3079.03	1163.94
3079.6	1168.11
3080.17	1090.38
3080.74	1134.62
3081.31	1082.58
3081.88	1046.05
3082.45	1063.29
3083.02	1057.82
3083.59	1031.71
3084.16	1035.57
3084.73	997.117
3085.3	960.766
3085.87	968.863
3086.43	971.9
3087	916.246
3087.57	930.851
3088.14	915.568
3088.71	914.7
3089.28	880.709
3089.84	886.882
3090.41	857.892
3090.98	862.942
3091.54	843.221
3092.11	849.303
3092.68	854.345
3093.24	813.987
3093.81	869.541
3094.38	825.074
3094.94	840.44
3095.51	854.796
3096.07	825.866
3096.64	816.507
3097.2	796.825
3097.77	825.572
3098.33	790.484
3098.9	776.073
3099.46	841.063
3100.03	806.164
3100.59	820.71
3101.15	799.136
3101.72	812.527
3102.28	775.36
3102.84	786.585
3103.41	744.22
3103.97	821.324
3104.53	772.771
3105.1	804.526
3105.66	800.252
3106.22	774.392
3106.78	780.467
3107.34	787.599
3107.91	771.096
3108.47	794.732
3109.03	802.971
3109.59	789.67
3110.15	799.078
3110.71	794.16
3111.27	769.719
3111.83	763.766
3112.39	765.949
3112.95	775.2
3113.51	782.264
3114.07	743.977
3114.63	761.291
3115.19	787.933
3115.75	774.542
3116.31	757.1
3116.87	767.445
3117.43	798.321
3117.98	716.983
3118.54	769.312
3119.1	777.365
3119.66	765.89
3120.22	758.579
3120.77	762.638
3121.33	772.917
3121.89	770.882
3122.44	777.045
3123	757.458
3123.56	734.723
3124.11	787.949
3124.67	756.926
3125.23	792.672
3125.78	747.395
3126.34	763.795
3126.89	707.416
3127.45	784.534
3128	722.075
3128.56	765.358
3129.11	730.564
3129.67	756.311
3130.22	746.047
3130.78	769.611
3131.33	755.118
3131.88	758.04
3132.44	783.525
3132.99	773.095
3133.54	773.991
3134.1	784.173
3134.65	786.204
3135.2	773.922
3135.76	738.074
3136.31	797.632
3136.86	755.628
3137.41	771.053
3137.96	810.053
3138.51	759.78
3139.07	824.389
3139.62	758.713
3140.17	743.308
3140.72	802.791
3141.27	782.281
3141.82	789.47
3142.37	804.852
3142.92	792.514
3143.47	788.365
3144.02	803.704
3144.57	796.525
3145.12	783.264
3145.67	833.663
3146.22	788.743
3146.77	802.308
3147.32	793.274
3147.86	780.064
3148.41	832.462
3148.96	797.519
3149.51	807.672