401.058	955.677
402.149	907.601
403.243	953.16
404.332	951.339
405.424	905.115
406.515	864.635
407.606	923.118
408.697	896.9
409.785	778.697
410.876	776.164
411.967	853.267
413.055	817.652
414.143	777.287
415.233	805.042
416.321	876.39
417.409	744.625
418.499	847.373
419.586	850.696
420.673	863.453
421.761	904.145
422.848	896.953
423.935	930.589
425.02	900.643
426.106	946.379
427.193	965.281
428.278	964.721
429.364	982.495
430.45	980.023
431.534	995.145
432.618	950.747
433.704	943.358
434.788	940.753
435.871	916.194
436.955	991.804
438.038	906.549
439.123	885.627
440.204	857.443
441.287	819.319
442.37	841.223
443.452	791.448
444.535	818.16
445.615	757.07
446.698	710.481
447.78	684.939
448.86	684.281
449.939	687.38
451.021	678.588
452.101	691.211
453.18	630.69
454.262	621.943
455.341	570.359
456.42	583.55
457.499	574.378
458.578	584.698
459.654	545.908
460.733	564.757
461.811	552.109
462.89	562.709
463.966	474.744
465.044	551.343
466.12	530.266
467.197	480.281
468.273	532.652
469.349	554.174
470.426	496.346
471.501	521.226
472.576	516.224
473.651	546.54
474.726	635.387
475.801	518.313
476.876	613.855
477.95	587.903
479.022	575.836
480.097	567.393
481.171	608.897
482.243	668.791
483.317	622.136
484.388	654.134
485.46	581.657
486.533	585.894
487.605	566.104
488.676	592.407
489.747	614.999
490.818	658.794
491.889	674.152
492.959	680.437
494.03	643.612
495.1	676.641
496.171	682.942
497.239	743.281
498.309	735.528
499.379	719.467
500.446	774.908
501.514	725.11
502.584	794.493
503.651	807.283
504.718	725.958
505.788	791.123
506.855	759.3
507.921	884.001
508.988	800.876
510.055	850.513
511.119	836.093
512.186	785.088
513.252	802.854
514.318	872.953
515.382	854.196
516.448	747.362
517.512	744.218
518.577	769.624
519.641	784.119
520.704	787.683
521.768	848.44
522.833	718.396
523.896	870.513
524.959	902.598
526.021	879.027
527.084	889.414
528.144	992.082
529.207	984.735
530.269	1106.95
531.331	1203.66
532.391	1149.14
533.453	1221.75
534.513	1197.25
535.572	1183.72
536.634	1078.81
537.693	1094.29
538.752	1004.46
539.812	1029.85
540.87	965.152
541.929	938.794
542.988	963.87
544.047	906.111
545.105	907.906
546.164	912.252
547.22	901.284
548.278	899.304
549.336	919.496
550.392	896.675
551.448	929.883
552.505	883.988
553.561	933.323
554.616	978.087
555.671	867.226
556.728	930.476
557.783	935.727
558.836	876.528
559.891	937.163
560.946	961.385
562	959.638
563.055	901.496
564.107	929.763
565.161	854.403
566.213	876.3
567.267	833.367
568.318	767.325
569.37	842.706
570.424	831.21
571.475	834.523
572.526	809.272
573.577	817.255
574.628	825.242
575.679	874.688
576.73	871.666
577.781	900.016
578.829	974.454
579.88	995.592
580.93	923.85
581.978	899.939
583.026	818.04
584.076	874.977
585.124	793.038
586.172	766.275
587.221	810.265
588.269	729.268
589.316	788.752
590.363	845.357
591.41	796.384
592.457	817.19
593.502	801.487
594.549	738.379
595.595	846.974
596.64	811.834
597.686	804.245
598.73	843.382
599.776	875.849
600.82	834.545
601.864	890.536
602.908	917.193
603.953	940.433
604.997	930.911
606.04	939.094
607.083	950.106
608.125	982.193
609.168	994.691
610.211	1048.43
611.253	1062.35
612.294	1083.63
613.336	1100.37
614.377	1325.65
615.419	1493.83
616.459	1752.37
617.499	1815.14
618.539	2033.61
619.579	1918.06
620.619	1740.81
621.658	1524.08
622.698	1442.09
623.737	1442.26
624.776	1573.45
625.815	1764.72
626.852	1983.86
627.891	2151.59
628.928	2294.56
629.966	2552.01
631.003	2577.39
632.041	2542.17
633.077	2569.2
634.114	2432.57
635.15	2253.65
636.185	2058.57
637.221	1903.59
638.257	1785.82
639.292	1790.8
640.328	1613.01
641.361	1539.13
642.396	1405.9
643.431	1290
644.464	1204.5
645.497	1059.35
646.532	1049.73
647.564	939.208
648.597	970.509
649.629	926.499
650.663	896.253
651.695	864.977
652.727	898.827
653.757	822.276
654.789	736.562
655.821	754.668
656.852	715.043
657.882	682.885
658.913	637.058
659.942	599.522
660.973	578.468
662.002	583.027
663.031	580.208
664.06	558.215
665.09	571.224
666.119	571.613
667.147	533.625
668.175	587.524
669.201	546.733
670.229	527.816
671.257	476.489
672.285	547.472
673.311	476.668
674.338	497.992
675.363	529.569
676.389	508.741
677.416	515.568
678.441	496.507
679.466	511.459
680.491	522.607
681.515	517.078
682.54	501.407
683.565	485.805
684.589	441.698
685.613	537.922
686.635	485.647
687.659	482.302
688.681	548.266
689.705	514.388
690.727	537.803
691.75	634.316
692.772	593.846
693.793	577.391
694.814	587.737
695.835	591.541
696.856	597.136
697.877	607.313
698.898	585.995
699.918	573.022
700.937	631.328
701.957	581.394
702.978	634.173
703.996	562.972
705.016	614.782
706.034	560.198
707.052	470.488
708.069	534.263
709.087	491.747
710.107	458.512
711.124	489.995
712.139	486.393
713.156	502.21
714.173	508.776
715.19	452.46
716.205	470.004
717.222	497.617
718.238	440.224
719.253	473.261
720.267	528.382
721.283	501.475
722.297	547.383
723.311	510.448
724.325	516.825
725.339	568.32
726.353	580.302
727.366	609.821
728.38	679.861
729.391	743.462
730.404	802.384
731.417	758.141
732.428	812.151
733.441	795.258
734.452	845.402
735.463	890.987
736.475	928.437
737.486	939.455
738.496	964.391
739.506	949.952
740.516	924.487
741.526	995.318
742.534	985.268
743.544	1045.79
744.554	1003.49
745.561	1043.78
746.571	1035.49
747.578	1086.89
748.587	1077.83
749.594	977.092
750.601	1005.75
751.608	995.941
752.615	1024.76
753.621	970.127
754.628	972.496
755.634	954.739
756.641	953.593
757.647	947.905
758.651	964.35
759.657	1017.7
760.663	898.577
761.666	954.624
762.67	967.231
763.676	948.308
764.679	1030.9
765.682	1012.62
766.686	1036.77
767.689	1010.06
768.692	1042.62
769.694	1017.17
770.697	990.135
771.698	939.218
772.7	888.313
773.703	867.871
774.703	901.973
775.703	895.851
776.705	871.79
777.705	906.094
778.705	935.75
779.705	899.599
780.705	935.147
781.704	985.725
782.704	954.586
783.703	954.984
784.702	941.317
785.701	989.862
786.698	1007.67
787.697	1038.54
788.694	1057.41
789.693	1092.19
790.689	1038.56
791.686	1044.43
792.682	1123.73
793.68	1157.28
794.676	1182.4
795.672	1205.72
796.666	1232
797.662	1327.37
798.658	1373.51
799.653	1456.85
800.647	1493.38
801.642	1564.05
802.636	1652.08
803.631	1709.11
804.624	1701.84
805.617	1731.81
806.61	1732.03
807.602	1671.82
808.595	1707.22
809.587	1709.08
810.58	1633.93
811.572	1659.09
812.564	1622.32
813.554	1591.33
814.546	1560.46
815.536	1588.89
816.528	1563.56
817.518	1594.66
818.507	1548.03
819.499	1673.47
820.488	1677.75
821.477	1760.51
822.466	1779.29
823.455	1988.03
824.444	2070.83
825.431	2169.17
826.42	2235.32
827.408	2433.52
828.395	2539.92
829.383	2692.57
830.369	2824.82
831.356	3069.76
832.342	3295.44
833.33	3605.81
834.315	3924.88
835.301	4321.29
836.287	4699.22
837.27	4992
838.256	5168.25
839.241	5336.64
840.226	5407.58
841.209	5315.59
842.194	5246.25
843.177	5072.17
844.16	4806.37
845.145	4388.24
846.127	4065.71
847.11	3841.47
848.092	3627.18
849.074	3463.2
850.056	3414.8
851.039	3358.72
852.018	3454.99
853	3410.32
853.982	3563.29
854.962	3703.57
855.941	3732.15
856.923	3836.69
857.902	3789.16
858.881	3511.03
859.86	3326.6
860.839	3151.06
861.818	2956.66
862.797	2828.1
863.776	2587.74
864.754	2548.82
865.733	2464.69
866.709	2393.48
867.687	2291.12
868.664	2191.73
869.642	2173.53
870.618	2123.29
871.594	2070.41
872.569	2047.98
873.545	2021.87
874.521	1936.75
875.496	1970.4
876.471	1874.91
877.447	1897.22
878.42	1844.72
879.395	1857.54
880.37	1821.47
881.343	1789.15
882.315	1731.18
883.29	1672.45
884.262	1605.53
885.235	1577.3
886.207	1617.2
887.179	1558.32
888.151	1579.53
889.123	1509.45
890.095	1502.08
891.065	1562.07
892.037	1562.22
893.009	1565.15
893.978	1558.87
894.948	1615.31
895.919	1617.47
896.888	1671.41
897.857	1672.91
898.826	1707.64
899.795	1706.26
900.764	1765.55
901.732	1831
902.701	1822.36
903.668	1850.5
904.636	1835.31
905.604	1894.96
906.57	1911.51
907.538	1831.53
908.504	1926.1
909.47	1979.47
910.436	1978.61
911.402	1972.28
912.367	2025.02
913.333	1986.14
914.298	2007.11
915.264	1992.77
916.229	2020.9
917.192	1997.3
918.157	1974.8
919.12	1995.96
920.084	1975.59
921.047	1909.81
922.01	1914.29
922.972	1805.51
923.935	1792.99
924.897	1733.12
925.859	1630.62
926.821	1620.96
927.783	1563.12
928.743	1508.97
929.705	1558.74
930.667	1498.83
931.626	1439.75
932.586	1412.28
933.547	1409.08
934.506	1353.97
935.466	1297.08
936.425	1322.14
937.384	1320.17
938.343	1332.08
939.301	1371.87
940.26	1362.17
941.217	1437.43
942.175	1349.46
943.132	1410.06
944.09	1430.64
945.046	1378.31
946.002	1374.54
946.96	1423.13
947.916	1370.47
948.872	1409.53
949.828	1340.72
950.783	1345.88
951.737	1365.01
952.692	1304.23
953.647	1309
954.601	1277.11
955.556	1307.18
956.509	1228.6
957.464	1317.29
958.417	1367.75
959.369	1322.5
960.322	1299.61
961.275	1269.82
962.227	1351.53
963.179	1288.25
964.132	1298.25
965.082	1342.23
966.034	1304.79
966.984	1292.99
967.936	1276.61
968.885	1332.55
969.837	1235.98
970.787	1291.43
971.736	1295.87
972.686	1281.39
973.635	1249.1
974.584	1283.59
975.533	1315.38
976.48	1315.38
977.429	1413.99
978.378	1434.71
979.325	1425.4
980.273	1486.45
981.22	1486.45
982.166	1569.89
983.113	1695.35
984.061	1752.98
985.007	1858.14
985.953	1924.61
986.897	1991.02
987.843	2091.23
988.789	2245
989.734	2184.83
990.678	2383.91
991.623	2538.99
992.567	2742.44
993.51	3255.76
994.453	3930.91
995.398	4718.14
996.341	6129.84
997.284	7458.23
998.227	8806.32
999.168	9529.33
1000.11	9618.7
1001.05	8773.21
1001.99	7228.2
1002.94	5583.69
1003.88	4174.65
1004.82	3246.57
1005.76	2634.32
1006.7	2224.12
1007.64	1908.72
1008.58	1767.3
1009.52	1643.28
1010.46	1513.47
1011.4	1497.28
1012.34	1474.69
1013.27	1424.46
1014.21	1489.17
1015.15	1418.2
1016.09	1497.48
1017.03	1573.11
1017.96	1600.07
1018.9	1633.3
1019.84	1769.04
1020.77	1860.79
1021.71	2011.51
1022.65	2110.24
1023.58	2288
1024.52	2632.01
1025.45	2906.66
1026.39	3230.43
1027.32	3556.14
1028.26	3769.92
1029.19	3833.1
1030.12	3840.61
1031.06	3728.07
1031.99	3538.94
1032.92	3263.82
1033.86	2964.4
1034.79	2767.31
1035.72	2503.88
1036.65	2343.48
1037.59	2225.02
1038.52	2099.62
1039.45	2037.26
1040.38	2011.66
1041.31	1897.25
1042.24	1901.76
1043.17	1864.59
1044.1	1807.46
1045.03	1766.38
1045.96	1747.17
1046.89	1731.99
1047.82	1724.68
1048.75	1677.82
1049.68	1739.16
1050.61	1825.23
1051.53	1829.42
1052.46	1886.45
1053.39	1946.89
1054.32	1954.72
1055.24	2097.48
1056.17	2189.93
1057.1	2266.49
1058.02	2370.92
1058.95	2511.77
1059.88	2553.68
1060.8	2532.67
1061.73	2569.68
1062.65	2416.13
1063.58	2423.74
1064.5	2345.61
1065.43	2388.49
1066.35	2287.83
1067.27	2259.98
1068.2	2261.95
1069.12	2150.92
1070.04	2188.5
1070.97	2152.11
1071.89	2130.62
1072.81	2055.57
1073.73	1977.16
1074.65	1952.15
1075.58	1788.87
1076.5	1793.79
1077.42	1754.56
1078.34	1752.24
1079.26	1751.73
1080.18	1738.85
1081.1	1699.4
1082.02	1704.68
1082.94	1727.04
1083.86	1649.6
1084.78	1733.63
1085.7	1633.48
1086.61	1644.52
1087.53	1742.96
1088.45	1694.4
1089.37	1689.48
1090.28	1659.81
1091.2	1651.81
1092.12	1674.97
1093.03	1636.5
1093.95	1743.01
1094.87	1707.62
1095.78	1675.28
1096.7	1633.63
1097.61	1620.43
1098.53	1704.7
1099.44	1676.26
1100.36	1677.05
1101.27	1736.39
1102.19	1688.75
1103.1	1625
1104.01	1690.78
1104.93	1675.35
1105.84	1713.02
1106.75	1725.44
1107.67	1767.43
1108.58	1832.34
1109.49	1855.72
1110.4	1953.62
1111.31	1962.31
1112.22	2044.46
1113.14	2095.19
1114.05	2173.33
1114.96	2240.29
1115.87	2343.41
1116.78	2420.26
1117.69	2448.9
1118.6	2575.63
1119.51	2667.94
1120.42	2725.86
1121.32	2836.58
1122.23	2825.76
1123.14	2831.73
1124.05	2784.78
1124.96	2697.96
1125.86	2614.34
1126.77	2484.13
1127.68	2394.03
1128.58	2249.03
1129.49	2081.38
1130.4	2026.98
1131.3	2015.92
1132.21	2005.83
1133.11	1993.21
1134.02	2055.91
1134.92	2083.1
1135.83	2110.68
1136.73	2149.82
1137.64	2226.9
1138.54	2271.53
1139.44	2293.16
1140.35	2200.65
1141.25	2176.55
1142.15	2174.44
1143.06	2200.1
1143.96	2187.83
1144.86	2144.12
1145.76	2117.36
1146.66	2092.26
1147.57	2095.49
1148.47	2039.5
1149.37	2078.7
1150.27	2115.06
1151.17	2071.46
1152.07	2095.57
1152.97	2133.99
1153.87	2082.79
1154.77	1996.18
1155.67	2017.12
1156.57	1838.78
1157.46	1748.13
1158.36	1670.94
1159.26	1582.51
1160.16	1514.25
1161.05	1521.36
1161.95	1405.45
1162.85	1409.42
1163.75	1378.78
1164.64	1317.37
1165.54	1317.74
1166.44	1293.35
1167.33	1273.89
1168.23	1297.46
1169.12	1306.96
1170.02	1256.67
1170.91	1265.37
1171.81	1247.36
1172.7	1284.41
1173.59	1300.41
1174.49	1322
1175.38	1386.21
1176.27	1409.41
1177.17	1444.82
1178.06	1480.18
1178.95	1551.6
1179.84	1594.72
1180.74	1672.15
1181.63	1650.26
1182.52	1658.72
1183.41	1633.89
1184.3	1660.91
1185.19	1642.24
1186.08	1578.97
1186.97	1644.29
1187.86	1622.65
1188.75	1672.85
1189.64	1721.11
1190.53	1757.98
1191.42	1823.09
1192.31	1842.06
1193.2	1909.25
1194.09	1922.1
1194.97	1967.26
1195.86	1981.52
1196.75	1974.05
1197.64	1927.81
1198.52	1862.62
1199.41	1867.06
1200.29	1847.12
1201.18	1774.63
1202.07	1706.01
1202.95	1643.94
1203.84	1588.3
1204.72	1518.36
1205.61	1437
1206.49	1395.14
1207.38	1368.48
1208.26	1369.36
1209.14	1304.86
1210.03	1248.14
1210.91	1261.07
1211.79	1218.48
1212.68	1203.87
1213.56	1182.38
1214.44	1187.87
1215.32	1166.81
1216.21	1164.51
1217.09	1195.19
1217.97	1170.68
1218.85	1173.74
1219.73	1217.56
1220.61	1176.14
1221.49	1231.78
1222.37	1311.07
1223.25	1378.99
1224.13	1416.52
1225.01	1572.63
1225.89	1632.28
1226.77	1819.24
1227.65	1862.9
1228.52	1876.68
1229.4	1896.51
1230.28	1871.36
1231.16	1865.31
1232.03	1805.35
1232.91	1852.26
1233.79	1809.95
1234.66	1811.91
1235.54	1769.98
1236.42	1761.04
1237.29	1683.62
1238.17	1633.7
1239.04	1580.02
1239.92	1496.99
1240.79	1477.68
1241.67	1388.07
1242.54	1388.79
1243.41	1337.19
1244.29	1310.32
1245.16	1323.48
1246.03	1299.51
1246.91	1335.57
1247.78	1326.72
1248.65	1292.87
1249.52	1315.13
1250.4	1296.19
1251.27	1320.14
1252.14	1307.85
1253.01	1329.08
1253.88	1358.07
1254.75	1361.33
1255.62	1410.43
1256.49	1382.96
1257.36	1425.08
1258.23	1421.14
1259.1	1447.64
1259.97	1467.37
1260.84	1444.12
1261.71	1478.21
1262.57	1485.67
1263.44	1501.83
1264.31	1541.92
1265.18	1592.54
1266.05	1684.15
1266.91	1705.07
1267.78	1767.84
1268.65	1930.59
1269.51	2060.74
1270.38	2169.75
1271.24	2397.68
1272.11	2558.67
1272.97	2732.76
1273.84	2965.61
1274.7	3079.41
1275.57	3249.31
1276.43	3402.1
1277.3	3442.08
1278.16	3580.83
1279.02	3619.76
1279.89	3662.9
1280.75	3712.15
1281.61	3766.74
1282.48	3769.06
1283.34	3784.48
1284.2	3732.73
1285.06	3684.91
1285.92	3621.86
1286.78	3459.81
1287.65	3320.87
1288.51	3164.33
1289.37	3015.46
1290.23	2881
1291.09	2732.23
1291.95	2607.01
1292.81	2542.01
1293.67	2445.01
1294.52	2415.76
1295.38	2338.08
1296.24	2315.64
1297.1	2289.52
1297.96	2262.21
1298.81	2207.06
1299.67	2148.44
1300.53	2142.34
1301.39	2122.69
1302.24	2023.51
1303.1	2019.08
1303.95	1936.56
1304.81	1889.65
1305.67	1860.34
1306.52	1765.93
1307.38	1746.25
1308.23	1675.13
1309.09	1631.29
1309.94	1534.72
1310.8	1507.64
1311.65	1450.47
1312.5	1414.36
1313.35	1360.95
1314.21	1338.46
1315.06	1301.66
1315.91	1277.34
1316.77	1259.57
1317.62	1254.33
1318.47	1226.2
1319.32	1196.28
1320.17	1170.48
1321.02	1216.31
1321.87	1226.77
1322.73	1209.91
1323.57	1181.01
1324.43	1172.72
1325.28	1168.3
1326.13	1211.33
1326.97	1204.48
1327.82	1183.71
1328.67	1181.15
1329.52	1191.41
1330.37	1204.97
1331.22	1195.98
1332.06	1210.9
1332.91	1214.81
1333.76	1187.84
1334.61	1216.96
1335.45	1235.85
1336.3	1213.55
1337.15	1208.9
1337.99	1197.11
1338.84	1230.4
1339.68	1241.21
1340.53	1225.67
1341.37	1228.72
1342.22	1235.07
1343.06	1217.4
1343.91	1243.86
1344.75	1238.6
1345.6	1232.65
1346.44	1251.34
1347.28	1247.49
1348.12	1274.27
1348.97	1236.83
1349.81	1243.95
1350.65	1259.43
1351.49	1263.07
1352.33	1286.14
1353.18	1275.15
1354.02	1293.71
1354.86	1324.34
1355.7	1343.79
1356.54	1367.67
1357.38	1404.52
1358.22	1462.22
1359.06	1458.3
1359.9	1459.57
1360.74	1477.96
1361.58	1499.68
1362.42	1505.36
1363.25	1464.38
1364.09	1468.33
1364.93	1475.49
1365.77	1471.89
1366.6	1467.69
1367.19	1458.49
1368.1	1469.68
1369.01	1474.88
1369.92	1468.16
1370.83	1436.69
1371.74	1421.81
1372.65	1416.66
1373.56	1378.96
1374.47	1387.48
1375.37	1310.37
1376.28	1265.69
1377.19	1309.39
1378.1	1303.83
1379	1251.1
1379.91	1254.33
1380.82	1262.44
1381.72	1196.99
1382.63	1225.53
1383.54	1212.76
1384.44	1192.02
1385.35	1153.65
1386.25	1128.01
1387.16	1172.63
1388.06	1163.72
1388.97	1154.92
1389.87	1182.18
1390.78	1192.94
1391.68	1261.01
1392.59	1275.66
1393.49	1301.89
1394.39	1292.16
1395.3	1252.32
1396.2	1208.56
1397.1	1153.23
1398	1105.77
1398.91	1085.48
1399.81	1043.23
1400.71	980.921
1401.61	998.552
1402.52	967.09
1403.42	945.187
1404.32	934.751
1405.22	921.428
1406.12	934.991
1407.02	929.504
1407.92	955.743
1408.82	935.254
1409.72	932.088
1410.62	945.196
1411.52	915.285
1412.42	980.792
1413.32	969.811
1414.21	991.191
1415.11	995.335
1416.01	993.736
1416.91	1039.74
1417.81	1021.08
1418.71	1045.35
1419.6	1053.63
1420.5	1121.07
1421.4	1112.65
1422.29	1172.79
1423.19	1211.99
1424.09	1251.06
1424.98	1309.89
1425.88	1373.31
1426.77	1462.31
1427.67	1557
1428.56	1647.01
1429.46	1748.55
1430.35	1862.58
1431.25	2021.44
1432.14	2118.81
1433.04	2211.76
1433.93	2312.68
1434.82	2459.62
1435.72	2487.86
1436.61	2482.88
1437.5	2554.22
1438.39	2612.29
1439.29	2675.11
1440.18	2814.23
1441.07	2842.33
1441.96	3012.68
1442.85	3157.26
1443.75	3251.48
1444.64	3340.56
1445.53	3496.5
1446.42	3565.74
1447.31	3662.8
1448.2	3660.48
1449.09	3696.82
1449.98	3692.18
1450.87	3611.36
1451.76	3582.7
1452.65	3521.06
1453.54	3427.51
1454.43	3423.21
1455.31	3328.35
1456.2	3158.47
1457.09	3113.02
1457.98	3000.75
1458.87	2879.05
1459.75	2835.57
1460.64	2732.67
1461.53	2622.81
1462.41	2575.52
1463.3	2605.01
1464.19	2658.55
1465.07	2672.63
1465.96	2735.36
1466.85	2784.81
1467.73	2769.98
1468.61	2639.84
1469.5	2630.35
1470.38	2524.13
1471.27	2485
1472.15	2491.42
1473.04	2468.48
1473.92	2548.19
1474.8	2570.37
1475.69	2603.19
1476.57	2610.02
1477.45	2491.02
1478.34	2551.19
1479.22	2442.52
1480.1	2347.18
1480.98	2318.3
1481.86	2277.86
1482.75	2293.94
1483.63	2210.39
1484.51	2207.38
1485.39	2024.44
1486.27	1896.52
1487.15	1614.25
1488.03	1431.08
1488.91	1298.26
1489.79	1143
1490.67	1050.46
1491.55	992.632
1492.43	919.369
1493.31	898.373
1494.19	835.075
1495.07	782.533
1495.94	766.673
1496.82	739.235
1497.7	750.237
1498.58	696.748
1499.45	676.911
1500.33	633.111
1501.21	670.876
1502.09	599.439
1502.96	563.559
1503.84	599.463
1504.72	579.901
1505.59	562.26
1506.47	548.433
1507.34	536.51
1508.22	545.553
1509.09	493.725
1509.97	540.898
1510.84	531.07
1511.72	506.107
1512.59	504.901
1513.46	524.52
1514.34	506.119
1515.21	481.04
1516.08	442.708
1516.96	454.518
1517.83	501.237
1518.7	463.02
1519.57	464.493
1520.45	416.121
1521.32	450.671
1522.19	414.72
1523.06	445.606
1523.93	410.734
1524.8	429.449
1525.67	403.971
1526.54	408.507
1527.41	396.097
1528.28	404.312
1529.16	418.147
1530.02	432.951
1530.89	423.458
1531.76	371.898
1532.63	374.712
1533.5	411.263
1534.37	401.916
1535.24	393.481
1536.11	402.81
1536.97	383.1
1537.84	403.66
1538.71	389.623
1539.57	362.539
1540.44	372.967
1541.31	386.269
1542.18	392.111
1543.04	370.751
1543.91	367.152
1544.77	355.978
1545.64	373.826
1546.5	386.01
1547.37	344.737
1548.24	371.1
1549.1	368.498
1549.96	342.534
1550.83	367.413
1551.69	345.291
1552.56	361.74
1553.42	351.7
1554.28	341.54
1555.15	329.409
1556.01	349.397
1556.87	361.904
1557.73	331.954
1558.6	344.671
1559.46	346.08
1560.32	338.913
1561.18	336.398
1562.04	344.244
1562.9	334.9
1563.77	358.847
1564.63	329.525
1565.49	353.61
1566.35	362.559
1567.21	325.757
1568.07	343.396
1568.93	361.067
1569.79	369.154
1570.64	381.994
1571.5	378.479
1572.36	375.882
1573.22	435.753
1574.08	439.944
1574.94	449
1575.8	458.116
1576.65	511.64
1577.51	563.326
1578.37	595.735
1579.22	666.811
1580.08	752.446
1580.94	833.33
1581.79	874.632
1582.65	923.828
1583.51	842.168
1584.36	832.296
1585.22	750.444
1586.07	655.743
1586.93	576.41
1587.78	533.94
1588.63	557.677
1589.49	531.621
1590.34	551.341
1591.2	598.307
1592.05	629.559
1592.9	673.416
1593.76	756.278
1594.61	789.435
1595.46	932.064
1596.32	1043.75
1597.17	1186.06
1598.02	1373.62
1598.87	1589.75
1599.72	1737.37
1600.58	1889.62
1601.43	1944.52
1602.28	1950.01
1603.13	1848.47
1603.98	1676.41
1604.83	1516.23
1605.68	1297.73
1606.53	1094.23
1607.38	929.06
1608.23	808.905
1609.08	788.332
1609.93	703.198
1610.77	665.788
1611.62	612.709
1612.47	590.863
1613.32	578.839
1614.17	548.434
1615.01	474.348
1615.86	469.436
1616.71	477.168
1617.55	432.302
1618.4	460.314
1619.25	418.237
1620.09	441.222
1620.94	397.207
1621.79	397.882
1622.63	375.353
1623.48	412.95
1624.32	400.233
1625.17	422.408
1626.01	409.759
1626.86	423.241
1627.7	458.962
1628.54	428.89
1629.39	442.315
1630.23	439.261
1631.07	450.652
1631.92	449.433
1632.76	444.33
1633.6	482.622
1634.45	484.278
1635.29	486.939
1636.13	513.706
1636.97	491.39
1637.81	531.628
1638.66	543.944
1639.5	498.58
1640.34	575.35
1641.18	595.457
1642.02	558.941
1642.86	562.841
1643.7	570.612
1644.54	589.908
1645.38	623.594
1646.22	580.338
1647.06	580.324
1647.89	594.744
1648.73	615.959
1649.57	586.323
1650.41	601.04
1651.25	560.045
1652.09	580.691
1652.92	610.968
1653.76	587.161
1654.6	601.78
1655.43	582.546
1656.27	583.562
1657.11	554.769
1657.94	582.107
1658.78	615.447
1659.62	588.023
1660.45	570.21
1661.29	585.186
1662.12	587.423
1662.96	520.709
1663.79	586.76
1664.62	546.227
1665.46	563.041
1666.29	547.978
1667.13	525.227
1667.96	517.075
1668.79	548.843
1669.63	513.342
1670.46	501.14
1671.29	506.439
1672.12	463.788
1672.96	453.312
1673.79	468.238
1674.62	444.016
1675.45	443.307
1676.28	421.085
1677.11	454.804
1677.95	409.091
1678.78	445.853
1679.61	389.194
1680.44	418.992
1681.27	383.745
1682.1	413.417
1682.93	412.549
1683.75	396.935
1684.58	431.637
1685.41	411.193
1686.24	424.314
1687.07	394.988
1687.9	409.097
1688.73	430.126
1689.55	401.686
1690.38	416.751
1691.21	407.031
1692.04	422.011
1692.86	407.203
1693.69	418.09
1694.52	425.989
1695.34	411.144
1696.17	457.799
1696.99	464.949
1697.82	436.493
1698.64	455.663
1699.47	500.644
1700.29	485.984
1701.12	519.889
1701.94	493.081
1702.77	532.753
1703.59	557.463
1704.41	568.244
1705.24	584.991
1706.06	624.587
1706.88	627.492
1707.71	655.232
1708.53	723.663
1709.35	715.684
1710.17	774.134
1711	767.039
1711.82	806.471
1712.64	850.757
1713.46	901.918
1714.28	971.89
1715.1	940.944
1715.92	1004.15
1716.74	1021.88
1717.56	1071.18
1718.38	1100.47
1719.2	1185.77
1720.02	1220.29
1720.84	1229
1721.66	1342.35
1722.48	1386.95
1723.3	1432.99
1724.11	1468.52
1724.93	1550.43
1725.75	1577.83
1726.57	1620.46
1727.39	1636.93
1728.2	1681.59
1729.02	1692.77
1729.84	1711.06
1730.65	1756.14
1731.47	1741.62
1732.29	1763.39
1733.1	1727.19
1733.92	1728
1734.73	1705.19
1735.55	1683.37
1736.36	1626.55
1737.18	1603.14
1737.99	1563.23
1738.81	1546.72
1739.62	1463.86
1740.43	1378.06
1741.25	1382.81
1742.06	1289.45
1742.87	1217.7
1743.69	1164.59
1744.5	1082.49
1745.31	1010.18
1746.13	987.383
1746.94	899.73
1747.75	831.584
1748.56	740.335
1749.37	684.036
1750.18	657.78
1750.99	650.871
1751.81	578.175
1752.61	547.081
1753.42	517.955
1754.24	487.917
1755.04	467.595
1755.85	445.363
1756.66	424.073
1757.47	382.441
1758.28	401.598
1759.09	378.227
1759.9	397.314
1760.71	366.3
1761.52	337.306
1762.32	334.411
1763.13	343.126
1763.94	298.837
1764.74	280.553
1765.55	306.594
1766.36	310.464
1767.17	303.758
1767.97	283.597
1768.78	278.902
1769.58	284.844
1770.39	269.548
1771.19	266.773
1772	282.327
1772.8	255.351
1773.61	257.361
1774.41	278.723
1775.22	244.015
1776.02	225.738
1776.83	257.775
1777.63	218.189
1778.43	208.608
1779.23	248.459
1780.04	205.971
1780.84	214.882
1781.64	246.165
1782.44	223.076
1783.25	233.989
1784.05	222.51
1784.85	254.839
1785.65	228.708
1786.45	240.587
1787.25	238.82
1788.05	222.403
1788.86	195.212
1789.65	221.777
1790.46	214.11
1791.25	206.422
1792.05	197.739
1792.85	224.343
1793.65	211.752
1794.45	190.333
1795.25	206.245
1796.05	192.705
1796.85	169.305
1797.64	204.006
1798.44	206.201
1799.24	193.561
1800.04	235.216
1800.83	230.43
1801.63	206.831
1802.43	199.037
1803.22	217.966
1804.02	201.251
1804.82	210.281
1805.61	204.437
1806.41	198.581
1807.2	210.575
1808	231.515
1808.79	192.912
1809.59	212.899
1810.38	216.018
1811.18	243.996
1811.97	203.325
1812.76	208.359
1813.56	189.467
1814.35	232.232
1815.14	221.262
1815.94	227.229
1816.73	216.334
1817.52	206.475
1818.31	211.564
1819.1	190.754
1819.9	212.732
1820.69	192.827
1821.48	172.889
1822.27	188.794
1823.06	205.692
1823.85	181.784
1824.64	209.647
1825.43	194.704
1826.22	184.727
1827.01	200.603
1827.8	200.557
1828.59	215.436
1829.38	222.38
1830.17	181.627
1830.96	201.508
1831.74	220.369
1832.53	197.457
1833.32	212.265
1834.11	195.274
1834.89	184.243
1835.68	197.01
1836.47	196.891
1837.26	187.87
1838.04	188.755
1838.83	161.957
1839.61	205.326
1840.4	192.345
1841.19	218.818
1841.97	192.013
1842.76	175.102
1843.54	205.456
1844.33	215.154
1845.11	185.58
1845.89	180.615
1846.68	198.249
1847.46	187.402
1848.25	199.12
1849.03	186.298
1849.81	196.038
1850.6	219.503
1851.38	203.774
1852.16	200.794
1852.94	188.016
1853.72	200.682
1854.51	207.441
1855.29	181.902
1856.07	206.22
1856.85	224.639
1857.63	188.381
1858.41	184.358
1859.19	201.788
1859.97	194.865
1860.75	194.787
1861.53	203.5
1862.31	205.426
1863.09	196.666
1863.87	180.122
1864.65	164.537
1865.43	199.494
1866.21	174.125
1866.99	195.375
1867.76	225.316
1868.54	211.583
1869.32	212.438
1870.1	203.649
1870.87	192.972
1871.65	192.015
1872.43	166.854
1873.2	207.557
1873.98	199.811
1874.76	182.367
1875.53	193.01
1876.31	186.238
1877.08	189.177
1877.86	190.207
1878.63	207.725
1879.41	184.542
1880.18	191.383
1880.96	200.144
1881.73	170.11
1882.5	215.704
1883.28	179.867
1884.05	210.961
1884.82	163.5
1885.6	192.685
1886.37	204.406
1887.14	183.106
1887.91	161.789
1888.68	171.547
1889.46	200.75
1890.23	204.727
1891	200.964
1891.77	173.885
1892.54	190.626
1893.31	184.031
1894.08	172.556
1894.85	181.563
1895.62	206.2
1896.39	186.772
1897.16	204.461
1897.93	192.738
1898.7	192.745
1899.47	210.397
1900.24	153.688
1901.01	211.623
1901.77	195.166
1902.54	166.92
1903.31	189.707
1904.08	196.77
1904.84	185.114
1905.61	218.721
1906.38	184.369
1907.14	210.108
1907.91	176.704
1908.68	195.574
1909.44	191.771
1910.21	195.883
1910.97	200.016
1911.74	198.227
1912.51	193.465
1913.27	191.664
1914.03	172.982
1914.8	190.992
1915.56	188.145
1916.33	184.284
1917.09	221.167
1917.85	166.557
1918.62	185.523
1919.38	176.631
1920.14	179.682
1920.9	186.735
1921.67	207.768
1922.43	186.996
1923.19	168.22
1923.95	176.391
1924.71	173.58
1925.47	189.749
1926.24	228.924
1927	177.958
1927.76	191.022
1928.52	210.067
1929.28	202.051
1930.04	192.026
1930.8	203.027
1931.56	181.996
1932.32	199.02
1933.08	216.067
1933.83	177.08
1934.59	197.19
1935.35	206.303
1936.11	203.379
1936.87	199.409
1937.62	174.339
1938.38	204.348
1939.14	196.252
1939.89	207.188
1940.65	192.126
1941.41	181.103
1942.16	196.112
1942.92	178.097
1943.68	200.064
1944.43	234.963
1945.19	206.836
1945.94	223.637
1946.7	192.535
1947.45	183.418
1948.21	170.352
1948.96	201.106
1949.71	206.98
1950.47	186.021
1951.22	213.783
1951.98	205.766
1952.73	188.814
1953.48	225.453
1954.23	212.423
1954.99	222.16
1955.74	215.008
1956.49	198.95
1957.24	213.557
1957.99	228.171
1958.75	220.131
1959.5	199.332
1960.25	224.883
1961	222.826
1961.75	190.224
1962.5	209.763
1963.25	198.78
1964	203.519
1964.75	196.485
1965.5	191.432
1966.25	206.953
1967	193.069
1967.74	229.029
1968.49	211.17
1969.24	209.91
1969.99	196.003
1970.74	185.081
1971.48	188.804
1972.23	216.85
1972.98	221.622
1973.73	216.711
1974.47	223.42
1975.22	191.307
1975.96	198.903
1976.71	206.453
1977.46	183.049
1978.2	229.222
1978.95	211.683
1979.69	179.759
1980.44	211.528
1981.18	222.115
1981.93	184.522
1982.67	223.036
1983.41	210.432
1984.16	207.411
1984.9	189.921
1985.64	187.81
1986.39	192.419
1987.13	211.421
1987.87	183.49
1988.61	179.568
1989.36	177.593
1990.1	184.245
1990.84	217.681
1991.58	224.324
1992.32	191.775
1993.06	162.122
1993.81	177.414
1994.55	182.225
1995.29	207.151
1996.03	199.611
1996.77	207.397
1997.51	209.452
1998.24	194.252
1998.98	205.854
1999.72	217.44
2000.46	189.698
2001.2	209.896
2001.94	172.548
2002.68	218.684
2003.41	202.469
2004.15	190.094
2004.89	200.772
2005.63	221.066
2006.36	181.738
2007.1	184.702
2007.84	187.667
2008.57	203.158
2009.31	208.09
2010.05	171.617
2010.78	192.985
2011.52	192.204
2012.25	197.22
2012.99	198.364
2013.72	194.648
2014.46	201.55
2015.19	179.387
2015.92	209.523
2016.66	196.085
2017.39	225.348
2018.13	195.472
2018.86	217.087
2019.59	198.871
2020.32	184.51
2021.06	212.044
2021.79	186.005
2022.52	176.926
2023.25	191.257
2023.98	184.61
2024.72	182.184
2025.45	190.655
2026.18	199.891
2026.91	189.283
2027.64	194.905
2028.37	191.18
2029.1	189.482
2029.83	213.34
2030.56	208.615
2031.29	215.429
2032.02	210.74
2032.75	203.549
2033.47	178.673
2034.2	179.271
2034.93	214.253
2035.66	194.484
2036.39	203.868
2037.11	193.036
2037.84	191.563
2038.57	214.62
2039.3	211.157
2040.02	229.989
2040.75	202.676
2041.47	192.399
2042.2	194.808
2042.93	196.627
2043.65	188.366
2044.38	183.737
2045.1	165.78
2045.83	221.041
2046.55	191.744
2047.28	218.53
2048	205.57
2048.73	201.432
2049.45	198.378
2050.17	182.576
2050.9	196.463
2051.62	183.376
2052.34	188.748
2053.07	187.86
2053.79	182.484
2054.51	196.757
2055.23	211.275
2055.95	200.826
2056.68	178.027
2057.4	196.117
2058.12	200.144
2058.84	213.708
2059.56	201.386
2060.28	216.385
2061	190.772
2061.72	214.778
2062.44	197.434
2063.16	211.872
2063.88	192.324
2064.6	225.196
2065.32	207.045
2066.03	192.836
2066.75	204.879
2067.47	204.356
2068.19	218.628
2068.91	209.475
2069.62	195.775
2070.34	230.876
2071.06	210.123
2071.77	207.292
2072.49	223.056
2073.21	217.231
2073.92	203.253
2074.64	200.073
2075.36	197.063
2076.07	199.918
2076.79	192.112
2077.5	201.794
2078.22	180.444
2078.93	208.451
2079.64	214.028
2080.36	204.003
2081.07	187.904
2081.79	203.941
2082.5	212.803
2083.21	206.812
2083.93	212.924
2084.64	225.547
2085.35	228.197
2086.07	198.044
2086.78	195.179
2087.49	229.08
2088.2	216.173
2088.91	215.784
2089.62	216.592
2090.33	222.842
2091.04	209.976
2091.76	188.574
2092.47	202.965
2093.18	223.325
2093.89	202.521
2094.6	201.855
2095.3	219.968
2096.01	214.655
2096.72	212.101
2097.43	215.721
2098.14	204.513
2098.85	201.322
2099.56	213.444
2100.09	211.374
2100.87	226.119
2101.65	227.034
2102.43	231.906
2103.21	196.262
2103.99	214.917
2104.77	227.581
2105.55	210.607
2106.32	188.718
2107.1	202.283
2107.88	212.911
2108.66	211.802
2109.44	228.428
2110.22	180.297
2110.99	227.378
2111.77	196.862
2112.55	231.991
2113.33	210.187
2114.1	204.071
2114.88	213.638
2115.66	210.569
2116.43	205.626
2117.21	241.734
2117.99	231.975
2118.76	214.381
2119.54	222.128
2120.31	256.18
2121.09	219.978
2121.86	224.749
2122.64	206.144
2123.41	226.525
2124.19	217.698
2124.96	235.185
2125.74	226.417
2126.51	202.107
2127.28	238.207
2128.06	230.491
2128.83	252
2129.61	211.09
2130.38	221.824
2131.15	218.898
2131.92	217.928
2132.7	208.197
2133.47	211.159
2134.24	233.644
2135.01	225.88
2135.78	200.535
2136.55	233.764
2137.33	220.141
2138.1	211.414
2138.87	231.051
2139.64	223.353
2140.41	217.631
2141.18	206.046
2141.95	233.677
2142.72	210.329
2143.49	194.781
2144.26	208.671
2145.03	237.304
2145.8	224.623
2146.57	217.847
2147.33	212.08
2148.1	219.159
2148.87	214.43
2149.64	235.383
2150.41	192.056
2151.17	189.213
2151.94	203.186
2152.71	186.454
2153.48	190.549
2154.24	205.598
2155.01	191.881
2155.78	209.979
2156.54	188.276
2157.31	190.442
2158.08	214.549
2158.84	203.724
2159.61	191.859
2160.37	194.953
2161.14	205.034
2161.9	190.104
2162.67	204.217
2163.43	184.317
2164.2	223.606
2164.96	228.871
2165.72	229.128
2166.49	214.259
2167.25	182.187
2168.01	157.077
2168.78	213.586
2169.54	205.571
2170.3	208.669
2171.07	226.95
2171.83	222.061
2172.59	207.078
2173.35	218.385
2174.11	211.447
2174.88	204.451
2175.64	209.565
2176.4	189.297
2177.16	205.6
2177.92	212.8
2178.68	198.737
2179.44	231.383
2180.2	190.972
2180.96	223.682
2181.72	223.88
2182.48	246.434
2183.24	205.882
2184	218.209
2184.76	248.842
2185.52	222.457
2186.28	236.787
2187.04	208.365
2187.79	217.619
2188.55	259.468
2189.31	213.744
2190.07	258.661
2190.83	249.595
2191.58	262.937
2192.34	238.575
2193.1	235.592
2193.85	262.128
2194.61	253.981
2195.37	251.902
2196.12	253.859
2196.88	258.847
2197.63	236.407
2198.39	248.555
2199.15	246.527
2199.9	272.964
2200.66	253.731
2201.41	240.572
2202.16	234.478
2202.92	248.628
2203.67	270.838
2204.43	241.374
2205.18	252.469
2205.93	209.974
2206.69	232.301
2207.44	239.475
2208.19	225.392
2208.95	234.559
2209.7	202.196
2210.45	227.473
2211.2	212.273
2211.95	257.706
2212.71	238.466
2213.46	234.388
2214.21	236.364
2214.96	222.193
2215.71	241.275
2216.46	222.046
2217.21	242.063
2217.96	236.898
2218.71	223.698
2219.46	236.615
2220.21	248.532
2220.96	224.406
2221.71	261.423
2222.46	236.379
2223.21	272.386
2223.96	251.331
2224.71	273.238
2225.46	273.11
2226.21	249.02
2226.95	269.851
2227.7	284.703
2228.45	280.644
2229.2	292.533
2229.94	308.397
2230.69	369.003
2231.44	374.877
2232.18	389.686
2232.93	420.358
2233.68	475.784
2234.42	486.464
2235.17	487.18
2235.92	489.868
2236.66	500.501
2237.41	494.359
2238.15	476.418
2238.9	500.049
2239.64	505.893
2240.38	481.105
2241.13	423.729
2241.87	401.914
2242.62	377.147
2243.36	341.552
2244.1	364.145
2244.85	307.903
2245.59	291.108
2246.33	299.927
2247.08	264.465
2247.82	291.001
2248.56	273.256
2249.3	254.524
2250.05	237.759
2250.79	263.218
2251.53	276.885
2252.27	238.595
2253.01	265.067
2253.75	233.736
2254.49	233.802
2255.23	237.807
2255.97	234.956
2256.71	267.389
2257.45	249.805
2258.19	254.738
2258.93	229.265
2259.67	216.528
2260.41	218.495
2261.15	262.585
2261.89	236.23
2262.63	211.873
2263.36	253.17
2264.1	235.712
2264.84	232.939
2265.58	213.467
2266.32	211.614
2267.05	243.09
2267.79	253.94
2268.53	227.5
2269.26	266.786
2270	255.082
2270.74	246.349
2271.48	247.457
2272.21	257.433
2272.95	252.716
2273.68	252.926
2274.42	223.648
2275.15	282.878
2275.89	270.303
2276.62	266.556
2277.36	222.386
2278.09	245.183
2278.83	227.561
2279.56	243.441
2280.29	260.308
2281.03	242.663
2281.76	233.898
2282.49	241.919
2283.23	233.194
2283.96	244.242
2284.69	259.283
2285.42	262.486
2286.16	257.756
2286.89	258.92
2287.62	244.2
2288.35	231.43
2289.08	245.398
2289.81	258.411
2290.55	242.74
2291.28	228.088
2292.01	239.251
2292.74	246.473
2293.47	254.696
2294.2	239.029
2294.93	256.165
2295.66	253.352
2296.39	237.543
2297.11	229.673
2297.85	214.82
2298.57	244.839
2299.3	256.964
2300.03	251.182
2300.76	224.452
2301.49	219.669
2302.22	229.859
2302.94	249.034
2303.67	231.179
2304.4	226.321
2305.12	275.548
2305.85	257.72
2306.58	254.927
2307.31	247.114
2308.03	237.268
2308.76	255.499
2309.48	263.676
2310.21	279.883
2310.93	243.853
2311.66	261.095
2312.38	222.053
2313.11	241.344
2313.83	250.583
2314.56	249.738
2315.28	250.883
2316.01	257.047
2316.73	218.873
2317.45	240.17
2318.18	236.289
2318.9	240.486
2319.62	242.667
2320.35	247.864
2321.07	253.044
2321.79	248.113
2322.52	220.951
2323.24	252.393
2323.96	232.313
2324.68	233.459
2325.4	224.487
2326.12	214.487
2326.84	212.564
2327.56	181.288
2328.29	185.424
2329.01	208.802
2329.73	171.464
2330.45	186.774
2331.17	175.757
2331.89	214.376
2332.61	250.965
2333.32	224.698
2334.04	253.145
2334.76	251.183
2335.48	235.042
2336.2	236.147
2336.92	247.408
2337.64	243.471
2338.35	225.331
2339.07	212.245
2339.79	242.766
2340.51	248.941
2341.23	217.589
2341.94	223.8
2342.66	201.614
2343.37	211.925
2344.09	257.8
2344.81	264.024
2345.52	226.484
2346.24	233.613
2346.95	208.203
2347.67	240.686
2348.38	233.596
2349.1	238.742
2349.82	255.113
2350.53	232.937
2351.24	224.974
2351.96	232.227
2352.67	248.59
2353.39	263.892
2354.1	232.406
2354.81	240.551
2355.53	269.014
2356.24	237.565
2356.95	240.674
2357.66	262.084
2358.38	257.107
2359.09	205.409
2359.8	241.095
2360.51	222.94
2361.22	231.231
2361.94	230.388
2362.65	241.77
2363.36	257.235
2364.07	234.988
2364.78	260.599
2365.49	245.401
2366.2	255.651
2366.91	267.919
2367.62	251.65
2368.33	236.42
2369.04	255.852
2369.75	226.389
2370.46	243.804
2371.16	239.815
2371.87	247.032
2372.58	255.266
2373.29	278.795
2374	290.102
2374.71	253.496
2375.41	269.9
2376.12	220.024
2376.83	239.483
2377.53	266.09
2378.24	247.839
2378.95	238.776
2379.65	269.508
2380.36	267.579
2381.07	265.625
2381.77	279.981
2382.48	239.22
2383.18	250.536
2383.89	280.273
2384.59	288.627
2385.3	280.659
2386	314.585
2386.71	278.935
2387.41	257.525
2388.12	239.135
2388.82	287.165
2389.52	259.574
2390.23	246.334
2390.93	258.674
2391.63	282.275
2392.34	258.869
2393.04	289.587
2393.74	287.576
2394.44	300.877
2395.15	301.944
2395.85	283.653
2396.55	299.112
2397.25	323.792
2397.95	273.838
2398.65	286.178
2399.35	289.261
2400.05	280.038
2400.75	297.358
2401.45	264.661
2402.15	306.515
2402.85	326.975
2403.55	289.315
2404.25	249.632
2404.95	301.832
2405.65	288.696
2406.35	291.883
2407.05	282.794
2407.75	283.907
2408.44	306.479
2409.14	290.233
2409.84	302.609
2410.54	341.565
2411.24	289.529
2411.93	266.082
2412.63	296.777
2413.33	299.839
2414.02	290.622
2414.72	295.703
2415.42	292.621
2416.11	302.818
2416.81	320.17
2417.5	297.759
2418.2	302.916
2418.9	297.896
2419.59	269.419
2420.28	303.148
2420.98	282.777
2421.67	307.23
2422.37	256.22
2423.06	282.666
2423.75	289.777
2424.45	332.578
2425.14	274.657
2425.84	296.204
2426.53	265.817
2427.22	290.437
2427.91	273.224
2428.61	284.498
2429.3	294.688
2429.99	288.515
2430.68	273.145
2431.37	289.311
2432.07	274.958
2432.76	296.204
2433.45	300.214
2434.14	308.341
2434.83	255.616
2435.52	264.837
2436.21	277.097
2436.9	301.502
2437.59	269.017
2438.28	299.394
2438.97	284.098
2439.66	297.186
2440.35	296.114
2441.04	295.078
2441.72	242.47
2442.41	288.017
2443.1	291.057
2443.79	277.898
2444.48	286.966
2445.16	290.974
2445.85	275.811
2446.54	297.036
2447.23	312.228
2447.91	294.119
2448.6	293.166
2449.29	284.122
2449.97	321.484
2450.66	278.108
2451.34	305.365
2452.03	323.556
2452.72	308.484
2453.4	301.486
2454.09	312.62
2454.77	286.406
2455.46	291.398
2456.14	345.691
2456.82	282.161
2457.51	290.141
2458.19	311.231
2458.88	328.348
2459.56	322.395
2460.24	318.485
2460.92	320.62
2461.61	336.835
2462.29	310.793
2462.97	358.163
2463.66	326.032
2464.34	313.989
2465.02	326.046
2465.7	316.958
2466.38	312.886
2467.06	329.91
2467.75	283.705
2468.42	304.807
2469.11	324.946
2469.79	307.989
2470.47	287.037
2471.15	343.411
2471.83	351.585
2472.51	338.634
2473.19	299.529
2473.86	327.703
2474.54	312.666
2475.22	351.866
2475.9	307.735
2476.58	298.785
2477.26	333.057
2477.94	298.05
2478.61	325.344
2479.29	320.474
2479.97	304.517
2480.65	320.714
2481.32	331.869
2482	289.714
2482.68	317.976
2483.35	295.952
2484.03	318.196
2484.71	334.392
2485.38	329.428
2486.06	303.304
2486.73	300.308
2487.41	328.495
2488.08	281.274
2488.76	289.406
2489.43	282.491
2490.11	303.778
2490.78	283.821
2491.45	286.004
2492.13	326.458
2492.8	282.265
2493.48	291.459
2494.15	313.759
2494.82	320.957
2495.49	304.988
2496.17	303.169
2496.84	298.345
2497.51	315.752
2498.18	284.634
2498.86	318.174
2499.53	310.205
2500.2	324.446
2500.87	326.534
2501.54	332.692
2502.21	323.731
2502.88	294.578
2503.55	315.068
2504.22	314.306
2504.89	334.813
2505.56	307.599
2506.23	350.343
2506.9	329.14
2507.57	368.84
2508.24	346.664
2508.91	331.623
2509.58	359.264
2510.25	322.862
2510.91	356.558
2511.58	341.417
2512.25	383.207
2512.92	324.321
2513.59	351.917
2514.25	336.821
2514.92	333.952
2515.59	353.489
2516.25	352.647
2516.92	336.493
2517.59	328.46
2518.25	373.409
2518.92	360.252
2519.58	335.883
2520.25	323.761
2520.91	331.037
2521.58	338.354
2522.24	327.341
2522.91	315.322
2523.57	350.306
2524.24	362.831
2524.9	352.841
2525.56	353.052
2526.23	326.622
2526.89	344.203
2527.55	352.563
2528.22	335.289
2528.88	322.08
2529.54	369.312
2530.21	332.468
2530.87	359.166
2531.53	326.447
2532.19	371.681
2532.85	389.333
2533.51	370.122
2534.18	357.066
2534.84	336.768
2535.5	365.72
2536.16	343.194
2536.82	370.952
2537.48	355.501
2538.14	385.251
2538.8	328.784
2539.46	342.211
2540.12	353.655
2540.78	335.363
2541.44	341.75
2542.09	373.852
2542.75	382.283
2543.41	364.932
2544.07	349.566
2544.73	370.146
2545.39	352.595
2546.04	356.609
2546.7	389.374
2547.36	394.41
2548.02	369.733
2548.67	404.656
2549.33	395.5
2549.98	383.296
2550.64	411.139
2551.3	410.237
2551.95	351.826
2552.61	387.892
2553.26	396.235
2553.92	401.485
2554.57	395.398
2555.23	389.254
2555.88	434.39
2556.54	407.583
2557.19	454.635
2557.85	409.379
2558.5	406.229
2559.15	455.395
2559.81	440.066
2560.46	453.467
2561.11	440.242
2561.77	469.002
2562.42	437.264
2563.07	447.466
2563.72	460.673
2564.37	484.064
2565.03	412.33
2565.68	441.912
2566.33	442.937
2566.98	469.593
2567.63	487.103
2568.28	436.11
2568.93	452.539
2569.58	495.463
2570.23	443.259
2570.88	467.684
2571.53	480.897
2572.18	474.79
2572.83	513.674
2573.48	499.5
2574.13	481.227
2574.78	476.184
2575.43	498.659
2576.07	463.918
2576.72	494.494
2577.37	493.429
2578.02	476.054
2578.67	476.022
2579.31	447.423
2579.96	474.859
2580.61	468.621
2581.26	421.65
2581.9	464.3
2582.55	479.511
2583.19	431.731
2583.84	468.464
2584.49	467.6
2585.13	478.935
2585.78	475.955
2586.42	435.225
2587.07	486.975
2587.71	469.477
2588.36	457.05
2589	456.84
2589.65	431.328
2590.29	458.631
2590.93	449.495
2591.58	478.939
2592.22	472.952
2592.86	480.182
2593.51	464.123
2594.15	475.466
2594.79	462.474
2595.43	502.242
2596.07	460.783
2596.72	487.281
2597.36	485.289
2598	475.121
2598.64	448.688
2599.28	474.002
2599.92	462.828
2600.56	488.214
2601.2	506.555
2601.85	461.038
2602.49	497.668
2603.13	483.557
2603.76	469.405
2604.4	485.65
2605.04	476.531
2605.68	455.257
2606.32	474.553
2606.96	498.916
2607.6	499.94
2608.24	470.525
2608.88	473.509
2609.51	484.582
2610.15	484.54
2610.79	471.4
2611.43	459.353
2612.06	426.109
2612.7	468.863
2613.34	437.687
2613.97	421.683
2614.61	444.178
2615.25	482.889
2615.88	432.318
2616.52	466.962
2617.15	433.627
2617.79	460.186
2618.42	464.43
2619.06	431.096
2619.69	459.708
2620.33	442.578
2620.96	459.967
2621.6	451.923
2622.23	446.918
2622.86	468.349
2623.5	437.972
2624.13	449.303
2624.76	438.289
2625.4	427.27
2626.03	445.733
2626.66	425.505
2627.29	446.973
2627.93	439.945
2628.56	446.164
2629.19	443.254
2629.82	437.32
2630.45	451.77
2631.08	460.112
2631.71	443.981
2632.34	453.305
2632.98	451.407
2633.61	480.11
2634.24	473.155
2634.87	455.014
2635.5	463.423
2636.12	467.759
2636.75	443.482
2637.38	466.181
2638.01	434.688
2638.64	447.13
2639.27	474.898
2639.9	470.939
2640.53	466.953
2641.15	464.99
2641.78	489.618
2642.41	473.331
2643.04	481.626
2643.66	488.938
2644.29	502.429
2644.92	513.898
2645.54	449.57
2646.17	457.919
2646.8	505.164
2647.42	473.481
2648.05	460.215
2648.67	479.73
2649.3	486.965
2649.92	495.257
2650.55	464.655
2651.17	483.278
2651.8	515.275
2652.42	503.213
2653.05	496.27
2653.67	500.589
2654.29	486.388
2654.92	506.018
2655.54	488.645
2656.16	476.386
2656.79	517.524
2657.41	498.825
2658.03	510.362
2658.65	513.358
2659.27	517.164
2659.9	522.102
2660.52	540.838
2661.14	563.239
2661.76	542.419
2662.38	530.966
2663	520.537
2663.62	534.105
2664.24	516.908
2664.86	516.648
2665.48	573.928
2666.1	567.12
2666.72	558.312
2667.34	577.687
2667.96	566.916
2668.58	549.745
2669.2	564.321
2669.82	570.016
2670.44	570.023
2671.05	581.464
2671.67	578.316
2672.29	619.841
2672.91	586.543
2673.53	599.212
2674.14	611.398
2674.76	616.062
2675.38	630.218
2675.99	617.18
2676.61	644.107
2677.23	687.789
2677.84	683.284
2678.46	727.092
2679.07	724.714
2679.69	739.628
2680.3	802.504
2680.92	859.459
2681.53	913.022
2682.15	944.712
2682.76	974.472
2683.38	993.12
2683.99	1016.69
2684.61	981.951
2685.22	999.946
2685.83	967.657
2686.44	967.956
2687.06	957.584
2687.67	939.469
2688.28	964.703
2688.9	983.872
2689.51	980.097
2690.12	986.233
2690.73	1002.05
2691.34	1030.28
2691.96	1027.86
2692.57	1044.53
2693.18	1059.43
2693.79	1059.35
2694.4	1078.21
2695.01	1072.44
2695.62	1066.43
2696.23	1065.85
2696.84	1050.34
2697.45	1058.09
2698.06	1084.82
2698.67	1079.35
2699.28	1114.67
2699.88	1079.83
2700.49	1075.09
2701.1	1062.47
2701.71	1078.83
2702.32	1066.27
2702.93	1080.11
2703.53	1115.18
2704.14	1135.83
2704.75	1127.47
2705.36	1123.12
2705.96	1139.29
2706.57	1147.43
2707.17	1147.94
2707.78	1155.73
2708.39	1170.63
2708.99	1184.52
2709.6	1201.83
2710.2	1231.43
2710.81	1226.12
2711.41	1245.31
2712.02	1263.11
2712.62	1269.34
2713.23	1295.8
2713.83	1321.25
2714.44	1307.42
2715.04	1327.16
2715.64	1340.16
2716.25	1377.92
2716.85	1408.58
2717.45	1433.37
2718.05	1416.85
2718.66	1410.09
2719.26	1437.66
2719.86	1452.79
2720.46	1446.67
2721.06	1486.75
2721.67	1500.68
2722.27	1508.82
2722.87	1535.26
2723.47	1552.09
2724.07	1539.37
2724.67	1548.93
2725.27	1558.98
2725.71	1524.01
2726.38	1599.08
2727.06	1632.14
2727.73	1608.04
2728.4	1665.23
2729.07	1637.1
2729.74	1658.99
2730.42	1660.88
2731.09	1663.11
2731.76	1680.89
2732.43	1699.88
2733.1	1700.63
2733.77	1716.57
2734.44	1716.07
2735.11	1767.23
2735.78	1731.62
2736.45	1772.11
2737.12	1775.76
2737.79	1828.12
2738.46	1809.24
2739.13	1775.21
2739.8	1762.73
2740.47	1843.04
2741.14	1781.39
2741.81	1772.86
2742.47	1748.22
2743.14	1725.63
2743.81	1700.9
2744.48	1686.2
2745.15	1702.93
2745.81	1643.18
2746.48	1651.7
2747.15	1631.76
2747.81	1611.84
2748.48	1645.94
2749.15	1611.54
2749.81	1636.08
2750.48	1606.34
2751.15	1558.12
2751.81	1550.77
2752.48	1543.68
2753.14	1526.76
2753.81	1489.74
2754.47	1490.66
2755.14	1410.75
2755.8	1359.11
2756.47	1380.75
2757.13	1295.85
2757.8	1334.54
2758.46	1271.13
2759.13	1243.68
2759.79	1268.56
2760.45	1274.15
2761.12	1234.69
2761.78	1241.08
2762.44	1243.15
2763.1	1227.67
2763.77	1232.64
2764.43	1250
2765.09	1270.68
2765.76	1255.8
2766.42	1227.8
2767.08	1267.47
2767.74	1274.34
2768.4	1312.88
2769.06	1320.52
2769.72	1326.99
2770.38	1356.97
2771.05	1391.02
2771.71	1410.78
2772.37	1457.34
2773.03	1466.07
2773.69	1526.28
2774.35	1591.65
2775.01	1661.05
2775.67	1690.17
2776.33	1772.57
2776.99	1838.42
2777.64	1928.98
2778.3	2035.1
2778.96	2074.52
2779.62	2125.32
2780.28	2219.26
2780.94	2192.63
2781.59	2279.03
2782.25	2215.19
2782.91	2247.22
2783.57	2154
2784.22	2143.42
2784.88	2155.69
2785.54	2166.89
2786.2	2113.86
2786.85	2114.88
2787.51	2114.34
2788.16	2082.58
2788.82	2115.73
2789.48	2087.46
2790.13	2127.68
2790.79	2117.99
2791.44	2180.71
2792.1	2154.81
2792.75	2254.26
2793.41	2257.35
2794.06	2254.8
2794.72	2307.58
2795.37	2232.55
2796.02	2322.35
2796.68	2369.07
2797.33	2361.52
2797.98	2421.09
2798.64	2372.85
2799.29	2416.34
2799.94	2461.99
2800.6	2462.42
2801.25	2533.9
2801.9	2532.3
2802.55	2607.86
2803.21	2594.73
2803.86	2630.84
2804.51	2685.28
2805.16	2742.64
2805.81	2762.87
2806.46	2787.26
2807.11	2877.58
2807.77	2916.43
2808.42	2929.46
2809.07	2943.34
2809.72	3005.33
2810.37	3050.67
2811.02	3113.41
2811.67	3160.93
2812.32	3136.84
2812.97	3238.49
2813.61	3262.37
2814.26	3314.19
2814.91	3344.46
2815.56	3345.85
2816.21	3442.69
2816.86	3481.76
2817.51	3602.82
2818.15	3584.85
2818.8	3597.48
2819.45	3634.61
2820.1	3712.89
2820.74	3785.34
2821.39	3809.05
2822.04	3923.63
2822.69	3978.84
2823.33	3918.74
2823.98	3974.11
2824.63	4089.36
2825.27	4125.98
2825.92	4159.38
2826.56	4282.35
2827.21	4340.17
2827.85	4394.53
2828.5	4465.78
2829.14	4458.37
2829.79	4564.11
2830.43	4557.15
2831.08	4617.05
2831.72	4587.56
2832.37	4746.88
2833.01	4784.6
2833.65	4756.09
2834.3	4922.4
2834.94	4966
2835.58	5011.32
2836.23	5121.1
2836.87	5113.72
2837.51	5209.22
2838.16	5238.51
2838.8	5286.97
2839.44	5498.3
2840.08	5542.58
2840.72	5613.4
2841.36	5739.08
2842.01	5849.79
2842.65	5860.51
2843.29	5962.66
2843.93	6054.78
2844.57	6273.43
2845.21	6321.77
2845.85	6466.68
2846.49	6597.45
2847.13	6689.69
2847.77	6819.8
2848.41	6937.35
2849.05	6990.39
2849.69	7099.41
2850.33	7126.89
2850.97	7083.82
2851.61	7085.66
2852.24	7121.94
2852.88	7274.76
2853.52	7457.69
2854.16	7436
2854.8	7409.51
2855.43	7456.37
2856.07	7524.25
2856.71	7652.69
2857.35	7852.07
2857.98	7897.9
2858.62	8042.08
2859.26	8181.48
2859.89	8441.72
2860.53	8715.27
2861.16	8905.22
2861.8	9105.38
2862.44	9465.9
2863.07	9661.66
2863.71	10042.7
2864.34	10380.9
2864.98	10731.5
2865.61	11102.4
2866.25	11446.9
2866.88	11676.7
2867.52	12133.5
2868.15	12359.6
2868.78	12575.9
2869.42	12857.3
2870.05	13133.4
2870.69	13526.4
2871.32	13895.5
2871.95	14024.6
2872.58	14321.7
2873.22	14687.6
2873.85	15039.9
2874.48	15217.2
2875.11	15455.8
2875.75	15654.5
2876.38	15692.4
2877.01	15633.3
2877.64	15772.8
2878.27	15615.8
2878.9	15402
2879.53	15267
2880.16	15034.7
2880.79	14896.5
2881.42	14600.3
2882.05	14486
2882.68	14269.4
2883.31	14262.2
2883.94	13959.9
2884.57	13993.2
2885.2	13860.5
2885.83	13689.6
2886.46	13575.7
2887.09	13675.7
2887.72	13669.3
2888.35	13668.7
2888.97	13552.2
2889.6	13627.7
2890.23	13636.4
2890.86	13664.3
2891.49	13690.9
2892.11	13615.8
2892.74	13746
2893.37	13943.9
2893.99	14042.4
2894.62	14154.4
2895.25	14206.3
2895.87	14230.2
2896.5	14421.6
2897.12	14701.5
2897.75	14707.3
2898.38	14597.5
2899	14932.5
2899.63	15166.9
2900.25	15396.6
2900.88	15541.9
2901.5	15617.3
2902.12	15792.9
2902.75	15938.4
2903.37	16168
2904	16269.7
2904.62	16407.7
2905.25	16400.8
2905.87	16592.3
2906.49	16929.1
2907.11	16934.1
2907.74	16991.7
2908.36	17001.2
2908.98	17212.1
2909.6	17482.1
2910.23	17539.1
2910.85	17693.8
2911.47	17591.7
2912.09	17615.5
2912.71	17782.3
2913.33	17766.7
2913.96	17950.3
2914.58	17883.8
2915.2	17712.2
2915.82	17788.5
2916.44	17820.9
2917.06	17739.4
2917.68	17688.6
2918.3	17500.9
2918.92	17454.8
2919.54	17351.2
2920.16	17429.5
2920.77	17405.2
2921.39	17207.2
2922.01	17211.4
2922.63	17106.6
2923.25	17153.7
2923.87	17069.4
2924.48	17224.2
2925.1	17099.4
2925.72	17396.5
2926.34	17554.5
2926.95	17562
2927.57	17673.8
2928.19	17776.8
2928.8	17821.7
2929.42	18149
2930.04	18333.2
2930.65	18584.6
2931.27	18997.8
2931.89	19372.7
2932.5	19740.4
2933.12	20090.8
2933.73	20455.4
2934.35	20692.3
2934.96	21355.7
2935.58	21627.4
2936.19	22184.9
2936.81	22385.7
2937.42	22617
2938.03	22923.4
2938.65	23109.4
2939.26	23287.8
2939.88	23177
2940.49	22903.1
2941.1	22658.7
2941.71	22326.3
2942.33	21833.9
2942.94	21334.3
2943.55	20887.9
2944.17	20567.6
2944.78	19980.7
2945.39	19450.9
2946	19029.3
2946.61	18571.6
2947.22	18014.3
2947.83	17630.3
2948.45	17243.6
2949.06	16695.5
2949.67	16377
2950.28	16044.3
2950.89	15662.3
2951.5	15409.5
2952.11	14941.6
2952.72	14639.9
2953.33	14370.4
2953.94	14228.4
2954.54	13932.5
2955.15	13740.2
2955.76	13486.4
2956.37	13238.8
2956.98	13153.8
2957.59	12839.3
2958.2	12697
2958.8	12475.2
2959.41	12444.5
2960.02	12244.3
2960.63	12229.4
2961.23	11844
2961.84	11891.2
2962.45	11815.4
2963.05	11637.5
2963.66	11451.2
2964.27	11238.5
2964.87	11174.3
2965.48	11076.8
2966.08	10928.6
2966.69	10784.9
2967.29	10533.4
2967.9	10328.4
2968.5	10237
2969.11	10099.6
2969.71	9920.66
2970.32	9689.89
2970.92	9563.85
2971.53	9363.9
2972.13	9193.67
2972.74	8979.85
2973.34	8839.99
2973.94	8577.12
2974.54	8538.66
2975.15	8276.94
2975.75	8132.83
2976.35	7978.24
2976.96	7800.44
2977.56	7737.17
2978.16	7522.08
2978.76	7430.83
2979.36	7193.77
2979.97	7098.49
2980.57	6952.33
2981.17	6762.92
2981.77	6666.11
2982.37	6476.86
2982.97	6339.9
2983.57	6173.79
2984.17	5913.81
2984.77	5851.52
2985.37	5689.25
2985.97	5580.51
2986.57	5524.88
2987.17	5259.43
2987.77	5225.09
2988.37	5045.51
2988.97	4920.43
2989.57	4763.96
2990.17	4734.23
2990.76	4566.21
2991.36	4407.73
2991.96	4431.94
2992.56	4299.68
2993.16	4228.83
2993.75	4112.62
2994.35	3991.89
2994.95	3958.88
2995.54	3885.94
2996.14	3790.89
2996.74	3710.77
2997.33	3616.93
2997.93	3579.75
2998.52	3573.4
2999.12	3505.64
2999.72	3410.12
3000.31	3397.43
3000.91	3342.76
3001.5	3320.84
3002.1	3219.96
3002.69	3223.31
3003.29	3244.81
3003.88	3172.87
3004.47	3125.48
3005.07	3064.02
3005.66	3074.76
3006.26	2929.35
3006.85	2921.62
3007.44	2817.65
3008.04	2775.97
3008.63	2667.08
3009.22	2660.23
3009.81	2549.21
3010.41	2540.61
3011	2476.66
3011.59	2423.27
3012.18	2383.55
3012.77	2345.09
3013.36	2315.93
3013.96	2236.36
3014.55	2223.45
3015.14	2232.16
3015.73	2206.1
3016.32	2141.18
3016.91	2086.61
3017.5	2079.26
3018.09	2082.98
3018.68	2063.73
3019.27	2068.97
3019.86	2024.78
3020.45	1985.94
3021.04	2041.11
3021.63	2013.11
3022.22	1975.87
3022.8	1954.98
3023.39	2008.11
3023.98	1953.75
3024.57	1997.32
3025.16	1966.6
3025.74	1980.3
3026.33	1989.85
3026.92	1973.47
3027.5	1998.2
3028.09	2041.32
3028.68	2014.23
3029.26	2019.25
3029.85	2049.31
3030.44	2050.83
3031.02	2060.9
3031.61	2056.64
3032.19	2113.26
3032.78	2054.94
3033.37	2164.8
3033.95	2110.08
3034.54	2148.28
3035.12	2144.09
3035.71	2224.74
3036.29	2245.49
3036.87	2188.75
3037.46	2265.35
3038.04	2235.54
3038.63	2289.6
3039.21	2321.18
3039.79	2270.32
3040.38	2350.06
3040.96	2390.58
3041.54	2345.98
3042.12	2306.09
3042.71	2320.58
3043.29	2360.47
3043.87	2347.22
3044.45	2384.68
3045.03	2399.58
3045.62	2443.88
3046.2	2424.46
3046.78	2524.4
3047.36	2532.4
3047.94	2595.22
3048.52	2669.24
3049.1	2837.28
3049.68	2938.79
3050.26	2988.33
3050.84	3141.37
3051.42	3310.94
3052	3436.98
3052.58	3588.9
3053.16	3705.66
3053.74	3850.53
3054.32	3954.3
3054.89	4036.75
3055.47	4061.64
3056.05	4100.28
3056.63	4138.95
3057.21	4182.51
3057.78	4188.2
3058.36	4246.13
3058.94	4213.35
3059.52	4186.56
3060.09	4179.58
3060.67	4173.99
3061.25	4180.21
3061.82	4132.82
3062.4	4123.8
3062.97	4177.75
3063.55	4126.7
3064.13	4063.99
3064.7	3965.02
3065.28	3986.46
3065.85	3916.06
3066.43	3812.77
3067	3721.9
3067.58	3570.62
3068.15	3484.09
3068.72	3376.35
3069.3	3218.68
3069.87	3100.46
3070.45	2980.58
3071.02	2861.26
3071.59	2724.86
3072.17	2607.32
3072.74	2459.75
3073.31	2398.83
3073.89	2272.43
3074.46	2197.52
3075.03	2082.26
3075.6	2041.63
3076.17	1935.13
3076.74	1851.66
3077.32	1779.76
3077.89	1689.26
3078.46	1626.6
3079.03	1537.87
3079.6	1515.14
3080.17	1435.31
3080.74	1422.58
3081.31	1354.94
3081.88	1327.63
3082.45	1297.24
3083.02	1272.07
3083.59	1220.08
3084.16	1228.03
3084.73	1165.78
3085.3	1151.07
3085.87	1135.4
3086.43	1066.21
3087	1052.87
3087.57	1036.54
3088.14	1030.57
3088.71	998.759
3089.28	987.492
3089.84	997.796
3090.41	938.862
3090.98	939.776
3091.54	890.123
3092.11	864.218
3092.68	872.358
3093.24	846.442
3093.81	827.746
3094.38	809.068
3094.94	817.225
3095.51	826.435
3096.07	816.066
3096.64	763.429
3097.2	746.852
3097.77	758.097
3098.33	747.745
3098.9	730.249
3099.46	758.151
3100.03	741.793
3100.59	734.697
3101.15	720.337
3101.72	704.88
3102.28	728.526
3102.84	699.584
3103.41	701.533
3103.97	733.338
3104.53	724.965
3105.1	700.119
3105.66	664.998
3106.22	675.184
3106.78	688.48
3107.34	696.656
3107.91	683.252
3108.47	663.698
3109.03	684.287
3109.59	646.296
3110.15	651.57
3110.71	662.056
3111.27	656.108
3111.83	651.16
3112.39	618.32
3112.95	623.464
3113.51	631.594
3114.07	579.975
3114.63	581.903
3115.19	566.399
3115.75	577.713
3116.31	627.142
3116.87	559.293
3117.43	569.6
3117.98	576.763
3118.54	572.556
3119.1	570.381
3119.66	565.129
3120.22	538.329
3120.77	539.331
3121.33	529.065
3121.89	528.063
3122.44	572.263
3123	527.013
3123.56	513.576
3124.11	517.567
3124.67	520.515
3125.23	538.878
3125.78	504.939
3126.34	509.042
3126.89	506.022
3127.45	505.098
3128	492.9
3128.56	523.823
3129.11	471.54
3129.67	485.976
3130.22	483.939
3130.78	520.886
3131.33	458.181
3131.88	477.603
3132.44	530.875
3132.99	495.885
3133.54	507.098
3134.1	513.215
3134.65	490.648
3135.2	494.78
3135.76	472.259
3136.31	517.447
3136.86	463.124
3137.41	498.039
3137.96	493.958
3138.51	475.502
3139.07	516.535
3139.62	475.5
3140.17	460.114
3140.72	491.919
3141.27	477.575
3141.82	474.516
3142.37	500.167
3142.92	455.036
3143.47	463.226
3144.02	501.154
3144.57	449.897
3145.12	452.001
3145.67	504.403
3146.22	471.72
3146.77	449.294
3147.32	438.131
3147.86	444.378
3148.41	484.451
3148.96	445.434
3149.51	483.359