401.058	1043.76
402.149	1028.73
403.243	1094.97
404.332	1096.78
405.424	1057
406.515	974.881
407.606	1025.71
408.697	910.985
409.785	912.093
410.876	878.453
411.967	903.87
413.055	811.061
414.143	756.673
415.233	822.74
416.321	839.064
417.409	791.089
418.499	848.25
419.586	797.798
420.673	940.229
421.761	952.164
422.848	968.946
423.935	973.91
425.02	944.859
426.106	1006.25
427.193	1052.76
428.278	1077.01
429.364	1101.14
430.45	1108.69
431.534	1114.54
432.618	1094.9
433.704	1144.44
434.788	1094.08
435.871	1036.46
436.955	1136.9
438.038	1039.71
439.123	1073.05
440.204	1008.13
441.287	940.637
442.37	979.206
443.452	866.894
444.535	851.242
445.615	880.66
446.698	865.551
447.78	740.249
448.86	736.829
449.939	745.491
451.021	671.961
452.101	711.428
453.18	640.727
454.262	672.785
455.341	608.233
456.42	544.411
457.499	580.703
458.578	495.438
459.654	529.954
460.733	549.721
461.811	549.14
462.89	525.347
463.966	515.469
465.044	500.912
466.12	467.711
467.197	521.05
468.273	490.539
469.349	520.439
470.426	458.896
471.501	523.805
472.576	551.334
473.651	515.669
474.726	591.538
475.801	546.852
476.876	539.411
477.95	525.523
479.022	552.416
480.097	553.248
481.171	642.941
482.243	636.133
483.317	598.753
484.388	664.979
485.46	609.122
486.533	605.947
487.605	621.188
488.676	687.066
489.747	615.652
490.818	668.644
491.889	755.719
492.959	735.313
494.03	719.611
495.1	748.945
496.171	773.589
497.239	837.551
498.309	779.271
499.379	901.598
500.446	875.372
501.514	857.556
502.584	896.686
503.651	885.668
504.718	843.691
505.788	904.292
506.855	883.468
507.921	970.649
508.988	929.648
510.055	882.233
511.119	976.803
512.186	920.334
513.252	870.329
514.318	953.289
515.382	971.255
516.448	911.286
517.512	951.396
518.577	899.753
519.641	964.93
520.704	926.315
521.768	1011.17
522.833	920.941
523.896	1055.7
524.959	1133.17
526.021	1118.93
527.084	1130.28
528.144	1162.69
529.207	1140.54
530.269	1290.5
531.331	1354.92
532.391	1435.63
533.453	1312.14
534.513	1459.32
535.572	1423.78
536.634	1314.41
537.693	1290.95
538.752	1216.05
539.812	1187.54
540.87	1228.94
541.929	1134.78
542.988	1158.15
544.047	1130.42
545.105	1026.93
546.164	1077.11
547.22	950.343
548.278	1038
549.336	1062.78
550.392	961.52
551.448	973.246
552.505	914.284
553.561	1007.41
554.616	1025.14
555.671	936.638
556.728	920.686
557.783	970.633
558.836	829.524
559.891	981.3
560.946	937.681
562	950.797
563.055	838.893
564.107	900.547
565.161	810.381
566.213	830.444
567.267	843.036
568.318	764.966
569.37	841.27
570.424	795.606
571.475	766.637
572.526	754.332
573.577	828.713
574.628	797.992
575.679	826.264
576.73	891.383
577.781	864.504
578.829	948.148
579.88	869.002
580.93	858.904
581.978	869.031
583.026	845.077
584.076	764.991
585.124	775.928
586.172	726.189
587.221	756.403
588.269	792.076
589.316	756.04
590.363	786.962
591.41	826.989
592.457	871.614
593.502	741.323
594.549	777.202
595.595	813.367
596.64	771.779
597.686	772.422
598.73	760.083
599.776	851.345
600.82	814.635
601.864	851.33
602.908	889.931
603.953	880.08
604.997	861.328
606.04	837.246
607.083	902.505
608.125	903.22
609.168	898.161
610.211	929.749
611.253	912.314
612.294	913.301
613.336	1046.23
614.377	1117.47
615.419	1344.66
616.459	1514.61
617.499	1547.87
618.539	1663.05
619.579	1575.23
620.619	1452.44
621.658	1330.7
622.698	1277.29
623.737	1234.11
624.776	1377.26
625.815	1455.97
626.852	1675.96
627.891	1879.58
628.928	1962.46
629.966	2072.99
631.003	2117.68
632.041	2109.28
633.077	2120.74
634.114	1926.16
635.15	1805.56
636.185	1827.3
637.221	1712.91
638.257	1530.57
639.292	1441.42
640.328	1375.21
641.361	1308.74
642.396	1124.88
643.431	1059.82
644.464	1049.06
645.497	955.533
646.532	882.5
647.564	839.142
648.597	829.989
649.629	823.67
650.663	822.844
651.695	753.878
652.727	769.375
653.757	711.251
654.789	675.175
655.821	627.224
656.852	626.176
657.882	570.182
658.913	594.988
659.942	597.808
660.973	488.705
662.002	498.781
663.031	553.733
664.06	532.658
665.09	544.743
666.119	523.102
667.147	483.233
668.175	498.484
669.201	527.511
670.229	508.579
671.257	477.497
672.285	506.13
673.311	439.006
674.338	499.911
675.363	437.543
676.389	447.993
677.416	477.833
678.441	454.14
679.466	482.919
680.491	472.844
681.515	474.7
682.54	433.207
683.565	433.282
684.589	465.73
685.613	480.75
686.635	447.832
687.659	469.406
688.681	498.387
689.705	504.248
690.727	519.33
691.75	558.454
692.772	535.549
693.793	512.597
694.814	586.829
695.835	560.07
696.856	589.74
697.877	592.508
698.898	573.04
699.918	588.755
700.937	610.043
701.957	549.005
702.978	622.137
703.996	541.682
705.016	599.967
706.034	520.413
707.052	495.428
708.069	524.993
709.087	506.504
710.107	465.871
711.124	480.718
712.139	533.48
713.156	404.213
714.173	468.069
715.19	452.411
716.205	421.911
717.222	465.239
718.238	478.004
719.253	443.681
720.267	489.598
721.283	449.811
722.297	469.955
723.311	480.913
724.325	487.296
725.339	478.995
726.353	516.741
727.366	517.741
728.38	606.171
729.391	667.005
730.404	646.815
731.417	701.013
732.428	704.483
733.441	716.129
734.452	724.995
735.463	769.716
736.475	786.095
737.486	765.931
738.496	790.848
739.506	786.472
740.516	805.033
741.526	830.876
742.534	856.626
743.544	873.115
744.554	880.386
745.561	864.731
746.571	896.823
747.578	860.176
748.587	874.951
749.594	816.393
750.601	815.667
751.608	767.277
752.615	854.771
753.621	841.395
754.628	795.011
755.634	776.23
756.641	787.843
757.647	793.999
758.651	776.241
759.657	794.412
760.663	735.091
761.666	779.027
762.67	784.146
763.676	773.459
764.679	842.14
765.682	801.651
766.686	861.837
767.689	885.04
768.692	851.022
769.694	797.756
770.697	830.729
771.698	786.15
772.7	793.502
773.703	745.124
774.703	765.207
775.703	687.497
776.705	708.956
777.705	752.576
778.705	790.614
779.705	765.608
780.705	800.198
781.704	809.842
782.704	780.49
783.703	812.443
784.702	792.232
785.701	830.528
786.698	845.536
787.697	923.835
788.694	874.758
789.693	945.787
790.689	933.078
791.686	877.467
792.682	939.996
793.68	994.039
794.676	936.305
795.672	1003.39
796.666	1051.06
797.662	1117.52
798.658	1165.44
799.653	1216.12
800.647	1270.34
801.642	1259.04
802.636	1345.31
803.631	1430.42
804.624	1408.4
805.617	1472.92
806.61	1472.33
807.602	1404.81
808.595	1401.35
809.587	1382.04
810.58	1364.6
811.572	1354.68
812.564	1314.33
813.554	1339.94
814.546	1321.17
815.536	1310.77
816.528	1301.25
817.518	1324.09
818.507	1309.92
819.499	1377.16
820.488	1438.83
821.477	1465.28
822.466	1507.28
823.455	1601.67
824.444	1685.64
825.431	1824.8
826.42	1940.91
827.408	2062.76
828.395	2163.71
829.383	2334.82
830.369	2498.43
831.356	2684.57
832.342	2863.54
833.33	3217.41
834.315	3440.3
835.301	3751.58
836.287	4084.69
837.27	4260.92
838.256	4556.38
839.241	4604.35
840.226	4704.53
841.209	4615.19
842.194	4534.78
843.177	4372.59
844.16	4199.5
845.145	3894.29
846.127	3600.15
847.11	3379.48
848.092	3225.78
849.074	3058.05
850.056	3046.42
851.039	2998.61
852.018	2939.51
853	3054.91
853.982	3141.76
854.962	3253.59
855.941	3338.24
856.923	3309.42
857.902	3269.08
858.881	3198.65
859.86	2996.62
860.839	2760.2
861.818	2638.44
862.797	2544.85
863.776	2357.91
864.754	2279.42
865.733	2215.58
866.709	2137.97
867.687	2054.97
868.664	2025.53
869.642	1966.82
870.618	1968.09
871.594	1859.02
872.569	1847.58
873.545	1787.34
874.521	1742.7
875.496	1765.25
876.471	1710.28
877.447	1654.24
878.42	1656.12
879.395	1621.95
880.37	1674.36
881.343	1603.36
882.315	1581.32
883.29	1506.91
884.262	1392.95
885.235	1408.93
886.207	1418.39
887.179	1375.18
888.151	1401.92
889.123	1328.16
890.095	1306.06
891.065	1383.56
892.037	1382.77
893.009	1410.58
893.978	1368.34
894.948	1393.42
895.919	1487.74
896.888	1501.07
897.857	1480.37
898.826	1574.1
899.795	1561.61
900.764	1671.66
901.732	1688.2
902.701	1686.97
903.668	1738.21
904.636	1724.89
905.604	1782.72
906.57	1829.7
907.538	1823.47
908.504	1846.1
909.47	1894.82
910.436	1962.22
911.402	1910.64
912.367	1948.56
913.333	1954.01
914.298	1939.84
915.264	1911.61
916.229	1925.85
917.192	1895.76
918.157	1804.75
919.12	1882.31
920.084	1814.67
921.047	1746.03
922.01	1739.33
922.972	1691.69
923.935	1643.9
924.897	1545.05
925.859	1530.63
926.821	1465.27
927.783	1379.53
928.743	1323.45
929.705	1338.8
930.667	1362.44
931.626	1245.72
932.586	1234
933.547	1214
934.506	1200.66
935.466	1206.04
936.425	1132.33
937.384	1165.66
938.343	1130.88
939.301	1139.8
940.26	1190.66
941.217	1225.72
942.175	1174.99
943.132	1178.51
944.09	1230.72
945.046	1220.36
946.002	1186.54
946.96	1220.03
947.916	1202.88
948.872	1199.69
949.828	1121.42
950.783	1167.79
951.737	1181.24
952.692	1118.57
953.647	1153.36
954.601	1143.05
955.556	1148.74
956.509	1055.12
957.464	1152.2
958.417	1175.35
959.369	1145.96
960.322	1198.2
961.275	1202.22
962.227	1180.55
963.179	1172.76
964.132	1175.28
965.082	1175.14
966.034	1194.04
966.984	1213.21
967.936	1150.75
968.885	1175.63
969.837	1171.17
970.787	1230.38
971.736	1164.35
972.686	1188.44
973.635	1183.41
974.584	1213.21
975.533	1241.26
976.48	1337
977.429	1341.75
978.378	1350.27
979.325	1370.04
980.273	1417.96
981.22	1436.73
982.166	1538
983.113	1621.24
984.061	1654.52
985.007	1691.29
985.953	1776.59
986.897	1811.25
987.843	1825.45
988.789	1952.18
989.734	2009.9
990.678	2116.41
991.623	2182.68
992.567	2384.32
993.51	2856.62
994.453	3329.2
995.398	4037.35
996.341	5068.6
997.284	6185.73
998.227	7081.17
999.168	7535.42
1000.11	7651.51
1001.05	6890.36
1001.99	5685.7
1002.94	4416.68
1003.88	3384.83
1004.82	2661.57
1005.76	2198.25
1006.7	1862.48
1007.64	1654.18
1008.58	1521.13
1009.52	1404.59
1010.46	1406.21
1011.4	1319.25
1012.34	1304.15
1013.27	1319.12
1014.21	1348.4
1015.15	1342.6
1016.09	1360.28
1017.03	1422.75
1017.96	1391.75
1018.9	1406.24
1019.84	1547.55
1020.77	1570.16
1021.71	1702.16
1022.65	1835.38
1023.58	2038.25
1024.52	2332.51
1025.45	2510.47
1026.39	2742.1
1027.32	2915.57
1028.26	3173.14
1029.19	3196.71
1030.12	3177.8
1031.06	3050.06
1031.99	2943.32
1032.92	2749.61
1033.86	2490.24
1034.79	2284.3
1035.72	2175.91
1036.65	2028.49
1037.59	1910.8
1038.52	1828.66
1039.45	1840.76
1040.38	1752.77
1041.31	1701.54
1042.24	1695.59
1043.17	1598.81
1044.1	1608.73
1045.03	1585.57
1045.96	1661.84
1046.89	1615.38
1047.82	1606.1
1048.75	1550.61
1049.68	1633.65
1050.61	1657.9
1051.53	1723.74
1052.46	1718.92
1053.39	1773.62
1054.32	1766.21
1055.24	1889.95
1056.17	1951.95
1057.1	2110.26
1058.02	2148.05
1058.95	2156.51
1059.88	2276.37
1060.8	2197.16
1061.73	2245.5
1062.65	2182.4
1063.58	2194.69
1064.5	2057.33
1065.43	2109.64
1066.35	2074.78
1067.27	2083.21
1068.2	2073.81
1069.12	1974.34
1070.04	2025.38
1070.97	1995.74
1071.89	1973.35
1072.81	1868.8
1073.73	1922.63
1074.65	1868.08
1075.58	1825.73
1076.5	1742.07
1077.42	1733.32
1078.34	1643.43
1079.26	1715.27
1080.18	1752.81
1081.1	1631.58
1082.02	1603.61
1082.94	1596.54
1083.86	1559.99
1084.78	1556.68
1085.7	1562.9
1086.61	1543.59
1087.53	1519.65
1088.45	1543.22
1089.37	1495.64
1090.28	1578.86
1091.2	1541.49
1092.12	1543.84
1093.03	1548.99
1093.95	1572.2
1094.87	1534.97
1095.78	1521.58
1096.7	1469.52
1097.61	1530.15
1098.53	1514.09
1099.44	1642.76
1100.36	1573.54
1101.27	1545.86
1102.19	1506.77
1103.1	1527.22
1104.01	1581.69
1104.93	1589.9
1105.84	1645.53
1106.75	1699.52
1107.67	1622.43
1108.58	1718.49
1109.49	1799.51
1110.4	1795.25
1111.31	1846.49
1112.22	1905
1113.14	1991.69
1114.05	2034.87
1114.96	2081.99
1115.87	2220.08
1116.78	2274.23
1117.69	2331.22
1118.6	2361.52
1119.51	2494.51
1120.42	2547.75
1121.32	2552.72
1122.23	2592.95
1123.14	2598.9
1124.05	2578.3
1124.96	2463.91
1125.86	2389.53
1126.77	2269.54
1127.68	2212.46
1128.58	2119.55
1129.49	1996.47
1130.4	1977.17
1131.3	1933.9
1132.21	1862.24
1133.11	1890.38
1134.02	1928.44
1134.92	1967.91
1135.83	1990.7
1136.73	1984.23
1137.64	2077.36
1138.54	2142.82
1139.44	2107.42
1140.35	2050.02
1141.25	2062.94
1142.15	1962.88
1143.06	1952.32
1143.96	1964.67
1144.86	1950.37
1145.76	1959.72
1146.66	1910.76
1147.57	1891.1
1148.47	1821.76
1149.37	1811.41
1150.27	1843.95
1151.17	1828.91
1152.07	1868.24
1152.97	1849.46
1153.87	1819.19
1154.77	1761.17
1155.67	1622.02
1156.57	1566.65
1157.46	1472.22
1158.36	1391.23
1159.26	1376.14
1160.16	1328.81
1161.05	1237.7
1161.95	1180.83
1162.85	1180.98
1163.75	1165.62
1164.64	1127.16
1165.54	1079.06
1166.44	1149.02
1167.33	1031.62
1168.23	1064.76
1169.12	1038.14
1170.02	1060.12
1170.91	1049.78
1171.81	1018.46
1172.7	1042.22
1173.59	1084.89
1174.49	1129.35
1175.38	1109.07
1176.27	1158.04
1177.17	1231.55
1178.06	1261.33
1178.95	1290.2
1179.84	1310.67
1180.74	1318.04
1181.63	1339.77
1182.52	1329.31
1183.41	1332.95
1184.3	1361.96
1185.19	1326.4
1186.08	1251.96
1186.97	1361.91
1187.86	1337.6
1188.75	1365.29
1189.64	1382.58
1190.53	1425.3
1191.42	1452.89
1192.31	1504.07
1193.2	1610
1194.09	1624.8
1194.97	1577.72
1195.86	1598.56
1196.75	1593.91
1197.64	1545.82
1198.52	1558.82
1199.41	1507.8
1200.29	1447.45
1201.18	1432.38
1202.07	1430.55
1202.95	1384.48
1203.84	1292.2
1204.72	1219.52
1205.61	1235.09
1206.49	1153.86
1207.38	1160.15
1208.26	1101.89
1209.14	1108.72
1210.03	1070.71
1210.91	1030.9
1211.79	1010.77
1212.68	1011.15
1213.56	982.111
1214.44	993.284
1215.32	980.769
1216.21	991.705
1217.09	988.625
1217.97	973.534
1218.85	1001.93
1219.73	1003.38
1220.61	982.5
1221.49	1056.8
1222.37	1056.79
1223.25	1148.1
1224.13	1257.2
1225.01	1295.33
1225.89	1371.94
1226.77	1473.96
1227.65	1492.1
1228.52	1579.41
1229.4	1593.44
1230.28	1591.71
1231.16	1542.87
1232.03	1561.21
1232.91	1552.04
1233.79	1517.1
1234.66	1498.99
1235.54	1524.31
1236.42	1478.28
1237.29	1415.99
1238.17	1374.56
1239.04	1299.93
1239.92	1242.45
1240.79	1272.46
1241.67	1212.23
1242.54	1172.91
1243.41	1141.19
1244.29	1150.4
1245.16	1114.88
1246.03	1081.25
1246.91	1127.68
1247.78	1110.14
1248.65	1093.4
1249.52	1109.9
1250.4	1136.77
1251.27	1186.5
1252.14	1102.59
1253.01	1118.06
1253.88	1178.53
1254.75	1166.46
1255.62	1191.62
1256.49	1184.19
1257.36	1199.55
1258.23	1210.93
1259.1	1266.14
1259.97	1262.04
1260.84	1239.81
1261.71	1283.5
1262.57	1249
1263.44	1333.88
1264.31	1354.89
1265.18	1359.71
1266.05	1433.21
1266.91	1470.36
1267.78	1514.09
1268.65	1624.46
1269.51	1773.76
1270.38	1875.24
1271.24	1998.48
1272.11	2172.97
1272.97	2311.06
1273.84	2423.29
1274.7	2638.13
1275.57	2748.33
1276.43	2837.79
1277.3	2943.32
1278.16	2970.51
1279.02	3020.53
1279.89	3125.31
1280.75	3068.92
1281.61	3114.67
1282.48	3137.93
1283.34	3112.1
1284.2	3065.55
1285.06	3034.54
1285.92	2957.25
1286.78	2853.41
1287.65	2775.61
1288.51	2604.26
1289.37	2493.84
1290.23	2349.04
1291.09	2269.04
1291.95	2168.44
1292.81	2077.06
1293.67	2013.09
1294.52	1994.82
1295.38	1920.38
1296.24	1927.44
1297.1	1862.07
1297.96	1869.47
1298.81	1804.1
1299.67	1795.39
1300.53	1783.76
1301.39	1723.91
1302.24	1699.76
1303.1	1655.71
1303.95	1601.79
1304.81	1536.32
1305.67	1516.51
1306.52	1456.75
1307.38	1431.93
1308.23	1388.28
1309.09	1319.09
1309.94	1281.73
1310.8	1255.39
1311.65	1225.38
1312.5	1167.05
1313.35	1163.72
1314.21	1143.25
1315.06	1110.2
1315.91	1069.05
1316.77	1044.02
1317.62	1072.21
1318.47	1075.02
1319.32	1067.05
1320.17	1046.7
1321.02	1101.71
1321.87	1080.12
1322.73	1073.25
1323.57	1074.5
1324.43	1081.97
1325.28	1080.04
1326.13	1094.06
1326.97	1097.94
1327.82	1089.89
1328.67	1111.37
1329.52	1112.97
1330.37	1147.96
1331.22	1132.07
1332.06	1118.02
1332.91	1151.36
1333.76	1155.45
1334.61	1170.18
1335.45	1174.18
1336.3	1163.99
1337.15	1168.28
1337.99	1194.6
1338.84	1197.76
1339.68	1178.72
1340.53	1213.59
1341.37	1188.27
1342.22	1188.75
1343.06	1175.73
1343.91	1181.82
1344.75	1185.69
1345.6	1190.35
1346.44	1225.3
1347.28	1222.86
1348.12	1239.03
1348.97	1181.62
1349.81	1237.06
1350.65	1239.88
1351.49	1228.12
1352.33	1224.01
1353.18	1254.84
1354.02	1256.08
1354.86	1266.08
1355.7	1298.47
1356.54	1334.99
1357.38	1323.6
1358.22	1359.16
1359.06	1343.42
1359.9	1391.83
1360.74	1425.59
1361.58	1434.83
1362.42	1427.94
1363.25	1427.12
1364.09	1410.27
1364.93	1421.8
1365.77	1415.79
1366.6	1375.66
1367.19	1382.27
1368.1	1381.64
1369.01	1382.89
1369.92	1364.35
1370.83	1386.04
1371.74	1349.52
1372.65	1298.12
1373.56	1328.35
1374.47	1340.82
1375.37	1272.58
1376.28	1251.5
1377.19	1230.35
1378.1	1243.5
1379	1223.2
1379.91	1224.48
1380.82	1202.21
1381.72	1137.78
1382.63	1151.67
1383.54	1164.41
1384.44	1126.13
1385.35	1117.12
1386.25	1118.83
1387.16	1094.28
1388.06	1101.02
1388.97	1103.95
1389.87	1110.83
1390.78	1103.2
1391.68	1164.54
1392.59	1204.48
1393.49	1205.56
1394.39	1188.16
1395.3	1145.51
1396.2	1094.12
1397.1	1059.19
1398	1025.33
1398.91	978.134
1399.81	930.183
1400.71	875.657
1401.61	877.008
1402.52	904.259
1403.42	855.521
1404.32	869.152
1405.22	855.89
1406.12	867.596
1407.02	818.14
1407.92	849.228
1408.82	861.293
1409.72	841.906
1410.62	878.929
1411.52	804.152
1412.42	840.11
1413.32	869.28
1414.21	870.693
1415.11	865.383
1416.01	862.918
1416.91	904.252
1417.81	920.863
1418.71	881.471
1419.6	932.582
1420.5	962.004
1421.4	983.993
1422.29	1016.54
1423.19	1019.58
1424.09	1074.8
1424.98	1115.59
1425.88	1202.83
1426.77	1248.15
1427.67	1277.32
1428.56	1366.44
1429.46	1473.7
1430.35	1570.63
1431.25	1664.86
1432.14	1745.05
1433.04	1870.2
1433.93	1904.39
1434.82	1981.63
1435.72	2022.91
1436.61	2039.53
1437.5	2130.6
1438.39	2098.68
1439.29	2207.01
1440.18	2295.23
1441.07	2295.38
1441.96	2440.66
1442.85	2568.77
1443.75	2675.19
1444.64	2770.63
1445.53	2900.25
1446.42	2902.81
1447.31	2964.77
1448.2	3025.38
1449.09	3037.39
1449.98	3020.06
1450.87	2944.86
1451.76	2936.19
1452.65	2941.57
1453.54	2859.14
1454.43	2755.95
1455.31	2713.49
1456.2	2658.95
1457.09	2574.56
1457.98	2453.45
1458.87	2393.61
1459.75	2368.49
1460.64	2284.85
1461.53	2202.82
1462.41	2206.51
1463.3	2209.51
1464.19	2135.7
1465.07	2255.26
1465.96	2286.84
1466.85	2310.1
1467.73	2272.03
1468.61	2254.47
1469.5	2186.74
1470.38	2115.37
1471.27	2078.08
1472.15	2065.96
1473.04	2035.2
1473.92	2092.56
1474.8	2059.42
1475.69	2086.46
1476.57	2142.81
1477.45	2064.53
1478.34	2049.74
1479.22	1994.3
1480.1	1943.53
1480.98	1852.37
1481.86	1863.58
1482.75	1859.51
1483.63	1795.76
1484.51	1790.23
1485.39	1673.51
1486.27	1507.99
1487.15	1367.21
1488.03	1158.9
1488.91	1060.97
1489.79	972.572
1490.67	845.305
1491.55	798.266
1492.43	767.661
1493.31	743.893
1494.19	690.347
1495.07	597.417
1495.94	653.906
1496.82	592.852
1497.7	579.916
1498.58	542.91
1499.45	540.498
1500.33	527.524
1501.21	524.173
1502.09	497.872
1502.96	502.262
1503.84	486.584
1504.72	477.619
1505.59	459.106
1506.47	466.353
1507.34	459.269
1508.22	453.148
1509.09	466.09
1509.97	424.875
1510.84	418.921
1511.72	435.8
1512.59	408.059
1513.46	409.717
1514.34	434.054
1515.21	392.945
1516.08	397.272
1516.96	381.729
1517.83	400.207
1518.7	364.92
1519.57	410.765
1520.45	384.09
1521.32	384.791
1522.19	352.637
1523.06	363.806
1523.93	349.633
1524.8	327.958
1525.67	342.905
1526.54	339.019
1527.41	295.677
1528.28	347.098
1529.16	308.474
1530.02	328.953
1530.89	333.544
1531.76	304.477
1532.63	299.804
1533.5	342.911
1534.37	322.328
1535.24	323.265
1536.11	342.905
1536.97	331.633
1537.84	329.735
1538.71	319.447
1539.57	307.336
1540.44	290.593
1541.31	316.042
1542.18	327.475
1543.04	304.213
1543.91	351.252
1544.77	282.841
1545.64	304.444
1546.5	314.76
1547.37	276.305
1548.24	295.15
1549.1	296.268
1549.96	267.426
1550.83	272.468
1551.69	289.795
1552.56	302.414
1553.42	275.339
1554.28	296.3
1555.15	270.93
1556.01	254.989
1556.87	296.759
1557.73	283.792
1558.6	261.406
1559.46	280.739
1560.32	271.601
1561.18	242.416
1562.04	276.837
1562.9	256.049
1563.77	275.209
1564.63	271.562
1565.49	281.314
1566.35	319.768
1567.21	288.653
1568.07	314.855
1568.93	286.549
1569.79	306.058
1570.64	309.252
1571.5	291.286
1572.36	328.015
1573.22	352.294
1574.08	332.38
1574.94	365.418
1575.8	377.351
1576.65	412.475
1577.51	472.758
1578.37	450.015
1579.22	550.959
1580.08	618.133
1580.94	675.694
1581.79	739.176
1582.65	745.602
1583.51	703.583
1584.36	648.898
1585.22	618.415
1586.07	506.087
1586.93	494.819
1587.78	459.119
1588.63	446.735
1589.49	448.923
1590.34	459.834
1591.2	447.245
1592.05	513.64
1592.9	534.089
1593.76	606.24
1594.61	650.14
1595.46	719.553
1596.32	880.957
1597.17	968.461
1598.02	1132.42
1598.87	1263.28
1599.72	1435.21
1600.58	1512.98
1601.43	1534.58
1602.28	1503.94
1603.13	1398.66
1603.98	1300.18
1604.83	1154.86
1605.68	1015.65
1606.53	867.902
1607.38	751.594
1608.23	667.585
1609.08	617.733
1609.93	556.077
1610.77	517.764
1611.62	480.385
1612.47	440.114
1613.32	416.492
1614.17	463.066
1615.01	429.882
1615.86	369.505
1616.71	377.254
1617.55	347.982
1618.4	355.614
1619.25	336.929
1620.09	347.356
1620.94	370.365
1621.79	338.099
1622.63	300.107
1623.48	354.206
1624.32	343.448
1625.17	353.057
1626.01	351.068
1626.86	340.377
1627.7	343.228
1628.54	357.671
1629.39	339.213
1630.23	396.12
1631.07	342.812
1631.92	387.034
1632.76	384.867
1633.6	390.415
1634.45	383.454
1635.29	387.129
1636.13	398.535
1636.97	421.499
1637.81	444.448
1638.66	441.41
1639.5	425.887
1640.34	452.699
1641.18	472.828
1642.02	470.913
1642.86	452.705
1643.7	490.263
1644.54	453.8
1645.38	458.645
1646.22	484.607
1647.06	463.453
1647.89	487.49
1648.73	459.674
1649.57	494.424
1650.41	493.711
1651.25	442.065
1652.09	471.301
1652.92	478.378
1653.76	474.764
1654.6	482.609
1655.43	446.007
1656.27	477.885
1657.11	450.036
1657.94	481.184
1658.78	472.905
1659.62	470.489
1660.45	457.41
1661.29	485.867
1662.12	467.709
1662.96	434.894
1663.79	439.849
1664.62	438.068
1665.46	425.715
1666.29	435.796
1667.13	418.768
1667.96	403.691
1668.79	424.623
1669.63	382.173
1670.46	404.997
1671.29	402.409
1672.12	389.995
1672.96	367.745
1673.79	334.684
1674.62	359.349
1675.45	319.415
1676.28	352.984
1677.11	335.64
1677.95	323.207
1678.78	319.601
1679.61	309.07
1680.44	343.741
1681.27	338.002
1682.1	302.664
1682.93	319.505
1683.75	333.425
1684.58	337.541
1685.41	355.516
1686.24	343.928
1687.07	349.121
1687.9	313.789
1688.73	328.832
1689.55	332.992
1690.38	349.016
1691.21	318.477
1692.04	324.523
1692.86	339.427
1693.69	331.501
1694.52	366.153
1695.34	352.302
1696.17	369.229
1696.99	370.398
1697.82	360.73
1698.64	386.799
1699.47	395.004
1700.29	409.107
1701.12	424.121
1701.94	438.051
1702.77	437.998
1703.59	446.843
1704.41	466.593
1705.24	470.464
1706.06	503.138
1706.88	494.154
1707.71	530.838
1708.53	591.343
1709.35	581.393
1710.17	642.838
1711	642.716
1711.82	653.437
1712.64	699.769
1713.46	740.099
1714.28	736.857
1715.1	749.538
1715.92	822.679
1716.74	845.372
1717.56	866.018
1718.38	914.175
1719.2	957.088
1720.02	978.977
1720.84	1021.46
1721.66	1078.79
1722.48	1107.78
1723.3	1116.43
1724.11	1184.47
1724.93	1227.93
1725.75	1258.34
1726.57	1278.46
1727.39	1276.5
1728.2	1346.08
1729.02	1365.44
1729.84	1354.55
1730.65	1392
1731.47	1378.62
1732.29	1428.97
1733.1	1380.23
1733.92	1376.38
1734.73	1382.19
1735.55	1344.99
1736.36	1326.49
1737.18	1276.91
1737.99	1242.07
1738.81	1212.1
1739.62	1151.87
1740.43	1121.8
1741.25	1066.45
1742.06	976.245
1742.87	967.839
1743.69	898.373
1744.5	874.624
1745.31	780.124
1746.13	750.659
1746.94	693.153
1747.75	639.621
1748.56	580.38
1749.37	545.414
1750.18	518.222
1750.99	529.728
1751.81	437.724
1752.61	422.143
1753.42	436.548
1754.24	356.273
1755.04	406.508
1755.85	325.338
1756.66	340.779
1757.47	315.591
1758.28	319.331
1759.09	313.378
1759.9	334.432
1760.71	287.059
1761.52	321.699
1762.32	271.584
1763.13	277.405
1763.94	247.571
1764.74	271.702
1765.55	246.656
1766.36	235.105
1767.17	234.18
1767.97	243.898
1768.78	231.474
1769.58	230.64
1770.39	184.426
1771.19	209.632
1772	205.849
1772.8	214.614
1773.61	170.221
1774.41	225.402
1775.22	221.629
1776.02	159.808
1776.83	211.183
1777.63	175.456
1778.43	190.075
1779.23	167.902
1780.04	192.271
1780.84	191.472
1781.64	193.603
1782.44	196.716
1783.25	181.344
1784.05	208.77
1784.85	209.916
1785.65	196.432
1786.45	173.175
1787.25	205.531
1788.05	193.978
1788.86	193.162
1789.65	187.45
1790.46	185.636
1791.25	187.728
1792.05	182.957
1792.85	174.26
1793.65	177.337
1794.45	183.385
1795.25	168.833
1796.05	186.734
1796.85	169.238
1797.64	164.516
1798.44	195.287
1799.24	171.779
1800.04	172.912
1800.83	165.128
1801.63	192.932
1802.43	172.269
1803.22	189.208
1804.02	180.406
1804.82	170.601
1805.61	173.666
1806.41	190.612
1807.2	158.953
1808	221.56
1808.79	167.07
1809.59	200.954
1810.38	211.027
1811.18	185.305
1811.97	187.391
1812.76	154.613
1813.56	197.417
1814.35	183.474
1815.14	191.415
1815.94	196.393
1816.73	190.47
1817.52	175.63
1818.31	166.77
1819.1	154.908
1819.9	163.931
1820.69	172.917
1821.48	183.862
1822.27	186.821
1823.06	204.718
1823.85	157.918
1824.64	165.88
1825.43	182.792
1826.22	163.864
1827.01	151.897
1827.8	191.645
1828.59	182.669
1829.38	187.631
1830.17	176.703
1830.96	186.648
1831.74	178.682
1832.53	187.577
1833.32	152.744
1834.11	172.509
1834.89	157.529
1835.68	157.434
1836.47	175.169
1837.26	170.124
1838.04	163.109
1838.83	162.032
1839.61	166.875
1840.4	172.682
1841.19	181.42
1841.97	187.172
1842.76	171.253
1843.54	172.102
1844.33	192.639
1845.11	134.585
1845.89	170.893
1846.68	177.732
1847.46	141.371
1848.25	144.277
1849.03	162.868
1849.81	158.893
1850.6	185.315
1851.38	162.739
1852.16	170.549
1852.94	144.072
1853.72	175.357
1854.51	182.131
1855.29	138.03
1856.07	165.312
1856.85	189.621
1857.63	161.198
1858.41	185.477
1859.19	163.927
1859.97	156.053
1860.75	162.811
1861.53	177.376
1862.31	153.035
1863.09	189.041
1863.87	153.042
1864.65	173.457
1865.43	162.711
1866.21	140.28
1866.99	165.442
1867.76	164.354
1868.54	160.365
1869.32	185.482
1870.1	157.33
1870.87	160.225
1871.65	175.738
1872.43	169.952
1873.2	154.474
1873.98	165.138
1874.76	168.039
1875.53	173.845
1876.31	183.538
1877.08	147.742
1877.86	159.421
1878.63	182.746
1879.41	127.574
1880.18	183.846
1880.96	155.767
1881.73	134.461
1882.5	159.695
1883.28	127.732
1884.05	170.456
1884.82	164.706
1885.6	156.044
1886.37	191.055
1887.14	159.075
1887.91	144.555
1888.68	136.828
1889.46	174.77
1890.23	157.359
1891	173.022
1891.77	148.844
1892.54	160.696
1893.31	137.497
1894.08	151.349
1894.85	149.587
1895.62	177.132
1896.39	176.283
1897.16	147.965
1897.93	162.672
1898.7	182.261
1899.47	204.809
1900.24	110.889
1901.01	185.458
1901.77	155.248
1902.54	156.418
1903.31	155.612
1904.08	164.616
1904.84	161.799
1905.61	173.731
1906.38	151.181
1907.14	174.935
1907.91	151.379
1908.68	157.409
1909.44	184.193
1910.21	147.79
1910.97	144.965
1911.74	167.876
1912.51	158.138
1913.27	157.302
1914.03	172.328
1914.8	166.513
1915.56	176.568
1916.33	178.667
1917.09	170.809
1917.85	163.925
1918.62	166.975
1919.38	173.007
1920.14	140.227
1920.9	175.148
1921.67	162.307
1922.43	172.41
1923.19	162.604
1923.95	174.767
1924.71	181.953
1925.47	151.113
1926.24	181.258
1927	154.309
1927.76	167.372
1928.52	181.412
1929.28	186.421
1930.04	144.359
1930.8	186.405
1931.56	162.375
1932.32	171.395
1933.08	187.442
1933.83	157.462
1934.59	170.557
1935.35	162.629
1936.11	177.735
1936.87	145.697
1937.62	154.715
1938.38	175.716
1939.14	170.641
1939.89	178.588
1940.65	153.53
1941.41	155.524
1942.16	192.548
1942.92	165.533
1943.68	176.505
1944.43	159.437
1945.19	182.311
1945.94	182.169
1946.7	186.009
1947.45	142.026
1948.21	169.816
1948.96	188.632
1949.71	194.515
1950.47	162.63
1951.22	187.422
1951.98	162.531
1952.73	160.494
1953.48	174.323
1954.23	160.337
1954.99	195.887
1955.74	158.076
1956.49	190.54
1957.24	193.305
1957.99	181.295
1958.75	199.918
1959.5	179.133
1960.25	189.914
1961	180.981
1961.75	155.297
1962.5	182.734
1963.25	171.776
1964	170.651
1964.75	181.307
1965.5	169.408
1966.25	190.827
1967	179.897
1967.74	184.596
1968.49	207.798
1969.24	167.55
1969.99	178.042
1970.74	150.613
1971.48	154.371
1972.23	195.064
1972.98	184.32
1973.73	182.335
1974.47	187.121
1975.22	184.11
1975.96	194.621
1976.71	168.317
1977.46	191.346
1978.2	170.893
1978.95	178.487
1979.69	181.297
1980.44	160.051
1981.18	186.069
1981.93	165.829
1982.67	190.861
1983.41	185.979
1984.16	187.789
1984.9	167.436
1985.64	150.942
1986.39	169.987
1987.13	178.467
1987.87	150.564
1988.61	148.579
1989.36	153.318
1990.1	164.765
1990.84	170.472
1991.58	192.431
1992.32	187.615
1993.06	139.806
1993.81	156.058
1994.55	152.268
1995.29	198.22
1996.03	192.592
1996.77	145.83
1997.51	160.299
1998.24	161.362
1998.98	168.16
1999.72	184.531
2000.46	175.963
2001.2	174.1
2001.94	178.959
2002.68	196.31
2003.41	161.847
2004.15	174.428
2004.89	152.429
2005.63	200.584
2006.36	167.983
2007.1	174.793
2007.84	147.925
2008.57	193.247
2009.31	191.434
2010.05	125.077
2010.78	170.525
2011.52	145.595
2012.25	166.031
2012.99	167.153
2013.72	178.898
2014.46	182.889
2015.19	178.153
2015.92	158.876
2016.66	164.802
2017.39	179.493
2018.13	168.998
2018.86	178.923
2019.59	164.558
2020.32	152.108
2021.06	168.88
2021.79	170.119
2022.52	147.201
2023.25	148.297
2023.98	156.838
2024.72	147.908
2025.45	167.74
2026.18	158.895
2026.91	190.289
2027.64	144.765
2028.37	147.271
2029.1	173.642
2029.83	187.367
2030.56	169.825
2031.29	185.677
2032.02	187.505
2032.75	176.148
2033.47	177.352
2034.2	161.313
2034.93	152.992
2035.66	163.22
2036.39	182.82
2037.11	173.554
2037.84	167.178
2038.57	182.637
2039.3	174.137
2040.02	179.363
2040.75	170.747
2041.47	172.127
2042.2	158.078
2042.93	172.347
2043.65	152.914
2044.38	179.367
2045.1	166.28
2045.83	183.004
2046.55	159.173
2047.28	162.896
2048	165.46
2048.73	171.53
2049.45	177.709
2050.17	160.079
2050.9	190.575
2051.62	175.694
2052.34	166.245
2053.07	166.468
2053.79	193.771
2054.51	180.396
2055.23	162.169
2055.95	187.824
2056.68	172.992
2057.4	161.19
2058.12	191.864
2058.84	189.543
2059.56	180.371
2060.28	176.014
2061	162.502
2061.72	174.759
2062.44	166.834
2063.16	174.463
2063.88	163.243
2064.6	184.05
2065.32	174.069
2066.03	189.691
2066.75	189.344
2067.47	181.662
2068.19	178.516
2068.91	192.853
2069.62	180.327
2070.34	194.269
2071.06	184.964
2071.77	172.433
2072.49	180.901
2073.21	173.857
2073.92	183.353
2074.64	179.825
2075.36	173.2
2076.07	178.049
2076.79	190.348
2077.5	179.029
2078.22	169.513
2078.93	175.773
2079.64	179.221
2080.36	169.435
2081.07	173.184
2081.79	172.558
2082.5	182.719
2083.21	188.118
2083.93	182.813
2084.64	169.357
2085.35	192.257
2086.07	185.807
2086.78	159.237
2087.49	202.095
2088.2	187.915
2088.91	189.977
2089.62	187.095
2090.33	190.073
2091.04	199.136
2091.76	188.545
2092.47	172.86
2093.18	185.143
2093.89	183.307
2094.6	181.938
2095.3	195.951
2096.01	193.374
2096.72	183.485
2097.43	183.791
2098.14	188.382
2098.85	195.281
2099.56	193.336
2100.09	175.193
2100.87	185.01
2101.65	171.113
2102.43	191.81
2103.21	210.508
2103.99	186.704
2104.77	230.959
2105.55	196.242
2106.32	180.275
2107.1	188.932
2107.88	179.921
2108.66	192.579
2109.44	155.216
2110.22	196.424
2110.99	197.373
2111.77	185.511
2112.55	204.966
2113.33	187.108
2114.1	213.295
2114.88	178.885
2115.66	169.004
2116.43	190.43
2117.21	220.683
2117.99	209.948
2118.76	184.548
2119.54	197.184
2120.31	196.127
2121.09	193.107
2121.86	202.764
2122.64	168.581
2123.41	208.454
2124.19	208.397
2124.96	208.362
2125.74	169.414
2126.51	178.204
2127.28	189.944
2128.06	213.396
2128.83	208.582
2129.61	209.591
2130.38	186.199
2131.15	221.302
2131.92	195.955
2132.7	199.877
2133.47	169.671
2134.24	204.833
2135.01	192.185
2135.78	176.597
2136.55	200.059
2137.33	195.219
2138.1	181.601
2138.87	189.497
2139.64	180.798
2140.41	193.644
2141.18	183.021
2141.95	205.732
2142.72	213.766
2143.49	159.915
2144.26	178.697
2145.03	235.839
2145.8	171.003
2146.57	164.199
2147.33	201.751
2148.1	199.948
2148.87	197.177
2149.64	200.328
2150.41	166.864
2151.17	187.762
2151.94	180.937
2152.71	190.953
2153.48	197.038
2154.24	178.342
2155.01	175.531
2155.78	190.631
2156.54	154.968
2157.31	205.952
2158.08	198.146
2158.84	162.345
2159.61	183.432
2160.37	180.524
2161.14	188.601
2161.9	178.669
2162.67	182.765
2163.43	162.851
2164.2	206.134
2164.96	199.331
2165.72	185.48
2166.49	171.574
2167.25	165.661
2168.01	156.672
2168.78	189.992
2169.54	197.101
2170.3	185.062
2171.07	200.304
2171.83	199.439
2172.59	178.371
2173.35	174.472
2174.11	168.516
2174.88	162.513
2175.64	187.893
2176.4	169.653
2177.16	166.68
2177.92	198.201
2178.68	176.007
2179.44	204.572
2180.2	172.258
2180.96	160.233
2181.72	172.585
2182.48	204.26
2183.24	196.247
2184	196.347
2184.76	220.858
2185.52	199.551
2186.28	198.599
2187.04	167.11
2187.79	208.931
2188.55	222.255
2189.31	205.032
2190.07	223.454
2190.83	215.391
2191.58	239.925
2192.34	217.588
2193.1	199.311
2193.85	229.914
2194.61	233.987
2195.37	201.364
2196.12	225.723
2196.88	191.066
2197.63	223.524
2198.39	203.168
2199.15	235.661
2199.9	219.452
2200.66	216.453
2201.41	199.228
2202.16	208.355
2202.92	213.38
2203.67	226.481
2204.43	212.224
2205.18	221.296
2205.93	228.386
2206.69	215.282
2207.44	209.287
2208.19	182.034
2208.95	221.554
2209.7	209.418
2210.45	181.077
2211.2	181.052
2211.95	207.292
2212.71	191.094
2213.46	192.075
2214.21	221.298
2214.96	187.967
2215.71	196.981
2216.46	187.842
2217.21	237.05
2217.96	190.666
2218.71	222.685
2219.46	207.499
2220.21	199.378
2220.96	232.374
2221.71	236.332
2222.46	201.276
2223.21	237.284
2223.96	207.234
2224.71	196.175
2225.46	203.083
2226.21	238.909
2226.95	249.764
2227.7	227.747
2228.45	230.678
2229.2	229.638
2229.94	266.413
2230.69	310.119
2231.44	335.89
2232.18	341.761
2232.93	360.527
2233.68	366.345
2234.42	407.834
2235.17	393.727
2235.92	399.443
2236.66	419.033
2237.41	429.742
2238.15	363.367
2238.9	424.587
2239.64	399.812
2240.38	386.901
2241.13	348.309
2241.87	317.631
2242.62	317.553
2243.36	281.974
2244.1	300.638
2244.85	294.659
2245.59	257.176
2246.33	272.888
2247.08	201.999
2247.82	261.008
2248.56	236.38
2249.3	250.085
2250.05	233.31
2250.79	239.127
2251.53	221.402
2252.27	235.096
2253.01	244.892
2253.75	205.712
2254.49	215.569
2255.23	226.423
2255.97	197.093
2256.71	218.73
2257.45	218.781
2258.19	217.827
2258.93	211.949
2259.67	204.104
2260.41	193.333
2261.15	197.278
2261.89	197.343
2262.63	222.909
2263.36	232.851
2264.1	221.255
2264.84	183.166
2265.58	196.035
2266.32	201.036
2267.05	192.275
2267.79	209.003
2268.53	209.042
2269.26	231.644
2270	221.891
2270.74	209.22
2271.48	206.385
2272.21	201.612
2272.95	230.246
2273.68	219.624
2274.42	205.065
2275.15	209.179
2275.89	218.209
2276.62	217.383
2277.36	211.608
2278.09	210.74
2278.83	206.9
2279.56	227.695
2280.29	209.052
2281.03	199.279
2281.76	214.168
2282.49	229.079
2283.23	209.483
2283.96	233.346
2284.69	227.62
2285.42	234.747
2286.16	202.289
2286.89	230.144
2287.62	238.179
2288.35	190.74
2289.08	203.701
2289.81	223.626
2290.55	204.956
2291.28	227.956
2292.01	213.303
2292.74	202.612
2293.47	210.789
2294.2	194.084
2294.93	235.08
2295.66	219.298
2296.39	220.408
2297.11	188.609
2297.85	192.677
2298.57	215.702
2299.3	217.833
2300.03	211.023
2300.76	216.208
2301.49	196.423
2302.22	204.59
2302.94	214.742
2303.67	208.872
2304.4	191.984
2305.12	247.195
2305.85	201.29
2306.58	233.541
2307.31	224.703
2308.03	229.89
2308.76	214.976
2309.48	206.057
2310.21	210.185
2310.93	190.203
2311.66	210.43
2312.38	203.538
2313.11	212.748
2313.83	198.81
2314.56	244.261
2315.28	196.033
2316.01	204.191
2316.73	217.392
2317.45	201.38
2318.18	236.803
2318.9	222.833
2319.62	195.728
2320.35	222.1
2321.07	220.195
2321.79	210.196
2322.52	235.55
2323.24	216.461
2323.96	211.522
2324.68	218.718
2325.4	164.221
2326.12	193.649
2326.84	176.536
2327.56	179.648
2328.29	179.726
2329.01	172.729
2329.73	139.42
2330.45	183.066
2331.17	189.259
2331.89	171.127
2332.61	211.752
2333.32	196.621
2334.04	195.664
2334.76	208.895
2335.48	207.945
2336.2	184.711
2336.92	220.283
2337.64	185.91
2338.35	211.359
2339.07	204.346
2339.79	220.654
2340.51	192.323
2341.23	205.597
2341.94	183.378
2342.66	217.007
2343.37	213.095
2344.09	222.38
2344.81	201.143
2345.52	185.953
2346.24	196.129
2346.95	204.24
2347.67	223.513
2348.38	214.386
2349.1	216.476
2349.82	191.205
2350.53	192.354
2351.24	202.653
2351.96	213.955
2352.67	212.006
2353.39	210.019
2354.1	224.266
2354.81	222.24
2355.53	185.686
2356.24	238.535
2356.95	186.791
2357.66	218.344
2358.38	207.256
2359.09	236.815
2359.8	206.444
2360.51	221.815
2361.22	217.892
2361.94	229.243
2362.65	221.273
2363.36	238.755
2364.07	195.091
2364.78	220.682
2365.49	222.799
2366.2	224.885
2366.91	232.05
2367.62	211.698
2368.33	236.198
2369.04	208.748
2369.75	217.993
2370.46	211.957
2371.16	233.435
2371.87	235.544
2372.58	224.401
2373.29	234.666
2374	234.745
2374.71	206.279
2375.41	240.002
2376.12	232.939
2376.83	224.854
2377.53	223.914
2378.24	244.406
2378.95	242.474
2379.65	220.134
2380.36	234.516
2381.07	263.169
2381.77	228.523
2382.48	246.948
2383.18	244.984
2383.89	234.893
2384.59	256.496
2385.3	264.854
2386	237.419
2386.71	220.148
2387.41	220.203
2388.12	231.459
2388.82	260.062
2389.52	208.967
2390.23	239.649
2390.93	207.027
2391.63	257.176
2392.34	216.386
2393.04	251.182
2393.74	269.596
2394.44	258.375
2395.15	263.519
2395.85	242.15
2396.55	264.741
2397.25	236.258
2397.95	227.163
2398.65	249.714
2399.35	251.77
2400.05	206.793
2400.75	238.428
2401.45	268.007
2402.15	275.151
2402.85	296.622
2403.55	222.21
2404.25	273.348
2404.95	274.495
2405.65	240.916
2406.35	253.277
2407.05	253.367
2407.75	240.164
2408.44	231.046
2409.14	250.546
2409.84	248.598
2410.54	268.114
2411.24	260.018
2411.93	285.629
2412.63	292.801
2413.33	267.241
2414.02	248.83
2414.72	264.124
2415.42	233.481
2416.11	282.459
2416.81	270.218
2417.5	262.083
2418.2	281.51
2418.9	271.377
2419.59	250.029
2420.28	256.206
2420.98	246.03
2421.67	271.502
2422.37	262.276
2423.06	277.501
2423.75	283.583
2424.45	274.452
2425.14	252.149
2425.84	277.753
2426.53	272.825
2427.22	259.722
2427.91	251.668
2428.61	231.328
2429.3	236.424
2429.99	241.472
2430.68	249.534
2431.37	255.53
2432.07	244.237
2432.76	274.63
2433.45	278.637
2434.14	247.168
2434.83	231.991
2435.52	249.32
2436.21	266.645
2436.9	231.153
2437.59	268.692
2438.28	256.459
2438.97	244.216
2439.66	283.651
2440.35	245.111
2441.04	252.177
2441.72	264.324
2442.41	246.124
2443.1	266.354
2443.79	252.179
2444.48	238.001
2445.16	285.454
2445.85	230.895
2446.54	259.185
2447.23	274.368
2447.91	244.135
2448.6	257.306
2449.29	267.432
2449.97	297.721
2450.66	255.347
2451.34	269.483
2452.03	256.401
2452.72	279.645
2453.4	284.739
2454.09	265.611
2454.77	249.478
2455.46	272.611
2456.14	301.726
2456.82	265.381
2457.51	244.188
2458.19	285.39
2458.88	285.41
2459.56	299.551
2460.24	300.654
2460.92	296.743
2461.61	245.556
2462.29	256.71
2462.97	283.946
2463.66	304.116
2464.34	258.873
2465.02	265.906
2465.7	275.925
2466.38	286.927
2467.06	270.81
2467.75	256.735
2468.42	245.712
2469.11	293.944
2469.79	273.962
2470.47	277.089
2471.15	319.391
2471.83	307.459
2472.51	308.558
2473.19	277.477
2473.86	294.592
2474.54	279.549
2475.22	261.499
2475.9	293.68
2476.58	262.625
2477.26	278.8
2477.94	286.972
2478.61	275.055
2479.29	279.209
2479.97	287.367
2480.65	238.182
2481.32	299.609
2482	279.569
2482.68	289.713
2483.35	281.76
2484.03	253.681
2484.71	267.849
2485.38	273.943
2486.06	275.987
2486.73	264.936
2487.41	273.001
2488.08	266.001
2488.76	256.018
2489.43	273.229
2490.11	282.428
2490.78	284.602
2491.45	248.506
2492.13	303.042
2492.8	226.587
2493.48	256.926
2494.15	290.299
2494.82	263.197
2495.49	270.4
2496.17	287.731
2496.84	277.841
2497.51	274.01
2498.18	274.201
2498.86	266.263
2499.53	291.656
2500.2	274.526
2500.87	285.708
2501.54	276.68
2502.21	290.967
2502.88	313.419
2503.55	277.188
2504.22	265.245
2504.89	318.171
2505.56	287.899
2506.23	319.467
2506.9	286.071
2507.57	298.349
2508.24	279.191
2508.91	286.46
2509.58	308.991
2510.25	280.693
2510.91	326.571
2511.58	278.874
2512.25	333.871
2512.92	296.328
2513.59	304.58
2514.25	270.125
2514.92	295.726
2515.59	289.779
2516.25	320.489
2516.92	307.375
2517.59	278.943
2518.25	280.047
2518.92	318.86
2519.58	273.069
2520.25	317.005
2520.91	297.755
2521.58	299.95
2522.24	288.911
2522.91	303.415
2523.57	313.86
2524.24	323.288
2524.9	313.27
2525.56	309.361
2526.23	299.289
2526.89	336.312
2527.55	288.31
2528.22	275.109
2528.88	312.105
2529.54	336.776
2530.21	268.148
2530.87	294.839
2531.53	303.104
2532.19	318.596
2532.85	333.139
2533.51	296.441
2534.18	314.135
2534.84	310.246
2535.5	306.289
2536.16	286.833
2536.82	313.562
2537.48	287.844
2538.14	325.819
2538.8	293.993
2539.46	285.846
2540.12	297.267
2540.78	293.328
2541.44	324.359
2542.09	310.161
2542.75	289.749
2543.41	326.913
2544.07	288.895
2544.73	318.736
2545.39	293.994
2546.04	306.247
2546.7	323.617
2547.36	319.43
2548.02	351.219
2548.67	333.789
2549.33	340.016
2549.98	345.246
2550.64	338.167
2551.3	351.62
2551.95	347.617
2552.61	347.724
2553.26	336.533
2553.92	339.712
2554.57	335.667
2555.23	336.71
2555.88	381.851
2556.54	359.16
2557.19	363.142
2557.85	334.323
2558.5	352.711
2559.15	363.967
2559.81	387.565
2560.46	354.85
2561.11	359.026
2561.77	366.259
2562.42	403.16
2563.07	383.658
2563.72	395.855
2564.37	413.125
2565.03	392.545
2565.68	374.072
2566.33	396.562
2566.98	374.142
2567.63	390.606
2568.28	386.622
2568.93	380.547
2569.58	395.873
2570.23	399.893
2570.88	405.936
2571.53	444.682
2572.18	418.148
2572.83	412.094
2573.48	413.216
2574.13	419.435
2574.78	390.894
2575.43	410.306
2576.07	401.092
2576.72	417.384
2577.37	370.414
2578.02	394.877
2578.67	408.109
2579.31	386.653
2579.96	399.83
2580.61	374.258
2581.26	388.406
2581.9	406.632
2582.55	414.725
2583.19	384.233
2583.84	433.16
2584.49	396.664
2585.13	419.173
2585.78	394.809
2586.42	371.382
2587.07	400.775
2587.71	392.465
2588.36	405.467
2589	385.993
2589.65	381.806
2590.29	409.114
2590.93	409.099
2591.58	406.096
2592.22	390.971
2592.86	370.805
2593.51	407.445
2594.15	412.678
2594.79	379.365
2595.43	390.682
2596.07	434.464
2596.72	391.914
2597.36	406.16
2598	409.19
2598.64	380.733
2599.28	432.427
2599.92	388.796
2600.56	396.939
2601.2	382.815
2601.85	407.253
2602.49	399.238
2603.13	409.456
2603.76	405.439
2604.4	371.987
2605.04	413.573
2605.68	412.572
2606.32	387.254
2606.96	413.64
2607.6	414.664
2608.24	406.535
2608.88	436.876
2609.51	423.643
2610.15	399.304
2610.79	393.249
2611.43	400.421
2612.06	397.532
2612.7	398.735
2613.34	377.657
2613.97	371.76
2614.61	401.331
2615.25	404.52
2615.88	405.666
2616.52	415.942
2617.15	346.049
2617.79	395.927
2618.42	408.268
2619.06	399.287
2619.69	391.307
2620.33	414.802
2620.96	384.413
2621.6	388.551
2622.23	401.828
2622.86	396.821
2623.5	392.855
2624.13	390.95
2624.76	392.115
2625.4	384.128
2626.03	388.328
2626.66	391.487
2627.29	387.501
2627.93	380.459
2628.56	411.088
2629.19	394.929
2629.82	377.772
2630.45	401.362
2631.08	419.869
2631.71	397.604
2632.34	384.484
2632.98	385.623
2633.61	401.048
2634.24	405.283
2634.87	419.761
2635.5	406.711
2636.12	412.036
2636.75	399.988
2637.38	415.509
2638.01	398.305
2638.64	406.638
2639.27	423.137
2639.9	423.253
2640.53	414.137
2641.15	412.162
2641.78	415.293
2642.41	436.849
2643.04	413.411
2643.66	424.794
2644.29	413.692
2644.92	457.893
2645.54	410.953
2646.17	410.064
2646.8	434.754
2647.42	422.526
2648.05	448.183
2648.67	403.144
2649.3	422.663
2649.92	448.358
2650.55	433.109
2651.17	428.142
2651.8	443.708
2652.42	444.945
2653.05	455.416
2653.67	474.082
2654.29	420.855
2654.92	463.055
2655.54	439.51
2656.16	447.776
2656.79	456.047
2657.41	471.134
2658.03	476.477
2658.65	479.257
2659.27	480.755
2659.9	466.349
2660.52	454.674
2661.14	510.786
2661.76	489.997
2662.38	539.81
2663	502.877
2663.62	487.746
2664.24	494.522
2664.86	510.164
2665.48	501.578
2666.1	501.723
2666.72	506.726
2667.34	504.539
2667.96	511.598
2668.58	530.527
2669.2	490.553
2669.82	516.607
2670.44	508.035
2671.05	514.823
2671.67	532.171
2672.29	535.675
2672.91	559.333
2673.53	534.488
2674.14	547.664
2674.76	552.938
2675.38	559.31
2675.99	544.518
2676.61	579.16
2677.23	571.241
2677.84	610.763
2678.46	632.472
2679.07	667.105
2679.69	672.617
2680.3	699.484
2680.92	741.253
2681.53	767.022
2682.15	835.855
2682.76	823.521
2683.38	840.487
2683.99	871.194
2684.61	864.091
2685.22	826.254
2685.83	844.711
2686.44	825.719
2687.06	836.646
2687.67	804.414
2688.28	833.648
2688.9	828.703
2689.51	844.566
2690.12	861.093
2690.73	879.185
2691.34	872.906
2691.96	894.194
2692.57	916.776
2693.18	895.564
2693.79	892.821
2694.4	911.81
2695.01	927.851
2695.62	920.433
2696.23	922.276
2696.84	920.362
2697.45	917.125
2698.06	924.988
2698.67	930.219
2699.28	947.747
2699.88	929.035
2700.49	917.044
2701.1	919.262
2701.71	933.08
2702.32	934.299
2702.93	939.963
2703.53	941.056
2704.14	947.172
2704.75	948.761
2705.36	984.082
2705.96	977.025
2706.57	980.151
2707.17	985.31
2707.78	989.523
2708.39	1000.09
2708.99	1021.18
2709.6	1029.87
2710.2	1057.29
2710.81	1049.28
2711.41	1074.29
2712.02	1103.93
2712.62	1102.47
2713.23	1114.42
2713.83	1133.8
2714.44	1139.79
2715.04	1159.12
2715.64	1117.5
2716.25	1181.75
2716.85	1165.46
2717.45	1184.37
2718.05	1187.31
2718.66	1188.7
2719.26	1210.24
2719.86	1242.25
2720.46	1252.52
2721.06	1245.72
2721.67	1275.06
2722.27	1289.65
2722.87	1294.57
2723.47	1328.25
2724.07	1347.34
2724.67	1336.74
2725.27	1319.25
2725.71	1320.19
2726.38	1388.17
2727.06	1368.38
2727.73	1369.82
2728.4	1368.16
2729.07	1384.87
2729.74	1409.88
2730.42	1376.24
2731.09	1449.56
2731.76	1461.18
2732.43	1407.89
2733.1	1467.52
2733.77	1407.05
2734.44	1458.37
2735.11	1453.5
2735.78	1475.91
2736.45	1465.55
2737.12	1503.87
2737.79	1522.75
2738.46	1534.47
2739.13	1523.9
2739.8	1490.12
2740.47	1522.66
2741.14	1513.81
2741.81	1532.65
2742.47	1464.15
2743.14	1457.72
2743.81	1472.59
2744.48	1458.83
2745.15	1464.31
2745.81	1423.86
2746.48	1373.22
2747.15	1383.79
2747.81	1378.09
2748.48	1389.68
2749.15	1327.69
2749.81	1371.61
2750.48	1384.74
2751.15	1345.74
2751.81	1357.8
2752.48	1329.29
2753.14	1302.11
2753.81	1264.99
2754.47	1258.62
2755.14	1215.37
2755.8	1147.32
2756.47	1192.44
2757.13	1124.93
2757.8	1167.73
2758.46	1102.28
2759.13	1114.67
2759.79	1089.42
2760.45	1108.24
2761.12	1093.28
2761.78	1076.11
2762.44	1109.9
2763.1	1101.6
2763.77	1072.82
2764.43	1084.06
2765.09	1102.66
2765.76	1081.58
2766.42	1099.57
2767.08	1105.35
2767.74	1130.58
2768.4	1141.37
2769.06	1146.9
2769.72	1156.41
2770.38	1175.07
2771.05	1177.29
2771.71	1227.8
2772.37	1217.86
2773.03	1279.91
2773.69	1301
2774.35	1341.61
2775.01	1393.46
2775.67	1440.01
2776.33	1480.23
2776.99	1557.39
2777.64	1646.91
2778.3	1723.18
2778.96	1758.44
2779.62	1798.9
2780.28	1851.64
2780.94	1835.27
2781.59	1877.44
2782.25	1871.23
2782.91	1849.73
2783.57	1876.86
2784.22	1835.3
2784.88	1813.44
2785.54	1798.74
2786.2	1784.79
2786.85	1823.95
2787.51	1758.57
2788.16	1810.38
2788.82	1819.96
2789.48	1742.35
2790.13	1763
2790.79	1792.34
2791.44	1828.14
2792.1	1857.74
2792.75	1893.23
2793.41	1920.02
2794.06	1900.03
2794.72	1867.44
2795.37	1904.82
2796.02	1934
2796.68	1979.8
2797.33	1992.89
2797.98	2023.67
2798.64	2049.49
2799.29	2056.93
2799.94	2035.64
2800.6	2057.61
2801.25	2120.79
2801.9	2137.65
2802.55	2151.36
2803.21	2189.68
2803.86	2224.75
2804.51	2295.69
2805.16	2242.93
2805.81	2319.85
2806.46	2305.18
2807.11	2386.28
2807.77	2415.91
2808.42	2447.53
2809.07	2455.33
2809.72	2450.59
2810.37	2522.83
2811.02	2563.13
2811.67	2615.93
2812.32	2630.97
2812.97	2727.49
2813.61	2682.5
2814.26	2733.21
2814.91	2780.88
2815.56	2763.71
2816.21	2894.44
2816.86	2895.47
2817.51	3011.44
2818.15	2919.55
2818.8	2987.8
2819.45	2984
2820.1	3077.83
2820.74	3091.83
2821.39	3157.62
2822.04	3216.65
2822.69	3273.78
2823.33	3296.81
2823.98	3280.29
2824.63	3367.95
2825.27	3393.52
2825.92	3464.14
2826.56	3500.08
2827.21	3612.4
2827.85	3661.64
2828.5	3684.6
2829.14	3723.23
2829.79	3759
2830.43	3754.9
2831.08	3759.11
2831.72	3846.48
2832.37	3863.84
2833.01	3910.67
2833.65	3991.06
2834.3	4043.32
2834.94	4102.44
2835.58	4172.58
2836.23	4095.62
2836.87	4226.09
2837.51	4218.07
2838.16	4391.18
2838.8	4434.47
2839.44	4515.28
2840.08	4577.84
2840.72	4581.73
2841.36	4702.21
2842.01	4815.01
2842.65	4864.87
2843.29	4890.09
2843.93	5053.12
2844.57	5070.52
2845.21	5197.92
2845.85	5261.69
2846.49	5388.28
2847.13	5540.98
2847.77	5510.53
2848.41	5739.64
2849.05	5742.87
2849.69	5878.26
2850.33	5845.97
2850.97	5818.49
2851.61	5727.19
2852.24	5880.12
2852.88	6059.03
2853.52	6127.08
2854.16	6108.31
2854.8	6097.86
2855.43	6118.55
2856.07	6196.34
2856.71	6299.94
2857.35	6407.83
2857.98	6501.04
2858.62	6587.6
2859.26	6812.08
2859.89	6938.07
2860.53	7104.91
2861.16	7331.28
2861.8	7525.87
2862.44	7694.61
2863.07	7928.48
2863.71	8165.29
2864.34	8474.66
2864.98	8821.87
2865.61	9012.12
2866.25	9309.77
2866.88	9593.83
2867.52	9855.58
2868.15	10054.8
2868.78	10279.5
2869.42	10608.3
2870.05	10807.9
2870.69	11004.6
2871.32	11445.2
2871.95	11464
2872.58	11710.5
2873.22	11929.7
2873.85	12226.5
2874.48	12501.5
2875.11	12593
2875.75	12817.1
2876.38	12839.9
2877.01	12800.4
2877.64	12842.2
2878.27	12730
2878.9	12593
2879.53	12471.9
2880.16	12470.6
2880.79	12252.8
2881.42	12106.5
2882.05	11962
2882.68	11894.8
2883.31	11731.7
2883.94	11722.7
2884.57	11647.1
2885.2	11553.7
2885.83	11568.4
2886.46	11549.9
2887.09	11509.3
2887.72	11457.3
2888.35	11404.3
2888.97	11529.2
2889.6	11541
2890.23	11514.7
2890.86	11565.7
2891.49	11537.9
2892.11	11573.1
2892.74	11747.2
2893.37	11875.5
2893.99	11975.7
2894.62	11968.4
2895.25	12084.9
2895.87	12187.5
2896.5	12257.8
2897.12	12412
2897.75	12570.5
2898.38	12625.2
2899	12596.2
2899.63	12927.8
2900.25	13070.5
2900.88	13225.2
2901.5	13251.4
2902.12	13408.1
2902.75	13576.3
2903.37	13564.3
2904	13847.8
2904.62	13888.6
2905.25	13977.5
2905.87	14132.7
2906.49	14338.2
2907.11	14391.3
2907.74	14342.9
2908.36	14443.7
2908.98	14642.9
2909.6	14694.3
2910.23	14879.8
2910.85	14837.7
2911.47	14805.4
2912.09	14839.5
2912.71	14997.7
2913.33	15069.3
2913.96	15035.6
2914.58	14994.3
2915.2	14905.7
2915.82	14883.3
2916.44	14814
2917.06	14952.9
2917.68	14852.6
2918.3	14604
2918.92	14639.9
2919.54	14642.8
2920.16	14599.1
2920.77	14495.9
2921.39	14323.9
2922.01	14447.1
2922.63	14365.6
2923.25	14320.3
2923.87	14370
2924.48	14303.3
2925.1	14366.6
2925.72	14450.4
2926.34	14559.9
2926.95	14634.2
2927.57	14661.4
2928.19	14783.5
2928.8	14963.3
2929.42	15163.7
2930.04	15432.6
2930.65	15492.4
2931.27	15781.6
2931.89	16092.6
2932.5	16305.7
2933.12	16655.5
2933.73	16883.3
2934.35	17309.7
2934.96	17637.3
2935.58	18065.7
2936.19	18389.9
2936.81	18560
2937.42	18727
2938.03	19005.5
2938.65	19055
2939.26	19184.1
2939.88	19015.3
2940.49	18872.1
2941.1	18775.5
2941.71	18524.9
2942.33	18163.8
2942.94	17750.7
2943.55	17317.3
2944.17	17141.8
2944.78	16652.9
2945.39	16331.6
2946	15896
2946.61	15529.2
2947.22	15083.6
2947.83	14783.9
2948.45	14423.2
2949.06	14129
2949.67	13789.3
2950.28	13483.9
2950.89	13384.1
2951.5	13122.7
2952.11	12783
2952.72	12579.7
2953.33	12281.8
2953.94	12092.4
2954.54	11873.4
2955.15	11711.6
2955.76	11459.5
2956.37	11346.2
2956.98	11173
2957.59	10956.4
2958.2	10841.4
2958.8	10632.2
2959.41	10587.3
2960.02	10453.6
2960.63	10336.1
2961.23	10221.2
2961.84	10076.5
2962.45	10035.9
2963.05	9963.14
2963.66	9733.26
2964.27	9573.42
2964.87	9485.56
2965.48	9368.36
2966.08	9285.71
2966.69	9180.92
2967.29	8968.62
2967.9	8795.81
2968.5	8788.42
2969.11	8575.52
2969.71	8432.18
2970.32	8297.44
2970.92	8078.91
2971.53	8075.34
2972.13	7851.54
2972.74	7649.17
2973.34	7463.5
2973.94	7393.57
2974.54	7225.45
2975.15	7023.03
2975.75	6909.21
2976.35	6803.1
2976.96	6645.87
2977.56	6541.52
2978.16	6437.17
2978.76	6231.02
2979.36	6088.35
2979.97	6071.02
2980.57	5928.89
2981.17	5774.31
2981.77	5641.65
2982.37	5472.12
2982.97	5337.64
2983.57	5283.71
2984.17	5113.26
2984.77	4967.27
2985.37	4872.66
2985.97	4759.7
2986.57	4646.46
2987.17	4496.48
2987.77	4421.95
2988.37	4342.7
2988.97	4209.43
2989.57	4139.15
2990.17	4011.19
2990.76	3931.43
2991.36	3809.93
2991.96	3793.22
2992.56	3698.88
2993.16	3550.24
2993.75	3484.28
2994.35	3408.74
2994.95	3353.41
2995.54	3330.8
2996.14	3257.36
2996.74	3216.15
2997.33	3065.01
2997.93	3032.85
2998.52	3001.83
2999.12	2955.43
2999.72	2921.22
3000.31	2875.68
3000.91	2883.37
3001.5	2795.83
3002.1	2828.01
3002.69	2744.27
3003.29	2721.73
3003.88	2635.49
3004.47	2579.97
3005.07	2613.75
3005.66	2554.77
3006.26	2456.31
3006.85	2470.89
3007.44	2374.87
3008.04	2308.35
3008.63	2257.81
3009.22	2247.83
3009.81	2189.19
3010.41	2150.88
3011	2051.07
3011.59	2034.62
3012.18	2024.63
3012.77	1959.4
3013.36	1943.48
3013.96	1937.78
3014.55	1859.07
3015.14	1893.38
3015.73	1867.22
3016.32	1815.54
3016.91	1804.03
3017.5	1822.29
3018.09	1772.4
3018.68	1727.37
3019.27	1743.92
3019.86	1698.69
3020.45	1698.94
3021.04	1696.35
3021.63	1659.96
3022.22	1663.8
3022.8	1697.45
3023.39	1740.2
3023.98	1675.49
3024.57	1641.64
3025.16	1697.56
3025.74	1701.93
3026.33	1704.22
3026.92	1696.08
3027.5	1687.79
3028.09	1712.38
3028.68	1717.31
3029.26	1725.45
3029.85	1740.02
3030.44	1735.28
3031.02	1696.7
3031.61	1711.91
3032.19	1768.39
3032.78	1759.59
3033.37	1803.26
3033.95	1797.12
3034.54	1798.11
3035.12	1775.33
3035.71	1844.6
3036.29	1860.18
3036.87	1868.54
3037.46	1855.2
3038.04	1926.67
3038.63	1917.62
3039.21	1899.48
3039.79	1900.19
3040.38	1950.77
3040.96	1941.39
3041.54	1960.84
3042.12	1943.67
3042.71	1972.67
3043.29	1951.52
3043.87	1929.09
3044.45	1968.77
3045.03	2020.01
3045.62	1987.76
3046.2	2066.61
3046.78	2055.72
3047.36	2110.17
3047.94	2165.63
3048.52	2240.61
3049.1	2309.17
3049.68	2385.82
3050.26	2459.23
3050.84	2585.39
3051.42	2736.37
3052	2810.68
3052.58	2909.85
3053.16	3021.48
3053.74	3147.73
3054.32	3196.59
3054.89	3231.29
3055.47	3319.15
3056.05	3308.85
3056.63	3313.06
3057.21	3425.87
3057.78	3390
3058.36	3388.86
3058.94	3397.67
3059.52	3351.37
3060.09	3395.32
3060.67	3364.94
3061.25	3411.58
3061.82	3344.45
3062.4	3375.79
3062.97	3411.08
3063.55	3326.92
3064.13	3231.17
3064.7	3276.31
3065.28	3172.47
3065.85	3166.29
3066.43	3057.77
3067	2970.99
3067.58	2880.84
3068.15	2827.56
3068.72	2736.6
3069.3	2628.88
3069.87	2507.79
3070.45	2425.33
3071.02	2323.67
3071.59	2218.27
3072.17	2146.18
3072.74	2026.48
3073.31	1922.09
3073.89	1843.32
3074.46	1827.45
3075.03	1741.22
3075.6	1728.56
3076.17	1633.44
3076.74	1525.11
3077.32	1507.93
3077.89	1431.84
3078.46	1404.29
3079.03	1334.15
3079.6	1350.75
3080.17	1269.9
3080.74	1231.35
3081.31	1202.03
3081.88	1156.16
3082.45	1120.66
3083.02	1118.27
3083.59	1104.55
3084.16	1052.63
3084.73	1054.44
3085.3	1024.27
3085.87	1023.07
3086.43	959.04
3087	936.409
3087.57	951.021
3088.14	934.714
3088.71	934.886
3089.28	915.354
3089.84	918.433
3090.41	860.541
3090.98	863.529
3091.54	826.269
3092.11	763.229
3092.68	798.206
3093.24	783.647
3093.81	812.399
3094.38	798.878
3094.94	811.159
3095.51	765.736
3096.07	770.832
3096.64	760.454
3097.2	702.658
3097.77	753.059
3098.33	730.344
3098.9	699.456
3099.46	746.929
3100.03	703.778
3100.59	733.774
3101.15	702.923
3101.72	665.825
3102.28	699.778
3102.84	688.353
3103.41	687.214
3103.97	677.826
3104.53	692.116
3105.1	695.07
3105.66	701.116
3106.22	701.004
3106.78	685.488
3107.34	666.917
3107.91	680.258
3108.47	684.36
3109.03	699.805
3109.59	680.329
3110.15	670.176
3110.71	669.345
3111.27	651.046
3111.83	635.798
3112.39	669.892
3112.95	653.408
3113.51	636.822
3114.07	594.463
3114.63	646.806
3115.19	629.232
3115.75	609.68
3116.31	622.072
3116.87	608.75
3117.43	597.45
3117.98	596.379
3118.54	574.682
3119.1	621.862
3119.66	577.531
3120.22	604.176
3120.77	578.449
3121.33	600.041
3121.89	577.455
3122.44	623.708
3123	570.231
3123.56	549.592
3124.11	591.575
3124.67	593.473
3125.23	609.763
3125.78	552.204
3126.34	564.514
3126.89	555.338
3127.45	570.845
3128	528.883
3128.56	564.946
3129.11	551.696
3129.67	568.191
3130.22	527.121
3130.78	557.9
3131.33	547.556
3131.88	564.903
3132.44	582.23
3132.99	551.331
3133.54	556.377
3134.1	563.513
3134.65	560.43
3135.2	547.124
3135.76	532.811
3136.31	574.923
3136.86	570.87
3137.41	559.621
3137.96	567.849
3138.51	538.105
3139.07	564.773
3139.62	536.043
3140.17	547.321
3140.72	525.787
3141.27	539.133
3141.82	574.022
3142.37	558.645
3142.92	547.352
3143.47	552.457
3144.02	528.853
3144.57	541.167
3145.12	530.97
3145.67	570.051
3146.22	544.563
3146.77	519.077
3147.32	556.167
3147.86	523.423
3148.41	563.498
3148.96	557.32
3149.51	564.437