401.058	839.177
402.149	809.157
403.243	803.729
404.332	822.811
405.424	719.148
406.515	695.807
407.606	672.539
408.697	649.363
409.785	613.11
410.876	552.509
411.967	612.003
413.055	522.339
414.143	457.12
415.233	536.726
416.321	470.59
417.409	506.995
418.499	535.858
419.586	558.21
420.673	525.998
421.761	576.302
422.848	592.474
423.935	688.143
425.02	609.4
426.106	640.504
427.193	674.301
428.278	664.698
429.364	771.945
430.45	759.484
431.534	737.946
432.618	756.097
433.704	808.418
434.788	841.607
435.871	764.63
436.955	841.105
438.038	746.61
439.123	721.961
440.204	730.487
441.287	618.674
442.37	644.998
443.452	531.413
444.535	613.19
445.615	507.582
446.698	502.394
447.78	430.544
448.86	482.485
449.939	375.443
451.021	395.137
452.101	376.044
453.18	341.191
454.262	333.143
455.341	303.667
456.42	247.185
457.499	233.335
458.578	217.63
459.654	248.36
460.733	246.65
461.811	256.118
462.89	210.771
463.966	181.183
465.044	243.66
466.12	204.737
467.197	278.434
468.273	201.267
469.349	219.96
470.426	162.222
471.501	220.793
472.576	190.921
473.651	258.632
474.726	213.044
475.801	197.249
476.876	260.356
477.95	239.055
479.022	246.495
480.097	229.789
481.171	322.401
482.243	347.261
483.317	259.166
484.388	382.95
485.46	308.803
486.533	375.09
487.605	317.636
488.676	307.274
489.747	379.811
490.818	425.594
491.889	425.421
492.959	429.928
494.03	426.218
495.1	427.107
496.171	419.683
497.239	532.457
498.309	463.35
499.379	524.477
500.446	581.865
501.514	553.209
502.584	503.652
503.651	552.143
504.718	545.818
505.788	613.678
506.855	525.963
507.921	582.858
508.988	604.963
510.055	638.982
511.119	603.433
512.186	571.582
513.252	612.159
514.318	649.147
515.382	658.69
516.448	671.031
517.512	622.821
518.577	728.982
519.641	768.25
520.704	654.872
521.768	697.044
522.833	714.398
523.896	806.482
524.959	856.05
526.021	879.566
527.084	902.867
528.144	1015.67
529.207	970.404
530.269	1063.01
531.331	1184.64
532.391	1250.4
533.453	1213.77
534.513	1217.06
535.572	1177.53
536.634	1065.16
537.693	1057.36
538.752	953.551
539.812	911.018
540.87	895.558
541.929	824.455
542.988	786.991
544.047	757.017
545.105	786.659
546.164	703.125
547.22	642.591
548.278	646.245
549.336	674.931
550.392	625.169
551.448	564.316
552.505	553.003
553.561	646.164
554.616	545.551
555.671	526.007
556.728	453.294
557.783	538.814
558.836	462.194
559.891	538.989
560.946	544.083
562	540.848
563.055	483.938
564.107	558.752
565.161	467.8
566.213	444.502
567.267	425.826
568.318	414.544
569.37	439.299
570.424	416.015
571.475	418.614
572.526	410.156
573.577	433.062
574.628	474.379
575.679	509.223
576.73	543.145
577.781	559.605
578.829	642.367
579.88	593.593
580.93	602.81
581.978	565.103
583.026	477.707
584.076	485.029
585.124	393.963
586.172	414.147
587.221	411.342
588.269	425.055
589.316	440.559
590.363	465.187
591.41	495.272
592.457	497.854
593.502	429.963
594.549	445.634
595.595	460.548
596.64	434.301
597.686	397.024
598.73	441.413
599.776	467.318
600.82	431.519
601.864	455.395
602.908	468.28
603.953	488.649
604.997	451.273
606.04	459.048
607.083	467.783
608.125	463.56
609.168	483.182
610.211	524.821
611.253	509.206
612.294	474.213
613.336	527.785
614.377	664.422
615.419	710.709
616.459	795.708
617.499	840.029
618.539	966.353
619.579	881.399
620.619	875.796
621.658	781.737
622.698	709.874
623.737	706.285
624.776	782.039
625.815	815.432
626.852	902.403
627.891	1017.17
628.928	1073.88
629.966	1197.98
631.003	1218.53
632.041	1243.42
633.077	1221.88
634.114	1157.76
635.15	1023.61
636.185	1003.11
637.221	910.894
638.257	797.612
639.292	806.099
640.328	749.036
641.361	733.334
642.396	636.326
643.431	608.381
644.464	583.172
645.497	533.172
646.532	474.115
647.564	481.412
648.597	474.093
649.629	468.655
650.663	462.285
651.695	456.776
652.727	460.385
653.757	351.841
654.789	365.506
655.821	386.512
656.852	342.401
657.882	344.23
658.913	336.927
659.942	358.075
660.973	272.814
662.002	284.744
663.031	332.396
664.06	313.163
665.09	322.439
666.119	312.58
667.147	283.524
668.175	338.071
669.201	334.744
670.229	279.782
671.257	272.551
672.285	359.151
673.311	263.469
674.338	279.214
675.363	313.45
676.389	297.087
677.416	299.157
678.441	303.036
679.466	306.85
680.491	330.892
681.515	337.359
682.54	267.271
683.565	291.307
684.589	305.256
685.613	352.492
686.635	298.252
687.659	337.274
688.681	347.676
689.705	350.67
690.727	359.193
691.75	351.042
692.772	361.381
693.793	370.777
694.814	412.556
695.835	382.065
696.856	394.133
697.877	363.578
698.898	442.25
699.918	380.225
700.937	421.875
701.957	381.186
702.978	441.355
703.996	417.323
705.016	372.931
706.034	378.474
707.052	384.93
708.069	383.064
709.087	369.197
710.107	345.189
711.124	348.93
712.139	376.717
713.156	285.308
714.173	320.49
715.19	360.261
716.205	305.738
717.222	326.923
718.238	350.812
719.253	323.918
720.267	345.914
721.283	320.919
722.297	295.976
723.311	341.033
724.325	358.476
725.339	367.659
726.353	362.159
727.366	381.535
728.38	372.42
729.391	466.337
730.404	443.375
731.417	461.728
732.428	468.033
733.441	432.008
734.452	505.288
735.463	509.705
736.475	505.95
737.486	542.666
738.496	473.956
739.506	516.306
740.516	571.514
741.526	531.23
742.534	523.008
743.544	536.765
744.554	527.557
745.561	526.615
746.571	537.624
747.578	553.253
748.587	541.399
749.594	471.784
750.601	477.411
751.608	543.635
752.615	531.912
753.621	486.254
754.628	516.851
755.634	482.266
756.641	496.427
757.647	474.741
758.651	476.989
759.657	539.163
760.663	447.349
761.666	489.232
762.67	519.109
763.676	481.494
764.679	551
765.682	522.469
766.686	527.162
767.689	554.036
768.692	506.087
769.694	527.591
770.697	506.694
771.698	503.489
772.7	452.12
773.703	476.722
774.703	433.446
775.703	449.44
776.705	492.243
777.705	413.26
778.705	489.411
779.705	453.242
780.705	467.317
781.704	495.409
782.704	521.687
783.703	517.266
784.702	514.643
785.701	552.889
786.698	513.907
787.697	563.315
788.694	538.347
789.693	620.438
790.689	585.28
791.686	564.033
792.682	563.198
793.68	688.002
794.676	623.756
795.672	689.896
796.666	711.44
797.662	717.258
798.658	802.307
799.653	775.534
800.647	849.266
801.642	876.216
802.636	928.133
803.631	951.037
804.624	954.353
805.617	957.682
806.61	979.616
807.602	971.773
808.595	984.313
809.587	947.595
810.58	910.914
811.572	923.462
812.564	899.959
813.554	938.641
814.546	894.946
815.536	896.651
816.528	843.718
817.518	955.497
818.507	968.232
819.499	986.529
820.488	1035.33
821.477	1105.32
822.466	1114.18
823.455	1192.14
824.444	1344.62
825.431	1433.26
826.42	1516.38
827.408	1583.1
828.395	1700.71
829.383	1831.34
830.369	1904.77
831.356	2098.43
832.342	2280.45
833.33	2488.53
834.315	2709.15
835.301	3041.01
836.287	3368.8
837.27	3612.94
838.256	3861.45
839.241	4079.11
840.226	4147.02
841.209	4156.79
842.194	4121.33
843.177	3987.57
844.16	3785.94
845.145	3519.22
846.127	3119.29
847.11	2853.44
848.092	2662.82
849.074	2502.35
850.056	2576.18
851.039	2504.45
852.018	2587
853	2630.72
853.982	2753.48
854.962	2921.4
855.941	3085.99
856.923	3100.31
857.902	3107.71
858.881	2985.69
859.86	2695.2
860.839	2553.48
861.818	2303.66
862.797	2089.37
863.776	1954.91
864.754	1875.54
865.733	1784.13
866.709	1730.5
867.687	1590.46
868.664	1572.05
869.642	1495.81
870.618	1436.25
871.594	1462.38
872.569	1390.05
873.545	1337.04
874.521	1298.72
875.496	1280.61
876.471	1263.33
877.447	1241.34
878.42	1205.42
879.395	1236.7
880.37	1177.64
881.343	1217.22
882.315	1147.25
883.29	1103.19
884.262	1035.23
885.235	990.289
886.207	1054.06
887.179	1041.24
888.151	985.939
889.123	996.986
890.095	931.555
891.065	964.793
892.037	999.914
893.009	992.651
893.978	1024.11
894.948	1052.83
895.919	1031.83
896.888	1060.71
897.857	1038.02
898.826	1131.59
899.795	1085.75
900.764	1187.43
901.732	1187.37
902.701	1265.6
903.668	1315.09
904.636	1308.33
905.604	1338.55
906.57	1384.62
907.538	1354.36
908.504	1390.69
909.47	1454.91
910.436	1431.64
911.402	1460.11
912.367	1461.77
913.333	1428.19
914.298	1452.68
915.264	1395.68
916.229	1348.78
917.192	1398.11
918.157	1331
919.12	1320.43
920.084	1306.23
921.047	1293.87
922.01	1282.35
922.972	1226.21
923.935	1242.29
924.897	1154.47
925.859	1155.71
926.821	1105.99
927.783	1049.81
928.743	1033.52
929.705	1020.89
930.667	1021.2
931.626	950.854
932.586	964.138
933.547	911.501
934.506	855.214
935.466	883.653
936.425	857.228
937.384	817.701
938.343	830.271
939.301	832.525
940.26	826.347
941.217	858.445
942.175	826.206
943.132	892.104
944.09	867.468
945.046	883.976
946.002	862.102
946.96	897.274
947.916	829.349
948.872	858.797
949.828	802.891
950.783	795.677
951.737	827.796
952.692	798.848
953.647	859.887
954.601	751.063
955.556	789.571
956.509	755.004
957.464	810.667
958.417	838.333
959.369	770.233
960.322	806.314
961.275	795.217
962.227	821.501
963.179	781.85
964.132	800.442
965.082	834.158
966.034	822.039
966.984	789.422
967.936	798.215
968.885	861.5
969.837	837.233
970.787	851.325
971.736	830.481
972.686	823.664
973.635	867.573
974.584	887.116
975.533	918.949
976.48	949.919
977.429	949.958
978.378	976.292
979.325	1019.51
980.273	1032.69
981.22	1038.32
982.166	1079.55
983.113	1085.01
984.061	1154.08
985.007	1154.52
985.953	1221.37
986.897	1261.94
987.843	1310.07
988.789	1262
989.734	1297.37
990.678	1359.97
991.623	1419.74
992.567	1492.48
993.51	1736.04
994.453	2025.94
995.398	2330.37
996.341	2910.72
997.284	3602.53
998.227	4102.74
999.168	4414.51
1000.11	4440.22
1001.05	3936.07
1001.99	3343.91
1002.94	2629.27
1003.88	2078.9
1004.82	1641.42
1005.76	1366.06
1006.7	1197.79
1007.64	1091.85
1008.58	1028.63
1009.52	987.599
1010.46	934.318
1011.4	942.493
1012.34	912.549
1013.27	934.014
1014.21	910.081
1015.15	892.864
1016.09	953.146
1017.03	1221.58
1017.96	1042.96
1018.9	960.204
1019.84	1040.72
1020.77	1097.83
1021.71	1107.37
1022.65	1179.67
1023.58	1286.85
1024.52	1460.84
1025.45	1494.83
1026.39	1748.12
1027.32	1785.89
1028.26	1976.29
1029.19	1970.39
1030.12	1997.17
1031.06	1894.45
1031.99	1816.35
1032.92	1705.61
1033.86	1661.77
1034.79	1439.14
1035.72	1386.6
1036.65	1330.06
1037.59	1260.08
1038.52	1255.96
1039.45	1165.88
1040.38	1229.63
1041.31	1157.41
1042.24	1179.59
1043.17	1152.59
1044.1	1158.6
1045.03	1093.69
1045.96	1155.59
1046.89	1154.3
1047.82	1153.22
1048.75	1124.82
1049.68	1166.67
1050.61	1159.17
1051.53	1273.11
1052.46	1257.6
1053.39	1343.54
1054.32	1272.37
1055.24	1413.19
1056.17	1503.68
1057.1	1601.96
1058.02	1698.58
1058.95	1784.9
1059.88	1897.95
1060.8	1823.36
1061.73	1824.89
1062.65	1749.25
1063.58	1665.07
1064.5	1631.45
1065.43	1628.26
1066.35	1559.89
1067.27	1576.94
1068.2	1517.18
1069.12	1619.17
1070.04	1622.81
1070.97	1502.96
1071.89	1530.17
1072.81	1420.83
1073.73	1486.9
1074.65	1396.97
1075.58	1348.78
1076.5	1328.89
1077.42	1293.51
1078.34	1238.94
1079.26	1199.57
1080.18	1220.14
1081.1	1159.91
1082.02	1119.7
1082.94	1104.21
1083.86	1045
1084.78	1137.76
1085.7	1107.07
1086.61	1048.95
1087.53	1041.21
1088.45	1019.3
1089.37	995.488
1090.28	983.956
1091.2	1044.4
1092.12	1033.64
1093.03	1034.24
1093.95	1037.72
1094.87	1064.97
1095.78	1054.47
1096.7	1013.77
1097.61	1032.74
1098.53	1056.43
1099.44	1110.34
1100.36	1098.89
1101.27	1131.84
1102.19	1138.23
1103.1	1054.76
1104.01	1145.25
1104.93	1199.85
1105.84	1218.65
1106.75	1223.47
1107.67	1252.12
1108.58	1313.06
1109.49	1333.41
1110.4	1360.23
1111.31	1421.84
1112.22	1454.84
1113.14	1481.08
1114.05	1554.59
1114.96	1577.16
1115.87	1686.87
1116.78	1782.54
1117.69	1885.8
1118.6	1953.9
1119.51	2020.76
1120.42	2093.95
1121.32	2170.83
1122.23	2300.83
1123.14	2316.18
1124.05	2248.21
1124.96	2175.17
1125.86	2131.76
1126.77	2047.52
1127.68	1943.81
1128.58	1817.57
1129.49	1749.46
1130.4	1726.4
1131.3	1742.91
1132.21	1692.13
1133.11	1670.07
1134.02	1818.95
1134.92	1815.73
1135.83	1896.26
1136.73	1978.91
1137.64	2075.82
1138.54	2101.38
1139.44	2100.14
1140.35	2017.07
1141.25	2001.45
1142.15	1938.43
1143.06	1905.02
1143.96	1815.53
1144.86	1783.06
1145.76	1699.97
1146.66	1669.02
1147.57	1599.78
1148.47	1532.3
1149.37	1443.8
1150.27	1499.17
1151.17	1389.76
1152.07	1380.43
1152.97	1322.51
1153.87	1313.14
1154.77	1255.09
1155.67	1209.34
1156.57	1139.7
1157.46	1054.82
1158.36	1044.34
1159.26	951.082
1160.16	927.478
1161.05	909.644
1161.95	889.864
1162.85	828.005
1163.75	805.055
1164.64	798.148
1165.54	849.231
1166.44	776.52
1167.33	727.748
1168.23	758.078
1169.12	741.916
1170.02	732.484
1170.91	742.081
1171.81	729.765
1172.7	747.821
1173.59	754.395
1174.49	724.781
1175.38	773.985
1176.27	784.145
1177.17	784.749
1178.06	841.309
1178.95	818.209
1179.84	870.104
1180.74	897.453
1181.63	901.205
1182.52	901.181
1183.41	903.929
1184.3	893.286
1185.19	873.059
1186.08	869.793
1186.97	867.456
1187.86	889.699
1188.75	885.509
1189.64	912.467
1190.53	945.044
1191.42	990.781
1192.31	1012.97
1193.2	1014.53
1194.09	1084.04
1194.97	1047.32
1195.86	1046.47
1196.75	1052.17
1197.64	979.637
1198.52	1036
1199.41	1011.4
1200.29	1016.96
1201.18	952.979
1202.07	934.204
1202.95	938.931
1203.84	916.286
1204.72	874.716
1205.61	877.246
1206.49	855.328
1207.38	862.626
1208.26	801.561
1209.14	805.502
1210.03	779.564
1210.91	785.65
1211.79	775.729
1212.68	774.134
1213.56	762.941
1214.44	746.855
1215.32	745.692
1216.21	768.923
1217.09	776.229
1217.97	747.056
1218.85	787.612
1219.73	819.024
1220.61	770.727
1221.49	874.958
1222.37	896.457
1223.25	977.271
1224.13	1042.88
1225.01	1166.79
1225.89	1279.23
1226.77	1428.41
1227.65	1527.69
1228.52	1614.99
1229.4	1626.19
1230.28	1567.76
1231.16	1583.21
1232.03	1517.33
1232.91	1505.28
1233.79	1547.08
1234.66	1493.88
1235.54	1501.15
1236.42	1475.98
1237.29	1426.96
1238.17	1344.68
1239.04	1276.67
1239.92	1146.97
1240.79	1142.71
1241.67	1051.03
1242.54	1036.36
1243.41	961.724
1244.29	1001.3
1245.16	952.345
1246.03	933.86
1246.91	981.154
1247.78	926.31
1248.65	922.85
1249.52	945.982
1250.4	932.722
1251.27	928.006
1252.14	922.359
1253.01	926.335
1253.88	972.415
1254.75	978.429
1255.62	978.687
1256.49	965.477
1257.36	1019.04
1258.23	1011.32
1259.1	1032.15
1259.97	1067.25
1260.84	1047.91
1261.71	1064.89
1262.57	1056.18
1263.44	1093.34
1264.31	1166.82
1265.18	1158.26
1266.05	1309.97
1266.91	1288.92
1267.78	1361.27
1268.65	1539.34
1269.51	1643.83
1270.38	1752
1271.24	1922.89
1272.11	2161.17
1272.97	2351.58
1273.84	2537.01
1274.7	2730.85
1275.57	2854.28
1276.43	2992.43
1277.3	3037.06
1278.16	3113.93
1279.02	3137.05
1279.89	3104.98
1280.75	3070.46
1281.61	2999.98
1282.48	2954.2
1283.34	2894.96
1284.2	2779.83
1285.06	2687.73
1285.92	2581.51
1286.78	2457.72
1287.65	2324.14
1288.51	2185.2
1289.37	2023.61
1290.23	1918.67
1291.09	1839.32
1291.95	1749.31
1292.81	1655.7
1293.67	1608.23
1294.52	1576.98
1295.38	1523.91
1296.24	1494.65
1297.1	1454.74
1297.96	1387.09
1298.81	1403.24
1299.67	1293.19
1300.53	1311.11
1301.39	1302.1
1302.24	1301.69
1303.1	1240.85
1303.95	1193.88
1304.81	1163.75
1305.67	1156.84
1306.52	1107.38
1307.38	1072.64
1308.23	1056.03
1309.09	1045.65
1309.94	1001.56
1310.8	969.013
1311.65	937.525
1312.5	938.098
1313.35	923.982
1314.21	895.46
1315.06	873.81
1315.91	850.452
1316.77	864.939
1317.62	868.754
1318.47	876.799
1319.32	869.801
1320.17	861.521
1321.02	870.246
1321.87	873.186
1322.73	869.341
1323.57	876.72
1324.43	890.085
1325.28	888.65
1326.13	904.139
1326.97	896.518
1327.82	896.137
1328.67	908.655
1329.52	933.913
1330.37	932.14
1331.22	940.702
1332.06	963.563
1332.91	949.092
1333.76	948.367
1334.61	951.234
1335.45	981.149
1336.3	975.802
1337.15	969.78
1337.99	943.568
1338.84	986.177
1339.68	1003.42
1340.53	1003.75
1341.37	1006.73
1342.22	998.491
1343.06	999.595
1343.91	1017.31
1344.75	1020.29
1345.6	1028.96
1346.44	1042.06
1347.28	1031.78
1348.12	1034.84
1348.97	1021.02
1349.81	1014.44
1350.65	1030.99
1351.49	1022.92
1352.33	1047.96
1353.18	1060.72
1354.02	1051.28
1354.86	1062.21
1355.7	1096.57
1356.54	1138.48
1357.38	1138.08
1358.22	1155.09
1359.06	1153.88
1359.9	1176.29
1360.74	1206.32
1361.58	1213.15
1362.42	1190.74
1363.25	1194.9
1364.09	1166.24
1364.93	1152.08
1365.77	1146.42
1366.6	1134.87
1367.19	1148.97
1368.1	1172.88
1369.01	1133.71
1369.92	1142.7
1370.83	1108.26
1371.74	1144.6
1372.65	1115.86
1373.56	1099.88
1374.47	1131.08
1375.37	1077.65
1376.28	1058.6
1377.19	1049.31
1378.1	975.117
1379	1019.75
1379.91	997.595
1380.82	1003.89
1381.72	967.012
1382.63	957.514
1383.54	1005.64
1384.44	946.978
1385.35	963.547
1386.25	966.404
1387.16	917.643
1388.06	945.969
1388.97	964.592
1389.87	993.944
1390.78	1021.36
1391.68	1078.87
1392.59	1120.8
1393.49	1159.74
1394.39	1182.07
1395.3	1129.75
1396.2	1100.61
1397.1	1001.94
1398	923.753
1398.91	853.513
1399.81	848.992
1400.71	769.494
1401.61	774.757
1402.52	762.672
1403.42	743.812
1404.32	730.674
1405.22	716.578
1406.12	748.514
1407.02	692.443
1407.92	678.646
1408.82	721.37
1409.72	705.844
1410.62	718.057
1411.52	694.9
1412.42	720.394
1413.32	756.296
1414.21	714.851
1415.11	773.491
1416.01	718.694
1416.91	747.74
1417.81	765.386
1418.71	713.695
1419.6	749.631
1420.5	807.572
1421.4	802.912
1422.29	810.685
1423.19	809.876
1424.09	848.911
1424.98	845.972
1425.88	860.999
1426.77	931.111
1427.67	970.806
1428.56	999.154
1429.46	1093.13
1430.35	1157.74
1431.25	1171.16
1432.14	1262.65
1433.04	1354.34
1433.93	1390.18
1434.82	1438.56
1435.72	1467.1
1436.61	1450.94
1437.5	1523.47
1438.39	1597.99
1439.29	1656.32
1440.18	1697.41
1441.07	1800.48
1441.96	1872.89
1442.85	1949.13
1443.75	1983.49
1444.64	2039.25
1445.53	2099.3
1446.42	2099.22
1447.31	2169.13
1448.2	2189.81
1449.09	2202.38
1449.98	2189.59
1450.87	2135.32
1451.76	2141.78
1452.65	2101.51
1453.54	2056.93
1454.43	2012.7
1455.31	1983.92
1456.2	1899.74
1457.09	1912.48
1457.98	1887.85
1458.87	1780.62
1459.75	1815.42
1460.64	1757.76
1461.53	1727.69
1462.41	1817.15
1463.3	1816.87
1464.19	1877.51
1465.07	2037.67
1465.96	2090.54
1466.85	2237.04
1467.73	2242.63
1468.61	2254.17
1469.5	2241.74
1470.38	2145.14
1471.27	2068.03
1472.15	2114.16
1473.04	2142.63
1473.92	2267
1474.8	2294.04
1475.69	2429.81
1476.57	2440.51
1477.45	2457.45
1478.34	2429.19
1479.22	2353.49
1480.1	2331.04
1480.98	2261.3
1481.86	2275.31
1482.75	2276.81
1483.63	2232.11
1484.51	2169.92
1485.39	2063.56
1486.27	1891.06
1487.15	1649.45
1488.03	1388.81
1488.91	1214.36
1489.79	1022.34
1490.67	908.581
1491.55	813.16
1492.43	758.394
1493.31	693.134
1494.19	655.045
1495.07	591.042
1495.94	602.258
1496.82	559.519
1497.7	561.03
1498.58	489.437
1499.45	479.387
1500.33	477.978
1501.21	492.877
1502.09	457.979
1502.96	456.654
1503.84	453.435
1504.72	443.534
1505.59	394.495
1506.47	409.421
1507.34	411.913
1508.22	378.218
1509.09	370.288
1509.97	380.472
1510.84	389.739
1511.72	374.341
1512.59	385.536
1513.46	379.612
1514.34	376.481
1515.21	360.039
1516.08	318.991
1516.96	336.6
1517.83	356.065
1518.7	305.73
1519.57	362.929
1520.45	309.924
1521.32	331.365
1522.19	336.845
1523.06	315.108
1523.93	299.997
1524.8	345.977
1525.67	310.184
1526.54	329.776
1527.41	321.156
1528.28	341.602
1529.16	267.353
1530.02	298.15
1530.89	309.299
1531.76	312.066
1532.63	307.381
1533.5	341.112
1534.37	292.421
1535.24	293.348
1536.11	326.09
1536.97	297.021
1537.84	304.478
1538.71	282.01
1539.57	293.287
1540.44	308.366
1541.31	298.206
1542.18	275.871
1543.04	293.831
1543.91	293.946
1544.77	281.81
1545.64	286.511
1546.5	305.261
1547.37	268.672
1548.24	290.317
1549.1	282.967
1549.96	260.673
1550.83	270.392
1551.69	266.031
1552.56	276.718
1553.42	265.647
1554.28	242.204
1555.15	253.641
1556.01	266.03
1556.87	253.895
1557.73	250.338
1558.6	265.79
1559.46	307.872
1560.32	263.61
1561.18	235.35
1562.04	268.798
1562.9	268.925
1563.77	266.183
1564.63	270.135
1565.49	270.339
1566.35	274.425
1567.21	264.248
1568.07	285.62
1568.93	287.891
1569.79	271.927
1570.64	300.008
1571.5	277.219
1572.36	281.263
1573.22	307.416
1574.08	308.615
1574.94	315.624
1575.8	304.367
1576.65	341.33
1577.51	372.565
1578.37	380.637
1579.22	419.623
1580.08	467.338
1580.94	506.387
1581.79	497.062
1582.65	505.222
1583.51	502.768
1584.36	471.193
1585.22	437.611
1586.07	402.967
1586.93	388.68
1587.78	326.58
1588.63	392.116
1589.49	346.458
1590.34	331.946
1591.2	357.39
1592.05	385.704
1592.9	412.014
1593.76	438.307
1594.61	468.543
1595.46	534.988
1596.32	564.498
1597.17	656.681
1598.02	733.398
1598.87	811.167
1599.72	906.518
1600.58	970.415
1601.43	961.639
1602.28	1000.6
1603.13	948.35
1603.98	853.014
1604.83	783.181
1605.68	695.901
1606.53	611.717
1607.38	531.565
1608.23	510.059
1609.08	484.624
1609.93	444.472
1610.77	398.397
1611.62	387.417
1612.47	379.359
1613.32	371.348
1614.17	341.994
1615.01	368.201
1615.86	348.695
1616.71	340.867
1617.55	305.758
1618.4	350.351
1619.25	309.311
1620.09	311.014
1620.94	335.015
1621.79	346.396
1622.63	294.828
1623.48	330.52
1624.32	328.474
1625.17	298.394
1626.01	335.112
1626.86	353.437
1627.7	334.027
1628.54	302.042
1629.39	314.528
1630.23	348.24
1631.07	329.722
1631.92	344.979
1632.76	356.339
1633.6	328.15
1634.45	327.962
1635.29	371.147
1636.13	387.364
1636.97	382.412
1637.81	419.797
1638.66	396.562
1639.5	395.466
1640.34	387.675
1641.18	414.529
1642.02	410.682
1642.86	421.29
1643.7	402.122
1644.54	431.966
1645.38	393.539
1646.22	418.53
1647.06	416.593
1647.89	426.201
1648.73	432.974
1649.57	418.667
1650.41	432.334
1651.25	412.399
1652.09	440.635
1652.92	424.544
1653.76	409.32
1654.6	441.25
1655.43	421.996
1656.27	436.497
1657.11	397.047
1657.94	431.049
1658.78	422.713
1659.62	416.365
1660.45	413.865
1661.29	400.622
1662.12	398.883
1662.96	397.057
1663.79	438.835
1664.62	416.673
1665.46	405.264
1666.29	392.005
1667.13	389.498
1667.96	401.62
1668.79	403.047
1669.63	393.715
1670.46	383.345
1671.29	372.91
1672.12	369.259
1672.96	372.41
1673.79	338.359
1674.62	342.452
1675.45	338.737
1676.28	325.254
1677.11	310.815
1677.95	298.343
1678.78	356.611
1679.61	315.604
1680.44	329.596
1681.27	316.945
1682.1	331.815
1682.93	311.216
1683.75	305.413
1684.58	291.757
1685.41	307.718
1686.24	307.929
1687.07	315.058
1687.9	312.303
1688.73	316.453
1689.55	329.497
1690.38	301.949
1691.21	304.057
1692.04	332.869
1692.86	268.513
1693.69	319.022
1694.52	309.092
1695.34	331.877
1696.17	348.788
1696.99	333.087
1697.82	305.532
1698.64	319.641
1699.47	319.847
1700.29	306.09
1701.12	336.965
1701.94	341.941
1702.77	308.117
1703.59	364.655
1704.41	374.488
1705.24	372.415
1706.06	376.316
1706.88	384.208
1707.71	407
1708.53	426.822
1709.35	410.921
1710.17	470.393
1711	470.297
1711.82	488.001
1712.64	477.899
1713.46	537.136
1714.28	564.659
1715.1	531.838
1715.92	594.116
1716.74	568.326
1717.56	612.759
1718.38	600.662
1719.2	659.585
1720.02	636.293
1720.84	681.072
1721.66	721.914
1722.48	720.538
1723.3	756.848
1724.11	768.704
1724.93	760.888
1725.75	793.308
1726.57	833.326
1727.39	815.958
1728.2	851.555
1729.02	867.445
1729.84	880.495
1730.65	885.854
1731.47	888.388
1732.29	903.673
1733.1	855.202
1733.92	916.289
1734.73	855.941
1735.55	831.835
1736.36	834.19
1737.18	811.242
1737.99	812.742
1738.81	763.523
1739.62	734.758
1740.43	756.586
1741.25	686.928
1742.06	650.454
1742.87	665.565
1743.69	625.385
1744.5	611.473
1745.31	550.069
1746.13	527.497
1746.94	489.464
1747.75	449.562
1748.56	413.605
1749.37	424.154
1750.18	406.653
1750.99	384.315
1751.81	355.203
1752.61	367.673
1753.42	342.451
1754.24	324.033
1755.04	324.976
1755.85	299.843
1756.66	283.391
1757.47	298.777
1758.28	307.342
1759.09	248.311
1759.9	286.753
1760.71	267.348
1761.52	271.141
1762.32	247.038
1763.13	247.062
1763.94	232.636
1764.74	247.114
1765.55	244.227
1766.36	239.413
1767.17	237.512
1767.97	253.968
1768.78	236.711
1769.58	233.936
1770.39	208.951
1771.19	228.357
1772	231.33
1772.8	199.501
1773.61	215.987
1774.41	215.089
1775.22	216.136
1776.02	198.806
1776.83	213.403
1777.63	207.677
1778.43	190.333
1779.23	194.31
1780.04	184.745
1780.84	200.421
1781.64	219.054
1782.44	194.957
1783.25	236.964
1784.05	191.402
1784.85	189.599
1785.65	208.258
1786.45	189.871
1787.25	198.796
1788.05	203.83
1788.86	205.94
1789.65	194.352
1790.46	219.935
1791.25	201.466
1792.05	181.99
1792.85	202.692
1793.65	196.943
1794.45	188.265
1795.25	179.598
1796.05	201.427
1796.85	207.561
1797.64	196.95
1798.44	207.019
1799.24	180.544
1800.04	208.345
1800.83	224.294
1801.63	208.594
1802.43	212.664
1803.22	183.076
1804.02	209.918
1804.82	192.184
1805.61	215.073
1806.41	200.284
1807.2	200.363
1808	210.372
1808.79	192.601
1809.59	196.682
1810.38	214.69
1811.18	215.806
1811.97	209.933
1812.76	210.979
1813.56	204.018
1814.35	201.007
1815.14	186.056
1815.94	207.931
1816.73	208.961
1817.52	171.227
1818.31	218.103
1819.1	166.41
1819.9	193.354
1820.69	185.394
1821.48	193.337
1822.27	189.313
1823.06	230.096
1823.85	203.19
1824.64	196.206
1825.43	218.078
1826.22	191.173
1827.01	194.108
1827.8	221.9
1828.59	216.882
1829.38	213.877
1830.17	206.912
1830.96	196.964
1831.74	209.854
1832.53	202.834
1833.32	220.61
1834.11	193.683
1834.89	195.539
1835.68	189.462
1836.47	223.014
1837.26	195.164
1838.04	213.844
1838.83	183.068
1839.61	213.574
1840.4	220.324
1841.19	197.449
1841.97	163.76
1842.76	211.848
1843.54	216.589
1844.33	207.595
1845.11	168.192
1845.89	185.815
1846.68	181.838
1847.46	175.896
1848.25	187.61
1849.03	167.919
1849.81	169.815
1850.6	184.46
1851.38	195.189
1852.16	214.734
1852.94	182.357
1853.72	195.017
1854.51	215.47
1855.29	186.985
1856.07	201.521
1856.85	214.077
1857.63	197.337
1858.41	204.028
1859.19	163.94
1859.97	173.588
1860.75	183.249
1861.53	187.09
1862.31	208.473
1863.09	219.164
1863.87	206.502
1864.65	174.366
1865.43	185.974
1866.21	187.817
1866.99	207.109
1867.76	185.6
1868.54	212.618
1869.32	181.482
1870.1	181.417
1870.87	184.296
1871.65	172.675
1872.43	194.969
1873.2	206.603
1873.98	196.911
1874.76	202.703
1875.53	205.587
1876.31	212.362
1877.08	182.368
1877.86	203.729
1878.63	210.582
1879.41	197.083
1880.18	198.1
1880.96	184.553
1881.73	201.048
1882.5	181.672
1883.28	162.306
1884.05	179.808
1884.82	185.69
1885.6	176.051
1886.37	199.407
1887.14	181.009
1887.91	196.586
1888.68	194.685
1889.46	199.595
1890.23	194.814
1891	227.986
1891.77	185.347
1892.54	211.826
1893.31	183.793
1894.08	181.089
1894.85	205.729
1895.62	207.881
1896.39	204.101
1897.16	202.208
1897.93	197.327
1898.7	208.093
1899.47	213.011
1900.24	187.63
1901.01	225.978
1901.77	191.868
1902.54	194.043
1903.31	203.086
1904.08	223.918
1904.84	189.633
1905.61	186.797
1906.38	188.872
1907.14	221.503
1907.91	208.806
1908.68	202.027
1909.44	181.431
1910.21	229.99
1910.97	222.272
1911.74	221.48
1912.51	225.642
1913.27	181.228
1914.03	179.393
1914.8	192.433
1915.56	201.497
1916.33	198.626
1917.09	218.603
1917.85	195.809
1918.62	182.938
1919.38	194.932
1920.14	174.09
1920.9	213.989
1921.67	203.147
1922.43	178.374
1923.19	182.527
1923.95	211.672
1924.71	213.881
1925.47	197.059
1926.24	211.202
1927	187.257
1927.76	185.291
1928.52	234.372
1929.28	206.317
1930.04	204.293
1930.8	191.255
1931.56	199.247
1932.32	204.249
1933.08	189.253
1933.83	183.293
1934.59	210.407
1935.35	207.491
1936.11	197.542
1936.87	187.548
1937.62	189.533
1938.38	209.508
1939.14	206.409
1939.89	207.322
1940.65	211.265
1941.41	195.228
1942.16	196.221
1942.92	209.209
1943.68	218.157
1944.43	204.057
1945.19	209.908
1945.94	216.718
1946.7	200.574
1947.45	202.403
1948.21	170.397
1948.96	192.188
1949.71	195.075
1950.47	194.99
1951.22	204.853
1951.98	215.705
1952.73	167.959
1953.48	217.503
1954.23	222.322
1954.99	227.089
1955.74	193.196
1956.49	202.866
1957.24	199.681
1957.99	230.091
1958.75	201.332
1959.5	208.134
1960.25	220.864
1961	205.012
1961.75	177.334
1962.5	202.777
1963.25	211.447
1964	217.149
1964.75	210.096
1965.5	216.788
1966.25	214.651
1967	210.537
1967.74	225.945
1968.49	202.226
1969.24	192.197
1969.99	215.303
1970.74	188.792
1971.48	207.079
1972.23	212.773
1972.98	188.423
1973.73	207.769
1974.47	213.503
1975.22	206.589
1975.96	223.849
1976.71	224.595
1977.46	200.198
1978.2	206.761
1978.95	205.633
1979.69	202.631
1980.44	229.564
1981.18	197.733
1981.93	207.354
1982.67	216.951
1983.41	214.935
1984.16	217.677
1984.9	200.171
1985.64	185.554
1986.39	191.117
1987.13	216.824
1987.87	221.452
1988.61	201.224
1989.36	207.845
1990.1	211.61
1990.84	224.943
1991.58	200.978
1992.32	220.046
1993.06	190.378
1993.81	199.925
1994.55	193.26
1995.29	215.312
1996.03	224.026
1996.77	214.59
1997.51	224.299
1998.24	222.51
1998.98	230.28
1999.72	232.277
2000.46	192.063
2001.2	214.17
2001.94	200.799
2002.68	211.426
2003.41	218.239
2004.15	194.336
2004.89	197.319
2005.63	208.95
2006.36	219.617
2007.1	198.534
2007.84	188.982
2008.57	197.726
2009.31	194.94
2010.05	199.891
2010.78	194.265
2011.52	195.405
2012.25	214.906
2012.99	180.28
2013.72	211.372
2014.46	227.953
2015.19	193.202
2015.92	216.553
2016.66	220.559
2017.39	217.815
2018.13	218.995
2018.86	183.275
2019.59	191.284
2020.32	179.827
2021.06	214.173
2021.79	225.251
2022.52	192.777
2023.25	176.665
2023.98	226.281
2024.72	179.123
2025.45	188.355
2026.18	213.479
2026.91	196.701
2027.64	197.088
2028.37	211.459
2029.1	213.954
2029.83	214.945
2030.56	223.018
2031.29	224.738
2032.02	236.733
2032.75	216.945
2033.47	184.105
2034.2	188.367
2034.93	215.061
2035.66	204.91
2036.39	200.393
2037.11	207.978
2037.84	194.966
2038.57	213.797
2039.3	210.785
2040.02	222.56
2040.75	210.427
2041.47	215.006
2042.2	207.295
2042.93	194.682
2043.65	202.506
2044.38	210.049
2045.1	209.239
2045.83	224.852
2046.55	201.064
2047.28	216.956
2048	200.394
2048.73	195.322
2049.45	208.07
2050.17	212.446
2050.9	198.903
2051.62	206.352
2052.34	208.828
2053.07	203.7
2053.79	218.285
2054.51	203.674
2055.23	229.964
2055.95	207.863
2056.68	210.859
2057.4	223.241
2058.12	218.72
2058.84	231.833
2059.56	217.973
2060.28	229.872
2061	198.563
2061.72	220.715
2062.44	217.401
2063.16	233.152
2063.88	217.822
2064.6	224.625
2065.32	224.844
2066.03	212.287
2066.75	217.69
2067.47	212.891
2068.19	219.573
2068.91	222.51
2069.62	230.951
2070.34	229.654
2071.06	210.307
2071.77	220.738
2072.49	242.697
2073.21	226.333
2073.92	212.006
2074.64	211.694
2075.36	226.541
2076.07	248.298
2076.79	227.495
2077.5	217.962
2078.22	225.127
2078.93	206.801
2079.64	215.06
2080.36	210.593
2081.07	235.413
2081.79	228.001
2082.5	223.488
2083.21	224.984
2083.93	234.546
2084.64	221.926
2085.35	226.315
2086.07	233.964
2086.78	207.643
2087.49	226.281
2088.2	234.188
2088.91	229.014
2089.62	237.082
2090.33	232.446
2091.04	219.236
2091.76	215.878
2092.47	218.193
2093.18	233.846
2093.89	231.505
2094.6	213.48
2095.3	247.216
2096.01	225.693
2096.72	218.81
2097.43	224.185
2098.14	219.637
2098.85	218.613
2099.56	218.647
2100.09	199.818
2100.87	243.239
2101.65	213.512
2102.43	230.245
2103.21	230.163
2103.99	210.298
2104.77	238.751
2105.55	225.709
2106.32	222.509
2107.1	214.402
2107.88	220.107
2108.66	227.832
2109.44	216.966
2110.22	215.958
2110.99	244.387
2111.77	212.883
2112.55	235.256
2113.33	242.824
2114.1	232.758
2114.88	240.342
2115.66	225.539
2116.43	234.26
2117.21	239.132
2117.99	253.78
2118.76	212.759
2119.54	252.714
2120.31	247.733
2121.09	221.287
2121.86	211.438
2122.64	243.502
2123.41	212.252
2124.19	220.958
2124.96	249.155
2125.74	226.759
2126.51	227.77
2127.28	244.398
2128.06	220.12
2128.83	235.779
2129.61	239.719
2130.38	224.13
2131.15	248.509
2131.92	248.518
2132.7	247.571
2133.47	219.327
2134.24	259.38
2135.01	259.432
2135.78	225.311
2136.55	225.35
2137.33	229.306
2138.1	225.47
2138.87	245.116
2139.64	241.341
2140.41	216.06
2141.18	232.886
2141.95	257.604
2142.72	260.78
2143.49	227.598
2144.26	237.583
2145.03	249.515
2145.8	232.907
2146.57	230.077
2147.33	257.824
2148.1	239.305
2148.87	244.472
2149.64	231.858
2150.41	205.346
2151.17	202.516
2151.94	222.443
2152.71	200.771
2153.48	249.513
2154.24	220.938
2155.01	205.252
2155.78	211.43
2156.54	205.667
2157.31	238.757
2158.08	215.017
2158.84	198.203
2159.61	238.302
2160.37	222.427
2161.14	199.512
2161.9	198.593
2162.67	221.725
2163.43	229.901
2164.2	222.092
2164.96	252.466
2165.72	258.788
2166.49	232.882
2167.25	198.814
2168.01	200.93
2168.78	218.134
2169.54	222.225
2170.3	227.35
2171.07	216.367
2171.83	239.763
2172.59	244.014
2173.35	232.077
2174.11	205.906
2174.88	236.409
2175.64	223.285
2176.4	218.229
2177.16	214.26
2177.92	235.663
2178.68	227.699
2179.44	256.305
2180.2	212.869
2180.96	215.112
2181.72	243.781
2182.48	236.848
2183.24	246.161
2184	235.092
2184.76	289.143
2185.52	237.315
2186.28	238.416
2187.04	237.487
2187.79	247.767
2188.55	259.075
2189.31	246.965
2190.07	274.575
2190.83	283.852
2191.58	285.996
2192.34	268.772
2193.1	257.643
2193.85	248.523
2194.61	244.458
2195.37	270.893
2196.12	275.894
2196.88	258.503
2197.63	283.822
2198.39	225.876
2199.15	261.424
2199.9	270.606
2200.66	266.605
2201.41	274.761
2202.16	274.748
2202.92	262.514
2203.67	266.478
2204.43	250.187
2205.18	267.355
2205.93	233.969
2206.69	246.179
2207.44	271.576
2208.19	219.039
2208.95	235.295
2209.7	256.561
2210.45	260.582
2211.2	242.336
2211.95	262.499
2212.71	245.28
2213.46	224.044
2214.21	269.409
2214.96	243.124
2215.71	259.173
2216.46	282.224
2217.21	225.735
2217.96	262.803
2218.71	269.666
2219.46	253.45
2220.21	273.375
2220.96	250.24
2221.71	272.229
2222.46	257.193
2223.21	254.176
2223.96	233.134
2224.71	284.04
2225.46	265.93
2226.21	287.752
2226.95	251.723
2227.7	273.565
2228.45	261.548
2229.2	300.328
2229.94	290.323
2230.69	327.071
2231.44	334.957
2232.18	318.985
2232.93	354.662
2233.68	356.529
2234.42	378.202
2235.17	379.002
2235.92	361.965
2236.66	341.015
2237.41	385.419
2238.15	357.643
2238.9	400.1
2239.64	364.479
2240.38	367.401
2241.13	341.669
2241.87	310.023
2242.62	337.589
2243.36	307.933
2244.1	315.76
2244.85	296.983
2245.59	293.983
2246.33	298.868
2247.08	274.234
2247.82	316.51
2248.56	306.624
2249.3	292.793
2250.05	285.831
2250.79	282.799
2251.53	282.725
2252.27	272.874
2253.01	297.379
2253.75	261.146
2254.49	269.057
2255.23	267.188
2255.97	241.799
2256.71	286.981
2257.45	263.518
2258.19	268.453
2258.93	252.779
2259.67	268.443
2260.41	254.731
2261.15	242.037
2261.89	252.889
2262.63	281.422
2263.36	279.646
2264.1	240.643
2264.84	248.664
2265.58	262.551
2266.32	257.769
2267.05	249.027
2267.79	279.502
2268.53	265.816
2269.26	282.543
2270	287.517
2270.74	275.849
2271.48	246.553
2272.21	273.22
2272.95	273.426
2273.68	296.253
2274.42	264.058
2275.15	277.077
2275.89	276.317
2276.62	300.154
2277.36	259.943
2278.09	272.9
2278.83	265.145
2279.56	275.122
2280.29	310.732
2281.03	292.113
2281.76	273.498
2282.49	305.212
2283.23	280.725
2283.96	273.041
2284.69	279.212
2285.42	292.322
2286.16	298.499
2286.89	248.214
2287.62	275.079
2288.35	265.288
2289.08	269.362
2289.81	277.434
2290.55	266.732
2291.28	282.846
2292.01	259.319
2292.74	266.564
2293.47	276.798
2294.2	275.085
2294.93	294.24
2295.66	290.452
2296.39	288.607
2297.11	238.894
2297.85	268.897
2298.57	241.114
2299.3	267.203
2300.03	272.408
2300.76	282.641
2301.49	268.911
2302.22	297.131
2302.94	273.332
2303.67	260.494
2304.4	252.648
2305.12	276.857
2305.85	271.057
2306.58	286.322
2307.31	271.512
2308.03	272.723
2308.76	277.921
2309.48	247.945
2310.21	280.226
2310.93	265.303
2311.66	227.269
2312.38	258.615
2313.11	235.669
2313.83	291.217
2314.56	270.252
2315.28	247.231
2316.01	251.383
2316.73	230.346
2317.45	255.683
2318.18	265.93
2318.9	265.1
2319.62	274.361
2320.35	253.323
2321.07	268.609
2321.79	266.716
2322.52	277.952
2323.24	276.066
2323.96	259.029
2324.68	247.043
2325.4	248.194
2326.12	233.146
2326.84	222.124
2327.56	223.233
2328.29	198.032
2329.01	223.441
2329.73	207.371
2330.45	220.672
2331.17	190.423
2331.89	206.758
2332.61	263.62
2333.32	239.385
2334.04	251.62
2334.76	276.013
2335.48	244.674
2336.2	248.826
2336.92	273.273
2337.64	212.563
2338.35	247.159
2339.07	229.01
2339.79	262.58
2340.51	240.355
2341.23	241.474
2341.94	236.533
2342.66	255.983
2343.37	238.898
2344.09	254.305
2344.81	283.91
2345.52	239.259
2346.24	240.292
2346.95	252.464
2347.67	246.353
2348.38	258.551
2349.1	250.507
2349.82	246.58
2350.53	254.876
2351.24	233.717
2351.96	249.11
2352.67	237.015
2353.39	245.207
2354.1	248.284
2354.81	249.316
2355.53	237.15
2356.24	243.289
2356.95	253.511
2357.66	246.489
2358.38	246.593
2359.09	214.201
2359.8	258.023
2360.51	244.962
2361.22	246.148
2361.94	250.405
2362.65	263.839
2363.36	260.985
2364.07	202.06
2364.78	246.014
2365.49	252.226
2366.2	257.384
2366.91	291.059
2367.62	264.601
2368.33	268.733
2369.04	245.375
2369.75	265.848
2370.46	282.251
2371.16	245.656
2371.87	255.936
2372.58	259.079
2373.29	253.052
2374	261.303
2374.71	222.66
2375.41	259.458
2376.12	243.234
2376.83	263.719
2377.53	262.798
2378.24	260.871
2378.95	287.522
2379.65	256.023
2380.36	278.591
2381.07	246.023
2381.77	285.9
2382.48	254.329
2383.18	281.981
2383.89	287.228
2384.59	292.525
2385.3	277.411
2386	273.511
2386.71	252.173
2387.41	222.587
2388.12	254.306
2388.82	281.896
2389.52	271.679
2390.23	250.27
2390.93	250.355
2391.63	311.764
2392.34	223.99
2393.04	271.063
2393.74	275.188
2394.44	283.389
2395.15	300.804
2395.85	269.239
2396.55	261.201
2397.25	293.028
2397.95	265.56
2398.65	279.95
2399.35	263.62
2400.05	271.779
2400.75	291.149
2401.45	292.144
2402.15	252.356
2402.85	298.335
2403.55	269.861
2404.25	263.863
2404.95	270.127
2405.65	290.689
2406.35	289.794
2407.05	283.774
2407.75	292.045
2408.44	278.86
2409.14	294.293
2409.84	296.454
2410.54	309.859
2411.24	278.271
2411.93	253.806
2412.63	306.994
2413.33	285.534
2414.02	281.434
2414.72	293.67
2415.42	283.448
2416.11	295.694
2416.81	278.367
2417.5	287.587
2418.2	321.308
2418.9	290.792
2419.59	275.581
2420.28	284.833
2420.98	264.47
2421.67	294.032
2422.37	260.356
2423.06	262.359
2423.75	254.21
2424.45	300.074
2425.14	262.516
2425.84	304.435
2426.53	283.227
2427.22	281.355
2427.91	269.242
2428.61	262.17
2429.3	283.582
2429.99	282.513
2430.68	289.548
2431.37	296.551
2432.07	271.016
2432.76	283.127
2433.45	292.224
2434.14	287.161
2434.83	251.698
2435.52	285.285
2436.21	290.445
2436.9	273.237
2437.59	270.192
2438.28	301.587
2438.97	281.227
2439.66	304.451
2440.35	303.38
2441.04	278.056
2441.72	259.858
2442.41	275.059
2443.1	276.084
2443.79	270.011
2444.48	279.087
2445.16	308.358
2445.85	282.084
2446.54	269.995
2447.23	290.242
2447.91	274.157
2448.6	280.276
2449.29	258.118
2449.97	302.553
2450.66	239.008
2451.34	295.53
2452.03	297.59
2452.72	289.583
2453.4	312.845
2454.09	298.772
2454.77	263.494
2455.46	286.639
2456.14	326.842
2456.82	294.525
2457.51	300.491
2458.19	282.371
2458.88	311.56
2459.56	302.596
2460.24	293.66
2460.92	323.953
2461.61	305.976
2462.29	301.058
2462.97	326.301
2463.66	321.336
2464.34	302.258
2465.02	312.312
2465.7	311.275
2466.38	329.312
2467.06	322.233
2467.75	293.101
2468.42	304.169
2469.11	323.309
2469.79	318.402
2470.47	312.517
2471.15	338.774
2471.83	367.04
2472.51	358.115
2473.19	298.921
2473.86	309.019
2474.54	324.121
2475.22	344.244
2475.9	302.126
2476.58	318.286
2477.26	312.389
2477.94	318.574
2478.61	285.575
2479.29	324.934
2479.97	292.893
2480.65	317.139
2481.32	310.194
2482	299.224
2482.68	324.473
2483.35	313.521
2484.03	304.58
2484.71	296.628
2485.38	286.638
2486.06	290.708
2486.73	298.785
2487.41	319.937
2488.08	316.972
2488.76	321.088
2489.43	318.207
2490.11	349.574
2490.78	328.633
2491.45	300.625
2492.13	305.827
2492.8	313.027
2493.48	315.176
2494.15	323.371
2494.82	322.51
2495.49	296.458
2496.17	321.888
2496.84	289.814
2497.51	311.262
2498.18	296.321
2498.86	298.518
2499.53	332.023
2500.2	345.257
2500.87	319.026
2501.54	346.432
2502.21	342.538
2502.88	359.965
2503.55	337.956
2504.22	336.2
2504.89	375.992
2505.56	344.74
2506.23	335.743
2506.9	335.855
2507.57	384.696
2508.24	357.452
2508.91	321.09
2509.58	334.504
2510.25	352.99
2510.91	360.262
2511.58	365.464
2512.25	374.717
2512.92	343.296
2513.59	337.329
2514.25	346.656
2514.92	346.849
2515.59	334.824
2516.25	376.769
2516.92	371.835
2517.59	357.697
2518.25	369.016
2518.92	322.224
2519.58	348.829
2520.25	336.713
2520.91	342.977
2521.58	367.646
2522.24	323.989
2522.91	340.568
2523.57	360.244
2524.24	336.99
2524.9	349.498
2525.56	359.947
2526.23	362.193
2526.89	364.427
2527.55	335.913
2528.22	352.458
2528.88	342.331
2529.54	346.518
2530.21	375.276
2530.87	346.633
2531.53	320.067
2532.19	344.803
2532.85	379.881
2533.51	353.486
2534.18	351.717
2534.84	343.751
2535.5	358.319
2536.16	364.579
2536.82	359.451
2537.48	337.845
2538.14	370.686
2538.8	361.459
2539.46	354.355
2540.12	349.374
2540.78	320.81
2541.44	353.922
2542.09	386.034
2542.75	349.202
2543.41	374.042
2544.07	360.739
2544.73	370.004
2545.39	394.625
2546.04	379.09
2546.7	366.646
2547.36	376.832
2548.02	374.748
2548.67	390.174
2549.33	373.838
2549.98	411.934
2550.64	412.067
2551.3	381.393
2551.95	393.84
2552.61	419.645
2553.26	393.072
2553.92	420.928
2554.57	378.887
2555.23	424.111
2555.88	423.031
2556.54	399.314
2557.19	446.376
2557.85	406.256
2558.5	413.36
2559.15	443.062
2559.81	466.67
2560.46	471.881
2561.11	426.898
2561.77	467.958
2562.42	433.151
2563.07	440.287
2563.72	434.051
2564.37	461.554
2565.03	448.129
2565.68	454.19
2566.33	461.35
2566.98	456.324
2567.63	478.948
2568.28	460.676
2568.93	433.145
2569.58	492.434
2570.23	415.711
2570.88	455.475
2571.53	453.379
2572.18	475.868
2572.83	475.957
2573.48	478.122
2574.13	465.979
2574.78	472.175
2575.43	471.17
2576.07	447.669
2576.72	463.967
2577.37	460.874
2578.02	467.993
2578.67	474.087
2579.31	429.181
2579.96	464.782
2580.61	446.33
2581.26	452.317
2581.9	431.863
2582.55	443.019
2583.19	444.077
2583.84	459.451
2584.49	438.237
2585.13	456.697
2585.78	429.295
2586.42	410.965
2587.07	443.41
2587.71	437.125
2588.36	418.634
2589	433.68
2589.65	445.715
2590.29	465.921
2590.93	424.349
2591.58	426.429
2592.22	422.472
2592.86	435.782
2593.51	454.197
2594.15	424.967
2594.79	453.566
2595.43	468.976
2596.07	445.787
2596.72	405.283
2597.36	459.136
2598	426.649
2598.64	398.206
2599.28	443.827
2599.92	431.65
2600.56	427.636
2601.2	443.951
2601.85	421.758
2602.49	448.246
2603.13	425.008
2603.76	441.292
2604.4	431.177
2605.04	434.239
2605.68	431.225
2606.32	441.404
2606.96	440.432
2607.6	468.835
2608.24	433.353
2608.88	444.456
2609.51	457.57
2610.15	437.291
2610.79	396.829
2611.43	431.35
2612.06	404.179
2612.7	415.527
2613.34	439.058
2613.97	417.989
2614.61	439.473
2615.25	430.513
2615.88	400.227
2616.52	423.707
2617.15	405.592
2617.79	456.513
2618.42	418.11
2619.06	405.082
2619.69	426.58
2620.33	442.982
2620.96	419.725
2621.6	416.765
2622.23	429.042
2622.86	440.313
2623.5	415.02
2624.13	429.401
2624.76	427.538
2625.4	409.401
2626.03	386.15
2626.66	432.059
2627.29	432.162
2627.93	439.385
2628.56	432.377
2629.19	440.667
2629.82	414.371
2630.45	433.911
2631.08	453.459
2631.71	439.369
2632.34	405.884
2632.98	453.938
2633.61	451.035
2634.24	474.676
2634.87	432.051
2635.5	471.078
2636.12	460.103
2636.75	435.826
2637.38	418.667
2638.01	444.416
2638.64	445.615
2639.27	467.25
2639.9	467.386
2640.53	462.381
2641.15	469.631
2641.78	450.27
2642.41	473.889
2643.04	463.77
2643.66	457.779
2644.29	455.911
2644.92	496.041
2645.54	428.639
2646.17	444.159
2646.8	500.629
2647.42	454.606
2648.05	491.548
2648.67	449.597
2649.3	491.669
2649.92	479.475
2650.55	473.468
2651.17	463.398
2651.8	501.544
2652.42	520.251
2653.05	482.537
2653.67	477.618
2654.29	468.55
2654.92	477.914
2655.54	509.83
2656.16	487.308
2656.79	522.289
2657.41	500.695
2658.03	504.334
2658.65	520.523
2659.27	508.532
2659.9	539.486
2660.52	492.42
2661.14	557.815
2661.76	508.755
2662.38	543.904
2663	519.457
2663.62	537.993
2664.24	504.903
2664.86	519.304
2665.48	534.748
2666.1	556.134
2666.72	507.387
2667.34	558.423
2667.96	531.607
2668.58	544.489
2669.2	539.427
2669.82	542.566
2670.44	533.611
2671.05	538.955
2671.67	569.331
2672.29	582.486
2672.91	575.259
2673.53	579.586
2674.14	578.725
2674.76	599.798
2675.38	603.474
2675.99	592.504
2676.61	607.065
2677.23	635.414
2677.84	663.429
2678.46	709.231
2679.07	757.639
2679.69	754.76
2680.3	813.495
2680.92	870.932
2681.53	900.955
2682.15	952.831
2682.76	1025.5
2683.38	1054.38
2683.99	1039.06
2684.61	1052.48
2685.22	1033.21
2685.83	995.951
2686.44	986.444
2687.06	978.403
2687.67	960.324
2688.28	986.41
2688.9	1013.21
2689.51	1008.94
2690.12	1015.3
2690.73	998.049
2691.34	1008.63
2691.96	1041.39
2692.57	1051.57
2693.18	1068.44
2693.79	1068.44
2694.4	1072.83
2695.01	1056.61
2695.62	1055.04
2696.23	1058.81
2696.84	1051.39
2697.45	1041.3
2698.06	1053.46
2698.67	1074.12
2699.28	1051.92
2699.88	1034.31
2700.49	1013.65
2701.1	1036.89
2701.71	1043.55
2702.32	1030.62
2702.93	1044.67
2703.53	1033.19
2704.14	1052.04
2704.75	1054.18
2705.36	1045.16
2705.96	1086.46
2706.57	1090.44
2707.17	1074.12
2707.78	1084.21
2708.39	1101.98
2708.99	1114.51
2709.6	1133.96
2710.2	1127.34
2710.81	1111.76
2711.41	1160.79
2712.02	1172.99
2712.62	1161.26
2713.23	1160.83
2713.83	1171.15
2714.44	1205.48
2715.04	1210.66
2715.64	1182.65
2716.25	1227.72
2716.85	1224.27
2717.45	1241.33
2718.05	1214.73
2718.66	1208.76
2719.26	1244.88
2719.86	1266.39
2720.46	1286.97
2721.06	1293.82
2721.67	1315.28
2722.27	1296.19
2722.87	1316.38
2723.47	1316.82
2724.07	1317.95
2724.67	1331.69
2725.27	1338.37
2725.71	1329.17
2726.38	1368.65
2727.06	1418.07
2727.73	1383.88
2728.4	1352.73
2729.07	1408.06
2729.74	1419.86
2730.42	1397.39
2731.09	1405.69
2731.76	1389.85
2732.43	1413.81
2733.1	1421.55
2733.77	1427.21
2734.44	1434.76
2735.11	1490.97
2735.78	1449.25
2736.45	1442.96
2737.12	1509.78
2737.79	1497.12
2738.46	1520.04
2739.13	1459.65
2739.8	1493.98
2740.47	1512.29
2741.14	1494.29
2741.81	1517.19
2742.47	1477.17
2743.14	1450.38
2743.81	1480.53
2744.48	1407.69
2745.15	1505.87
2745.81	1419.57
2746.48	1435.18
2747.15	1418.24
2747.81	1398.26
2748.48	1426.18
2749.15	1418.27
2749.81	1440.77
2750.48	1474.29
2751.15	1486.27
2751.81	1455.48
2752.48	1464.7
2753.14	1426.33
2753.81	1384.16
2754.47	1339.06
2755.14	1329.56
2755.8	1271.77
2756.47	1248.42
2757.13	1266.75
2757.8	1229.83
2758.46	1131.67
2759.13	1199.25
2759.79	1173
2760.45	1185.71
2761.12	1123.73
2761.78	1192.5
2762.44	1135.23
2763.1	1188.3
2763.77	1137.01
2764.43	1156.42
2765.09	1167.87
2765.76	1193.89
2766.42	1154.6
2767.08	1204.46
2767.74	1241.02
2768.4	1245.71
2769.06	1286.14
2769.72	1291.58
2770.38	1322.57
2771.05	1346.36
2771.71	1357.89
2772.37	1372.61
2773.03	1426.5
2773.69	1501.07
2774.35	1559.24
2775.01	1574.13
2775.67	1695.78
2776.33	1761.73
2776.99	1889.28
2777.64	1954.13
2778.3	2080.82
2778.96	2165.5
2779.62	2216.32
2780.28	2279.4
2780.94	2346.4
2781.59	2424.57
2782.25	2415.25
2782.91	2340.27
2783.57	2343.81
2784.22	2289.03
2784.88	2295.17
2785.54	2252.84
2786.2	2260.65
2786.85	2273
2787.51	2246.65
2788.16	2262.21
2788.82	2224.25
2789.48	2251.53
2790.13	2290.72
2790.79	2337.71
2791.44	2345.92
2792.1	2327.3
2792.75	2408.23
2793.41	2436.05
2794.06	2500.44
2794.72	2496.47
2795.37	2487.27
2796.02	2540.94
2796.68	2613.33
2797.33	2582.07
2797.98	2691.01
2798.64	2671.59
2799.29	2685.27
2799.94	2671.27
2800.6	2736.57
2801.25	2788.54
2801.9	2847.73
2802.55	2927.44
2803.21	2903.01
2803.86	2981.35
2804.51	3011.05
2805.16	2997.32
2805.81	3051.49
2806.46	3079.96
2807.11	3209.35
2807.77	3196.72
2808.42	3258.07
2809.07	3315.1
2809.72	3355.4
2810.37	3415.01
2811.02	3432.41
2811.67	3518.89
2812.32	3577.97
2812.97	3648.78
2813.61	3623.37
2814.26	3680.36
2814.91	3789.82
2815.56	3832.38
2816.21	3826.45
2816.86	3889.15
2817.51	4016.35
2818.15	4076.42
2818.8	4078.67
2819.45	4091.03
2820.1	4134.28
2820.74	4118.36
2821.39	4209.85
2822.04	4307.02
2822.69	4421.88
2823.33	4390.61
2823.98	4451.1
2824.63	4525.15
2825.27	4586.27
2825.92	4689.29
2826.56	4662.29
2827.21	4783.66
2827.85	4855.46
2828.5	4873.4
2829.14	4877.34
2829.79	4954.43
2830.43	5035.87
2831.08	5059.97
2831.72	5000.8
2832.37	5081.1
2833.01	5185.66
2833.65	5136.61
2834.3	5242.27
2834.94	5361.87
2835.58	5333.14
2836.23	5360.67
2836.87	5398.41
2837.51	5417.88
2838.16	5462.55
2838.8	5490.48
2839.44	5555.01
2840.08	5680.44
2840.72	5664.99
2841.36	5685.9
2842.01	5684.64
2842.65	5804.25
2843.29	5802.67
2843.93	5916.36
2844.57	5857.75
2845.21	5916.36
2845.85	6030.45
2846.49	6135.51
2847.13	6171.21
2847.77	6221.05
2848.41	6238.7
2849.05	6228.75
2849.69	6350.92
2850.33	6431.81
2850.97	6208.85
2851.61	6193.5
2852.24	6286.65
2852.88	6412
2853.52	6576.56
2854.16	6463.33
2854.8	6413.94
2855.43	6422.41
2856.07	6475.6
2856.71	6572.03
2857.35	6624.38
2857.98	6634.29
2858.62	6654.01
2859.26	6757.14
2859.89	6884.13
2860.53	7065.36
2861.16	7079.58
2861.8	7180.36
2862.44	7399.54
2863.07	7460.35
2863.71	7740.42
2864.34	7870.52
2864.98	8060.03
2865.61	8268.68
2866.25	8493.01
2866.88	8675.9
2867.52	8802.51
2868.15	8896.58
2868.78	9030.48
2869.42	9252.1
2870.05	9376.38
2870.69	9509.95
2871.32	9773.69
2871.95	9887.87
2872.58	10168.7
2873.22	10263.5
2873.85	10532.9
2874.48	10860.3
2875.11	10910.2
2875.75	10984.2
2876.38	11100.7
2877.01	11161.8
2877.64	11210
2878.27	11258.3
2878.9	11126.7
2879.53	11165.4
2880.16	11159.3
2880.79	11058.2
2881.42	10996.8
2882.05	10974.7
2882.68	10965.6
2883.31	11065
2883.94	10975.9
2884.57	11013.2
2885.2	11008.8
2885.83	11073.1
2886.46	10993.9
2887.09	11058.1
2887.72	10969.6
2888.35	11035.1
2888.97	10908
2889.6	10947.8
2890.23	10968.3
2890.86	10984.6
2891.49	10928.4
2892.11	10956.9
2892.74	10972
2893.37	10995.6
2893.99	11039.2
2894.62	10948.3
2895.25	11076.1
2895.87	11175.4
2896.5	11131.2
2897.12	11260.8
2897.75	11261.6
2898.38	11349.2
2899	11284.3
2899.63	11471.1
2900.25	11664.1
2900.88	11636.6
2901.5	11697.3
2902.12	11922
2902.75	11918.3
2903.37	11972
2904	12171.2
2904.62	12157
2905.25	12164.6
2905.87	12258.6
2906.49	12512
2907.11	12487.4
2907.74	12389.8
2908.36	12407.6
2908.98	12533.3
2909.6	12530.9
2910.23	12601.6
2910.85	12539
2911.47	12513.7
2912.09	12495.1
2912.71	12542.9
2913.33	12577.7
2913.96	12351.8
2914.58	12305.4
2915.2	12112.9
2915.82	12050.7
2916.44	12013.9
2917.06	11844
2917.68	11713.2
2918.3	11489.7
2918.92	11390.3
2919.54	11309.8
2920.16	11232.3
2920.77	11111.3
2921.39	11074.5
2922.01	10977
2922.63	10897.8
2923.25	10813.5
2923.87	10833.4
2924.48	10936.6
2925.1	10796.9
2925.72	10869.9
2926.34	10974
2926.95	10974.7
2927.57	10963.7
2928.19	11057.6
2928.8	11148.3
2929.42	11252.9
2930.04	11215.6
2930.65	11367.9
2931.27	11568.9
2931.89	11815.4
2932.5	11906.7
2933.12	12125.5
2933.73	12331
2934.35	12493.3
2934.96	12799.3
2935.58	13053.3
2936.19	13220.7
2936.81	13378.2
2937.42	13406.9
2938.03	13667
2938.65	13723.3
2939.26	13691.5
2939.88	13724.1
2940.49	13648.5
2941.1	13644.2
2941.71	13362.8
2942.33	13252.3
2942.94	12919
2943.55	12667.4
2944.17	12576.3
2944.78	12318.7
2945.39	12094.7
2946	11802.3
2946.61	11602.7
2947.22	11315.5
2947.83	11064.8
2948.45	10929.7
2949.06	10828.2
2949.67	10586.1
2950.28	10377
2950.89	10238.8
2951.5	10007.8
2952.11	9821.63
2952.72	9638.47
2953.33	9437.79
2953.94	9374.23
2954.54	9163.85
2955.15	9020.17
2955.76	8873.43
2956.37	8697.06
2956.98	8613.88
2957.59	8403.24
2958.2	8267.08
2958.8	8196.74
2959.41	8089.16
2960.02	7988.1
2960.63	7831.18
2961.23	7787.81
2961.84	7660.13
2962.45	7590.2
2963.05	7522.96
2963.66	7290.01
2964.27	7245.06
2964.87	7138.75
2965.48	7074.81
2966.08	6931.95
2966.69	6880.41
2967.29	6720.68
2967.9	6619.4
2968.5	6557.22
2969.11	6395.76
2969.71	6272.84
2970.32	6083.08
2970.92	6097.14
2971.53	5959.71
2972.13	5780.03
2972.74	5682.79
2973.34	5535.84
2973.94	5437.19
2974.54	5333
2975.15	5285.67
2975.75	5174.66
2976.35	5053.54
2976.96	4967.16
2977.56	4917.11
2978.16	4735.77
2978.76	4650.66
2979.36	4479.29
2979.97	4466.04
2980.57	4422.27
2981.17	4219.39
2981.77	4161.72
2982.37	4041.77
2982.97	3982.71
2983.57	3837.26
2984.17	3782.19
2984.77	3653.02
2985.37	3630.18
2985.97	3510.91
2986.57	3450.55
2987.17	3304.24
2987.77	3320.59
2988.37	3190.94
2988.97	3139.68
2989.57	3090.05
2990.17	3003.31
2990.76	2892.02
2991.36	2883.36
2991.96	2804.26
2992.56	2735.56
2993.16	2647.38
2993.75	2602.01
2994.35	2533.85
2994.95	2540.2
2995.54	2466.72
2996.14	2427.25
2996.74	2382.03
2997.33	2346.41
2997.93	2256.83
2998.52	2248.15
2999.12	2242.52
2999.72	2224.54
3000.31	2150.22
3000.91	2094.3
3001.5	2120.29
3002.1	2065.32
3002.69	2058.34
3003.29	2009.17
3003.88	1960.89
3004.47	1946.39
3005.07	1883.91
3005.66	1898.57
3006.26	1850.07
3006.85	1854.1
3007.44	1804.91
3008.04	1741.18
3008.63	1713.04
3009.22	1683.49
3009.81	1653.63
3010.41	1612.33
3011	1570.05
3011.59	1617.25
3012.18	1558.96
3012.77	1517.24
3013.36	1491.97
3013.96	1471.78
3014.55	1482.35
3015.14	1430.28
3015.73	1440.99
3016.32	1391.2
3016.91	1381.55
3017.5	1383.17
3018.09	1378.45
3018.68	1352.92
3019.27	1317.98
3019.86	1310.84
3020.45	1287.35
3021.04	1317.6
3021.63	1317.12
3022.22	1267.21
3022.8	1313.08
3023.39	1276.3
3023.98	1222.87
3024.57	1257.07
3025.16	1267.55
3025.74	1298.69
3026.33	1294.74
3026.92	1231.88
3027.5	1277.27
3028.09	1278.16
3028.68	1270.78
3029.26	1307.84
3029.85	1321.35
3030.44	1275.23
3031.02	1269.53
3031.61	1303.15
3032.19	1299.54
3032.78	1291.64
3033.37	1357.99
3033.95	1304.28
3034.54	1322.87
3035.12	1321.81
3035.71	1383.85
3036.29	1317.75
3036.87	1335.39
3037.46	1354.07
3038.04	1341.77
3038.63	1358.5
3039.21	1373.32
3039.79	1351.08
3040.38	1388.99
3040.96	1376.23
3041.54	1370.58
3042.12	1369.86
3042.71	1370.9
3043.29	1354.03
3043.87	1405.34
3044.45	1405.87
3045.03	1406.55
3045.62	1439.55
3046.2	1408.66
3046.78	1429.7
3047.36	1475.69
3047.94	1465.74
3048.52	1522.99
3049.1	1567.67
3049.68	1585.28
3050.26	1664.95
3050.84	1752.86
3051.42	1784.82
3052	1877.86
3052.58	1908.78
3053.16	1985.28
3053.74	2030.8
3054.32	2086.84
3054.89	2094.44
3055.47	2129.18
3056.05	2140.25
3056.63	2156.52
3057.21	2214.1
3057.78	2180.16
3058.36	2181.13
3058.94	2217.09
3059.52	2156.53
3060.09	2191.38
3060.67	2174.59
3061.25	2176.68
3061.82	2164.4
3062.4	2146.95
3062.97	2183.26
3063.55	2149.96
3064.13	2126.89
3064.7	2096.57
3065.28	2049.8
3065.85	2049.83
3066.43	2037.57
3067	1956.93
3067.58	1890.62
3068.15	1874.8
3068.72	1830.73
3069.3	1752.36
3069.87	1689.58
3070.45	1646.67
3071.02	1625.78
3071.59	1530.7
3072.17	1471.97
3072.74	1468.04
3073.31	1373.98
3073.89	1306.63
3074.46	1285.7
3075.03	1262.67
3075.6	1246.98
3076.17	1203.56
3076.74	1137.57
3077.32	1114.08
3077.89	1068.91
3078.46	1011.26
3079.03	1016.61
3079.6	1040.44
3080.17	954.455
3080.74	987.356
3081.31	973.628
3081.88	937.137
3082.45	909.976
3083.02	865.29
3083.59	878.49
3084.16	877.236
3084.73	855.342
3085.3	825.221
3085.87	782.784
3086.43	834.333
3087	831.299
3087.57	843.83
3088.14	803.761
3088.71	786.36
3089.28	783.336
3089.84	790.549
3090.41	757.445
3090.98	764.576
3091.54	756.225
3092.11	728.274
3092.68	727.148
3093.24	717.759
3093.81	712.49
3094.38	685.581
3094.94	730.866
3095.51	717.406
3096.07	730.752
3096.64	692.552
3097.2	653.313
3097.77	689.296
3098.33	686.159
3098.9	713.989
3099.46	692.436
3100.03	694.613
3100.59	694.722
3101.15	688.602
3101.72	679.327
3102.28	674.121
3102.84	634.882
3103.41	646.113
3103.97	696.464
3104.53	655.148
3105.1	694.139
3105.66	646.666
3106.22	623.926
3106.78	665.006
3107.34	669.067
3107.91	686.522
3108.47	652.565
3109.03	692.694
3109.59	645.444
3110.15	661.004
3110.71	659.14
3111.27	668.63
3111.83	666.772
3112.39	666.885
3112.95	644.221
3113.51	652.345
3114.07	621.302
3114.63	616.014
3115.19	678.691
3115.75	631.359
3116.31	661.24
3116.87	642.775
3117.43	608.838
3117.98	639.656
3118.54	613.835
3119.1	641.467
3119.66	614.607
3120.22	611.436
3120.77	608.318
3121.33	595.993
3121.89	611.432
3122.44	623.769
3123	607.283
3123.56	554.787
3124.11	602.93
3124.67	602.769
3125.23	618.029
3125.78	574.837
3126.34	583.039
3126.89	619.023
3127.45	599.637
3128	586.428
3128.56	615.312
3129.11	610.285
3129.67	617.538
3130.22	611.388
3130.78	616.482
3131.33	631.797
3131.88	608.06
3132.44	630.506
3132.99	595.49
3133.54	583.087
3134.1	606.63
3134.65	595.338
3135.2	609.726
3135.76	619.007
3136.31	646.761
3136.86	612.96
3137.41	622.229
3137.96	624.3
3138.51	593.527
3139.07	653.017
3139.62	610.947
3140.17	611.963
3140.72	622.221
3141.27	590.436
3141.82	601.733
3142.37	617.122
3142.92	589.415
3143.47	607.846
3144.02	630.38
3144.57	615.006
3145.12	605.837
3145.67	618.264
3146.22	603.044
3146.77	625.799
3147.32	619.807
3147.86	586.044
3148.41	652.81
3148.96	617.883
3149.51	643.463