401.058	1019.14
402.149	946.379
403.243	960.682
404.332	944.666
405.424	862.577
406.515	865.474
407.606	875.923
408.697	687.969
409.785	707.122
410.876	663.334
411.967	732.095
413.055	603.89
414.143	653.591
415.233	637.647
416.321	604.889
417.409	565.7
418.499	639.036
419.586	604.673
420.673	650.162
421.761	658.72
422.848	694.224
423.935	769.52
425.02	757.172
426.106	769.762
427.193	868.009
428.278	850.914
429.364	854.948
430.45	927.042
431.534	945.851
432.618	846.325
433.704	968.458
434.788	962.16
435.871	926.558
436.955	1013.18
438.038	922.389
439.123	857.324
440.204	891.639
441.287	836.953
442.37	805.449
443.452	728.893
444.535	702.014
445.615	666.659
446.698	615.378
447.78	581.465
448.86	584.458
449.939	543.114
451.021	463.905
452.101	518.942
453.18	430.463
454.262	447.521
455.341	330.897
456.42	315.255
457.499	361.73
458.578	259.735
459.654	331.317
460.733	316.644
461.811	347.517
462.89	288.284
463.966	254.091
465.044	287.77
466.12	246.08
467.197	282.556
468.273	259.415
469.349	238.998
470.426	194.294
471.501	249.129
472.576	270.368
473.651	318.515
474.726	323.02
475.801	286.774
476.876	342.449
477.95	364.741
479.022	326.723
480.097	342.446
481.171	416.475
482.243	352.38
483.317	367.006
484.388	455.578
485.46	375.839
486.533	385.761
487.605	423.315
488.676	450.648
489.747	435.591
490.818	483.18
491.889	547.351
492.959	593.188
494.03	541.657
495.1	536.096
496.171	615.904
497.239	644.123
498.309	606.14
499.379	696.499
500.446	689.642
501.514	696.635
502.584	672.658
503.651	715.641
504.718	669.065
505.788	714.068
506.855	695.942
507.921	804.136
508.988	687.103
510.055	733.958
511.119	775.366
512.186	684.933
513.252	748.466
514.318	810.271
515.382	858.422
516.448	873.629
517.512	831.055
518.577	876.718
519.641	854.494
520.704	888.48
521.768	959.456
522.833	928.194
523.896	1050.94
524.959	1035.09
526.021	1103.05
527.084	1150.42
528.144	1237.35
529.207	1223.5
530.269	1330.01
531.331	1420.32
532.391	1528.82
533.453	1496.2
534.513	1521.15
535.572	1449.45
536.634	1304.78
537.693	1309.19
538.752	1251.94
539.812	1169.48
540.87	1186.67
541.929	1105.5
542.988	1013.31
544.047	924.806
545.105	934.999
546.164	898.25
547.22	841.492
548.278	823.63
549.336	825.169
550.392	779.992
551.448	737.715
552.505	679.747
553.561	699.275
554.616	741.236
555.671	652.734
556.728	668.498
557.783	640.328
558.836	615.747
559.891	652.433
560.946	622.131
562	627.179
563.055	586.894
564.107	556.037
565.161	541.025
566.213	513.997
567.267	569.294
568.318	544.065
569.37	541.954
570.424	543.545
571.475	562.688
572.526	487.753
573.577	548.423
574.628	622.862
575.679	637.382
576.73	701.639
577.781	642.59
578.829	788.83
579.88	702.325
580.93	725.34
581.978	648.073
583.026	633.332
584.076	568.903
585.124	535.741
586.172	459.391
587.221	570.518
588.269	494.168
589.316	576.68
590.363	525.993
591.41	554.218
592.457	618.205
593.502	520.042
594.549	536.642
595.595	569.94
596.64	517.161
597.686	507.5
598.73	542.771
599.776	561.355
600.82	517.287
601.864	512.67
602.908	475.024
603.953	523.888
604.997	526.993
606.04	533.915
607.083	543.64
608.125	543.163
609.168	585.877
610.211	572.208
611.253	569.51
612.294	629.507
613.336	663.726
614.377	683.249
615.419	779.36
616.459	885.59
617.499	887.479
618.539	993.51
619.579	920.548
620.619	906.646
621.658	807.98
622.698	773.005
623.737	738.997
624.776	783.408
625.815	836.176
626.852	977.588
627.891	1094.23
628.928	1124.2
629.966	1218.78
631.003	1158.06
632.041	1246.68
633.077	1257.46
634.114	1167.5
635.15	1091.46
636.185	1046.05
637.221	929.861
638.257	888.518
639.292	884.113
640.328	793.856
641.361	761.554
642.396	730.925
643.431	639.353
644.464	637.15
645.497	558.595
646.532	507.811
647.564	515.107
648.597	526.181
649.629	505.121
650.663	475.77
651.695	482.219
652.727	481.231
653.757	465.477
654.789	401.958
655.821	441.31
656.852	388.929
657.882	399.929
658.913	381.621
659.942	389.933
660.973	340.444
662.002	338.612
663.031	400.924
664.06	411.933
665.09	364.396
666.119	399.508
667.147	350.337
668.175	334.199
669.201	398.015
670.229	309.047
671.257	346.015
672.285	397.642
673.311	340.628
674.338	325.088
675.363	343.689
676.389	318.134
677.416	358.025
678.441	327.805
679.466	333.475
680.491	321.541
681.515	316.946
682.54	316.044
683.565	341.929
684.589	342.056
685.613	350.554
686.635	336.943
687.659	385.231
688.681	347.6
689.705	382.967
690.727	393.358
691.75	440.753
692.772	448.347
693.793	432.767
694.814	451.409
695.835	447.782
696.856	504.297
697.877	505.209
698.898	468.154
699.918	503.306
700.937	522.737
701.957	485.745
702.978	513.531
703.996	482.098
705.016	469.152
706.034	430.295
707.052	421.953
708.069	453.364
709.087	439.491
710.107	404.393
711.124	396.124
712.139	421.146
713.156	368.557
714.173	404.671
715.19	398.241
716.205	370.507
717.222	382.438
718.238	353.696
719.253	372.927
720.267	385.682
721.283	375.414
722.297	375.315
723.311	389.972
724.325	388.083
725.339	392.666
726.353	399.128
727.366	385.394
728.38	424.122
729.391	529.088
730.404	515.328
731.417	507
732.428	510.534
733.441	479.087
734.452	481.643
735.463	531.968
736.475	556.657
737.486	537.412
738.496	497.151
739.506	492.709
740.516	529.564
741.526	559.959
742.534	521.454
743.544	573.762
744.554	557.214
745.561	558.109
746.571	566.369
747.578	543.479
748.587	579.329
749.594	521.648
750.601	545.637
751.608	491.671
752.615	569.892
753.621	505.89
754.628	519.965
755.634	489.984
756.641	505.074
757.647	510.093
758.651	509.609
759.657	566.281
760.663	452.352
761.666	521.014
762.67	516.739
763.676	484.672
764.679	507.971
765.682	564.485
766.686	506.326
767.689	554.468
768.692	503.751
769.694	464.22
770.697	522.876
771.698	516.911
772.7	513.776
773.703	506.886
774.703	498.928
775.703	478.716
776.705	478.788
777.705	483.417
778.705	536.344
779.705	448.171
780.705	487.332
781.704	594.42
782.704	534.291
783.703	564.287
784.702	584.001
785.701	605.517
786.698	588.869
787.697	620.615
788.694	604.036
789.693	652.645
790.689	648.222
791.686	633.51
792.682	674.59
793.68	710.006
794.676	705.351
795.672	804.079
796.666	778.155
797.662	831.493
798.658	856.028
799.653	867.479
800.647	885.309
801.642	958.849
802.636	990.252
803.631	1013.13
804.624	1075.05
805.617	1052.28
806.61	1026.77
807.602	1027.28
808.595	1024.01
809.587	1016.97
810.58	960.777
811.572	955.692
812.564	1014.65
813.554	974.567
814.546	1003.1
815.536	973.309
816.528	960.162
817.518	1026.57
818.507	968.995
819.499	1109.37
820.488	1159.99
821.477	1219.79
822.466	1267.41
823.455	1398.84
824.444	1519.83
825.431	1587.15
826.42	1718.12
827.408	1797.66
828.395	1919.84
829.383	2058.73
830.369	2391.79
831.356	2468.4
832.342	2489.23
833.33	2729.34
834.315	3004
835.301	3346.73
836.287	3716.66
837.27	4041.57
838.256	4316.78
839.241	4533.63
840.226	4642.97
841.209	4624.34
842.194	4570.54
843.177	4387.21
844.16	4110.29
845.145	3727.85
846.127	3511.79
847.11	3172.49
848.092	2946.09
849.074	2819.69
850.056	2801.58
851.039	2819.06
852.018	2924.57
853	3050.99
853.982	3191.14
854.962	3365.45
855.941	3500.63
856.923	3561.9
857.902	3603.47
858.881	3400.69
859.86	3146.26
860.839	2862.01
861.818	2566.23
862.797	2401.7
863.776	2234.09
864.754	2103.12
865.733	1976.69
866.709	1888.98
867.687	1782.98
868.664	1701.08
869.642	1710.44
870.618	1569.91
871.594	1594.24
872.569	1500.76
873.545	1496.6
874.521	1429.76
875.496	1416.29
876.471	1410.1
877.447	1335.59
878.42	1377.1
879.395	1310.68
880.37	1341
881.343	1259.87
882.315	1257.17
883.29	1186.4
884.262	1126.75
885.235	1150.96
886.207	1155.76
887.179	1119.9
888.151	1111.62
889.123	1100.54
890.095	1048.01
891.065	1080.33
892.037	1095.19
893.009	1102.68
893.978	1104.66
894.948	1127.86
895.919	1098.57
896.888	1156.99
897.857	1168.46
898.826	1222.4
899.795	1219.97
900.764	1240.43
901.732	1361.29
902.701	1405.34
903.668	1423.44
904.636	1430.48
905.604	1518.77
906.57	1522.42
907.538	1541.97
908.504	1646.6
909.47	1571.61
910.436	1604.69
911.402	1609.25
912.367	1695.98
913.333	1592.26
914.298	1604.78
915.264	1663.4
916.229	1560.13
917.192	1571.58
918.157	1486.94
919.12	1510.69
920.084	1466.02
921.047	1439.84
922.01	1418.18
922.972	1402.87
923.935	1389.32
924.897	1365.53
925.859	1268.49
926.821	1300.46
927.783	1217.44
928.743	1178
929.705	1225.8
930.667	1236.38
931.626	1156.79
932.586	1167.34
933.547	1095.25
934.506	1079.04
935.466	983.836
936.425	947.232
937.384	975.78
938.343	908.263
939.301	936.666
940.26	907.208
941.217	959.875
942.175	951.964
943.132	946
944.09	950.382
945.046	985.657
946.002	934.834
946.96	894.191
947.916	942.455
948.872	932.585
949.828	922.66
950.783	923.928
951.737	891.345
952.692	872.731
953.647	871.85
954.601	871.863
955.556	886.919
956.509	829.851
957.464	888.359
958.417	925.457
959.369	879.016
960.322	839.015
961.275	858.951
962.227	906.853
963.179	873.759
964.132	919.568
965.082	950.45
966.034	879.174
966.984	879.457
967.936	861.035
968.885	948.786
969.837	902.914
970.787	911.366
971.736	926.225
972.686	956.02
973.635	964.201
974.584	989.358
975.533	1034.32
976.48	1093.45
977.429	1118.83
978.378	1093.55
979.325	1137.72
980.273	1166.85
981.22	1132.12
982.166	1212.76
983.113	1190.05
984.061	1262.85
985.007	1289.48
985.953	1297.25
986.897	1351.82
987.843	1411.14
988.789	1395.79
989.734	1354.45
990.678	1450.72
991.623	1508.62
992.567	1560.77
993.51	1787.5
994.453	2009.18
995.398	2370.59
996.341	2886.53
997.284	3400.18
998.227	3957.37
999.168	4160.14
1000.11	4293.1
1001.05	3903.59
1001.99	3312.37
1002.94	2694.6
1003.88	2093.94
1004.82	1680.69
1005.76	1440.74
1006.7	1254.79
1007.64	1144.21
1008.58	1047.44
1009.52	1063.27
1010.46	1092.91
1011.4	1015.34
1012.34	1002.15
1013.27	996.616
1014.21	1009.97
1015.15	989.074
1016.09	1034.5
1017.03	1065.03
1017.96	1008.65
1018.9	1023.94
1019.84	1144.63
1020.77	1193.35
1021.71	1221.59
1022.65	1284.58
1023.58	1369.38
1024.52	1521.91
1025.45	1603.7
1026.39	1705.29
1027.32	1865.87
1028.26	2002.84
1029.19	1962.23
1030.12	2081.93
1031.06	1997.09
1031.99	1862.68
1032.92	1793.32
1033.86	1686.53
1034.79	1598.52
1035.72	1506.55
1036.65	1435.01
1037.59	1366.98
1038.52	1330.83
1039.45	1313.46
1040.38	1329.12
1041.31	1272.99
1042.24	1292.39
1043.17	1263.53
1044.1	1268.63
1045.03	1260.5
1045.96	1243.94
1046.89	1320.3
1047.82	1261.57
1048.75	1243.69
1049.68	1274.27
1050.61	1358.97
1051.53	1462.6
1052.46	1479.51
1053.39	1457.1
1054.32	1492.46
1055.24	1628.53
1056.17	1713.33
1057.1	1814.52
1058.02	1944.5
1058.95	2071.85
1059.88	2171.67
1060.8	2084.8
1061.73	2003.51
1062.65	1914.59
1063.58	1882.91
1064.5	1805.51
1065.43	1739.41
1066.35	1775.08
1067.27	1714.83
1068.2	1709.38
1069.12	1740.72
1070.04	1767.14
1070.97	1738.58
1071.89	1712.44
1072.81	1642.12
1073.73	1568.34
1074.65	1572.7
1075.58	1527.41
1076.5	1500.87
1077.42	1461.66
1078.34	1429.9
1079.26	1445.65
1080.18	1398.61
1081.1	1352.59
1082.02	1282.86
1082.94	1315.79
1083.86	1263.16
1084.78	1276.08
1085.7	1244.41
1086.61	1194.8
1087.53	1212.66
1088.45	1163.21
1089.37	1160.25
1090.28	1158.17
1091.2	1164.53
1092.12	1125.3
1093.03	1103.14
1093.95	1216.45
1094.87	1186.86
1095.78	1197.17
1096.7	1255.84
1097.61	1177.33
1098.53	1199.13
1099.44	1275.75
1100.36	1294.56
1101.27	1284.9
1102.19	1288.42
1103.1	1280.55
1104.01	1347.35
1104.93	1371.67
1105.84	1453.76
1106.75	1406.63
1107.67	1480.68
1108.58	1512.39
1109.49	1544.16
1110.4	1608.87
1111.31	1638.33
1112.22	1700.63
1113.14	1772.22
1114.05	1825.82
1114.96	1896.57
1115.87	1977.93
1116.78	2081.2
1117.69	2123.98
1118.6	2332
1119.51	2351.54
1120.42	2427.48
1121.32	2507.1
1122.23	2562.43
1123.14	2614.64
1124.05	2553.41
1124.96	2505.19
1125.86	2399.61
1126.77	2327.94
1127.68	2223.49
1128.58	2149.54
1129.49	2038.78
1130.4	2035.57
1131.3	2066.19
1132.21	2031.43
1133.11	2160.89
1134.02	2236.84
1134.92	2391.07
1135.83	2516.45
1136.73	2524.48
1137.64	2671.98
1138.54	2750.01
1139.44	2702.42
1140.35	2629.94
1141.25	2547.96
1142.15	2439.49
1143.06	2346.36
1143.96	2237.1
1144.86	2184.84
1145.76	2098.09
1146.66	2017.72
1147.57	1931.39
1148.47	1831.54
1149.37	1716.39
1150.27	1713.66
1151.17	1590.93
1152.07	1528.27
1152.97	1506.58
1153.87	1476.27
1154.77	1403.93
1155.67	1324.82
1156.57	1238.97
1157.46	1206.5
1158.36	1107.41
1159.26	1071.32
1160.16	1000.1
1161.05	1030.9
1161.95	912.962
1162.85	901.637
1163.75	857.712
1164.64	836.501
1165.54	839.005
1166.44	842.451
1167.33	833.617
1168.23	804.958
1169.12	772.632
1170.02	774.619
1170.91	751.886
1171.81	800.447
1172.7	790.924
1173.59	762.317
1174.49	855.325
1175.38	799.021
1176.27	835.769
1177.17	846.794
1178.06	838.822
1178.95	910.546
1179.84	885.644
1180.74	917.735
1181.63	884.542
1182.52	934.736
1183.41	898.651
1184.3	880.443
1185.19	846.982
1186.08	893.87
1186.97	898.144
1187.86	905.264
1188.75	903.907
1189.64	940.3
1190.53	940.807
1191.42	979.015
1192.31	982.376
1193.2	1067.77
1194.09	1078.91
1194.97	1048.78
1195.86	1102.54
1196.75	1052.7
1197.64	1012.18
1198.52	1002.67
1199.41	1041.13
1200.29	1065.5
1201.18	1038.21
1202.07	1027.91
1202.95	1008.18
1203.84	985.534
1204.72	933.609
1205.61	895.708
1206.49	865.335
1207.38	918.655
1208.26	889.517
1209.14	846.52
1210.03	839.394
1210.91	842.695
1211.79	812.115
1212.68	813.359
1213.56	882.146
1214.44	808.662
1215.32	814.065
1216.21	810.957
1217.09	856.774
1217.97	821.02
1218.85	855.016
1219.73	895.862
1220.61	893.709
1221.49	916.151
1222.37	1021.54
1223.25	1115.65
1224.13	1224.72
1225.01	1360.01
1225.89	1547.01
1226.77	1670.72
1227.65	1828.54
1228.52	1900.82
1229.4	1954.66
1230.28	1924.81
1231.16	1965.13
1232.03	1938.38
1232.91	2014.76
1233.79	2073.98
1234.66	2115.91
1235.54	2101.6
1236.42	2096.53
1237.29	2020.11
1238.17	1908.52
1239.04	1729.53
1239.92	1586.68
1240.79	1489.46
1241.67	1374.17
1242.54	1274.04
1243.41	1189.06
1244.29	1137.35
1245.16	1093.23
1246.03	1094.85
1246.91	1086.92
1247.78	1055.03
1248.65	1032.53
1249.52	1069.05
1250.4	1056.76
1251.27	1041.54
1252.14	1067.42
1253.01	1063.78
1253.88	1085.05
1254.75	1112.12
1255.62	1081.83
1256.49	1073.42
1257.36	1145.15
1258.23	1166.07
1259.1	1170.64
1259.97	1192.33
1260.84	1186.33
1261.71	1221.42
1262.57	1248.94
1263.44	1274.64
1264.31	1340.49
1265.18	1400.63
1266.05	1482.69
1266.91	1578.01
1267.78	1692.29
1268.65	1860.75
1269.51	2037.61
1270.38	2233.32
1271.24	2540.27
1272.11	2818.29
1272.97	3095.03
1273.84	3367.63
1274.7	3651.43
1275.57	3854.31
1276.43	3927.11
1277.3	4041.19
1278.16	4071.44
1279.02	4020.36
1279.89	3991.01
1280.75	3985.51
1281.61	3855.16
1282.48	3735.08
1283.34	3559
1284.2	3368.91
1285.06	3310.17
1285.92	3056.18
1286.78	2874.09
1287.65	2699.17
1288.51	2547.04
1289.37	2405.04
1290.23	2261.3
1291.09	2097.39
1291.95	1972.17
1292.81	1922.45
1293.67	1765.08
1294.52	1741.01
1295.38	1677.62
1296.24	1628.28
1297.1	1585.13
1297.96	1532.02
1298.81	1508.3
1299.67	1436.57
1300.53	1428.26
1301.39	1434.48
1302.24	1371.91
1303.1	1330.42
1303.95	1294.71
1304.81	1280.85
1305.67	1236.86
1306.52	1205.33
1307.38	1177.24
1308.23	1122.52
1309.09	1099.35
1309.94	1050.34
1310.8	1045.96
1311.65	1013.64
1312.5	993.036
1313.35	1001.88
1314.21	970.159
1315.06	979.24
1315.91	946.41
1316.77	911.621
1317.62	928.596
1318.47	930.457
1319.32	945.664
1320.17	913.276
1321.02	942.349
1321.87	967.131
1322.73	952.035
1323.57	984.244
1324.43	968.726
1325.28	977.147
1326.13	994.124
1326.97	973.026
1327.82	1021.7
1328.67	1030.11
1329.52	1014.42
1330.37	1022.17
1331.22	1044.67
1332.06	1058.4
1332.91	1043.38
1333.76	1047.52
1334.61	1067.68
1335.45	1069.6
1336.3	1082.27
1337.15	1093.91
1337.99	1081.14
1338.84	1103.67
1339.68	1123.6
1340.53	1136.33
1341.37	1145.97
1342.22	1161.04
1343.06	1121.61
1343.91	1131.81
1344.75	1159.04
1345.6	1152.94
1346.44	1172.3
1347.28	1171.84
1348.12	1168.32
1348.97	1169.3
1349.81	1172.45
1350.65	1209.88
1351.49	1194.22
1352.33	1195.36
1353.18	1207.66
1354.02	1204.24
1354.86	1194.03
1355.7	1235.55
1356.54	1275.94
1357.38	1293.09
1358.22	1328.21
1359.06	1312.9
1359.9	1342.65
1360.74	1358.71
1361.58	1369.12
1362.42	1330.24
1363.25	1317.27
1364.09	1294.05
1364.93	1284.86
1365.77	1290.33
1366.6	1279.73
1367.19	1263.41
1368.1	1313.91
1369.01	1265.9
1369.92	1282.78
1370.83	1226.67
1371.74	1244.29
1372.65	1283.45
1373.56	1227.07
1374.47	1237.58
1375.37	1179.19
1376.28	1161.08
1377.19	1185.16
1378.1	1118.75
1379	1136.79
1379.91	1132.23
1380.82	1144.32
1381.72	1113.23
1382.63	1097.75
1383.54	1090.95
1384.44	1094.76
1385.35	1073.08
1386.25	1067.03
1387.16	1057.14
1388.06	1109.67
1388.97	1146.62
1389.87	1154.44
1390.78	1222.52
1391.68	1276.97
1392.59	1424.47
1393.49	1464.15
1394.39	1465.91
1395.3	1381.39
1396.2	1259.2
1397.1	1190.3
1398	1107.09
1398.91	1029.93
1399.81	928.001
1400.71	889.825
1401.61	898.848
1402.52	856.875
1403.42	843.694
1404.32	826.622
1405.22	815.307
1406.12	846.191
1407.02	810.137
1407.92	807.741
1408.82	806.425
1409.72	809.023
1410.62	835.531
1411.52	780.81
1412.42	835.858
1413.32	801.082
1414.21	803.474
1415.11	814.397
1416.01	796.713
1416.91	805.713
1417.81	815.708
1418.71	828.648
1419.6	809.411
1420.5	826.467
1421.4	851.275
1422.29	864.757
1423.19	882.972
1424.09	893.472
1424.98	898.13
1425.88	948.318
1426.77	997.489
1427.67	1036.21
1428.56	1055.04
1429.46	1092.96
1430.35	1185.12
1431.25	1237.49
1432.14	1304.27
1433.04	1393.12
1433.93	1434.68
1434.82	1480.23
1435.72	1476.41
1436.61	1535.53
1437.5	1594.76
1438.39	1642.61
1439.29	1689.51
1440.18	1763.09
1441.07	1851.85
1441.96	1920.46
1442.85	2048.36
1443.75	2132.52
1444.64	2196.98
1445.53	2292.6
1446.42	2313.79
1447.31	2389.63
1448.2	2413.33
1449.09	2371.23
1449.98	2427.69
1450.87	2366.75
1451.76	2331.91
1452.65	2304.25
1453.54	2305.08
1454.43	2217.71
1455.31	2151.51
1456.2	2117.7
1457.09	2067.75
1457.98	2054.75
1458.87	2034.52
1459.75	2021.95
1460.64	2039.74
1461.53	2029.15
1462.41	2173.05
1463.3	2258.36
1464.19	2435.72
1465.07	2652.45
1465.96	2872.37
1466.85	3067.37
1467.73	3166.03
1468.61	3193.04
1469.5	3129.25
1470.38	2949.34
1471.27	2875.35
1472.15	2833.3
1473.04	2862.84
1473.92	2962.94
1474.8	3002.55
1475.69	3025.61
1476.57	3122.74
1477.45	3061.12
1478.34	3062.21
1479.22	3027.62
1480.1	2965.54
1480.98	2880.31
1481.86	2879.58
1482.75	2825.31
1483.63	2800.51
1484.51	2672.8
1485.39	2545.69
1486.27	2317.73
1487.15	1943.34
1488.03	1649.74
1488.91	1421.99
1489.79	1205.71
1490.67	1056.05
1491.55	1017.53
1492.43	886.293
1493.31	778.464
1494.19	763.453
1495.07	699.377
1495.94	671.995
1496.82	622.467
1497.7	592.182
1498.58	561.881
1499.45	519.111
1500.33	538.761
1501.21	521.969
1502.09	488.954
1502.96	492.381
1503.84	467.136
1504.72	425.69
1505.59	436.798
1506.47	412.574
1507.34	424.586
1508.22	427.052
1509.09	395.29
1509.97	398.794
1510.84	407.092
1511.72	406.87
1512.59	385.773
1513.46	411.143
1514.34	393.763
1515.21	372.563
1516.08	360.818
1516.96	369.87
1517.83	349.646
1518.7	347.403
1519.57	400.788
1520.45	332.682
1521.32	358.806
1522.19	326.649
1523.06	327.471
1523.93	307.651
1524.8	297.246
1525.67	306.549
1526.54	331.771
1527.41	288.418
1528.28	330.449
1529.16	303.069
1530.02	318.85
1530.89	320.619
1531.76	293.41
1532.63	272.8
1533.5	317.762
1534.37	272.811
1535.24	312.129
1536.11	304.599
1536.97	338.255
1537.84	385.953
1538.71	317.609
1539.57	285.82
1540.44	285.909
1541.31	272.923
1542.18	289.94
1543.04	317.281
1543.91	294.884
1544.77	279.928
1545.64	276.179
1546.5	294.924
1547.37	278.031
1548.24	248.06
1549.1	284.813
1549.96	273.794
1550.83	262.828
1551.69	271.643
1552.56	264.417
1553.42	286.364
1554.28	261.984
1555.15	235.638
1556.01	259.355
1556.87	309.618
1557.73	259.734
1558.6	241.089
1559.46	276.499
1560.32	243.594
1561.18	239.074
1562.04	246.843
1562.9	237.441
1563.77	254.671
1564.63	278.611
1565.49	253.087
1566.35	241.892
1567.21	283.243
1568.07	280.733
1568.93	265.766
1569.79	274.691
1570.64	265.366
1571.5	279.021
1572.36	277.3
1573.22	290.952
1574.08	302.715
1574.94	317.417
1575.8	308.087
1576.65	331.548
1577.51	339.601
1578.37	381.459
1579.22	422.377
1580.08	418.804
1580.94	471.374
1581.79	490.121
1582.65	513.788
1583.51	458.928
1584.36	467.14
1585.22	470.501
1586.07	384.302
1586.93	357.337
1587.78	338.094
1588.63	351.949
1589.49	349.196
1590.34	381.525
1591.2	360.119
1592.05	380.619
1592.9	406.923
1593.76	425.404
1594.61	460.513
1595.46	527.927
1596.32	569.147
1597.17	628.113
1598.02	672.547
1598.87	785.488
1599.72	825.036
1600.58	920.233
1601.43	941.799
1602.28	927.901
1603.13	893.285
1603.98	831.22
1604.83	745.751
1605.68	647.733
1606.53	572.346
1607.38	511.726
1608.23	486.308
1609.08	455.987
1609.93	413.883
1610.77	403.921
1611.62	379.276
1612.47	372.191
1613.32	371.968
1614.17	361.104
1615.01	325.98
1615.86	343.456
1616.71	319.079
1617.55	314.128
1618.4	315.924
1619.25	290.447
1620.09	345.562
1620.94	310.343
1621.79	311.07
1622.63	292.458
1623.48	301.028
1624.32	320.283
1625.17	311.492
1626.01	342.395
1626.86	329.753
1627.7	315.178
1628.54	279.321
1629.39	317.912
1630.23	339.051
1631.07	351.442
1631.92	356.06
1632.76	340.389
1633.6	345.95
1634.45	352.49
1635.29	393.729
1636.13	340.608
1636.97	378.014
1637.81	385.568
1638.66	403.694
1639.5	407.396
1640.34	398.634
1641.18	369.742
1642.02	419.705
1642.86	402.438
1643.7	403.447
1644.54	398.681
1645.38	380.434
1646.22	389.077
1647.06	425.585
1647.89	429.42
1648.73	426.575
1649.57	399.761
1650.41	411.492
1651.25	412.717
1652.09	418.796
1652.92	417.146
1653.76	406.736
1654.6	437.695
1655.43	410.718
1656.27	400.133
1657.11	391.545
1657.94	440.986
1658.78	447.147
1659.62	413.742
1660.45	416.078
1661.29	405.739
1662.12	396.246
1662.96	396.354
1663.79	395.466
1664.62	389.773
1665.46	377.376
1666.29	376.717
1667.13	373.22
1667.96	391.161
1668.79	386.73
1669.63	379.331
1670.46	353.328
1671.29	369.242
1672.12	321.597
1672.96	343.301
1673.79	336.63
1674.62	325.055
1675.45	331.121
1676.28	340.174
1677.11	306.125
1677.95	280.882
1678.78	340.115
1679.61	292.207
1680.44	321.928
1681.27	318.131
1682.1	302.466
1682.93	276.93
1683.75	311.513
1684.58	294.898
1685.41	313.817
1686.24	300.209
1687.07	295.478
1687.9	298.638
1688.73	301.787
1689.55	328.671
1690.38	325.867
1691.21	266.583
1692.04	293.398
1692.86	263.705
1693.69	292.416
1694.52	289.417
1695.34	306.253
1696.17	302.351
1696.99	307.438
1697.82	300.689
1698.64	341.585
1699.47	293.147
1700.29	321.096
1701.12	337.066
1701.94	321.171
1702.77	329.067
1703.59	330.969
1704.41	322.933
1705.24	356.601
1706.06	350.574
1706.88	380.294
1707.71	399.112
1708.53	393.132
1709.35	378.22
1710.17	448.601
1711	435.611
1711.82	415.643
1712.64	453.133
1713.46	512.374
1714.28	509.202
1715.1	493.218
1715.92	517.882
1716.74	533.663
1717.56	563.252
1718.38	567.983
1719.2	613.079
1720.02	605.621
1720.84	619.831
1721.66	655.786
1722.48	679.072
1723.3	717.354
1724.11	737.085
1724.93	731.231
1725.75	730.153
1726.57	798.749
1727.39	812.886
1728.2	821.935
1729.02	850.61
1729.84	807.729
1730.65	845.488
1731.47	822.546
1732.29	830.993
1733.1	798.223
1733.92	813.341
1734.73	848.9
1735.55	798.406
1736.36	805.658
1737.18	771.009
1737.99	777.399
1738.81	741.841
1739.62	713.082
1740.43	652.178
1741.25	620.526
1742.06	628.801
1742.87	596.326
1743.69	561.03
1744.5	554.907
1745.31	526.493
1746.13	501.018
1746.94	450.396
1747.75	444.395
1748.56	393.912
1749.37	359.941
1750.18	345.35
1750.99	367.518
1751.81	332.601
1752.61	329.601
1753.42	308.249
1754.24	303.36
1755.04	277.242
1755.85	263.7
1756.66	262.705
1757.47	269.396
1758.28	251.897
1759.09	259.473
1759.9	267.038
1760.71	226.425
1761.52	225.402
1762.32	250.447
1763.13	218.661
1763.94	194.586
1764.74	214.841
1765.55	226.408
1766.36	228.336
1767.17	234.141
1767.97	221.664
1768.78	205.355
1769.58	210.283
1770.39	173.696
1771.19	201.779
1772	219.232
1772.8	178.697
1773.61	196.141
1774.41	208.769
1775.22	186.597
1776.02	173.123
1776.83	179.963
1777.63	187.777
1778.43	204.321
1779.23	161.788
1780.04	164.804
1780.84	174.641
1781.64	201.991
1782.44	183.71
1783.25	185.821
1784.05	197.656
1784.85	190.984
1785.65	202.817
1786.45	178.571
1787.25	186.509
1788.05	194.463
1788.86	179.946
1789.65	183.989
1790.46	194.88
1791.25	184.228
1792.05	181.398
1792.85	162.879
1793.65	176.724
1794.45	176.864
1795.25	164.255
1796.05	160.495
1796.85	149.847
1797.64	164.801
1798.44	200.488
1799.24	164.132
1800.04	182.04
1800.83	187.096
1801.63	188.188
1802.43	199.172
1803.22	199.276
1804.02	170.652
1804.82	157.851
1805.61	174.775
1806.41	190.711
1807.2	164.988
1808	197.807
1808.79	134.353
1809.59	168.203
1810.38	185.199
1811.18	198.23
1811.97	181.403
1812.76	183.433
1813.56	182.437
1814.35	192.357
1815.14	195.305
1815.94	204.243
1816.73	177.415
1817.52	195.391
1818.31	192.497
1819.1	167.681
1819.9	180.674
1820.69	156.769
1821.48	151.762
1822.27	167.656
1823.06	196.491
1823.85	170.579
1824.64	174.54
1825.43	161.578
1826.22	196.366
1827.01	174.425
1827.8	174.372
1828.59	162.399
1829.38	187.228
1830.17	167.337
1830.96	173.288
1831.74	175.245
1832.53	179.156
1833.32	141.33
1834.11	171.008
1834.89	174.853
1835.68	144.996
1836.47	152.817
1837.26	174.492
1838.04	170.423
1838.83	134.723
1839.61	174.143
1840.4	139.451
1841.19	169.898
1841.97	153.962
1842.76	181.374
1843.54	170.391
1844.33	192.877
1845.11	159.368
1845.89	162.255
1846.68	175.951
1847.46	126.812
1848.25	166.994
1849.03	175.748
1849.81	162.926
1850.6	173.646
1851.38	180.452
1852.16	186.279
1852.94	178.387
1853.72	171.462
1854.51	184.091
1855.29	166.372
1856.07	164.3
1856.85	197.38
1857.63	156.246
1858.41	170.758
1859.19	135.555
1859.97	169.561
1860.75	167.532
1861.53	191.811
1862.31	178.153
1863.09	169.381
1863.87	155.743
1864.65	169.33
1865.43	162.457
1866.21	151.67
1866.99	182.632
1867.76	168.896
1868.54	177.492
1869.32	167.69
1870.1	184.092
1870.87	181.152
1871.65	152.091
1872.43	163.722
1873.2	178.256
1873.98	162.748
1874.76	179.191
1875.53	183.041
1876.31	189.811
1877.08	133.662
1877.86	169.537
1878.63	209.32
1879.41	159.954
1880.18	176.47
1880.96	160.008
1881.73	164.862
1882.5	189.11
1883.28	134.83
1884.05	167.84
1884.82	158.191
1885.6	167.95
1886.37	202.949
1887.14	149.592
1887.91	161.274
1888.68	152.563
1889.46	180.776
1890.23	166.266
1891	204.282
1891.77	139.243
1892.54	183.211
1893.31	134.672
1894.08	160.22
1894.85	175.065
1895.62	191.86
1896.39	187.089
1897.16	188.124
1897.93	157.785
1898.7	173.441
1899.47	194.993
1900.24	157.85
1901.01	213.816
1901.77	182.636
1902.54	150.438
1903.31	151.578
1904.08	175.317
1904.84	187.254
1905.61	176.536
1906.38	139.193
1907.14	163.911
1907.91	176.823
1908.68	180.879
1909.44	162.242
1910.21	178.178
1910.97	161.517
1911.74	177.499
1912.51	171.717
1913.27	166.912
1914.03	170.025
1914.8	194.969
1915.56	145.425
1916.33	162.4
1917.09	184.346
1917.85	158.554
1918.62	175.514
1919.38	146.703
1920.14	145.751
1920.9	178.666
1921.67	161.827
1922.43	173.908
1923.19	155.109
1923.95	176.238
1924.71	165.419
1925.47	174.567
1926.24	183.69
1927	156.726
1927.76	171.776
1928.52	182.794
1929.28	183.779
1930.04	130.685
1930.8	198.745
1931.56	185.708
1932.32	181.695
1933.08	151.677
1933.83	173.74
1934.59	173.803
1935.35	165.86
1936.11	159.903
1936.87	164.936
1937.62	151.883
1938.38	160.842
1939.14	176.786
1939.89	177.704
1940.65	157.631
1941.41	187.622
1942.16	184.607
1942.92	159.575
1943.68	180.531
1944.43	169.44
1945.19	178.302
1945.94	186.127
1946.7	181.965
1947.45	159.886
1948.21	152.793
1948.96	157.668
1949.71	178.467
1950.47	171.422
1951.22	165.387
1951.98	181.213
1952.73	158.297
1953.48	180.047
1954.23	183.89
1954.99	209.49
1955.74	151.843
1956.49	204.069
1957.24	168.274
1957.99	203.636
1958.75	166.009
1959.5	164.935
1960.25	164.865
1961	174.637
1961.75	151.889
1962.5	170.455
1963.25	200.763
1964	188.79
1964.75	192.542
1965.5	161.008
1966.25	176.536
1967	184.189
1967.74	171.267
1968.49	171.034
1969.24	204.904
1969.99	171.511
1970.74	159.626
1971.48	168.213
1972.23	174.893
1972.98	200.048
1973.73	173.783
1974.47	182.433
1975.22	188.128
1975.96	192.803
1976.71	180.024
1977.46	188.521
1978.2	173.842
1978.95	170.801
1979.69	171.666
1980.44	180.286
1981.18	185.079
1981.93	172.531
1982.67	174.419
1983.41	167.598
1984.16	209.823
1984.9	185.581
1985.64	174.81
1986.39	161.181
1987.13	188.822
1987.87	171.428
1988.61	169.41
1989.36	185.606
1990.1	160.668
1990.84	181.66
1991.58	195.948
1992.32	199.715
1993.06	176.735
1993.81	164.296
1994.55	174.827
1995.29	178.704
1996.03	188.356
1996.77	183.683
1997.51	183.797
1998.24	170.487
1998.98	183.024
1999.72	200.343
2000.46	146.692
2001.2	195.641
2001.94	171.708
2002.68	166.968
2003.41	173.76
2004.15	172.885
2004.89	173.933
2005.63	194.204
2006.36	181.78
2007.1	170.301
2007.84	155.925
2008.57	189.683
2009.31	174.37
2010.05	155.212
2010.78	178.486
2011.52	160.307
2012.25	159.489
2012.99	184.764
2013.72	167.482
2014.46	171.453
2015.19	153.137
2015.92	199.721
2016.66	178.51
2017.39	173.795
2018.13	155.515
2018.86	183.882
2019.59	164.646
2020.32	163.876
2021.06	181.625
2021.79	141.135
2022.52	164.87
2023.25	167.5
2023.98	193.454
2024.72	129.646
2025.45	196.907
2026.18	205.12
2026.91	188.27
2027.64	180.491
2028.37	152.081
2029.1	192.075
2029.83	184.209
2030.56	190.867
2031.29	193.347
2032.02	187.193
2032.75	178.48
2033.47	146.009
2034.2	179.8
2034.93	178.124
2035.66	153.747
2036.39	183.406
2037.11	181.146
2037.84	173.048
2038.57	172.944
2039.3	170.016
2040.02	185.085
2040.75	188.186
2041.47	175.584
2042.2	174.472
2042.93	175.615
2043.65	179.434
2044.38	168.362
2045.1	163.204
2045.83	176.393
2046.55	167.472
2047.28	170.323
2048	172.597
2048.73	164.352
2049.45	157.334
2050.17	156.82
2050.9	167.247
2051.62	196.71
2052.34	180.198
2053.07	154.614
2053.79	175.468
2054.51	175.539
2055.23	168.073
2055.95	183.889
2056.68	168.432
2057.4	163.179
2058.12	194.063
2058.84	205.158
2059.56	203.885
2060.28	182.11
2061	185.945
2061.72	176.619
2062.44	174.629
2063.16	175.495
2063.88	171.271
2064.6	172.996
2065.32	169.097
2066.03	199.838
2066.75	188.525
2067.47	194.283
2068.19	202.382
2068.91	188.043
2069.62	188.189
2070.34	199.01
2071.06	183.844
2071.77	196.953
2072.49	203.446
2073.21	174.074
2073.92	183.911
2074.64	166.859
2075.36	167.104
2076.07	180.123
2076.79	190.764
2077.5	185.312
2078.22	158.163
2078.93	180.967
2079.64	176.014
2080.36	154.968
2081.07	151.608
2081.79	157.502
2082.5	181.894
2083.21	178.759
2083.93	168.335
2084.64	170.058
2085.35	197.278
2086.07	183.682
2086.78	172.894
2087.49	187.777
2088.2	178.87
2088.91	182.452
2089.62	202.809
2090.33	201.346
2091.04	186.876
2091.76	173.134
2092.47	151.939
2093.18	188.059
2093.89	199.518
2094.6	168.178
2095.3	202.647
2096.01	195.789
2096.72	193.099
2097.43	191.938
2098.14	186.339
2098.85	194.313
2099.56	198.553
2100.09	176.412
2100.87	192.158
2101.65	178.257
2102.43	193.021
2103.21	193.936
2103.99	189.884
2104.77	179.876
2105.55	186.602
2106.32	161.785
2107.1	173.412
2107.88	192.909
2108.66	215.378
2109.44	169.17
2110.22	171.108
2110.99	213.281
2111.77	192.58
2112.55	230.654
2113.33	190.246
2114.1	175.351
2114.88	187.878
2115.66	180.919
2116.43	188.672
2117.21	208.184
2117.99	189.635
2118.76	185.708
2119.54	189.558
2120.31	241.181
2121.09	206.935
2121.86	206.837
2122.64	186.29
2123.41	214.467
2124.19	195.905
2124.96	224.103
2125.74	196.835
2126.51	182.255
2127.28	220.293
2128.06	189.18
2128.83	202.875
2129.61	199.004
2130.38	199.984
2131.15	232.159
2131.92	219.486
2132.7	211.704
2133.47	203.934
2134.24	224.463
2135.01	204.007
2135.78	182.56
2136.55	178.68
2137.33	201.177
2138.1	176.809
2138.87	214.999
2139.64	199.464
2140.41	168.274
2141.18	184.073
2141.95	210.699
2142.72	202.048
2143.49	194.348
2144.26	207.251
2145.03	209.325
2145.8	181.865
2146.57	203.617
2147.33	194.88
2148.1	200.954
2148.87	221.872
2149.64	218.123
2150.41	161.919
2151.17	177.858
2151.94	177.955
2152.71	211.751
2153.48	199
2154.24	172.357
2155.01	171.522
2155.78	188.6
2156.54	178.822
2157.31	209.885
2158.08	205.07
2158.84	172.264
2159.61	183.359
2160.37	169.448
2161.14	164.511
2161.9	177.581
2162.67	175.663
2163.43	171.772
2164.2	183.961
2164.96	207.254
2165.72	212.509
2166.49	170.442
2167.25	163.515
2168.01	181.734
2168.78	198.925
2169.54	218.136
2170.3	182.894
2171.07	195.1
2171.83	155.831
2172.59	197.417
2173.35	206.688
2174.11	178.465
2174.88	181.585
2175.64	175.538
2176.4	173.515
2177.16	171.578
2177.92	181.826
2178.68	181.966
2179.44	197.361
2180.2	192.483
2180.96	178.459
2181.72	206.094
2182.48	197.115
2183.24	192.173
2184	202.473
2184.76	230.061
2185.52	200.633
2186.28	209.883
2187.04	210.996
2187.79	215.17
2188.55	226.481
2189.31	210.299
2190.07	231.799
2190.83	239.04
2191.58	229.978
2192.34	205.625
2193.1	220.993
2193.85	241.429
2194.61	223.115
2195.37	219.027
2196.12	218.981
2196.88	224.005
2197.63	235.13
2198.39	209.715
2199.15	216.847
2199.9	210.814
2200.66	234.231
2201.41	196.728
2202.16	228.201
2202.92	229.183
2203.67	230.138
2204.43	222.993
2205.18	217.912
2205.93	209.847
2206.69	217.005
2207.44	226.213
2208.19	211.129
2208.95	205.127
2209.7	224.385
2210.45	245.62
2211.2	201.107
2211.95	232.414
2212.71	211.179
2213.46	222.267
2214.21	203.076
2214.96	213.135
2215.71	217.12
2216.46	245.246
2217.21	221.996
2217.96	199.775
2218.71	242.858
2219.46	197.583
2220.21	206.537
2220.96	198.48
2221.71	198.474
2222.46	204.493
2223.21	219.513
2223.96	213.497
2224.71	244.436
2225.46	211.386
2226.21	231.266
2226.95	251.126
2227.7	245.077
2228.45	216.154
2229.2	237.045
2229.94	253.942
2230.69	240.988
2231.44	306.579
2232.18	284.666
2232.93	271.704
2233.68	297.45
2234.42	281.477
2235.17	346.785
2235.92	314.924
2236.66	348.455
2237.41	330.541
2238.15	320.596
2238.9	358.132
2239.64	353.165
2240.38	318.562
2241.13	316.555
2241.87	279.005
2242.62	308.567
2243.36	272.03
2244.1	259.183
2244.85	267.04
2245.59	244.365
2246.33	261.091
2247.08	218.768
2247.82	269.925
2248.56	292.514
2249.3	239.389
2250.05	251.129
2250.79	236.347
2251.53	238.27
2252.27	255.904
2253.01	246.111
2253.75	202.053
2254.49	246.237
2255.23	226.729
2255.97	239.574
2256.71	228.884
2257.45	237.78
2258.19	235.866
2258.93	229.027
2259.67	227.078
2260.41	201.636
2261.15	236.93
2261.89	230.166
2262.63	244.01
2263.36	232.428
2264.1	248.294
2264.84	222.004
2265.58	216.271
2266.32	235.032
2267.05	223.351
2267.79	237.157
2268.53	236.236
2269.26	209.814
2270	267.763
2270.74	248.251
2271.48	216.011
2272.21	243.653
2272.95	228.136
2273.68	236.203
2274.42	224.622
2275.15	253.363
2275.89	243.734
2276.62	267.56
2277.36	228.328
2278.09	253.108
2278.83	256.198
2279.56	240.546
2280.29	227.842
2281.03	236.83
2281.76	246.816
2282.49	236.105
2283.23	262.919
2283.96	266.093
2284.69	254.477
2285.42	248.787
2286.16	233.175
2286.89	244.237
2287.62	238.434
2288.35	257.361
2289.08	240.643
2289.81	245.74
2290.55	249.895
2291.28	260.05
2292.01	265.293
2292.74	239.762
2293.47	236.057
2294.2	228.345
2294.93	235.527
2295.66	225.742
2296.39	245.806
2297.11	238.944
2297.85	229.087
2298.57	252.142
2299.3	243.337
2300.03	235.561
2300.76	242.779
2301.49	203.046
2302.22	224.233
2302.94	215.408
2303.67	218.564
2304.4	227.725
2305.12	277.964
2305.85	227.084
2306.58	256.362
2307.31	233.513
2308.03	249.763
2308.76	245.921
2309.48	209.915
2310.21	252.238
2310.93	224.249
2311.66	224.405
2312.38	202.453
2313.11	194.577
2313.83	206.822
2314.56	241.218
2315.28	206.106
2316.01	216.301
2316.73	222.472
2317.45	234.708
2318.18	214.699
2318.9	229.995
2319.62	203.922
2320.35	220.221
2321.07	231.464
2321.79	237.65
2322.52	242.825
2323.24	233.863
2323.96	200.647
2324.68	192.694
2325.4	202.938
2326.12	218.233
2326.84	219.357
2327.56	197.199
2328.29	172.001
2329.01	158.952
2329.73	172.229
2330.45	172.359
2331.17	193.765
2331.89	193.893
2332.61	210.22
2333.32	215.381
2334.04	207.353
2334.76	253.038
2335.48	215.624
2336.2	217.753
2336.92	229.021
2337.64	188.587
2338.35	203.915
2339.07	205.038
2339.79	223.396
2340.51	204.218
2341.23	213.456
2341.94	189.23
2342.66	206.636
2343.37	204.77
2344.09	226.264
2344.81	227.409
2345.52	213.258
2346.24	216.339
2346.95	200.091
2347.67	227.513
2348.38	221.455
2349.1	221.537
2349.82	233.852
2350.53	185.27
2351.24	193.553
2351.96	211.987
2352.67	193.794
2353.39	216.227
2354.1	207.123
2354.81	222.398
2355.53	209.231
2356.24	188.975
2356.95	174.832
2357.66	182.032
2358.38	195.339
2359.09	207.645
2359.8	193.547
2360.51	212.999
2361.22	189.769
2361.94	212.317
2362.65	218.608
2363.36	200.456
2364.07	211.822
2364.78	212.974
2365.49	244.674
2366.2	234.55
2366.91	244.794
2367.62	209.18
2368.33	202.116
2369.04	221.559
2369.75	176.82
2370.46	208.508
2371.16	220.835
2371.87	213.793
2372.58	218.979
2373.29	220.092
2374	224.269
2374.71	218.253
2375.41	218.352
2376.12	229.663
2376.83	208.344
2377.53	238.019
2378.24	241.194
2378.95	239.281
2379.65	219.002
2380.36	210.952
2381.07	222.274
2381.77	211.126
2382.48	222.43
2383.18	210.28
2383.89	241.038
2384.59	249.383
2385.3	254.689
2386	259.985
2386.71	270.351
2387.41	204.98
2388.12	217.287
2388.82	265.338
2389.52	237.766
2390.23	236.8
2390.93	202.157
2391.63	272.761
2392.34	224.841
2393.04	220.831
2393.74	216.799
2394.44	281.198
2395.15	244.489
2395.85	217.011
2396.55	256.985
2397.25	256.112
2397.95	240.908
2398.65	271.66
2399.35	225.702
2400.05	211.409
2400.75	271.661
2401.45	252.257
2402.15	236.979
2402.85	285.007
2403.55	232.046
2404.25	242.378
2404.95	252.725
2405.65	258.991
2406.35	260.139
2407.05	243.905
2407.75	232.767
2408.44	256.367
2409.14	241.147
2409.84	270.901
2410.54	276.131
2411.24	241.479
2411.93	231.334
2412.63	280.444
2413.33	242.651
2414.02	232.447
2414.72	248.794
2415.42	234.513
2416.11	244.741
2416.81	245.796
2417.5	276.449
2418.2	264.279
2418.9	243.969
2419.59	220.601
2420.28	239.042
2420.98	235.011
2421.67	249.299
2422.37	225.844
2423.06	259.448
2423.75	260.471
2424.45	282.927
2425.14	219.917
2425.84	260.807
2426.53	253.852
2427.22	251.974
2427.91	252.096
2428.61	253.188
2429.3	247.092
2429.99	239.939
2430.68	220.544
2431.37	244.903
2432.07	215.352
2432.76	233.604
2433.45	267.102
2434.14	243.782
2434.83	229.644
2435.52	217.556
2436.21	224.751
2436.9	256.279
2437.59	256.292
2438.28	273.505
2438.97	238.982
2439.66	258.19
2440.35	257.151
2441.04	242.986
2441.72	233.912
2442.41	230.917
2443.1	285.563
2443.79	235.012
2444.48	231.984
2445.16	215.825
2445.85	236.044
2446.54	238.107
2447.23	249.277
2447.91	199.888
2448.6	254.471
2449.29	248.472
2449.97	283.835
2450.66	233.418
2451.34	265.74
2452.03	272.854
2452.72	273.932
2453.4	267.956
2454.09	254.905
2454.77	254.929
2455.46	239.798
2456.14	290.11
2456.82	269.904
2457.51	250.749
2458.19	264.829
2458.88	271.913
2459.56	270.997
2460.24	298.258
2460.92	303.416
2461.61	278.401
2462.29	273.486
2462.97	314.829
2463.66	268.628
2464.34	283.763
2465.02	326.006
2465.7	264.667
2466.38	292.78
2467.06	303.803
2467.75	283.72
2468.42	294.798
2469.11	318.964
2469.79	303.02
2470.47	301.153
2471.15	316.365
2471.83	360.705
2472.51	309.591
2473.19	310.681
2473.86	289.644
2474.54	277.639
2475.22	284.72
2475.9	292.822
2476.58	255.763
2477.26	302.09
2477.94	297.226
2478.61	270.255
2479.29	275.432
2479.97	295.676
2480.65	287.746
2481.32	282.817
2482	289.956
2482.68	291.069
2483.35	309.294
2484.03	269.166
2484.71	299.456
2485.38	280.416
2486.06	292.544
2486.73	284.533
2487.41	287.591
2488.08	260.499
2488.76	262.607
2489.43	278.832
2490.11	289.058
2490.78	288.232
2491.45	261.219
2492.13	299.659
2492.8	282.677
2493.48	264.667
2494.15	316.208
2494.82	313.332
2495.49	272.151
2496.17	269.315
2496.84	278.617
2497.51	290.967
2498.18	277.029
2498.86	297.428
2499.53	294.523
2500.2	289.555
2500.87	309.863
2501.54	297.822
2502.21	290.885
2502.88	309.305
2503.55	317.656
2504.22	313.862
2504.89	339.447
2505.56	292.968
2506.23	305.276
2506.9	324.673
2507.57	359.308
2508.24	346.276
2508.91	322.102
2509.58	306.052
2510.25	335.714
2510.91	336.886
2511.58	310.566
2512.25	362.536
2512.92	336.206
2513.59	321.086
2514.25	320.237
2514.92	350.965
2515.59	327.743
2516.25	327.921
2516.92	348.456
2517.59	332.281
2518.25	314.044
2518.92	333.514
2519.58	312.212
2520.25	322.528
2520.91	323.695
2521.58	319.795
2522.24	313.885
2522.91	324.333
2523.57	330.717
2524.24	318.697
2524.9	329.153
2525.56	311.962
2526.23	331.6
2526.89	350.216
2527.55	295.064
2528.22	346.448
2528.88	321.976
2529.54	337.445
2530.21	328.287
2530.87	311.953
2531.53	329.464
2532.19	356.257
2532.85	366.731
2533.51	360.854
2534.18	336.502
2534.84	300.788
2535.5	306.096
2536.16	337.028
2536.82	326.776
2537.48	338.064
2538.14	364.752
2538.8	339.105
2539.46	310.445
2540.12	328.054
2540.78	309.759
2541.44	343.897
2542.09	352.352
2542.75	379.304
2543.41	345.495
2544.07	348.665
2544.73	364.114
2545.39	358.922
2546.04	362.947
2546.7	356.687
2547.36	381.263
2548.02	370.974
2548.67	379.225
2549.33	409.081
2549.98	383.545
2550.64	407.292
2551.3	407.427
2551.95	375.725
2552.61	390.236
2553.26	383.181
2553.92	397.686
2554.57	397.775
2555.23	424.514
2555.88	419.335
2556.54	461.317
2557.19	442.704
2557.85	389.268
2558.5	436.357
2559.15	454.792
2559.81	466.112
2560.46	473.378
2561.11	464.263
2561.77	470.493
2562.42	434.669
2563.07	461.272
2563.72	454.014
2564.37	515.282
2565.03	453.774
2565.68	483.355
2566.33	498.695
2566.98	469.145
2567.63	458.041
2568.28	448.974
2568.93	480.75
2569.58	491.993
2570.23	488.853
2570.88	485.696
2571.53	539.762
2572.18	520.387
2572.83	515.379
2573.48	515.512
2574.13	524.824
2574.78	497.326
2575.43	488.157
2576.07	459.556
2576.72	444.222
2577.37	457.468
2578.02	488.056
2578.67	455.402
2579.31	425.803
2579.96	466.51
2580.61	459.272
2581.26	441.846
2581.9	443.795
2582.55	418.33
2583.19	435.675
2583.84	443.933
2584.49	434.932
2585.13	432.024
2585.78	455.517
2586.42	418.874
2587.07	448.274
2587.71	416.589
2588.36	447.889
2589	436.538
2589.65	430.326
2590.29	435.337
2590.93	434.328
2591.58	451.621
2592.22	393.943
2592.86	442.741
2593.51	432.768
2594.15	446.141
2594.79	384.444
2595.43	452.619
2596.07	404.053
2596.72	462.029
2597.36	442.795
2598	423.513
2598.64	394.065
2599.28	424.481
2599.92	419.415
2600.56	433.663
2601.2	448.971
2601.85	423.741
2602.49	417.777
2603.13	424.975
2603.76	425.038
2604.4	390.593
2605.04	420.033
2605.68	430.209
2606.32	409.982
2606.96	409.02
2607.6	445.544
2608.24	401.968
2608.88	430.312
2609.51	393.817
2610.15	429.246
2610.79	377.658
2611.43	402.061
2612.06	363.748
2612.7	411.553
2613.34	395.563
2613.97	403.882
2614.61	415.226
2615.25	416.409
2615.88	406.416
2616.52	370.033
2617.15	390.48
2617.79	421.098
2618.42	416.201
2619.06	401.146
2619.69	403.344
2620.33	403.489
2620.96	431.047
2621.6	404.72
2622.23	365.17
2622.86	430.312
2623.5	380.629
2624.13	373.658
2624.76	399.243
2625.4	378.052
2626.03	402.618
2626.66	391.553
2627.29	412.012
2627.93	394.815
2628.56	402.058
2629.19	383.88
2629.82	395.249
2630.45	416.825
2631.08	431.278
2631.71	409.034
2632.34	416.322
2632.98	415.447
2633.61	458.428
2634.24	441.277
2634.87	435.377
2635.5	448.889
2636.12	449.141
2636.75	402.387
2637.38	404.638
2638.01	420.163
2638.64	429.543
2639.27	468.568
2639.9	475.87
2640.53	431.996
2641.15	440.274
2641.78	484.352
2642.41	429.197
2643.04	481.497
2643.66	472.444
2644.29	454.207
2644.92	493.317
2645.54	447.428
2646.17	436.321
2646.8	491.772
2647.42	448.828
2648.05	488.852
2648.67	496.083
2649.3	468.498
2649.92	468.603
2650.55	497.439
2651.17	490.455
2651.8	484.527
2652.42	473.487
2653.05	485.01
2653.67	462.648
2654.29	511.072
2654.92	473.217
2655.54	502.058
2656.16	513.426
2656.79	499.131
2657.41	505.042
2658.03	512.571
2658.65	521.233
2659.27	514.63
2659.9	525.131
2660.52	528.664
2661.14	543.797
2661.76	514.884
2662.38	532.469
2663	519.451
2663.62	518.978
2664.24	509.799
2664.86	531.459
2665.48	527.592
2666.1	580.684
2666.72	533.177
2667.34	531.819
2667.96	544.034
2668.58	531.804
2669.2	525.278
2669.82	566.621
2670.44	583.417
2671.05	562.929
2671.67	565.535
2672.29	582.329
2672.91	597.901
2673.53	614.473
2674.14	593.859
2674.76	589.064
2675.38	622.19
2675.99	641.613
2676.61	685.498
2677.23	728.333
2677.84	719.065
2678.46	796.691
2679.07	857.34
2679.69	917.956
2680.3	962.909
2680.92	1053.64
2681.53	1127.79
2682.15	1178.98
2682.76	1235.68
2683.38	1277.09
2683.99	1290.26
2684.61	1294.92
2685.22	1274.12
2685.83	1205.36
2686.44	1218.65
2687.06	1197.47
2687.67	1183.74
2688.28	1186.23
2688.9	1193.68
2689.51	1189.71
2690.12	1196.39
2690.73	1218.29
2691.34	1217.02
2691.96	1254.07
2692.57	1260.47
2693.18	1271.94
2693.79	1286.62
2694.4	1263.45
2695.01	1248.97
2695.62	1271.69
2696.23	1268.87
2696.84	1258.84
2697.45	1241.51
2698.06	1233.18
2698.67	1225.6
2699.28	1235.56
2699.88	1223.92
2700.49	1209.45
2701.1	1219.09
2701.71	1233.96
2702.32	1224.09
2702.93	1218.84
2703.53	1241.86
2704.14	1294.63
2704.75	1270.72
2705.36	1263.33
2705.96	1269.47
2706.57	1267.5
2707.17	1281.44
2707.78	1284.26
2708.39	1282.33
2708.99	1314.57
2709.6	1331.95
2710.2	1328.84
2710.81	1323.72
2711.41	1338.78
2712.02	1365.44
2712.62	1398.1
2713.23	1402.41
2713.83	1402.18
2714.44	1413.69
2715.04	1417.79
2715.64	1453.62
2716.25	1460.69
2716.85	1461.48
2717.45	1455.98
2718.05	1467.09
2718.66	1462.72
2719.26	1467.34
2719.86	1488.8
2720.46	1484.4
2721.06	1505.27
2721.67	1526
2722.27	1529.04
2722.87	1543.15
2723.47	1563.99
2724.07	1578.99
2724.67	1578.85
2725.27	1575.98
2725.71	1580.89
2726.38	1602
2727.06	1567.89
2727.73	1625.19
2728.4	1590.88
2729.07	1620.7
2729.74	1591.8
2730.42	1639.42
2731.09	1668.07
2731.76	1619.79
2732.43	1635.7
2733.1	1680.17
2733.77	1655.4
2734.44	1676.26
2735.11	1700.95
2735.78	1695.87
2736.45	1717.03
2737.12	1736.98
2737.79	1763.93
2738.46	1794.89
2739.13	1764.93
2739.8	1754.49
2740.47	1777.89
2741.14	1749.77
2741.81	1792.08
2742.47	1732.86
2743.14	1739.78
2743.81	1739.5
2744.48	1733.98
2745.15	1695.71
2745.81	1709.33
2746.48	1725.01
2747.15	1676.53
2747.81	1694.37
2748.48	1757.05
2749.15	1737.97
2749.81	1771.7
2750.48	1791.93
2751.15	1786.52
2751.81	1772
2752.48	1726.16
2753.14	1701.12
2753.81	1625.41
2754.47	1638.66
2755.14	1564.96
2755.8	1530.75
2756.47	1521.74
2757.13	1454.21
2757.8	1408.07
2758.46	1412.09
2759.13	1405.1
2759.79	1368.69
2760.45	1350.79
2761.12	1341.03
2761.78	1370.97
2762.44	1346.44
2763.1	1356.53
2763.77	1323.63
2764.43	1357.36
2765.09	1390.32
2765.76	1355.03
2766.42	1374.18
2767.08	1421.1
2767.74	1427.03
2768.4	1443.09
2769.06	1501.04
2769.72	1489.08
2770.38	1520.1
2771.05	1644.49
2771.71	1654.02
2772.37	1711.94
2773.03	1783.41
2773.69	1820.11
2774.35	1930.83
2775.01	2022.95
2775.67	2121.03
2776.33	2265.17
2776.99	2346.45
2777.64	2540.89
2778.3	2731.4
2778.96	2824.42
2779.62	2927.82
2780.28	3044.5
2780.94	3073.47
2781.59	3171.17
2782.25	3160.81
2782.91	3147.6
2783.57	3110.14
2784.22	3045.31
2784.88	3029.12
2785.54	2971.64
2786.2	2973.44
2786.85	2951.78
2787.51	2904.65
2788.16	2947.74
2788.82	2971.27
2789.48	2936.62
2790.13	3043.77
2790.79	3040.52
2791.44	3133.49
2792.1	3148.16
2792.75	3203.52
2793.41	3210.72
2794.06	3272.87
2794.72	3327.35
2795.37	3357.97
2796.02	3383.55
2796.68	3396.04
2797.33	3464.45
2797.98	3619.64
2798.64	3564.26
2799.29	3595.52
2799.94	3661.92
2800.6	3709.9
2801.25	3783.66
2801.9	3854.34
2802.55	3901.25
2803.21	3956.21
2803.86	4012.94
2804.51	4073.47
2805.16	4136.85
2805.81	4190.87
2806.46	4197.58
2807.11	4294.96
2807.77	4436.59
2808.42	4426.79
2809.07	4484.64
2809.72	4525.66
2810.37	4667.16
2811.02	4749.94
2811.67	4805.25
2812.32	4853.87
2812.97	4964.72
2813.61	4956.87
2814.26	5050
2814.91	5114.43
2815.56	5175.62
2816.21	5151.26
2816.86	5356.85
2817.51	5415.08
2818.15	5492.43
2818.8	5536.5
2819.45	5615.28
2820.1	5656.13
2820.74	5763.25
2821.39	5784.94
2822.04	5899.8
2822.69	5956.42
2823.33	6032.18
2823.98	6154.26
2824.63	6158.12
2825.27	6324.44
2825.92	6453.52
2826.56	6526.56
2827.21	6532.73
2827.85	6678.39
2828.5	6667.78
2829.14	6844.44
2829.79	6836.79
2830.43	6855.09
2831.08	6905.39
2831.72	6957.7
2832.37	6950.08
2833.01	6998.4
2833.65	7048.11
2834.3	7141.35
2834.94	7250.45
2835.58	7297.4
2836.23	7223.82
2836.87	7374.07
2837.51	7343.86
2838.16	7359.6
2838.8	7489.23
2839.44	7509.93
2840.08	7583.38
2840.72	7625.79
2841.36	7586.21
2842.01	7670.12
2842.65	7637.53
2843.29	7813.44
2843.93	7831.52
2844.57	7871.47
2845.21	7807.89
2845.85	7987.74
2846.49	7952.21
2847.13	8067.21
2847.77	8070.27
2848.41	8217.04
2849.05	8199.63
2849.69	8250.39
2850.33	8265.65
2850.97	8217.29
2851.61	8100.54
2852.24	8163.13
2852.88	8274.52
2853.52	8456.3
2854.16	8361.79
2854.8	8314.01
2855.43	8303.62
2856.07	8372.76
2856.71	8435.48
2857.35	8441.53
2857.98	8469.85
2858.62	8478.3
2859.26	8593.1
2859.89	8709.45
2860.53	8894.59
2861.16	9048.58
2861.8	9081.91
2862.44	9285.85
2863.07	9404.34
2863.71	9547.38
2864.34	9816.62
2864.98	9888.9
2865.61	10026.8
2866.25	10264.9
2866.88	10457.4
2867.52	10564.6
2868.15	10798.9
2868.78	10971.9
2869.42	11130.7
2870.05	11362.3
2870.69	11431.2
2871.32	11689.3
2871.95	11819.7
2872.58	12109.7
2873.22	12366.3
2873.85	12723.1
2874.48	12887.6
2875.11	13042.2
2875.75	13165.1
2876.38	13309.9
2877.01	13439.2
2877.64	13528.9
2878.27	13619
2878.9	13524.1
2879.53	13649.2
2880.16	13754.2
2880.79	13683.1
2881.42	13721.7
2882.05	13725.7
2882.68	13715.6
2883.31	13839.1
2883.94	13822.1
2884.57	13880.3
2885.2	13827.6
2885.83	13766.8
2886.46	13873.5
2887.09	13791.5
2887.72	13803.9
2888.35	13841.9
2888.97	13841
2889.6	13779.1
2890.23	13779.5
2890.86	13710.5
2891.49	13743.4
2892.11	13656.8
2892.74	13641.9
2893.37	13601.7
2893.99	13703.2
2894.62	13689.8
2895.25	13692.6
2895.87	13623.3
2896.5	13595.9
2897.12	13793.8
2897.75	13749.9
2898.38	13769.5
2899	13852.9
2899.63	13931.1
2900.25	14142
2900.88	14270.5
2901.5	14290.4
2902.12	14350.7
2902.75	14513.9
2903.37	14589.1
2904	14794.2
2904.62	14648.6
2905.25	14662.2
2905.87	14802.9
2906.49	15085
2907.11	14979.7
2907.74	14767.7
2908.36	14885.3
2908.98	14978.5
2909.6	15027.9
2910.23	15041.3
2910.85	14903.7
2911.47	14767.5
2912.09	14626.2
2912.71	14668.9
2913.33	14580.8
2913.96	14519.8
2914.58	14315.8
2915.2	14060.3
2915.82	13789
2916.44	13754.3
2917.06	13500.5
2917.68	13149.2
2918.3	12859.6
2918.92	12814.8
2919.54	12727.7
2920.16	12579.5
2920.77	12342.6
2921.39	12277.2
2922.01	12156.4
2922.63	12051.9
2923.25	12017
2923.87	12044.4
2924.48	11971.4
2925.1	11948
2925.72	11977.8
2926.34	12007.2
2926.95	12089.3
2927.57	12068.8
2928.19	12114.4
2928.8	12254.4
2929.42	12301.5
2930.04	12469.7
2930.65	12395.5
2931.27	12691.6
2931.89	12855
2932.5	13082
2933.12	13229.1
2933.73	13427.9
2934.35	13566.8
2934.96	13937.3
2935.58	14153.4
2936.19	14339.5
2936.81	14434.1
2937.42	14705
2938.03	14811.5
2938.65	14925.1
2939.26	15015.2
2939.88	14797.8
2940.49	14930.3
2941.1	14853.2
2941.71	14566.8
2942.33	14425.5
2942.94	14163.6
2943.55	13866
2944.17	13823.8
2944.78	13527.6
2945.39	13353.4
2946	13064
2946.61	12826.7
2947.22	12610.1
2947.83	12439.4
2948.45	12157.8
2949.06	11988.5
2949.67	11765.9
2950.28	11691.3
2950.89	11406.8
2951.5	11197.8
2952.11	11050.1
2952.72	10809.4
2953.33	10549.3
2953.94	10319.8
2954.54	10234.7
2955.15	10068
2955.76	9788.39
2956.37	9696.53
2956.98	9522.93
2957.59	9240.64
2958.2	9202.54
2958.8	9051.44
2959.41	8848.64
2960.02	8833.2
2960.63	8635.66
2961.23	8456.61
2961.84	8455.43
2962.45	8358.18
2963.05	8191.56
2963.66	8022.19
2964.27	7886.44
2964.87	7808.95
2965.48	7739.95
2966.08	7580.75
2966.69	7469.53
2967.29	7252.1
2967.9	7050.79
2968.5	7137.77
2969.11	6932.82
2969.71	6809.69
2970.32	6647.57
2970.92	6468.23
2971.53	6411.07
2972.13	6268.45
2972.74	6120.76
2973.34	6013.77
2973.94	5813.11
2974.54	5737.43
2975.15	5611.86
2975.75	5474.03
2976.35	5377.47
2976.96	5262.36
2977.56	5152.83
2978.16	5065.87
2978.76	4925.37
2979.36	4699.65
2979.97	4752.05
2980.57	4631.37
2981.17	4535.2
2981.77	4469.3
2982.37	4267.23
2982.97	4232.69
2983.57	4104.53
2984.17	3981.75
2984.77	3845.35
2985.37	3813.28
2985.97	3737.05
2986.57	3646.03
2987.17	3499.8
2987.77	3480.33
2988.37	3347.63
2988.97	3278.95
2989.57	3160.64
2990.17	3133.32
2990.76	3050.69
2991.36	2952.9
2991.96	2959.82
2992.56	2853.23
2993.16	2838.78
2993.75	2736.05
2994.35	2675.02
2994.95	2627.1
2995.54	2601.67
2996.14	2498.76
2996.74	2440.25
2997.33	2354.52
2997.93	2336.55
2998.52	2315.61
2999.12	2286.46
2999.72	2298.18
3000.31	2239.23
3000.91	2198.69
3001.5	2138.69
3002.1	2142.1
3002.69	2080.84
3003.29	2095.18
3003.88	2015.15
3004.47	1952.51
3005.07	1958.66
3005.66	1894.46
3006.26	1885.93
3006.85	1862.3
3007.44	1846.97
3008.04	1792.5
3008.63	1711
3009.22	1686.59
3009.81	1667
3010.41	1601.06
3011	1577.27
3011.59	1594.7
3012.18	1583.63
3012.77	1519.33
3013.36	1502.28
3013.96	1504.7
3014.55	1469.06
3015.14	1485.82
3015.73	1445.17
3016.32	1400.52
3016.91	1412.48
3017.5	1347.23
3018.09	1399.12
3018.68	1351.98
3019.27	1342.78
3019.86	1276.96
3020.45	1286.42
3021.04	1325.94
3021.63	1299.71
3022.22	1303.4
3022.8	1289.48
3023.39	1278.49
3023.98	1244.66
3024.57	1260.29
3025.16	1251.17
3025.74	1257.55
3026.33	1272.18
3026.92	1223.76
3027.5	1246.45
3028.09	1237.04
3028.68	1262.68
3029.26	1266.73
3029.85	1250.32
3030.44	1254.76
3031.02	1242.86
3031.61	1244.45
3032.19	1268.72
3032.78	1263.93
3033.37	1311.67
3033.95	1271.4
3034.54	1329.27
3035.12	1248.62
3035.71	1321
3036.29	1259.04
3036.87	1277.72
3037.46	1286.07
3038.04	1301.68
3038.63	1335.99
3039.21	1341.49
3039.79	1321.32
3040.38	1315.74
3040.96	1302.95
3041.54	1284.85
3042.12	1336.96
3042.71	1340.07
3043.29	1309.75
3043.87	1321.73
3044.45	1344.04
3045.03	1356.12
3045.62	1362.22
3046.2	1338.57
3046.78	1392.73
3047.36	1407.65
3047.94	1426.68
3048.52	1481.85
3049.1	1464.38
3049.68	1501.68
3050.26	1591.72
3050.84	1658.92
3051.42	1705.39
3052	1758.07
3052.58	1802.45
3053.16	1857.22
3053.74	1887.22
3054.32	1956.72
3054.89	1995.37
3055.47	2012.48
3056.05	2023.52
3056.63	2040.79
3057.21	2073.46
3057.78	2100.68
3058.36	2033.24
3058.94	2038.12
3059.52	2046.01
3060.09	2007.31
3060.67	2008.16
3061.25	2039.26
3061.82	2026.97
3062.4	2005.37
3062.97	2051.02
3063.55	2016.7
3064.13	1956.35
3064.7	1943.67
3065.28	1968.39
3065.85	1949.78
3066.43	1890.9
3067	1876.55
3067.58	1764.66
3068.15	1760.26
3068.72	1739.02
3069.3	1657.59
3069.87	1578.29
3070.45	1519.91
3071.02	1544.54
3071.59	1503.24
3072.17	1383.48
3072.74	1368.17
3073.31	1310.31
3073.89	1235.74
3074.46	1226.2
3075.03	1223.87
3075.6	1209.22
3076.17	1129.62
3076.74	1098.78
3077.32	1091.84
3077.89	1010.46
3078.46	1013.84
3079.03	1002.64
3079.6	998.536
3080.17	902.208
3080.74	951.677
3081.31	905.904
3081.88	925.267
3082.45	887.779
3083.02	878.231
3083.59	870.774
3084.16	823.06
3084.73	845.573
3085.3	825.78
3085.87	798.825
3086.43	756.483
3087	793.691
3087.57	796.933
3088.14	785.76
3088.71	790.04
3089.28	782.891
3089.84	772.558
3090.41	731.202
3090.98	721.827
3091.54	724.838
3092.11	722.69
3092.68	722.601
3093.24	702.902
3093.81	712.078
3094.38	685.173
3094.94	705.72
3095.51	739.684
3096.07	701.497
3096.64	647.845
3097.2	642.621
3097.77	659.034
3098.33	670.327
3098.9	678.588
3099.46	728.123
3100.03	670.547
3100.59	665.504
3101.15	682.059
3101.72	670.728
3102.28	674.8
3102.84	655.141
3103.41	650.92
3103.97	677.588
3104.53	672.317
3105.1	667.044
3105.66	638.106
3106.22	668.878
3106.78	689.379
3107.34	634.806
3107.91	673.868
3108.47	675.916
3109.03	653.307
3109.59	651.318
3110.15	661.739
3110.71	641.356
3111.27	649.815
3111.83	626.333
3112.39	649.101
3112.95	663.513
3113.51	635.603
3114.07	621.037
3114.63	631.188
3115.19	626.994
3115.75	629.048
3116.31	672.307
3116.87	610.636
3117.43	632.261
3117.98	619.873
3118.54	610.517
3119.1	599.079
3119.66	593.822
3120.22	644.107
3120.77	610.157
3121.33	635.862
3121.89	609.168
3122.44	629.731
3123	621.47
3123.56	609.043
3124.11	620.199
3124.67	635.439
3125.23	630.164
3125.78	600.316
3126.34	607.495
3126.89	620.904
3127.45	621.027
3128	616.04
3128.56	627.476
3129.11	604.994
3129.67	599.926
3130.22	636.919
3130.78	625.583
3131.33	602.907
3131.88	608.952
3132.44	631.402
3132.99	616.911
3133.54	639.388
3134.1	631.13
3134.65	652.664
3135.2	621.924
3135.76	611.721
3136.31	652.814
3136.86	626.198
3137.41	623.161
3137.96	612.926
3138.51	606.778
3139.07	656.013
3139.62	643.694
3140.17	580.092
3140.72	650.87
3141.27	632.422
3141.82	618.082
3142.37	612.962
3142.92	631.41
3143.47	621.129
3144.02	602.65
3144.57	658.03
3145.12	631.436
3145.67	656.178
3146.22	641.998
3146.77	631.932
3147.32	640.313
3147.86	580.895
3148.41	650.745
3148.96	656.881
3149.51	643.459