401.058	1242.66
402.149	1209.5
403.243	1260.46
404.332	1298.02
405.424	1188.23
406.515	1245.47
407.606	1156.71
408.697	1152.86
409.785	1122.76
410.876	1050.45
411.967	1034.45
413.055	1050.15
414.143	908.468
415.233	966.839
416.321	1018.35
417.409	987.742
418.499	1026.93
419.586	944.686
420.673	1013.8
421.761	1079.3
422.848	1135.72
423.935	1195.98
425.02	1175.14
426.106	1253.03
427.193	1210.03
428.278	1290.38
429.364	1318.05
430.45	1353.06
431.534	1271.47
432.618	1292.22
433.704	1283.89
434.788	1292.35
435.871	1291.76
436.955	1308.64
438.038	1274.92
439.123	1232.93
440.204	1237.96
441.287	1199.13
442.37	1174.4
443.452	1017.14
444.535	1084.69
445.615	937.977
446.698	1023.62
447.78	911.34
448.86	911.687
449.939	818.712
451.021	765.601
452.101	794.974
453.18	761.43
454.262	775.977
455.341	687.375
456.42	688.546
457.499	700.741
458.578	704.592
459.654	695.545
460.733	642.974
461.811	638.745
462.89	585.282
463.966	621.952
465.044	601.887
466.12	565.032
467.197	582.12
468.273	567.482
469.349	633.73
470.426	591.725
471.501	610.979
472.576	637.53
473.651	633.399
474.726	707.36
475.801	656.157
476.876	665.419
477.95	648.759
479.022	703.476
480.097	705.211
481.171	727.207
482.243	784.268
483.317	732.001
484.388	784.283
485.46	743.145
486.533	770.354
487.605	751.346
488.676	772.895
489.747	736.421
490.818	841.792
491.889	804.654
492.959	800.802
494.03	890.798
495.1	945.847
496.171	907.992
497.239	986.6
498.309	902.555
499.379	1017.48
500.446	1056.23
501.514	1045.66
502.584	1034.41
503.651	1052.68
504.718	1000.67
505.788	1071.38
506.855	1060.68
507.921	1127.77
508.988	1159.14
510.055	1099.87
511.119	1134.97
512.186	1085.9
513.252	1045.14
514.318	1087.85
515.382	1074.72
516.448	1083.66
517.512	1067.88
518.577	1106.4
519.641	1166.24
520.704	1114.03
521.768	1134.59
522.833	1088.78
523.896	1194.17
524.959	1305.01
526.021	1313.05
527.084	1346.63
528.144	1344.86
529.207	1401.3
530.269	1508.79
531.331	1594.58
532.391	1599.62
533.453	1677.35
534.513	1640.4
535.572	1555.86
536.634	1611.08
537.693	1528.29
538.752	1465.56
539.812	1445.5
540.87	1482.36
541.929	1383.71
542.988	1407.31
544.047	1330.4
545.105	1316.72
546.164	1272.76
547.22	1269.34
548.278	1225.28
549.336	1194.94
550.392	1208.36
551.448	1120.22
552.505	1124.62
553.561	1141.32
554.616	1205.66
555.671	1051.94
556.728	1157.09
557.783	1121.29
558.836	1051.75
559.891	1128.05
560.946	1143.74
562	1083.39
563.055	1056.7
564.107	1020.04
565.161	1028
566.213	990.597
567.267	1004.05
568.318	940.705
569.37	949.479
570.424	958.255
571.475	973.515
572.526	887.339
573.577	961.679
574.628	897.747
575.679	929.683
576.73	971.771
577.781	924.646
578.829	998.18
579.88	1009.22
580.93	965.093
581.978	941.2
583.026	940.254
584.076	880.404
585.124	936.386
586.172	829.646
587.221	943.473
588.269	863.374
589.316	939.354
590.363	955.528
591.41	939.539
592.457	1016.22
593.502	921.667
594.549	952.999
595.595	998.43
596.64	998.279
597.686	947.686
598.73	895.961
599.776	1061.73
600.82	988.269
601.864	1057.12
602.908	956.072
603.953	1008.75
604.997	1072.84
606.04	1022.26
607.083	1065.59
608.125	1011.15
609.168	1081.77
610.211	1047.93
611.253	1050.81
612.294	1128.36
613.336	1277
614.377	1412.86
615.419	1585.69
616.459	1889.46
617.499	1907.04
618.539	2004.68
619.579	1902.07
620.619	1684.28
621.658	1539.49
622.698	1474.12
623.737	1550.84
624.776	1630.42
625.815	1790.36
626.852	2057.5
627.891	2209.58
628.928	2383.06
629.966	2498.35
631.003	2570.84
632.041	2527.33
633.077	2510.99
634.114	2345.8
635.15	2168.79
636.185	2048.45
637.221	1906.41
638.257	1752.69
639.292	1733.71
640.328	1614.96
641.361	1533.73
642.396	1365.49
643.431	1263.46
644.464	1230.49
645.497	1120.31
646.532	1038.94
647.564	1049.82
648.597	979.994
649.629	974.625
650.663	935.205
651.695	952.675
652.727	902.881
653.757	830.026
654.789	766.369
655.821	776.224
656.852	725.605
657.882	677.872
658.913	666.004
659.942	718.375
660.973	609.287
662.002	632.202
663.031	680.725
664.06	624.827
665.09	628.699
666.119	647.483
667.147	587.545
668.175	590.054
669.201	598.947
670.229	550.63
671.257	582.179
672.285	580.46
673.311	534.531
674.338	511.691
675.363	584.738
676.389	585.153
677.416	572.679
678.441	563.809
679.466	556.651
680.491	553.98
681.515	594.592
682.54	522.667
683.565	527.377
684.589	528.5
685.613	550.025
686.635	556.867
687.659	611.781
688.681	587.248
689.705	567.279
690.727	618.489
691.75	646.564
692.772	620.002
693.793	592.462
694.814	654.689
695.835	649.255
696.856	673.386
697.877	681.72
698.898	639.119
699.918	676.133
700.937	685.404
701.957	685.45
702.978	696.609
703.996	660.576
705.016	648.573
706.034	627.297
707.052	650.392
708.069	603.226
709.087	580.128
710.107	593.109
711.124	524.809
712.139	583.14
713.156	554.625
714.173	566.757
715.19	523.395
716.205	538.173
717.222	583.328
718.238	572.059
719.253	555.232
720.267	625.075
721.283	569.579
722.297	550.099
723.311	562.893
724.325	591.361
725.339	589.502
726.353	659.455
727.366	642.081
728.38	704.784
729.391	744.488
730.404	790.552
731.417	829.107
732.428	840.823
733.441	790.863
734.452	868.581
735.463	914.179
736.475	959.903
737.486	938.83
738.496	954.61
739.506	909.906
740.516	973.483
741.526	996.609
742.534	987.498
743.544	1006.75
744.554	1001.17
745.561	1020.38
746.571	1045.14
747.578	1026.86
748.587	1023.32
749.594	929.935
750.601	960.441
751.608	953.396
752.615	987.728
753.621	989.113
754.628	969.461
755.634	928.739
756.641	893.561
757.647	926.505
758.651	883.994
759.657	957.577
760.663	880.865
761.666	984.92
762.67	919.974
763.676	945.403
764.679	1016.92
765.682	974.631
766.686	1005.26
767.689	1017.4
768.692	1015.78
769.694	993.112
770.697	954.045
771.698	971.655
772.7	913.379
773.703	898.543
774.703	886.244
775.703	843.901
776.705	862.598
777.705	866.272
778.705	863.451
779.705	912.766
780.705	887.028
781.704	964.556
782.704	944.582
783.703	956.154
784.702	950.877
785.701	1019.91
786.698	992.158
787.697	1077.01
788.694	980.523
789.693	1091.62
790.689	1084.56
791.686	1091.38
792.682	1094.35
793.68	1140.96
794.676	1153.07
795.672	1193.17
796.666	1252.98
797.662	1297.16
798.658	1410.38
799.653	1435.98
800.647	1481.84
801.642	1535.77
802.636	1595.89
803.631	1654.84
804.624	1728.57
805.617	1664.62
806.61	1711.38
807.602	1663.28
808.595	1663.42
809.587	1611.5
810.58	1575.4
811.572	1544.07
812.564	1566.68
813.554	1559.81
814.546	1542.86
815.536	1478.73
816.528	1476.6
817.518	1539.2
818.507	1542.57
819.499	1598.68
820.488	1601.15
821.477	1665.47
822.466	1785.02
823.455	1805.42
824.444	2012.93
825.431	2076.29
826.42	2184.91
827.408	2310.38
828.395	2466.57
829.383	2706.74
830.369	2781
831.356	3053.6
832.342	3386.03
833.33	3677.97
834.315	3945.57
835.301	4284.15
836.287	4637.33
837.27	4942.07
838.256	5144.95
839.241	5294.99
840.226	5365.95
841.209	5257.43
842.194	5138.51
843.177	4971.78
844.16	4718.86
845.145	4377
846.127	4081.15
847.11	3815.56
848.092	3602.2
849.074	3465.82
850.056	3355.83
851.039	3314.48
852.018	3329.86
853	3268.68
853.982	3406.99
854.962	3471.02
855.941	3570.4
856.923	3611.5
857.902	3552.89
858.881	3539.62
859.86	3290.8
860.839	3105.14
861.818	2934.69
862.797	2798.78
863.776	2613.7
864.754	2537.05
865.733	2423.47
866.709	2390.95
867.687	2277.58
868.664	2191.09
869.642	2212.48
870.618	2136.5
871.594	2107.58
872.569	2018.87
873.545	1981.72
874.521	1942.68
875.496	1975.42
876.471	1875.34
877.447	1871.87
878.42	1889.44
879.395	1840.52
880.37	1880.04
881.343	1796.14
882.315	1758.47
883.29	1703.45
884.262	1601.52
885.235	1600.97
886.207	1627.98
887.179	1572.81
888.151	1583.9
889.123	1539.65
890.095	1504.65
891.065	1603.38
892.037	1604.46
893.009	1618.48
893.978	1646.33
894.948	1607.85
895.919	1681.94
896.888	1746.06
897.857	1702.4
898.826	1803.59
899.795	1751.49
900.764	1847.72
901.732	1940.88
902.701	1974.68
903.668	1995.42
904.636	2016.18
905.604	2137.59
906.57	2128.33
907.538	2101.86
908.504	2168.85
909.47	2212.17
910.436	2265.9
911.402	2256.96
912.367	2287.68
913.333	2284.96
914.298	2321.75
915.264	2274.2
916.229	2234.87
917.192	2180.81
918.157	2097.31
919.12	2139.82
920.084	2084.34
921.047	2028.81
922.01	1984.24
922.972	1859.74
923.935	1818.5
924.897	1772.57
925.859	1735.03
926.821	1709.64
927.783	1574.81
928.743	1563.39
929.705	1541.69
930.667	1456.7
931.626	1430.16
932.586	1438.02
933.547	1353.03
934.506	1328.6
935.466	1348.96
936.425	1318.2
937.384	1373.08
938.343	1354.26
939.301	1332.52
940.26	1392.8
941.217	1390.62
942.175	1396.95
943.132	1375.38
944.09	1452.04
945.046	1425.93
946.002	1409.11
946.96	1422.14
947.916	1407.91
948.872	1422.63
949.828	1377.28
950.783	1412.49
951.737	1348.15
952.692	1340.88
953.647	1350.35
954.601	1302.53
955.556	1316.68
956.509	1335.7
957.464	1396.28
958.417	1362.28
959.369	1352.74
960.322	1340.23
961.275	1334.9
962.227	1395
963.179	1382.48
964.132	1353.02
965.082	1391.37
966.034	1376.5
966.984	1362.85
967.936	1400.09
968.885	1394.98
969.837	1397.16
970.787	1373.64
971.736	1388.42
972.686	1386.15
973.635	1390.47
974.584	1421.18
975.533	1452.04
976.48	1536.52
977.429	1568.51
978.378	1548.9
979.325	1603.42
980.273	1655.11
981.22	1662.63
982.166	1774.22
983.113	1886.52
984.061	1883.15
985.007	1984.52
985.953	2064.99
986.897	2151.01
987.843	2180.05
988.789	2293.59
989.734	2355.96
990.678	2459.65
991.623	2845.72
992.567	3122.06
993.51	3382
994.453	3954.35
995.398	4829.38
996.341	6065.58
997.284	7403.36
998.227	8413.93
999.168	8899.42
1000.11	8810.1
1001.05	7872.61
1001.99	6420.02
1002.94	4963.75
1003.88	3771.73
1004.82	2948.87
1005.76	2438.12
1006.7	2068.89
1007.64	1925.9
1008.58	1751.88
1009.52	1668.9
1010.46	1572.65
1011.4	1556.46
1012.34	1529.23
1013.27	1523.73
1014.21	1564.26
1015.15	1541.8
1016.09	1547.5
1017.03	1678.22
1017.96	1649.23
1018.9	1652.61
1019.84	1849.08
1020.77	1918.44
1021.71	2030.88
1022.65	2205.33
1023.58	2385.96
1024.52	2712.27
1025.45	2991.68
1026.39	3269.62
1027.32	3551.29
1028.26	3714.43
1029.19	3737.25
1030.12	3688.45
1031.06	3558.04
1031.99	3337.87
1032.92	3190.45
1033.86	2859.01
1034.79	2659.03
1035.72	2463.35
1036.65	2320.84
1037.59	2212.76
1038.52	2188.32
1039.45	2080.7
1040.38	2073.08
1041.31	1986.1
1042.24	2028.45
1043.17	1939.35
1044.1	1921.97
1045.03	1868.64
1045.96	1878.8
1046.89	1893.04
1047.82	1881.12
1048.75	1859.99
1049.68	1869.33
1050.61	1954.56
1051.53	1962.66
1052.46	2065.4
1053.39	2142.07
1054.32	2054.84
1055.24	2167.19
1056.17	2308.17
1057.1	2375.24
1058.02	2487.34
1058.95	2544.49
1059.88	2657.84
1060.8	2638.78
1061.73	2659.64
1062.65	2557.61
1063.58	2494.73
1064.5	2437.63
1065.43	2486.28
1066.35	2399.02
1067.27	2452.28
1068.2	2311.13
1069.12	2361.17
1070.04	2360.53
1070.97	2312.64
1071.89	2255.92
1072.81	2218.01
1073.73	2255.76
1074.65	2182.3
1075.58	2107.66
1076.5	2043.09
1077.42	2019.08
1078.34	1991
1079.26	1964.74
1080.18	1908.06
1081.1	1916.12
1082.02	1892.84
1082.94	1920.87
1083.86	1891.83
1084.78	1804.87
1085.7	1819.59
1086.61	1849.58
1087.53	1819.91
1088.45	1773.26
1089.37	1753.18
1090.28	1801.28
1091.2	1803.69
1092.12	1819.23
1093.03	1792.09
1093.95	1810.51
1094.87	1848.97
1095.78	1760.79
1096.7	1844.08
1097.61	1838.47
1098.53	1887.74
1099.44	1866.88
1100.36	1943.36
1101.27	1814.42
1102.19	1818.79
1103.1	1881.72
1104.01	1850.09
1104.93	1881.9
1105.84	1959.24
1106.75	1918.78
1107.67	1937.21
1108.58	2001.24
1109.49	2060.63
1110.4	2091.44
1111.31	2146.5
1112.22	2223.92
1113.14	2243.44
1114.05	2340.48
1114.96	2444.3
1115.87	2491.67
1116.78	2653.63
1117.69	2640.71
1118.6	2675.76
1119.51	2701.91
1120.42	2900.64
1121.32	2890.42
1122.23	2907
1123.14	2871.44
1124.05	2950.19
1124.96	2899.44
1125.86	2847.25
1126.77	2700.2
1127.68	2524
1128.58	2357.25
1129.49	2321.48
1130.4	2201.61
1131.3	2198.1
1132.21	2146.28
1133.11	2093.86
1134.02	2227.64
1134.92	2209.41
1135.83	2256.97
1136.73	2222.2
1137.64	2314.52
1138.54	2358.25
1139.44	2272.59
1140.35	2306.45
1141.25	2351.77
1142.15	2303.15
1143.06	2227.12
1143.96	2292.89
1144.86	2257.81
1145.76	2250.15
1146.66	2183.19
1147.57	2195.98
1148.47	2127.63
1149.37	2143.04
1150.27	2158.46
1151.17	2118.7
1152.07	2121.87
1152.97	2205.1
1153.87	2084.35
1154.77	1972.04
1155.67	1918.67
1156.57	1800.4
1157.46	1706.92
1158.36	1628.79
1159.26	1588.01
1160.16	1523.59
1161.05	1464.96
1161.95	1381.46
1162.85	1354.95
1163.75	1325.29
1164.64	1258.21
1165.54	1294.83
1166.44	1307.61
1167.33	1261.52
1168.23	1256.59
1169.12	1224.27
1170.02	1244.38
1170.91	1237.87
1171.81	1229.4
1172.7	1242.7
1173.59	1289.16
1174.49	1266.1
1175.38	1298.06
1176.27	1382.11
1177.17	1415.67
1178.06	1482.37
1178.95	1493.15
1179.84	1579.91
1180.74	1583.46
1181.63	1563.5
1182.52	1564.41
1183.41	1549.1
1184.3	1577.12
1185.19	1567.03
1186.08	1481.14
1186.97	1576.8
1187.86	1601.52
1188.75	1612.11
1189.64	1596.27
1190.53	1729.43
1191.42	1744.63
1192.31	1772.15
1193.2	1859.17
1194.09	1920.08
1194.97	1895.59
1195.86	1895.75
1196.75	1876.06
1197.64	1828.91
1198.52	1779.77
1199.41	1777.66
1200.29	1752.11
1201.18	1699.41
1202.07	1627.05
1202.95	1599.81
1203.84	1546.08
1204.72	1487.46
1205.61	1393.93
1206.49	1368.09
1207.38	1374.33
1208.26	1255.98
1209.14	1254.4
1210.03	1227.74
1210.91	1219.99
1211.79	1133.19
1212.68	1141.15
1213.56	1128.14
1214.44	1180.7
1215.32	1099.5
1216.21	1162.1
1217.09	1150.53
1217.97	1125.11
1218.85	1164.83
1219.73	1180.46
1220.61	1139.03
1221.49	1190.87
1222.37	1198.53
1223.25	1247.52
1224.13	1321.78
1225.01	1389.19
1225.89	1449.79
1226.77	1535.8
1227.65	1577.57
1228.52	1583.73
1229.4	1625.17
1230.28	1637.64
1231.16	1639.92
1232.03	1556.12
1232.91	1610.42
1233.79	1606.82
1234.66	1606.79
1235.54	1617.93
1236.42	1606.12
1237.29	1579
1238.17	1511.98
1239.04	1466.84
1239.92	1414.18
1240.79	1415.76
1241.67	1399.35
1242.54	1330.65
1243.41	1325.67
1244.29	1296.9
1245.16	1271
1246.03	1272.74
1246.91	1309.76
1247.78	1306.63
1248.65	1232.69
1249.52	1272.15
1250.4	1313.38
1251.27	1305.85
1252.14	1263.97
1253.01	1329.15
1253.88	1313.26
1254.75	1324.17
1255.62	1380.92
1256.49	1327.66
1257.36	1372.67
1258.23	1413.68
1259.1	1407.73
1259.97	1434.17
1260.84	1454.88
1261.71	1421.23
1262.57	1475.49
1263.44	1460.18
1264.31	1496.48
1265.18	1550.93
1266.05	1546.21
1266.91	1547.13
1267.78	1625.21
1268.65	1713.64
1269.51	1727.58
1270.38	1882.47
1271.24	1960.02
1272.11	2135.51
1272.97	2210.83
1273.84	2351.69
1274.7	2479.12
1275.57	2563.76
1276.43	2653.96
1277.3	2765.41
1278.16	2868.5
1279.02	3005.46
1279.89	3031.04
1280.75	3041.44
1281.61	3164.27
1282.48	3203
1283.34	3214.74
1284.2	3189.14
1285.06	3155.76
1285.92	3101.89
1286.78	3064.18
1287.65	2925.46
1288.51	2779.44
1289.37	2645.47
1290.23	2610.48
1291.09	2496.97
1291.95	2398.66
1292.81	2311.31
1293.67	2265.89
1294.52	2210.93
1295.38	2192
1296.24	2139.25
1297.1	2113.03
1297.96	2134.47
1298.81	2107.93
1299.67	2038.02
1300.53	2052.67
1301.39	2019.09
1302.24	1936.84
1303.1	1911.5
1303.95	1850.68
1304.81	1819.15
1305.67	1775.47
1306.52	1723.24
1307.38	1680.67
1308.23	1601.26
1309.09	1565.04
1309.94	1490.52
1310.8	1447.05
1311.65	1430.88
1312.5	1384.37
1313.35	1375.88
1314.21	1311.03
1315.06	1286.28
1315.91	1277.49
1316.77	1250.53
1317.62	1272.67
1318.47	1255.31
1319.32	1257.82
1320.17	1270.86
1321.02	1263.57
1321.87	1291.3
1322.73	1270.16
1323.57	1256.89
1324.43	1267.69
1325.28	1289.09
1326.13	1299.87
1326.97	1310.59
1327.82	1286.64
1328.67	1300.64
1329.52	1320.62
1330.37	1356.63
1331.22	1352.37
1332.06	1338.18
1332.91	1334.44
1333.76	1362.13
1334.61	1376.91
1335.45	1372.71
1336.3	1371.23
1337.15	1391.21
1337.99	1377.87
1338.84	1405.52
1339.68	1415.25
1340.53	1424.84
1341.37	1421.26
1342.22	1432.32
1343.06	1425.08
1343.91	1428.84
1344.75	1419.63
1345.6	1427.43
1346.44	1447.17
1347.28	1454.9
1348.12	1422.2
1348.97	1438.72
1349.81	1442.35
1350.65	1462.33
1351.49	1451.11
1352.33	1460.19
1353.18	1450
1354.02	1469.37
1354.86	1507.25
1355.7	1536.48
1356.54	1566.32
1357.38	1571.63
1358.22	1609.99
1359.06	1607.21
1359.9	1679.06
1360.74	1660.37
1361.58	1689.57
1362.42	1664.44
1363.25	1639.32
1364.09	1627.88
1364.93	1638.66
1365.77	1650.68
1366.6	1634.27
1367.19	1617.35
1368.1	1585.28
1369.01	1628.91
1369.92	1616.32
1370.83	1591.76
1371.74	1580.82
1372.65	1551.05
1373.56	1516.29
1374.47	1530.68
1375.37	1507.64
1376.28	1457.98
1377.19	1446.58
1378.1	1485.17
1379	1432.35
1379.91	1414.88
1380.82	1394.47
1381.72	1335.81
1382.63	1344.67
1383.54	1355.3
1384.44	1273.82
1385.35	1305.68
1386.25	1298.42
1387.16	1269.78
1388.06	1276.36
1388.97	1274.28
1389.87	1257.71
1390.78	1282.03
1391.68	1313.16
1392.59	1300.63
1393.49	1309.41
1394.39	1331.64
1395.3	1257.9
1396.2	1230.58
1397.1	1188.76
1398	1162.49
1398.91	1126.74
1399.81	1090.23
1400.71	993.262
1401.61	1008.97
1402.52	1002.5
1403.42	1030.51
1404.32	996.982
1405.22	987.444
1406.12	989.465
1407.02	1002.13
1407.92	956.603
1408.82	1028.86
1409.72	972.155
1410.62	1025.39
1411.52	968.724
1412.42	1011.31
1413.32	1005.09
1414.21	1016.93
1415.11	1045.85
1416.01	1017.55
1416.91	1064.51
1417.81	1060.11
1418.71	1079.62
1419.6	1113.57
1420.5	1140.14
1421.4	1142.2
1422.29	1198.56
1423.19	1204.5
1424.09	1273.06
1424.98	1334.76
1425.88	1371.56
1426.77	1433.96
1427.67	1581.88
1428.56	1626.3
1429.46	1728.8
1430.35	1879.9
1431.25	2036.88
1432.14	2087.71
1433.04	2249.1
1433.93	2353.86
1434.82	2315.27
1435.72	2340.59
1436.61	2393.66
1437.5	2443.97
1438.39	2480.99
1439.29	2567.62
1440.18	2673.26
1441.07	2779.69
1441.96	2882.14
1442.85	3024.77
1443.75	3166.8
1444.64	3257.76
1445.53	3370.54
1446.42	3440.65
1447.31	3522.27
1448.2	3495.86
1449.09	3592.67
1449.98	3552.46
1450.87	3587
1451.76	3498.72
1452.65	3427.43
1453.54	3402.2
1454.43	3312.1
1455.31	3262.5
1456.2	3142.8
1457.09	3033.58
1457.98	2930.97
1458.87	2846.02
1459.75	2764.85
1460.64	2625.22
1461.53	2564.65
1462.41	2557.99
1463.3	2468.31
1464.19	2418.96
1465.07	2507.65
1465.96	2516.01
1466.85	2495.6
1467.73	2458.5
1468.61	2417.65
1469.5	2405.25
1470.38	2216.5
1471.27	2143.33
1472.15	2047.73
1473.04	2097.58
1473.92	2076.29
1474.8	2016.94
1475.69	2015.83
1476.57	1942.07
1477.45	1885.14
1478.34	1904.3
1479.22	1841.04
1480.1	1735.77
1480.98	1700.03
1481.86	1681.15
1482.75	1660.69
1483.63	1620.42
1484.51	1601.47
1485.39	1461.65
1486.27	1425.08
1487.15	1254.31
1488.03	1156.41
1488.91	1073.98
1489.79	968.168
1490.67	944.415
1491.55	879.911
1492.43	819.307
1493.31	781.997
1494.19	729.397
1495.07	708.734
1495.94	688.112
1496.82	684.8
1497.7	639.102
1498.58	664.522
1499.45	603.437
1500.33	592.331
1501.21	604.264
1502.09	557.793
1502.96	600.417
1503.84	547.384
1504.72	544.114
1505.59	515.056
1506.47	543.248
1507.34	533.245
1508.22	507.072
1509.09	489.534
1509.97	501.547
1510.84	510.756
1511.72	479.168
1512.59	473.243
1513.46	494.79
1514.34	503.907
1515.21	428.653
1516.08	449.033
1516.96	443.836
1517.83	467.921
1518.7	442.006
1519.57	445.391
1520.45	444.118
1521.32	452.317
1522.19	428.603
1523.06	448.216
1523.93	419.936
1524.8	405.774
1525.67	396.285
1526.54	399.899
1527.41	380.936
1528.28	424.812
1529.16	371.155
1530.02	400.047
1530.89	416.804
1531.76	365.259
1532.63	398.992
1533.5	404.653
1534.37	391.575
1535.24	396.265
1536.11	399.053
1536.97	360.633
1537.84	387.762
1538.71	362.506
1539.57	376.627
1540.44	365.536
1541.31	360.113
1542.18	360.335
1543.04	389.618
1543.91	367.279
1544.77	376.763
1545.64	346.771
1546.5	380.552
1547.37	320.528
1548.24	369.424
1549.1	368.716
1549.96	343.71
1550.83	335.683
1551.69	322.962
1552.56	367.694
1553.42	373.721
1554.28	324.873
1555.15	322.2
1556.01	311.96
1556.87	377.414
1557.73	341.817
1558.6	359.301
1559.46	334.188
1560.32	327.027
1561.18	311.213
1562.04	340.936
1562.9	342.073
1563.77	362.231
1564.63	345.307
1565.49	359.891
1566.35	323.077
1567.21	333.999
1568.07	378.437
1568.93	374.153
1569.79	365.982
1570.64	363.491
1571.5	381.098
1572.36	388.125
1573.22	384.583
1574.08	427.23
1574.94	434.368
1575.8	475.286
1576.65	527.88
1577.51	553.534
1578.37	575.324
1579.22	700.553
1580.08	735.911
1580.94	828.42
1581.79	878.456
1582.65	881.126
1583.51	822.741
1584.36	786.639
1585.22	695.039
1586.07	591.55
1586.93	563.804
1587.78	542.784
1588.63	543.139
1589.49	540.507
1590.34	566.101
1591.2	593.563
1592.05	598.474
1592.9	672.605
1593.76	718.399
1594.61	767.184
1595.46	941.055
1596.32	1035.19
1597.17	1140.39
1598.02	1351.4
1598.87	1543.07
1599.72	1730.81
1600.58	1840.98
1601.43	1851.83
1602.28	1860.29
1603.13	1715.75
1603.98	1550.61
1604.83	1413
1605.68	1200.42
1606.53	1037.98
1607.38	901.151
1608.23	802.497
1609.08	736.042
1609.93	663.627
1610.77	637.957
1611.62	583.934
1612.47	573.813
1613.32	531.619
1614.17	510.008
1615.01	462.225
1615.86	453.435
1616.71	463.13
1617.55	428.01
1618.4	443.395
1619.25	419.805
1620.09	443.772
1620.94	433.725
1621.79	414.994
1622.63	388.591
1623.48	391.332
1624.32	397.029
1625.17	408.572
1626.01	403.68
1626.86	418.146
1627.7	427.764
1628.54	380.305
1629.39	419.861
1630.23	436.158
1631.07	417.618
1631.92	451.187
1632.76	421.974
1633.6	470.899
1634.45	481.248
1635.29	486.812
1636.13	451.974
1636.97	512.464
1637.81	499.793
1638.66	502.516
1639.5	545.63
1640.34	537.819
1641.18	537.765
1642.02	551.236
1642.86	534.007
1643.7	561.013
1644.54	547.64
1645.38	550.577
1646.22	541.943
1647.06	554.442
1647.89	577.527
1648.73	549.73
1649.57	528.747
1650.41	562.692
1651.25	535.166
1652.09	577.965
1652.92	598.617
1653.76	572.892
1654.6	569.197
1655.43	545.153
1656.27	546.181
1657.11	527.044
1657.94	545.695
1658.78	551.005
1659.62	520.635
1660.45	545.365
1661.29	557.434
1662.12	512.187
1662.96	514.293
1663.79	508.611
1664.62	529.17
1665.46	511.057
1666.29	516.363
1667.13	520.816
1667.96	492.24
1668.79	502.565
1669.63	464.109
1670.46	467.497
1671.29	470.832
1672.12	420.354
1672.96	449.969
1673.79	404.241
1674.62	433.848
1675.45	401.804
1676.28	417.797
1677.11	397.577
1677.95	389.139
1678.78	405.262
1679.61	382.027
1680.44	413.805
1681.27	386.447
1682.1	377.726
1682.93	375.88
1683.75	361.254
1684.58	411.729
1685.41	390.303
1686.24	396.517
1687.07	382.992
1687.9	399.085
1688.73	386.503
1689.55	404.558
1690.38	396.871
1691.21	400.033
1692.04	416.017
1692.86	390.326
1693.69	421.04
1694.52	448.761
1695.34	409.17
1696.17	439.989
1696.99	475.887
1697.82	449.437
1698.64	453.747
1699.47	485.834
1700.29	464.23
1701.12	492.183
1701.94	512.087
1702.77	498.127
1703.59	550.667
1704.41	593.237
1705.24	576.242
1706.06	607.914
1706.88	606.866
1707.71	638.591
1708.53	675.288
1709.35	692.13
1710.17	762.5
1711	736.579
1711.82	797.846
1712.64	786.65
1713.46	854.693
1714.28	886.077
1715.1	913.578
1715.92	959.979
1716.74	977.721
1717.56	1029.03
1718.38	1069.22
1719.2	1110.07
1720.02	1171.34
1720.84	1219.58
1721.66	1280.7
1722.48	1336.19
1723.3	1365.5
1724.11	1401.05
1724.93	1436.65
1725.75	1458.18
1726.57	1499.88
1727.39	1545.98
1728.2	1534.7
1729.02	1626.57
1729.84	1607.64
1730.65	1619.45
1731.47	1628.52
1732.29	1661.14
1733.1	1673
1733.92	1600.46
1734.73	1622.74
1735.55	1612.73
1736.36	1566.71
1737.18	1539.44
1737.99	1479.1
1738.81	1447.06
1739.62	1368.17
1740.43	1331.13
1741.25	1281.46
1742.06	1169.73
1742.87	1156.35
1743.69	1101.35
1744.5	1050.34
1745.31	971.274
1746.13	906.831
1746.94	860.886
1747.75	769.53
1748.56	713.164
1749.37	687.855
1750.18	594.849
1750.99	648.913
1751.81	547.218
1752.61	526.783
1753.42	482.21
1754.24	470.555
1755.04	445.417
1755.85	447.357
1756.66	415.454
1757.47	400.884
1758.28	400.738
1759.09	347.466
1759.9	376.229
1760.71	346.202
1761.52	368.309
1762.32	344.224
1763.13	335.605
1763.94	316.391
1764.74	311.619
1765.55	285.62
1766.36	313.604
1767.17	323.301
1767.97	314.731
1768.78	279.194
1769.58	276.465
1770.39	261.18
1771.19	263.246
1772	248.863
1772.8	263.448
1773.61	260.642
1774.41	252.046
1775.22	269.572
1776.02	237.773
1776.83	237.89
1777.63	259.308
1778.43	239.103
1779.23	251.851
1780.04	244.286
1780.84	245.477
1781.64	257.377
1782.44	246.949
1783.25	240.386
1784.05	238.663
1784.85	246.662
1785.65	238.088
1786.45	237.306
1787.25	233.599
1788.05	244.545
1788.86	234.979
1789.65	222.459
1790.46	213.828
1791.25	240.431
1792.05	201.405
1792.85	223.124
1793.65	221.339
1794.45	205.832
1795.25	211.946
1796.05	216.13
1796.85	233.138
1797.64	196.955
1798.44	213.956
1799.24	229.971
1800.04	243.012
1800.83	204.632
1801.63	249.284
1802.43	228.66
1803.22	210.985
1804.02	223.998
1804.82	213.232
1805.61	240.12
1806.41	237.266
1807.2	225.478
1808	243.46
1808.79	237.643
1809.59	206.01
1810.38	224.049
1811.18	231.162
1811.97	204.428
1812.76	212.462
1813.56	249.307
1814.35	203.532
1815.14	211.481
1815.94	222.437
1816.73	221.504
1817.52	216.636
1818.31	216.766
1819.1	209.916
1819.9	227.928
1820.69	227.961
1821.48	203.052
1822.27	212.99
1823.06	230.892
1823.85	202.018
1824.64	220.935
1825.43	209.987
1826.22	203.005
1827.01	209.939
1827.8	243.715
1828.59	238.715
1829.38	199.943
1830.17	208.906
1830.96	209.915
1831.74	238.727
1832.53	212.844
1833.32	190.919
1834.11	205.711
1834.89	211.547
1835.68	213.409
1836.47	194.476
1837.26	235.951
1838.04	186.373
1838.83	191.226
1839.61	218.784
1840.4	217.654
1841.19	204.666
1841.97	214.351
1842.76	190.543
1843.54	226.801
1844.33	204.059
1845.11	219.703
1845.89	204.919
1846.68	223.543
1847.46	168.529
1848.25	200.875
1849.03	189.048
1849.81	199.782
1850.6	228.161
1851.38	215.384
1852.16	227.11
1852.94	209.442
1853.72	215.262
1854.51	216.158
1855.29	195.518
1856.07	223.751
1856.85	247.056
1857.63	212.749
1858.41	200.923
1859.19	200.816
1859.97	177.349
1860.75	200.661
1861.53	228.852
1862.31	225.923
1863.09	203.553
1863.87	185.077
1864.65	190.906
1865.43	195.725
1866.21	181.063
1866.99	208.151
1867.76	204.131
1868.54	215.642
1869.32	217.479
1870.1	186.421
1870.87	207.727
1871.65	207.752
1872.43	193.261
1873.2	216.543
1873.98	164.254
1874.76	185.57
1875.53	230.12
1876.31	208.836
1877.08	192.423
1877.86	215.747
1878.63	209.063
1879.41	227.572
1880.18	196.628
1880.96	217.038
1881.73	195.745
1882.5	193.844
1883.28	175.473
1884.05	195.911
1884.82	200.852
1885.6	189.3
1886.37	208.801
1887.14	168.096
1887.91	205.06
1888.68	173.073
1889.46	218.806
1890.23	224.747
1891	214.202
1891.77	215.365
1892.54	226.313
1893.31	183.694
1894.08	206.394
1894.85	203.726
1895.62	239.153
1896.39	211.929
1897.16	224.745
1897.93	214.994
1898.7	199.353
1899.47	247.367
1900.24	192.643
1901.01	229.06
1901.77	204.784
1902.54	203.069
1903.31	197.405
1904.08	203.503
1904.84	192.849
1905.61	193.977
1906.38	195.095
1907.14	198.181
1907.91	201.275
1908.68	202.41
1909.44	200.599
1910.21	201.766
1910.97	192.072
1911.74	202.166
1912.51	243.976
1913.27	201.584
1914.03	203.756
1914.8	223.786
1915.56	200.111
1916.33	220.122
1917.09	197.378
1917.85	196.482
1918.62	190.598
1919.38	200.628
1920.14	196.732
1920.9	212.766
1921.67	213.901
1922.43	228.037
1923.19	206.315
1923.95	220.526
1924.71	232.762
1925.47	199.973
1926.24	254.181
1927	220.261
1927.76	216.321
1928.52	230.372
1929.28	214.358
1930.04	186.323
1930.8	231.379
1931.56	196.345
1932.32	240.409
1933.08	212.426
1933.83	224.517
1934.59	192.573
1935.35	223.741
1936.11	199.788
1936.87	214.878
1937.62	188.819
1938.38	208.818
1939.14	223.77
1939.89	188.662
1940.65	205.644
1941.41	213.645
1942.16	211.658
1942.92	226.669
1943.68	214.633
1944.43	214.553
1945.19	225.415
1945.94	236.229
1946.7	218.097
1947.45	222.925
1948.21	224.782
1948.96	248.554
1949.71	188.777
1950.47	228.484
1951.22	232.395
1951.98	217.433
1952.73	194.534
1953.48	245.081
1954.23	237.013
1954.99	244.765
1955.74	240.577
1956.49	221.541
1957.24	227.251
1957.99	246.804
1958.75	232.85
1959.5	206.147
1960.25	246.49
1961	205.044
1961.75	174.437
1962.5	216.627
1963.25	220.396
1964	221.205
1964.75	252.433
1965.5	233.629
1966.25	226.605
1967	255.776
1967.74	218.375
1968.49	227.882
1969.24	250.016
1969.99	219.522
1970.74	200.811
1971.48	237.571
1972.23	263.66
1972.98	216.99
1973.73	216.947
1974.47	229.49
1975.22	212.897
1975.96	224.366
1976.71	226.104
1977.46	216.227
1978.2	205.42
1978.95	260.274
1979.69	248.589
1980.44	209.985
1981.18	232.152
1981.93	209.992
1982.67	222.502
1983.41	230.139
1984.16	227.121
1984.9	216.362
1985.64	205.596
1986.39	220.76
1987.13	217.703
1987.87	202.239
1988.61	195.45
1989.36	211.668
1990.1	238.417
1990.84	220.203
1991.58	216.344
1992.32	239.256
1993.06	203.873
1993.81	221.088
1994.55	205.847
1995.29	208.804
1996.03	207.973
1996.77	210.035
1997.51	231.254
1998.24	223.742
1998.98	215.242
1999.72	244.101
2000.46	219.256
2001.2	222.209
2001.94	227.09
2002.68	233.911
2003.41	221.554
2004.15	212.082
2004.89	227.587
2005.63	245.023
2006.36	211.487
2007.1	211.588
2007.84	226.122
2008.57	229.126
2009.31	219.635
2010.05	187.037
2010.78	214.215
2011.52	217.324
2012.25	201.119
2012.99	225.482
2013.72	218.893
2014.46	230.66
2015.19	213.365
2015.92	231.903
2016.66	224.306
2017.39	220.616
2018.13	206.283
2018.86	231.808
2019.59	220.43
2020.32	199.284
2021.06	206.363
2021.79	229.094
2022.52	185.958
2023.25	172.642
2023.98	209.636
2024.72	191.955
2025.45	245.178
2026.18	215.295
2026.91	219.869
2027.64	226.938
2028.37	216.671
2029.1	235.27
2029.83	225.215
2030.56	234.079
2031.29	233.067
2032.02	221.679
2032.75	241.316
2033.47	203.867
2034.2	205.933
2034.93	199.429
2035.66	213.901
2036.39	224.289
2037.11	236.161
2037.84	213.142
2038.57	218.048
2039.3	221.721
2040.02	226.049
2040.75	216.827
2041.47	236.729
2042.2	204.659
2042.93	217.569
2043.65	225.586
2044.38	227.637
2045.1	216.177
2045.83	235.524
2046.55	221.494
2047.28	223.204
2048	215.048
2048.73	194.335
2049.45	200.584
2050.17	213.005
2050.9	224.321
2051.62	229.704
2052.34	237.041
2053.07	217.369
2053.79	229.547
2054.51	226.803
2055.23	247.603
2055.95	232.033
2056.68	254.749
2057.4	231.623
2058.12	246.203
2058.84	255.757
2059.56	237.852
2060.28	222.206
2061	227.375
2061.72	211.316
2062.44	220.952
2063.16	229.126
2063.88	222.174
2064.6	228.506
2065.32	232.272
2066.03	251.327
2066.75	238.439
2067.47	221.401
2068.19	237.418
2068.91	247.417
2069.62	243.659
2070.34	233.384
2071.06	236.278
2071.77	242.077
2072.49	240.941
2073.21	233.117
2073.92	232.346
2074.64	221.259
2075.36	223.862
2076.07	226.867
2076.79	229.518
2077.5	240.173
2078.22	233.479
2078.93	231.788
2079.64	228.886
2080.36	229.822
2081.07	239.236
2081.79	236.133
2082.5	236.29
2083.21	240.167
2083.93	238.372
2084.64	224.82
2085.35	253.223
2086.07	233.466
2086.78	216.15
2087.49	249.71
2088.2	228.851
2088.91	231.568
2089.62	251.596
2090.33	260.017
2091.04	246.786
2091.76	230.044
2092.47	224.312
2093.18	228.399
2093.89	234.9
2094.6	230.95
2095.3	247.19
2096.01	241.346
2096.72	258.678
2097.43	242.08
2098.14	235.103
2098.85	245.867
2099.56	243.685
2100.09	241.666
2100.87	256.401
2101.65	232.601
2102.43	250.317
2103.21	254.18
2103.99	205.673
2104.77	265.699
2105.55	247.703
2106.32	225.773
2107.1	231.431
2107.88	242.034
2108.66	246.801
2109.44	242.803
2110.22	251.609
2110.99	246.662
2111.77	240.666
2112.55	282.623
2113.33	232.365
2114.1	258.498
2114.88	240.654
2115.66	241.474
2116.43	255.072
2117.21	256.04
2117.99	268.738
2118.76	249.191
2119.54	243.269
2120.31	299.751
2121.09	274.258
2121.86	248.791
2122.64	236.024
2123.41	231.074
2124.19	254.382
2124.96	255.315
2125.74	225.13
2126.51	234.906
2127.28	238.874
2128.06	232.136
2128.83	271.195
2129.61	233.218
2130.38	222.505
2131.15	270.287
2131.92	266.397
2132.7	247.898
2133.47	238.19
2134.24	248
2135.01	245.122
2135.78	238.332
2136.55	240.327
2137.33	222.802
2138.1	224.827
2138.87	233.722
2139.64	246.568
2140.41	225.207
2141.18	242.042
2141.95	252.062
2142.72	274.863
2143.49	239.73
2144.26	254.64
2145.03	264.616
2145.8	227.351
2146.57	241.258
2147.33	238.467
2148.1	275.163
2148.87	237.916
2149.64	240.121
2150.41	219.552
2151.17	245.44
2151.94	229.738
2152.71	228.885
2153.48	229.048
2154.24	224.281
2155.01	227.482
2155.78	263.531
2156.54	222.968
2157.31	255.081
2158.08	245.325
2158.84	240.521
2159.61	250.671
2160.37	233.804
2161.14	239.905
2161.9	215.987
2162.67	214.097
2163.43	222.267
2164.2	253.574
2164.96	244.819
2165.72	271.243
2166.49	247.365
2167.25	230.435
2168.01	223.499
2168.78	236.678
2169.54	243.802
2170.3	232.792
2171.07	242.005
2171.83	208.842
2172.59	247.45
2173.35	240.578
2174.11	224.544
2174.88	260.126
2175.64	251.065
2176.4	227.762
2177.16	204.535
2177.92	234.055
2178.68	246.385
2179.44	265.873
2180.2	229.557
2180.96	261.288
2181.72	235.083
2182.48	265.792
2183.24	245.61
2184	257.957
2184.76	292.675
2185.52	270.375
2186.28	254.177
2187.04	237.984
2187.79	267.614
2188.55	288.096
2189.31	261.738
2190.07	272.041
2190.83	299.66
2191.58	272.266
2192.34	245.877
2193.1	291.812
2193.85	275.563
2194.61	282.7
2195.37	270.438
2196.12	284.601
2196.88	285.51
2197.63	294.561
2198.39	260.989
2199.15	273.182
2199.9	286.429
2200.66	291.568
2201.41	284.503
2202.16	301.74
2202.92	272.259
2203.67	292.437
2204.43	270.058
2205.18	283.173
2205.93	257.885
2206.69	277.185
2207.44	257.048
2208.19	261.195
2208.95	262.273
2209.7	267.35
2210.45	279.462
2211.2	274.355
2211.95	278.341
2212.71	263.139
2213.46	264.106
2214.21	277.173
2214.96	242.825
2215.71	265.933
2216.46	301.068
2217.21	290.847
2217.96	271.574
2218.71	269.396
2219.46	273.251
2220.21	283.142
2220.96	252.993
2221.71	260.969
2222.46	256.954
2223.21	297.966
2223.96	286.91
2224.71	314.8
2225.46	282.692
2226.21	296.523
2226.95	350.232
2227.7	309.24
2228.45	303.185
2229.2	328.014
2229.94	344.867
2230.69	391.543
2231.44	400.4
2232.18	403.282
2232.93	456.8
2233.68	484.423
2234.42	495.107
2235.17	525.563
2235.92	512.384
2236.66	493.317
2237.41	503.017
2238.15	507.824
2238.9	520.581
2239.64	477.023
2240.38	477.938
2241.13	430.447
2241.87	407.652
2242.62	394.731
2243.36	337.444
2244.1	368.919
2244.85	350.125
2245.59	339.23
2246.33	319.493
2247.08	303.713
2247.82	339.098
2248.56	317.41
2249.3	322.251
2250.05	297.6
2250.79	284.75
2251.53	304.301
2252.27	299.35
2253.01	303.266
2253.75	273.9
2254.49	255.354
2255.23	275.053
2255.97	272.217
2256.71	279.174
2257.45	265.521
2258.19	249.879
2258.93	266.55
2259.67	287.114
2260.41	258.713
2261.15	287.143
2261.89	266.673
2262.63	271.713
2263.36	288.553
2264.1	299.546
2264.84	272.299
2265.58	266.583
2266.32	273.58
2267.05	268.769
2267.79	268.836
2268.53	258.1
2269.26	260.121
2270	290.604
2270.74	284.827
2271.48	273.201
2272.21	273.382
2272.95	283.414
2273.68	277.757
2274.42	266.204
2275.15	309.73
2275.89	263.711
2276.62	282.624
2277.36	267.043
2278.09	306.617
2278.83	247.618
2279.56	283.23
2280.29	286.309
2281.03	266.707
2281.76	267.82
2282.49	290.659
2283.23	273.081
2283.96	306.873
2284.69	282.44
2285.42	286.659
2286.16	294.817
2286.89	285.119
2287.62	265.466
2288.35	282.415
2289.08	280.556
2289.81	291.608
2290.55	267.044
2291.28	287.13
2292.01	296.368
2292.74	281.795
2293.47	253.27
2294.2	285.377
2294.93	291.6
2295.66	286.821
2296.39	293.948
2297.11	256.201
2297.85	256.312
2298.57	286.35
2299.3	258.611
2300.03	288.762
2300.76	273.052
2301.49	239.337
2302.22	290.54
2302.94	264.743
2303.67	287.93
2304.4	281.1
2305.12	305.327
2305.85	263.48
2306.58	312.831
2307.31	288.011
2308.03	315.33
2308.76	285.411
2309.48	290.594
2310.21	299.786
2310.93	270.807
2311.66	245.849
2312.38	241.004
2313.11	265.346
2313.83	277.627
2314.56	297.952
2315.28	291.062
2316.01	276.086
2316.73	276.223
2317.45	299.563
2318.18	270.503
2318.9	267.664
2319.62	264.82
2320.35	282.15
2321.07	304.518
2321.79	278.396
2322.52	284.59
2323.24	314.036
2323.96	260.627
2324.68	275.947
2325.4	238.68
2326.12	242.856
2326.84	232.853
2327.56	253.193
2328.29	224.966
2329.01	220.022
2329.73	206.994
2330.45	205.11
2331.17	233.618
2331.89	237.81
2332.61	255.158
2333.32	261.335
2334.04	285.738
2334.76	305.068
2335.48	257.52
2336.2	268.774
2336.92	290.189
2337.64	268.02
2338.35	258.008
2339.07	253.053
2339.79	291.703
2340.51	270.501
2341.23	274.674
2341.94	280.911
2342.66	271.956
2343.37	243.711
2344.09	275.383
2344.81	292.802
2345.52	280.681
2346.24	295.935
2346.95	290.823
2347.67	293.839
2348.38	291.822
2349.1	278.709
2349.82	278.856
2350.53	289.202
2351.24	260.952
2351.96	284.491
2352.67	297.821
2353.39	267.386
2354.1	281.644
2354.81	294.866
2355.53	256.285
2356.24	293.912
2356.95	262.499
2357.66	301.187
2358.38	286.067
2359.09	284.167
2359.8	288.381
2360.51	287.534
2361.22	296.879
2361.94	328.639
2362.65	276.966
2363.36	295.515
2364.07	306.922
2364.78	269.367
2365.49	311.266
2366.2	316.427
2366.91	323.6
2367.62	303.258
2368.33	327.772
2369.04	284.041
2369.75	324.902
2370.46	318.897
2371.16	299.637
2371.87	295.655
2372.58	314.095
2373.29	319.29
2374	317.358
2374.71	269.551
2375.41	293.104
2376.12	315.636
2376.83	274.947
2377.53	332.163
2378.24	332.293
2378.95	308.975
2379.65	339.732
2380.36	314.352
2381.07	328.743
2381.77	306.365
2382.48	332.974
2383.18	336.142
2383.89	330.178
2384.59	364.099
2385.3	331.654
2386	312.449
2386.71	315.669
2387.41	300.404
2388.12	303.484
2388.82	371.943
2389.52	300.404
2390.23	334.161
2390.93	311.781
2391.63	364.008
2392.34	297.703
2393.04	325.365
2393.74	308.034
2394.44	347.9
2395.15	360.208
2395.85	357.254
2396.55	395.218
2397.25	360.662
2397.95	363.88
2398.65	373.165
2399.35	321.052
2400.05	321.023
2400.75	353.653
2401.45	322.987
2402.15	330.14
2402.85	379.181
2403.55	344.597
2404.25	331.476
2404.95	364.309
2405.65	360.389
2406.35	338.064
2407.05	344.315
2407.75	329.098
2408.44	341.466
2409.14	322.168
2409.84	351.935
2410.54	378.642
2411.24	340.932
2411.93	321.583
2412.63	378.854
2413.33	330.814
2414.02	349.176
2414.72	348.12
2415.42	314.409
2416.11	358.285
2416.81	329.727
2417.5	370.566
2418.2	357.371
2418.9	350.322
2419.59	338.18
2420.28	350.497
2420.98	346.447
2421.67	369.87
2422.37	340.241
2423.06	352.398
2423.75	352.369
2424.45	351.397
2425.14	326.072
2425.84	373.111
2426.53	316.273
2427.22	346.018
2427.91	332.903
2428.61	348.263
2429.3	349.272
2429.99	350.214
2430.68	350.085
2431.37	371.291
2432.07	342.657
2432.76	376.061
2433.45	366.845
2434.14	348.574
2434.83	337.475
2435.52	335.544
2436.21	367.105
2436.9	365.12
2437.59	359.008
2438.28	336.613
2438.97	326.374
2439.66	368.824
2440.35	340.392
2441.04	341.375
2441.72	350.487
2442.41	365.674
2443.1	336.342
2443.79	358.563
2444.48	344.366
2445.16	380.688
2445.85	358.436
2446.54	347.348
2447.23	341.346
2447.91	333.341
2448.6	360.661
2449.29	344.555
2449.97	392.007
2450.66	345.6
2451.34	375.88
2452.03	352.722
2452.72	371.948
2453.4	358.908
2454.09	366.012
2454.77	307.536
2455.46	366.941
2456.14	353.731
2456.82	358.639
2457.51	358.542
2458.19	362.526
2458.88	351.498
2459.56	356.615
2460.24	379.866
2460.92	367.944
2461.61	356.015
2462.29	354.128
2462.97	416.601
2463.66	317.081
2464.34	346.287
2465.02	360.357
2465.7	376.394
2466.38	383.358
2467.06	336.094
2467.75	354.146
2468.42	368.221
2469.11	382.347
2469.79	345.331
2470.47	342.47
2471.15	390.833
2471.83	374.92
2472.51	415.227
2473.19	368.095
2473.86	391.251
2474.54	367.177
2475.22	381.274
2475.9	378.324
2476.58	363.363
2477.26	394.644
2477.94	376.746
2478.61	365.882
2479.29	364.05
2479.97	376.269
2480.65	346.223
2481.32	356.385
2482	361.516
2482.68	377.724
2483.35	338.615
2484.03	357.856
2484.71	373.06
2485.38	364.081
2486.06	375.191
2486.73	361.127
2487.41	386.297
2488.08	370.258
2488.76	335.159
2489.43	368.502
2490.11	352.594
2490.78	360.855
2491.45	349.985
2492.13	376.366
2492.8	339.251
2493.48	347.458
2494.15	374.82
2494.82	391.119
2495.49	337.861
2496.17	370.379
2496.84	388.829
2497.51	373.967
2498.18	363.109
2498.86	372.416
2499.53	336.144
2500.2	374.674
2500.87	391.944
2501.54	374.85
2502.21	368.945
2502.88	393.475
2503.55	358.323
2504.22	360.64
2504.89	398.422
2505.56	375.299
2506.23	396.757
2506.9	379.629
2507.57	384.836
2508.24	403.286
2508.91	389.292
2509.58	389.533
2510.25	389.747
2510.91	402.117
2511.58	392.077
2512.25	416.592
2512.92	399.421
2513.59	386.349
2514.25	393.661
2514.92	378.607
2515.59	397.153
2516.25	398.374
2516.92	406.698
2517.59	395.628
2518.25	402.88
2518.92	389.735
2519.58	394.943
2520.25	371.624
2520.91	377.902
2521.58	405.649
2522.24	388.553
2522.91	415.386
2523.57	407.521
2524.24	408.84
2524.9	409.114
2525.56	407.313
2526.23	404.463
2526.89	393.401
2527.55	399.736
2528.22	410.153
2528.88	392.866
2529.54	422.686
2530.21	391.999
2530.87	375.659
2531.53	400.345
2532.19	403.576
2532.85	432.531
2533.51	418.487
2534.18	394.176
2534.84	406.788
2535.5	406.993
2536.16	407.094
2536.82	400.936
2537.48	401.924
2538.14	427.562
2538.8	424.49
2539.46	384.537
2540.12	407.299
2540.78	400.341
2541.44	406.77
2542.09	403.943
2542.75	418.569
2543.41	417.702
2544.07	391.026
2544.73	402.347
2545.39	429.019
2546.04	401.138
2546.7	430.808
2547.36	405.032
2548.02	434.765
2548.67	418.374
2549.33	425.651
2549.98	445.282
2550.64	421.813
2551.3	450.699
2551.95	423.112
2552.61	430.44
2553.26	428.527
2553.92	455.366
2554.57	443.126
2555.23	446.23
2555.88	467.741
2556.54	429.639
2557.19	461.305
2557.85	425.285
2558.5	472.357
2559.15	487.708
2559.81	485.706
2560.46	446.868
2561.11	456.193
2561.77	495.209
2562.42	475.773
2563.07	481.879
2563.72	469.49
2564.37	512.33
2565.03	478.433
2565.68	475.289
2566.33	487.563
2566.98	487.654
2567.63	518.466
2568.28	485.891
2568.93	503.353
2569.58	494.145
2570.23	473.631
2570.88	486.82
2571.53	508.207
2572.18	525.591
2572.83	513.435
2573.48	492.124
2574.13	510.625
2574.78	497.422
2575.43	531.137
2576.07	516.816
2576.72	507.588
2577.37	517.754
2578.02	562.607
2578.67	502.399
2579.31	500.311
2579.96	489.013
2580.61	487.873
2581.26	505.047
2581.9	507.984
2582.55	484.533
2583.19	491.697
2583.84	526.412
2584.49	486.9
2585.13	494.177
2585.78	508.509
2586.42	481.01
2587.07	492.071
2587.71	488.811
2588.36	486.539
2589	478.203
2589.65	506.451
2590.29	502.306
2590.93	485.062
2591.58	513.501
2592.22	506.513
2592.86	486.383
2593.51	524.083
2594.15	528.351
2594.79	470.738
2595.43	540.967
2596.07	533.024
2596.72	544.309
2597.36	526.082
2598	537.23
2598.64	491.513
2599.28	539.143
2599.92	506.669
2600.56	497.585
2601.2	544.331
2601.85	510.998
2602.49	487.8
2603.13	528.473
2603.76	502.157
2604.4	511.311
2605.04	529.577
2605.68	522.502
2606.32	516.458
2606.96	496.226
2607.6	553.007
2608.24	521.566
2608.88	544.806
2609.51	501.183
2610.15	545.694
2610.79	528.509
2611.43	531.662
2612.06	479.205
2612.7	528.066
2613.34	504.016
2613.97	492.101
2614.61	516.656
2615.25	510.762
2615.88	476.439
2616.52	500.954
2617.15	507.218
2617.79	514.516
2618.42	509.645
2619.06	507.82
2619.69	501.917
2620.33	482.772
2620.96	517.451
2621.6	514.502
2622.23	541.014
2622.86	518.755
2623.5	511.774
2624.13	510.928
2624.76	497.905
2625.4	474.705
2626.03	480.978
2626.66	506.554
2627.29	507.686
2627.93	481.336
2628.56	507.925
2629.19	503
2629.82	519.493
2630.45	524.81
2631.08	515.862
2631.71	488.544
2632.34	490.751
2632.98	501.104
2633.61	528.806
2634.24	536.154
2634.87	511.923
2635.5	552.009
2636.12	505.33
2636.75	493.337
2637.38	526.283
2638.01	536.735
2638.64	509.331
2639.27	545.304
2639.9	538.296
2640.53	537.394
2641.15	541.583
2641.78	530.413
2642.41	554.039
2643.04	556.212
2643.66	575.828
2644.29	506.435
2644.92	577.303
2645.54	509.929
2646.17	529.569
2646.8	569.661
2647.42	537.989
2648.05	560.59
2648.67	551.424
2649.3	564.816
2649.92	571.074
2650.55	556.888
2651.17	549.919
2651.8	541.961
2652.42	562.739
2653.05	563.01
2653.67	578.65
2654.29	566.529
2654.92	581.044
2655.54	584.219
2656.16	582.236
2656.79	589.501
2657.41	590.267
2658.03	613.031
2658.65	581.421
2659.27	583.962
2659.9	590.54
2660.52	613.054
2661.14	640.35
2661.76	600.672
2662.38	633.639
2663	615.353
2663.62	620.862
2664.24	612.614
2664.86	608.761
2665.48	634.147
2666.1	651.568
2666.72	603.399
2667.34	653.388
2667.96	620.148
2668.58	640.946
2669.2	642.167
2669.82	643.301
2670.44	608.956
2671.05	646.612
2671.67	618.413
2672.29	654.039
2672.91	670.68
2673.53	665.113
2674.14	662.409
2674.76	659.646
2675.38	687.523
2675.99	680.804
2676.61	712.193
2677.23	725.27
2677.84	707.022
2678.46	762.589
2679.07	769.517
2679.69	778.677
2680.3	789.525
2680.92	852.74
2681.53	870.354
2682.15	930.292
2682.76	937.176
2683.38	949.488
2683.99	977.345
2684.61	978.164
2685.22	960.319
2685.83	974.279
2686.44	950.86
2687.06	941.441
2687.67	952.201
2688.28	977.495
2688.9	964.613
2689.51	954.627
2690.12	985.988
2690.73	980.309
2691.34	981.351
2691.96	1030.48
2692.57	1025.55
2693.18	1052.21
2693.79	1056.29
2694.4	1070.79
2695.01	1072.5
2695.62	1057.29
2696.23	1064.96
2696.84	1061.4
2697.45	1074.84
2698.06	1075.78
2698.67	1062.04
2699.28	1077.55
2699.88	1072.23
2700.49	1084.51
2701.1	1080.84
2701.71	1080
2702.32	1079.22
2702.93	1080.63
2703.53	1082.34
2704.14	1094.03
2704.75	1095.38
2705.36	1099.79
2705.96	1127.22
2706.57	1136.57
2707.17	1139.93
2707.78	1132.99
2708.39	1148.31
2708.99	1179.07
2709.6	1202.08
2710.2	1199.34
2710.81	1196.52
2711.41	1240.56
2712.02	1266.47
2712.62	1254.37
2713.23	1268.82
2713.83	1297.88
2714.44	1299.56
2715.04	1321.12
2715.64	1322.2
2716.25	1370.62
2716.85	1353.26
2717.45	1375.32
2718.05	1364.3
2718.66	1362.92
2719.26	1385.26
2719.86	1423.77
2720.46	1441.47
2721.06	1451.15
2721.67	1445.86
2722.27	1483.23
2722.87	1492.61
2723.47	1509.02
2724.07	1513.87
2724.67	1512.4
2725.27	1526.34
2725.71	1552.04
2726.38	1593.51
2727.06	1579.76
2727.73	1577.04
2728.4	1596.63
2729.07	1576.66
2729.74	1612.8
2730.42	1610.63
2731.09	1612.86
2731.76	1659.08
2732.43	1643.5
2733.1	1649.32
2733.77	1659.13
2734.44	1676.94
2735.11	1697.56
2735.78	1720.99
2736.45	1722.81
2737.12	1712.23
2737.79	1740.19
2738.46	1754.9
2739.13	1711.73
2739.8	1728.75
2740.47	1746.04
2741.14	1757.57
2741.81	1685.99
2742.47	1702.01
2743.14	1712.99
2743.81	1722.88
2744.48	1611.42
2745.15	1657.68
2745.81	1610.15
2746.48	1641.1
2747.15	1566.09
2747.81	1574.72
2748.48	1627.17
2749.15	1597.87
2749.81	1584.67
2750.48	1556.97
2751.15	1519.98
2751.81	1505.5
2752.48	1518.81
2753.14	1471.28
2753.81	1462.82
2754.47	1403.47
2755.14	1374.6
2755.8	1323.98
2756.47	1364.01
2757.13	1337.38
2757.8	1340.3
2758.46	1280.98
2759.13	1286.23
2759.79	1300.9
2760.45	1302.41
2761.12	1248.65
2761.78	1269.37
2762.44	1243.82
2763.1	1291.77
2763.77	1270.13
2764.43	1246.58
2765.09	1295.9
2765.76	1259.55
2766.42	1280.7
2767.08	1309.13
2767.74	1294.5
2768.4	1310.5
2769.06	1288.39
2769.72	1306.14
2770.38	1350.48
2771.05	1390.7
2771.71	1389.92
2772.37	1410.82
2773.03	1445.21
2773.69	1451.98
2774.35	1498.83
2775.01	1546.61
2775.67	1588.05
2776.33	1633.43
2776.99	1695.17
2777.64	1741.51
2778.3	1839.39
2778.96	1918.9
2779.62	1967.62
2780.28	1965.84
2780.94	1996.82
2781.59	2047.22
2782.25	2042.04
2782.91	2017.46
2783.57	1998.31
2784.22	1915.62
2784.88	1938.09
2785.54	1949.2
2786.2	1953.84
2786.85	1981.66
2787.51	1922.43
2788.16	1902.08
2788.82	1901.33
2789.48	1883.4
2790.13	1920.53
2790.79	1932.41
2791.44	2029.04
2792.1	1988.66
2792.75	1996.35
2793.41	2014.9
2794.06	2033.02
2794.72	2012.75
2795.37	2031.53
2796.02	2059.65
2796.68	2153.78
2797.33	2077.33
2797.98	2185.27
2798.64	2144.23
2799.29	2171.23
2799.94	2195.24
2800.6	2202.83
2801.25	2210.45
2801.9	2266.45
2802.55	2343
2803.21	2305.13
2803.86	2397.88
2804.51	2384.37
2805.16	2388.23
2805.81	2387.93
2806.46	2486.48
2807.11	2532.57
2807.77	2582.78
2808.42	2634.95
2809.07	2627.29
2809.72	2629.71
2810.37	2708.06
2811.02	2691.77
2811.67	2754.82
2812.32	2809.91
2812.97	2810.88
2813.61	2884.05
2814.26	2869.03
2814.91	2902.33
2815.56	2987.97
2816.21	2984.05
2816.86	3054.98
2817.51	3104.13
2818.15	3112.95
2818.8	3167.81
2819.45	3205.05
2820.1	3205.37
2820.74	3228.6
2821.39	3315.97
2822.04	3385.29
2822.69	3444.51
2823.33	3498.39
2823.98	3477.75
2824.63	3596.19
2825.27	3561.1
2825.92	3614.22
2826.56	3704.51
2827.21	3738.83
2827.85	3805.51
2828.5	3838.74
2829.14	3872.27
2829.79	3952.22
2830.43	3954.34
2831.08	4019.2
2831.72	3999.81
2832.37	4073.72
2833.01	4071.26
2833.65	4146.52
2834.3	4266.6
2834.94	4288.71
2835.58	4445.12
2836.23	4499.57
2836.87	4535.47
2837.51	4542.79
2838.16	4576.26
2838.8	4745.83
2839.44	4797.94
2840.08	4895.48
2840.72	4930.24
2841.36	5051.78
2842.01	5142.99
2842.65	5217.47
2843.29	5286.82
2843.93	5432.38
2844.57	5608.94
2845.21	5676.79
2845.85	5741.59
2846.49	5861.03
2847.13	5970.64
2847.77	6088.25
2848.41	6149.01
2849.05	6299.43
2849.69	6295.12
2850.33	6385.27
2850.97	6321.73
2851.61	6235.41
2852.24	6361.42
2852.88	6568.94
2853.52	6661.58
2854.16	6772.32
2854.8	6579.16
2855.43	6821.04
2856.07	6841.44
2856.71	6957.46
2857.35	7032.43
2857.98	7158.52
2858.62	7268.75
2859.26	7458.4
2859.89	7643.27
2860.53	7843.37
2861.16	8045.33
2861.8	8380.2
2862.44	8654.12
2863.07	8876.66
2863.71	9211.31
2864.34	9542.36
2864.98	9903.09
2865.61	10165.7
2866.25	10522.3
2866.88	10830.3
2867.52	11023.1
2868.15	11397.7
2868.78	11582
2869.42	11904.7
2870.05	12154.9
2870.69	12559.1
2871.32	12819.6
2871.95	12881.3
2872.58	13239.8
2873.22	13434.9
2873.85	13871.5
2874.48	14026.9
2875.11	14183.8
2875.75	14439.1
2876.38	14350.7
2877.01	14397.6
2877.64	14417.5
2878.27	14192.3
2878.9	14072.9
2879.53	13929.9
2880.16	13832.8
2880.79	13683.9
2881.42	13505.7
2882.05	13258.5
2882.68	13198.6
2883.31	13006.6
2883.94	13015.4
2884.57	12953.9
2885.2	12715.7
2885.83	12607.5
2886.46	12686.4
2887.09	12604.8
2887.72	12666.7
2888.35	12708.6
2888.97	12697.2
2889.6	12727.9
2890.23	12829.1
2890.86	12855.6
2891.49	12881.8
2892.11	12883.3
2892.74	13164.6
2893.37	13287.1
2893.99	13318.6
2894.62	13482.7
2895.25	13550.3
2895.87	13646.1
2896.5	13800.7
2897.12	14089.6
2897.75	14089.9
2898.38	14283.5
2899	14229.8
2899.63	14530.1
2900.25	14882.4
2900.88	14894.7
2901.5	15083.2
2902.12	15169.8
2902.75	15336.1
2903.37	15597
2904	15617.9
2904.62	15763
2905.25	15810.5
2905.87	16046.9
2906.49	16223.2
2907.11	16436.9
2907.74	16447.3
2908.36	16428.5
2908.98	16512.4
2909.6	16747.7
2910.23	16909.5
2910.85	16926.6
2911.47	16935.6
2912.09	16859.6
2912.71	17157.6
2913.33	17219.7
2913.96	17232.2
2914.58	17313.8
2915.2	17084.4
2915.82	17195.3
2916.44	17204.7
2917.06	17152.6
2917.68	17074.5
2918.3	16843.7
2918.92	16891
2919.54	16745.6
2920.16	16791.6
2920.77	16719.2
2921.39	16687.1
2922.01	16616.9
2922.63	16569.8
2923.25	16508.9
2923.87	16548.3
2924.48	16489.1
2925.1	16670.7
2925.72	16779.1
2926.34	16927.8
2926.95	16865.3
2927.57	16987.6
2928.19	17246.8
2928.8	17259.2
2929.42	17472.2
2930.04	17736
2930.65	18076.6
2931.27	18196.5
2931.89	18696.3
2932.5	19004.6
2933.12	19320.8
2933.73	19749.5
2934.35	19996.1
2934.96	20415
2935.58	20845.8
2936.19	21236.3
2936.81	21418.5
2937.42	21610.2
2938.03	22011.7
2938.65	22210.3
2939.26	22268.8
2939.88	22084.3
2940.49	21807.9
2941.1	21645.6
2941.71	21298.2
2942.33	20916.8
2942.94	20524.7
2943.55	19907.7
2944.17	19505.2
2944.78	19339.9
2945.39	18733.2
2946	18222.2
2946.61	17785.4
2947.22	17383.2
2947.83	17038.7
2948.45	16480.5
2949.06	16268.3
2949.67	15974.8
2950.28	15589.4
2950.89	15336.5
2951.5	14815.2
2952.11	14619.4
2952.72	14342.7
2953.33	14074.3
2953.94	13893
2954.54	13663.4
2955.15	13365.6
2955.76	13291
2956.37	13126.3
2956.98	12951.3
2957.59	12734.1
2958.2	12521.6
2958.8	12396.9
2959.41	12269.1
2960.02	12155.7
2960.63	11966.2
2961.23	11748.3
2961.84	11707.9
2962.45	11550.7
2963.05	11484.3
2963.66	11281.6
2964.27	11024.6
2964.87	10992.3
2965.48	10887.7
2966.08	10813.5
2966.69	10655.4
2967.29	10428.7
2967.9	10227.7
2968.5	10064.3
2969.11	9951.71
2969.71	9811.94
2970.32	9520.51
2970.92	9462.38
2971.53	9313.85
2972.13	9025.32
2972.74	8871.18
2973.34	8697.43
2973.94	8627.84
2974.54	8485.62
2975.15	8169.53
2975.75	7991.62
2976.35	7960.15
2976.96	7786.46
2977.56	7643.18
2978.16	7468.1
2978.76	7317.35
2979.36	7102.86
2979.97	7051.69
2980.57	6932.2
2981.17	6686.37
2981.77	6584.44
2982.37	6421.87
2982.97	6220.35
2983.57	6096.31
2984.17	5965.42
2984.77	5865.23
2985.37	5706.04
2985.97	5619.83
2986.57	5432.08
2987.17	5307.99
2987.77	5167.09
2988.37	5052.07
2988.97	4956.73
2989.57	4848.42
2990.17	4764.37
2990.76	4588.15
2991.36	4459.37
2991.96	4409.83
2992.56	4352.34
2993.16	4227.22
2993.75	4137.63
2994.35	4056.82
2994.95	3977.74
2995.54	3932.42
2996.14	3767.81
2996.74	3721.44
2997.33	3637.83
2997.93	3575.08
2998.52	3497.13
2999.12	3544.98
2999.72	3442.31
3000.31	3391.75
3000.91	3416.94
3001.5	3298.77
3002.1	3326.94
3002.69	3244.26
3003.29	3198.16
3003.88	3173.34
3004.47	3118.79
3005.07	3011.24
3005.66	2995.35
3006.26	2976.96
3006.85	2914.93
3007.44	2815.05
3008.04	2781.59
3008.63	2701.45
3009.22	2644.3
3009.81	2597.95
3010.41	2539.06
3011	2469.98
3011.59	2467.9
3012.18	2423.06
3012.77	2382.56
3013.36	2341.08
3013.96	2299.52
3014.55	2243.48
3015.14	2251.17
3015.73	2227.17
3016.32	2184.88
3016.91	2176.62
3017.5	2127.12
3018.09	2096.89
3018.68	2083.82
3019.27	2104.5
3019.86	1992.37
3020.45	2038.99
3021.04	2047.83
3021.63	2011.59
3022.22	2016.62
3022.8	2017.4
3023.39	2056.1
3023.98	2044.06
3024.57	1997.87
3025.16	1982.64
3025.74	2038.65
3026.33	2025.5
3026.92	2029.77
3027.5	2015.28
3028.09	2005.77
3028.68	2051.94
3029.26	2085.85
3029.85	2112.83
3030.44	2094.76
3031.02	2087.29
3031.61	2116.1
3032.19	2158.27
3032.78	2093.77
3033.37	2190.2
3033.95	2178.9
3034.54	2195.39
3035.12	2176.73
3035.71	2238.77
3036.29	2280.2
3036.87	2228.63
3037.46	2237.01
3038.04	2311.61
3038.63	2280.91
3039.21	2334.21
3039.79	2354.73
3040.38	2350.67
3040.96	2342.53
3041.54	2337.27
3042.12	2351.27
3042.71	2375.09
3043.29	2375.6
3043.87	2345.78
3044.45	2419.47
3045.03	2394.01
3045.62	2403.12
3046.2	2437.51
3046.78	2514.69
3047.36	2555.82
3047.94	2630.04
3048.52	2719.61
3049.1	2745.73
3049.68	2853.46
3050.26	2994.16
3050.84	3148.24
3051.42	3300.21
3052	3433.5
3052.58	3468.41
3053.16	3624.53
3053.74	3797.36
3054.32	3835.9
3054.89	3882.09
3055.47	3938.01
3056.05	4001.49
3056.63	4020.43
3057.21	4034.93
3057.78	4057.2
3058.36	4087.14
3058.94	4069.93
3059.52	4045.26
3060.09	4076.65
3060.67	4007.86
3061.25	4037.91
3061.82	4010.21
3062.4	4007.4
3062.97	4016.79
3063.55	3937.78
3064.13	3870.95
3064.7	3875.6
3065.28	3816.25
3065.85	3715.82
3066.43	3678.82
3067	3547.53
3067.58	3429.41
3068.15	3369.84
3068.72	3267.31
3069.3	3175.94
3069.87	2972.89
3070.45	2875.81
3071.02	2840.28
3071.59	2649.06
3072.17	2534.62
3072.74	2451.18
3073.31	2374.74
3073.89	2258.68
3074.46	2184.82
3075.03	2062.33
3075.6	2040.31
3076.17	1947.25
3076.74	1858.62
3077.32	1814.64
3077.89	1721.05
3078.46	1694.61
3079.03	1617.28
3079.6	1627.67
3080.17	1501.26
3080.74	1477.14
3081.31	1495.33
3081.88	1419.38
3082.45	1388.96
3083.02	1343.1
3083.59	1347.9
3084.16	1288.7
3084.73	1295.6
3085.3	1238.54
3085.87	1241.44
3086.43	1204.22
3087	1143.43
3087.57	1153.95
3088.14	1159.36
3088.71	1159.57
3089.28	1087.4
3089.84	1098.74
3090.41	1036.7
3090.98	1067.53
3091.54	1051.91
3092.11	1009.47
3092.68	1013.47
3093.24	975.152
3093.81	984.278
3094.38	948.047
3094.94	954.124
3095.51	985.999
3096.07	961.186
3096.64	951.818
3097.2	917.697
3097.77	910.373
3098.33	911.34
3098.9	875.303
3099.46	925.885
3100.03	907.491
3100.59	891.143
3101.15	854.122
3101.72	856.183
3102.28	909.696
3102.84	898.241
3103.41	879.554
3103.97	897.936
3104.53	853.492
3105.1	867.736
3105.66	866.544
3106.22	865.374
3106.78	858.068
3107.34	853.882
3107.91	850.754
3108.47	865.136
3109.03	864.126
3109.59	839.521
3110.15	845.858
3110.71	862.571
3111.27	829.923
3111.83	812.668
3112.39	825.164
3112.95	827.211
3113.51	806.474
3114.07	771.275
3114.63	786.532
3115.19	797.745
3115.75	718.52
3116.31	780.301
3116.87	778.309
3117.43	798.904
3117.98	743.292
3118.54	739.054
3119.1	770.772
3119.66	772.67
3120.22	757.143
3120.77	739.627
3121.33	732.442
3121.89	713.971
3122.44	766.39
3123	725.232
3123.56	716.895
3124.11	728.022
3124.67	738.096
3125.23	735.873
3125.78	712.166
3126.34	701.893
3126.89	676.307
3127.45	708.261
3128	716.639
3128.56	720.906
3129.11	703.573
3129.67	660.508
3130.22	721.124
3130.78	722.104
3131.33	698.385
3131.88	710.568
3132.44	700.15
3132.99	687.695
3133.54	730.677
3134.1	731.64
3134.65	720.347
3135.2	717.303
3135.76	686.589
3136.31	735.894
3136.86	714.412
3137.41	694.962
3137.96	719.608
3138.51	697.044
3139.07	724.733
3139.62	719.591
3140.17	683.68
3140.72	718.557
3141.27	684.723
3141.82	731.921
3142.37	726.799
3142.92	714.473
3143.47	686.753
3144.02	702.107
3144.57	715.446
3145.12	692.958
3145.67	749.503
3146.22	669.692
3146.77	709.913
3147.32	693.681
3147.86	715.364
3148.41	725.68
3148.96	710.255
3149.51	726.588