401.058	636.486
402.149	505.386
403.243	590.054
404.332	525.29
405.424	474.776
406.515	403.634
407.606	387.26
408.697	353.076
409.785	313.337
410.876	211.715
411.967	284.69
413.055	236.632
414.143	166.209
415.233	194.937
416.321	248.702
417.409	204.577
418.499	238.624
419.586	253.119
420.673	267.626
421.761	318.227
422.848	334.626
423.935	364.92
425.02	353.705
426.106	384.935
427.193	408.735
428.278	461.016
429.364	419.312
430.45	498.154
431.534	519.049
432.618	474.803
433.704	520.728
434.788	533.681
435.871	491.561
436.955	632.315
438.038	487.232
439.123	415.656
440.204	429.614
441.287	413.324
442.37	374.112
443.452	259.333
444.535	282.711
445.615	201.751
446.698	261.051
447.78	147.523
448.86	108.792
449.939	19.1858
451.021	51.6345
452.101	10.9866
453.18	-12.1172
454.262	15.7485
455.341	-74.1794
456.42	-141.875
457.499	-97.2822
458.578	-125.998
459.654	-150.096
460.733	-168.663
461.811	-193.77
462.89	-150.135
463.966	-195.72
465.044	-208.783
466.12	-137.154
467.197	-178.121
468.273	-215.367
469.349	-21.5906
470.426	-78.3191
471.501	-147.989
472.576	-82.7288
473.651	-123.469
474.726	-127.043
475.801	-158.481
476.876	-112.937
477.95	-112.867
479.022	-71.0571
480.097	-144.218
481.171	-56.9814
482.243	-55.0337
483.317	-54.9346
484.388	-15.9971
485.46	-28.8606
486.533	-30.624
487.605	-55.4421
488.676	18.3965
489.747	74.6082
490.818	238.387
491.889	36.9265
492.959	79.2568
494.03	105.029
495.1	94.0381
496.171	148.259
497.239	198.736
498.309	229.854
499.379	275.572
500.446	263.519
501.514	266.171
502.584	203.901
503.651	320.142
504.718	217.719
505.788	225.126
506.855	273.732
507.921	309.53
508.988	228.135
510.055	308.802
511.119	260.37
512.186	257.742
513.252	291.792
514.318	307.554
515.382	343.528
516.448	269.429
517.512	291.681
518.577	353.501
519.641	374.989
520.704	368.022
521.768	380.418
522.833	355.945
523.896	436.628
524.959	478.548
526.021	464.937
527.084	484.473
528.144	523.34
529.207	488.253
530.269	603.908
531.331	640.273
532.391	677.837
533.453	664.696
534.513	678.488
535.572	669.032
536.634	595.276
537.693	577.954
538.752	507.488
539.812	484.392
540.87	575.778
541.929	413.258
542.988	401.538
544.047	376.789
545.105	307.165
546.164	230.817
547.22	213.165
548.278	237.455
549.336	221.532
550.392	213.07
551.448	177.593
552.505	98.3679
553.561	161.778
554.616	192.576
555.671	77.0801
556.728	124.631
557.783	90.1816
558.836	135.771
559.891	109.68
560.946	117.992
562	83.616
563.055	43.751
564.107	41.9326
565.161	47.5293
566.213	65.1523
567.267	9.67505
568.318	-3.21167
569.37	16.2542
570.424	6.14941
571.475	-23.3232
572.526	-12.1816
573.577	-17.6455
574.628	4.53809
575.679	18.4114
576.73	70.0188
577.781	16.6772
578.829	138.19
579.88	37.0286
580.93	80.321
581.978	58.2939
583.026	19.7139
584.076	28.0444
585.124	57.5146
586.172	-30.6738
587.221	40.1445
588.269	47.54
589.316	50.3357
590.363	47.6191
591.41	56.8276
592.457	134.79
593.502	123.815
594.549	138.544
595.595	161.579
596.64	91.9985
597.686	114.154
598.73	72.9241
599.776	231.994
600.82	157.6
601.864	192.547
602.908	177.886
603.953	200.031
604.997	187.318
606.04	194.877
607.083	218.116
608.125	183.298
609.168	243.363
610.211	307.089
611.253	214.927
612.294	299.818
613.336	366.288
614.377	495.519
615.419	635.869
616.459	799.274
617.499	797.463
618.539	888.735
619.579	822.235
620.619	715.203
621.658	630.372
622.698	565.881
623.737	618.526
624.776	721.932
625.815	784.824
626.852	940.974
627.891	1071.44
628.928	1160.47
629.966	1247.66
631.003	1387.34
632.041	1312.48
633.077	1315.84
634.114	1235.99
635.15	1090.73
636.185	1006.58
637.221	917.121
638.257	788.156
639.292	803.094
640.328	704.516
641.361	640.854
642.396	515.292
643.431	521.506
644.464	502.796
645.497	367.263
646.532	314.72
647.564	311.939
648.597	345.08
649.629	311.128
650.663	303.831
651.695	283.626
652.727	317.611
653.757	234.848
654.789	218.264
655.821	202.62
656.852	171.415
657.882	153.093
658.913	148.552
659.942	144.018
660.973	111.964
662.002	136.757
663.031	166.113
664.06	123.986
665.09	109.393
666.119	158.113
667.147	110.558
668.175	150.225
669.201	146.725
670.229	106.369
671.257	123.941
672.285	153.458
673.311	101.04
674.338	140.697
675.363	76.3287
676.389	117.887
677.416	175.171
678.441	102.425
679.466	126.489
680.491	153.3
681.515	157.023
682.54	130.309
683.565	114.683
684.589	147.967
685.613	113.929
686.635	148.199
687.659	180.665
688.681	162.324
689.705	220.712
690.727	211.599
691.75	245.965
692.772	236.829
693.793	230.452
694.814	253.687
695.835	241.71
696.856	272.304
697.877	301.943
698.898	263.065
699.918	305.647
700.937	312.139
701.957	265.904
702.978	335.329
703.996	260.422
705.016	294.668
706.034	235.486
707.052	232.721
708.069	244.748
709.087	237.37
710.107	204.132
711.124	217.115
712.139	221.794
713.156	194.136
714.173	189.575
715.19	209.023
716.205	185.939
717.222	193.315
718.238	202.504
719.253	168.317
720.267	219.901
721.283	203.262
722.297	244.669
723.311	227.147
724.325	211.493
725.339	263.944
726.353	247.413
727.366	275.063
728.38	296.294
729.391	341.444
730.404	407.716
731.417	430.67
732.428	404.807
733.441	434.046
734.452	418.249
735.463	446.564
736.475	481.359
737.486	502.475
738.496	472.292
739.506	469.671
740.516	504.676
741.526	534.14
742.534	490.117
743.544	543.335
744.554	496.501
745.561	484.55
746.571	536.836
747.578	553.377
748.587	502.994
749.594	486.575
750.601	491.282
751.608	461.152
752.615	498.049
753.621	447.783
754.628	454.472
755.634	436.394
756.641	455.119
757.647	455.49
758.651	463.246
759.657	494.063
760.663	398.522
761.666	444.062
762.67	473.91
763.676	515.738
764.679	501.139
765.682	518.817
766.686	532.749
767.689	514.321
768.692	496.871
769.694	485.073
770.697	434.53
771.698	452.561
772.7	424.317
773.703	378.352
774.703	417.664
775.703	364.897
776.705	402.119
777.705	420.684
778.705	440.174
779.705	377.068
780.705	427.351
781.704	466.575
782.704	437.991
783.703	454.926
784.702	444.844
785.701	480.288
786.698	490.599
787.697	505.579
788.694	461.056
789.693	565.46
790.689	525.629
791.686	539.748
792.682	535.182
793.68	604.114
794.676	581.768
795.672	685.144
796.666	630.332
797.662	746.022
798.658	754.684
799.653	797.782
800.647	841.689
801.642	896.588
802.636	945.697
803.631	1002.1
804.624	992.359
805.617	1011.47
806.61	1005.49
807.602	990.193
808.595	982.287
809.587	925.146
810.58	917.225
811.572	917.712
812.564	909.958
813.554	845.814
814.546	911.409
815.536	864.036
816.528	845.353
817.518	901.608
818.507	912.503
819.499	999.242
820.488	1021.23
821.477	967.368
822.466	1076.98
823.455	1184.49
824.444	1277
825.431	1307.58
826.42	1404.59
827.408	1559.79
828.395	1644.24
829.383	1771.18
830.369	1938.54
831.356	2043.82
832.342	2316.02
833.33	2533.26
834.315	2690.45
835.301	2951.62
836.287	3152.76
837.27	3436.36
838.256	3526.03
839.241	3650.86
840.226	3646.13
841.209	3529.07
842.194	3556.03
843.177	3401.08
844.16	3291.26
845.145	3023.54
846.127	2809.16
847.11	2643.44
848.092	2462.89
849.074	2427.46
850.056	2350.44
851.039	2326.54
852.018	2302.42
853	2346.2
853.982	2389.94
854.962	2477.94
855.941	2489.94
856.923	2494.98
857.902	2433.23
858.881	2361.53
859.86	2207.91
860.839	2137.83
861.818	2003.01
862.797	1910.25
863.776	1852.22
864.754	1720.37
865.733	1691.58
866.709	1634.28
867.687	1577.08
868.664	1521.86
869.642	1425.36
870.618	1441.26
871.594	1420.44
872.569	1370.19
873.545	1328.22
874.521	1322.14
875.496	1325.22
876.471	1257.26
877.447	1273.06
878.42	1271.23
879.395	1249.05
880.37	1236.98
881.343	1212.05
882.315	1143
883.29	1096.16
884.262	1052.15
885.235	1045.01
886.207	1031.35
887.179	968.738
888.151	1009.3
889.123	974.257
890.095	942.002
891.065	1009.34
892.037	1019.57
893.009	996.632
893.978	1090.77
894.948	1073.39
895.919	1107.71
896.888	1163.35
897.857	1175.74
898.826	1210.29
899.795	1152.46
900.764	1283.68
901.732	1308.54
902.701	1327.67
903.668	1413.11
904.636	1492.08
905.604	1488.15
906.57	1483.49
907.538	1501.18
908.504	1520.94
909.47	1555.68
910.436	1576.75
911.402	1550.81
912.367	1602.4
913.333	1521.73
914.298	1547.17
915.264	1557.68
916.229	1527.45
917.192	1482.46
918.157	1455.15
919.12	1431.67
920.084	1347.14
921.047	1316.26
922.01	1307.53
922.972	1261.59
923.935	1197.92
924.897	1166.67
925.859	1092.77
926.821	1035.61
927.783	970.112
928.743	915.722
929.705	907.7
930.667	932.132
931.626	820.873
932.586	883.382
933.547	847.45
934.506	792.061
935.466	725.536
936.425	807.031
937.384	769.335
938.343	780.013
939.301	736.544
940.26	793.767
941.217	797.85
942.175	794.524
943.132	793.137
944.09	782.457
945.046	828.84
946.002	795.696
946.96	786.811
947.916	823.77
948.872	811.031
949.828	714.783
950.783	786.329
951.737	749.954
952.692	728.5
953.647	757.633
954.601	759.518
955.556	753.926
956.509	717.474
957.464	790.015
958.417	797.008
959.369	787.133
960.322	767.763
961.275	770.755
962.227	813.957
963.179	802.49
964.132	760.014
965.082	808.759
966.034	785.363
966.984	776.218
967.936	795.339
968.885	815.377
969.837	825.885
970.787	826.812
971.736	784.352
972.686	885.585
973.635	796.11
974.584	844.772
975.533	880.361
976.48	922.592
977.429	1010.86
978.378	983.684
979.325	958.385
980.273	1025.99
981.22	1044.76
982.166	1078.47
983.113	1147.72
984.061	1138.93
985.007	1219.98
985.953	1310.2
986.897	1357.26
987.843	1398.79
988.789	1439.56
989.734	1407.55
990.678	1529.99
991.623	1637.43
992.567	1832.6
993.51	2138.67
994.453	2570.4
995.398	3197.65
996.341	3965.16
997.284	4910.19
998.227	5586.08
999.168	5862.81
1000.11	5773.44
1001.05	5109.64
1001.99	4075.74
1002.94	3121.67
1003.88	2397.13
1004.82	1814.38
1005.76	1512.96
1006.7	1261.8
1007.64	1146.54
1008.58	1013.41
1009.52	941.621
1010.46	919.096
1011.4	891.87
1012.34	874.039
1013.27	852.66
1014.21	866.895
1015.15	866.428
1016.09	951.871
1017.03	943.156
1017.96	940.849
1018.9	965.453
1019.84	1057.17
1020.77	1097.47
1021.71	1194.81
1022.65	1297.97
1023.58	1407.08
1024.52	1681.24
1025.45	1827.76
1026.39	2011.97
1027.32	2141.81
1028.26	2322.06
1029.19	2364.12
1030.12	2297.12
1031.06	2147.54
1031.99	2043.23
1032.92	1892.21
1033.86	1773.27
1034.79	1547.9
1035.72	1464.36
1036.65	1340.01
1037.59	1253.05
1038.52	1163.06
1039.45	1200.36
1040.38	1119.66
1041.31	1092.73
1042.24	1093.16
1043.17	1058.56
1044.1	1042.8
1045.03	1044.05
1045.96	1047.28
1046.89	989.143
1047.82	966.165
1048.75	1003.97
1049.68	1021.04
1050.61	1033.34
1051.53	1108.23
1052.46	1099.29
1053.39	1123.38
1054.32	1111.15
1055.24	1202.51
1056.17	1299.64
1057.1	1319.89
1058.02	1359.33
1058.95	1401.74
1059.88	1499.41
1060.8	1434.22
1061.73	1406.09
1062.65	1351.29
1063.58	1389.95
1064.5	1298.03
1065.43	1320.48
1066.35	1287.36
1067.27	1288.22
1068.2	1299.16
1069.12	1253.56
1070.04	1271.76
1070.97	1214.92
1071.89	1172.75
1072.81	1115.74
1073.73	1157.93
1074.65	1067.9
1075.58	1032
1076.5	1054.95
1077.42	1014.86
1078.34	975.594
1079.26	968.655
1080.18	953.162
1081.1	920.588
1082.02	846.222
1082.94	846.016
1083.86	840.09
1084.78	827.511
1085.7	784.583
1086.61	773.043
1087.53	772.001
1088.45	740.635
1089.37	727.299
1090.28	712.976
1091.2	749.794
1092.12	741.042
1093.03	746.492
1093.95	739.66
1094.87	804.848
1095.78	737.586
1096.7	797.226
1097.61	748.052
1098.53	840.832
1099.44	802.969
1100.36	835.082
1101.27	865.239
1102.19	836.701
1103.1	807.208
1104.01	852.401
1104.93	889.111
1105.84	890.946
1106.75	967.558
1107.67	928.104
1108.58	1008.79
1109.49	1049.84
1110.4	1093.62
1111.31	1127.78
1112.22	1193.91
1113.14	1219.26
1114.05	1240.82
1114.96	1300.28
1115.87	1387.3
1116.78	1495.24
1117.69	1476.5
1118.6	1582.42
1119.51	1619.09
1120.42	1663.1
1121.32	1704.21
1122.23	1738.9
1123.14	1736.25
1124.05	1659.53
1124.96	1649.42
1125.86	1629.18
1126.77	1567.22
1127.68	1465.06
1128.58	1418.28
1129.49	1359.63
1130.4	1291.12
1131.3	1253.75
1132.21	1201.25
1133.11	1263.6
1134.02	1306.34
1134.92	1323.82
1135.83	1315.94
1136.73	1336.6
1137.64	1376.23
1138.54	1355.93
1139.44	1473.2
1140.35	1350.08
1141.25	1327.64
1142.15	1349.02
1143.06	1293.49
1143.96	1339.77
1144.86	1299.48
1145.76	1351.41
1146.66	1307.04
1147.57	1289.18
1148.47	1262.63
1149.37	1210.33
1150.27	1259.01
1151.17	1249.62
1152.07	1235.51
1152.97	1250.94
1153.87	1219.64
1154.77	1185.41
1155.67	1106.3
1156.57	1018.56
1157.46	970.857
1158.36	851.766
1159.26	821.376
1160.16	851.105
1161.05	815.14
1161.95	755.298
1162.85	750.627
1163.75	710.528
1164.64	686.501
1165.54	705.258
1166.44	712.567
1167.33	628.615
1168.23	690.351
1169.12	650.413
1170.02	661.897
1170.91	642.002
1171.81	643.949
1172.7	687.686
1173.59	709.479
1174.49	684.624
1175.38	729.087
1176.27	774.4
1177.17	812.019
1178.06	814.484
1178.95	885.256
1179.84	895.417
1180.74	905.698
1181.63	925.55
1182.52	954.885
1183.41	910.259
1184.3	904.342
1185.19	925.743
1186.08	909.196
1186.97	923.842
1187.86	960.214
1188.75	963.529
1189.64	1003.65
1190.53	1024.85
1191.42	1087.5
1192.31	1076.66
1193.2	1161.06
1194.09	1164.62
1194.97	1154.25
1195.86	1162.82
1196.75	1162.85
1197.64	1135.49
1198.52	1126.88
1199.41	1087.2
1200.29	1089.92
1201.18	1065.44
1202.07	1020.32
1202.95	1007.16
1203.84	945.937
1204.72	915.635
1205.61	884.306
1206.49	853.923
1207.38	853.701
1208.26	784.181
1209.14	783.419
1210.03	774.38
1210.91	760.72
1211.79	726.33
1212.68	736.006
1213.56	732.333
1214.44	736.941
1215.32	704.747
1216.21	709.193
1217.09	741.881
1217.97	722.1
1218.85	732.586
1219.73	744.233
1220.61	731.621
1221.49	756.743
1222.37	810.172
1223.25	859.808
1224.13	907.432
1225.01	950.165
1225.89	999.357
1226.77	1073.04
1227.65	1119.43
1228.52	1183.96
1229.4	1177
1230.28	1144.74
1231.16	1136.21
1232.03	1120.12
1232.91	1097.34
1233.79	1122.75
1234.66	1095.88
1235.54	1046.06
1236.42	1099.53
1237.29	1067.52
1238.17	1032.64
1239.04	987.346
1239.92	929.75
1240.79	931.103
1241.67	918.246
1242.54	861.646
1243.41	851.64
1244.29	878.779
1245.16	864.051
1246.03	820.726
1246.91	872.723
1247.78	845.499
1248.65	827.688
1249.52	860.347
1250.4	851.852
1251.27	891.053
1252.14	877.762
1253.01	892.233
1253.88	903.917
1254.75	900.356
1255.62	900.593
1256.49	901.705
1257.36	961.956
1258.23	943.721
1259.1	972.211
1259.97	987.266
1260.84	977.489
1261.71	963.942
1262.57	988.638
1263.44	995.271
1264.31	1021.04
1265.18	1023.93
1266.05	1147.97
1266.91	1108.81
1267.78	1147.8
1268.65	1215.3
1269.51	1261.73
1270.38	1343.33
1271.24	1488.65
1272.11	1562.37
1272.97	1597.91
1273.84	1764.66
1274.7	1851.4
1275.57	1965.68
1276.43	2044.67
1277.3	2119.55
1278.16	2139.74
1279.02	2182.6
1279.89	2262.84
1280.75	2264
1281.61	2256.11
1282.48	2309.09
1283.34	2297.14
1284.2	2258.89
1285.06	2208.21
1285.92	2159.51
1286.78	2088.57
1287.65	2037.1
1288.51	1924.85
1289.37	1824.83
1290.23	1736.82
1291.09	1701.38
1291.95	1644.87
1292.81	1576.34
1293.67	1531.58
1294.52	1523.16
1295.38	1488.36
1296.24	1480.2
1297.1	1440.58
1297.96	1445.53
1298.81	1424.19
1299.67	1389.17
1300.53	1333.63
1301.39	1331.58
1302.24	1327.49
1303.1	1269.92
1303.95	1220.09
1304.81	1195.46
1305.67	1190.98
1306.52	1167.08
1307.38	1071.03
1308.23	1090.14
1309.09	1025.35
1309.94	997.334
1310.8	963.234
1311.65	935.981
1312.5	917.132
1313.35	907.013
1314.21	901.219
1315.06	882.211
1315.91	851.538
1316.77	837.951
1317.62	882.133
1318.47	889.271
1319.32	875.95
1320.17	859.381
1321.02	884.71
1321.87	897.324
1322.73	884.438
1323.57	896.626
1324.43	898.425
1325.28	913.096
1326.13	940.6
1326.97	932.359
1327.82	948.175
1328.67	932.366
1329.52	961.354
1330.37	970.101
1331.22	989.727
1332.06	1003.88
1332.91	991.499
1333.76	985.177
1334.61	988.365
1335.45	1003.9
1336.3	1015.11
1337.15	1030.28
1337.99	1021.73
1338.84	1045.52
1339.68	1026.59
1340.53	1034.21
1341.37	1031.34
1342.22	1052.85
1343.06	1022.25
1343.91	1048.95
1344.75	1067.49
1345.6	1051.7
1346.44	1088.62
1347.28	1083.78
1348.12	1084.54
1348.97	1056.56
1349.81	1064.49
1350.65	1109.5
1351.49	1107.15
1352.33	1084.17
1353.18	1082.89
1354.02	1115.64
1354.86	1127.97
1355.7	1148.42
1356.54	1163.33
1357.38	1173.81
1358.22	1200.91
1359.06	1194.44
1359.9	1210.97
1360.74	1201.75
1361.58	1226.17
1362.42	1196.22
1363.25	1208.85
1364.09	1189.84
1364.93	1196.84
1365.77	1199.45
1366.6	1201.71
1367.1	1220.73
1368.01	1209.22
1368.92	1233.07
1369.83	1194.83
1370.74	1146.62
1371.65	1123.89
1372.56	1143.4
1373.47	1149.06
1374.38	1141.89
1375.29	1075.67
1376.2	1063.51
1377.11	1072.9
1378.02	1032.1
1378.92	1051.17
1379.83	988.764
1380.74	1025.47
1381.65	973.876
1382.55	1011.4
1383.46	972.391
1384.37	966.568
1385.27	960.661
1386.18	936.197
1387.09	932.288
1387.99	942.083
1388.9	919.835
1389.8	942.41
1390.71	944.605
1391.61	952.662
1392.52	957.82
1393.42	972.648
1394.33	938.964
1395.23	919.753
1396.13	851.186
1397.04	878.303
1397.94	786.726
1398.84	768.643
1399.75	761.279
1400.65	726.099
1401.55	739.083
1402.46	730.871
1403.36	713.959
1404.26	686.455
1405.16	692.524
1406.06	705.319
1406.96	713.386
1407.87	702.427
1408.77	695.414
1409.67	679.886
1410.57	680.637
1411.47	711.938
1412.37	693.51
1413.27	710.344
1414.17	716.609
1415.07	727.593
1415.96	698.538
1416.86	739.015
1417.76	726.213
1418.66	781.979
1419.56	734.225
1420.46	790.251
1421.36	832.16
1422.25	841.832
1423.15	866.712
1424.05	867.713
1424.94	874.285
1425.84	971.072
1426.74	997.429
1427.63	1084.61
1428.53	1146.19
1429.42	1253.45
1430.32	1309.5
1431.22	1382.79
1432.11	1471.45
1433.01	1547.04
1433.9	1571.54
1434.79	1602.89
1435.69	1616.29
1436.58	1604.04
1437.48	1677.62
1438.37	1748.43
1439.26	1775.36
1440.16	1819.38
1441.05	1888.1
1441.94	1964.37
1442.83	2098.99
1443.73	2156.37
1444.62	2259.13
1445.51	2305.93
1446.4	2366.45
1447.29	2420.27
1448.18	2424.79
1449.08	2408.65
1449.97	2430.54
1450.86	2427.28
1451.75	2419.39
1452.64	2327.3
1453.53	2303.1
1454.42	2199.35
1455.31	2190.06
1456.19	2164.98
1457.08	2081.25
1457.97	1973.54
1458.86	1901.11
1459.75	1859.54
1460.64	1777.72
1461.52	1765.06
1462.41	1776.14
1463.3	1726.41
1464.19	1721.03
1465.07	1762.73
1465.96	1753.42
1466.85	1769.88
1467.73	1708.57
1468.62	1691.02
1469.51	1645.55
1470.39	1595.42
1471.28	1535.64
1472.16	1515.62
1473.05	1516.8
1473.93	1529.46
1474.82	1555.58
1475.7	1534.09
1476.58	1514.69
1477.47	1475.14
1478.35	1450.42
1479.24	1351.93
1480.12	1379.65
1481	1339.93
1481.88	1318.19
1482.77	1322.22
1483.65	1270.57
1484.53	1183.07
1485.41	1106.56
1486.29	1051.76
1487.18	905.277
1488.06	801.581
1488.94	730.795
1489.82	667.644
1490.7	587.928
1491.58	612.599
1492.46	521.299
1493.34	526.672
1494.22	487.733
1495.1	478.762
1495.98	478.481
1496.86	431.003
1497.73	429.716
1498.61	382.25
1499.49	378.054
1500.37	373.857
1501.25	369.68
1502.13	352.121
1503	361.404
1503.88	363.99
1504.76	344.6
1505.63	303.272
1506.51	287.745
1507.39	287.482
1508.26	302.453
1509.14	281.267
1510.01	290.567
1510.89	331.241
1511.76	291.185
1512.64	297.674
1513.51	283.253
1514.39	300.085
1515.26	242.987
1516.14	242.727
1517.01	269.861
1517.88	269.573
1518.76	266.473
1519.63	303.921
1520.5	251.907
1521.38	248.926
1522.25	243.165
1523.12	255.307
1523.99	236.452
1524.86	240.16
1525.74	230.69
1526.61	228.708
1527.48	226.702
1528.35	261.266
1529.22	240.494
1530.09	216.026
1530.96	241.255
1531.83	192.535
1532.7	219.697
1533.57	222.515
1534.44	209.406
1535.31	213.139
1536.18	229.03
1537.05	228.996
1537.92	255.185
1538.78	231.787
1539.65	211.235
1540.52	199.139
1541.39	202.054
1542.26	204.979
1543.12	200.392
1543.99	257.69
1544.86	187.352
1545.72	204.236
1546.59	199.535
1547.45	194.856
1548.32	200.552
1549.19	201.629
1550.05	170.824
1550.92	171.987
1551.78	176.924
1552.65	214.845
1553.51	200.865
1554.38	171.694
1555.24	197.263
1556.11	175.61
1556.97	205.989
1557.83	179.707
1558.7	164.784
1559.56	189.662
1560.42	169.937
1561.28	171.034
1562.14	199.666
1563.01	166.45
1563.87	199.841
1564.73	205.679
1565.59	197.279
1566.45	205.13
1567.31	211.12
1568.18	227.652
1569.04	201.127
1569.9	206.14
1570.76	208.245
1571.62	230.483
1572.48	230.651
1573.34	207.75
1574.19	256.981
1575.05	263.957
1575.91	259.403
1576.77	327.196
1577.63	339.101
1578.49	386.755
1579.34	450.878
1580.2	507.32
1581.06	549.299
1581.92	546.794
1582.77	535.612
1583.63	496.314
1584.49	440.438
1585.34	416.535
1586.2	359.471
1587.06	327.604
1587.91	327.824
1588.77	322.159
1589.62	354.505
1590.48	372.18
1591.33	398.581
1592.19	394.659
1593.04	464.87
1593.9	506.766
1594.75	537.993
1595.6	626.948
1596.46	758.098
1597.31	846.52
1598.16	988.879
1599.02	1100.05
1599.87	1151.45
1600.72	1213.39
1601.57	1224.13
1602.42	1114.2
1603.28	1013.92
1604.13	919.517
1604.98	828.161
1605.83	694.974
1606.68	614.73
1607.53	509.211
1608.38	495.519
1609.23	430.018
1610.08	386.911
1610.93	367.181
1611.78	340.61
1612.63	334.54
1613.48	296.388
1614.33	310.896
1615.18	270.941
1616.02	284.538
1616.87	252.378
1617.72	248.394
1618.57	227.834
1619.42	219.883
1620.26	272.125
1621.11	282.569
1621.96	245.528
1622.8	214.391
1623.65	236.586
1624.5	211.353
1625.34	232.603
1626.19	258.686
1627.03	274.12
1627.88	246.012
1628.72	228.542
1629.57	257.469
1630.41	307.609
1631.26	266.873
1632.1	258.981
1632.94	279.066
1633.79	271.176
1634.63	293.19
1635.47	283.43
1636.32	290.062
1637.16	307.281
1638	341.8
1638.84	318.597
1639.69	307.921
1640.53	353.994
1641.37	331.862
1642.21	346.294
1643.05	325.189
1643.89	335.805
1644.73	356.978
1645.58	356.025
1646.42	359.854
1647.26	357.916
1648.1	361.767
1648.93	362.789
1649.77	337.922
1650.61	348.71
1651.45	320.088
1652.29	364.629
1653.13	359.052
1653.97	337.961
1654.81	360.193
1655.64	330.311
1656.48	335.184
1657.32	339.183
1658.16	339.426
1658.99	340.721
1659.83	334.308
1660.67	335.579
1661.5	334.814
1662.34	330.08
1663.17	304.931
1664.01	324.394
1664.84	327.456
1665.68	330.619
1666.52	301.809
1667.35	306.04
1668.19	292.761
1669.02	298.924
1669.85	279.711
1670.69	294.595
1671.52	275.268
1672.35	267.622
1673.19	267.762
1674.02	271.813
1674.85	253.356
1675.69	229.036
1676.52	249.811
1677.35	244.169
1678.18	224.77
1679.01	235.784
1679.84	189.718
1680.68	240.982
1681.51	231.216
1682.34	218.47
1683.17	219.524
1684	220.608
1684.83	242.435
1685.66	247.537
1686.49	231.925
1687.32	222.209
1688.15	230.256
1688.98	222.477
1689.81	254.258
1690.63	238.53
1691.46	238.601
1692.29	229.711
1693.12	224.748
1693.94	235.622
1694.77	233.637
1695.6	242.593
1696.43	254.585
1697.25	275.562
1698.08	254.94
1698.91	271.988
1699.73	298.942
1700.56	317.908
1701.38	298.051
1702.21	305.956
1703.03	316.801
1703.86	327.632
1704.68	345.413
1705.51	351.297
1706.33	392.927
1707.16	392.893
1707.98	396.836
1708.8	419.632
1709.63	425.538
1710.45	454.229
1711.27	500.708
1712.1	519.356
1712.92	544.894
1713.74	562.499
1714.56	581.127
1715.38	575.073
1716.21	619.559
1717.03	633.35
1717.85	684.637
1718.67	726.805
1719.49	770.681
1720.31	792.622
1721.13	776.093
1721.95	858.359
1722.77	849.202
1723.59	908.284
1724.41	937.916
1725.23	982.23
1726.05	959.282
1726.87	999.039
1727.68	1045.36
1728.5	1032.56
1729.32	1084.66
1730.14	1054.47
1730.96	1068.65
1731.77	1064.27
1732.59	1100.01
1733.41	1068.01
1734.22	1048.63
1735.04	1073.22
1735.86	990.357
1736.67	975.081
1737.49	948.184
1738.3	930.094
1739.12	908.051
1739.93	842.13
1740.75	822.006
1741.56	759.136
1742.38	720.707
1743.19	681.432
1744.01	621.859
1744.82	618.631
1745.63	577.585
1746.45	549.192
1747.26	507.299
1748.07	452.903
1748.89	393.748
1749.7	380.129
1750.51	353.928
1751.32	371.25
1752.13	314.082
1752.95	296.597
1753.76	258.851
1754.57	245.308
1755.38	262.697
1756.19	209.528
1757	222.027
1757.81	219.021
1758.62	200.542
1759.43	184.979
1760.24	193.58
1761.05	197.398
1761.86	187.774
1762.67	173.358
1763.48	184.961
1764.28	137.745
1765.09	162.799
1765.9	160.863
1766.71	162.807
1767.52	145.512
1768.32	157.168
1769.13	142.801
1769.94	150.603
1770.74	115.901
1771.55	143.936
1772.35	152.66
1773.16	128.538
1773.97	116.02
1774.77	147.014
1775.58	131.601
1776.38	107.464
1777.19	116.217
1777.99	113.369
1778.8	111.503
1779.6	117.416
1780.41	108.809
1781.21	80.7804
1782.01	146.934
1782.82	94.5702
1783.62	104.372
1784.42	94.7051
1785.22	121.076
1786.03	106.533
1786.83	130.038
1787.63	112.564
1788.43	128.292
1789.23	123.499
1790.04	89.3373
1790.84	117.778
1791.64	104.133
1792.44	76.7606
1793.24	92.5164
1794.04	120.095
1794.84	102.553
1795.64	79.1008
1796.44	80.2018
1797.24	98.0303
1798.04	96.1559
1798.83	124.84
1799.63	111.09
1800.43	117.064
1801.23	91.4102
1802.03	112.229
1802.83	119.219
1803.62	115.325
1804.42	88.6336
1805.22	105.52
1806.01	99.6031
1806.81	111.544
1807.61	113.58
1808.4	119.599
1809.2	94.8593
1809.99	101.884
1810.79	102.934
1811.58	138.765
1812.38	115.886
1813.17	117.84
1813.97	93.9121
1814.76	108.807
1815.56	104.836
1816.35	111.854
1817.15	93.0388
1817.94	111.04
1818.73	114.089
1819.53	86.213
1820.32	112.07
1821.11	90.0883
1821.9	93.0256
1822.7	99.9736
1823.49	102.96
1824.28	86.0405
1825.07	79.0637
1825.86	85.0034
1826.65	96.901
1827.44	79.9585
1828.23	108.79
1829.02	102.834
1829.81	117.758
1830.6	100.856
1831.39	89.8869
1832.18	104.731
1832.97	93.7159
1833.76	72.7747
1834.55	108.418
1835.34	86.5212
1836.13	89.441
1836.91	86.4225
1837.7	90.3293
1838.49	103.131
1839.28	70.4313
1840.06	99.0013
1840.85	107.762
1841.64	113.558
1842.42	89.7867
1843.21	98.5792
1844	99.5259
1844.78	103.457
1845.57	78.8908
1846.35	85.7658
1847.14	97.5211
1847.92	71.9501
1848.71	93.4907
1849.49	85.6056
1850.28	106.174
1851.06	99.3032
1851.84	104.183
1852.63	96.3097
1853.41	99.1877
1854.2	90.302
1854.98	121.524
1855.76	84.2682
1856.54	92.0103
1857.32	116.351
1858.11	84.0679
1858.89	82.0637
1859.67	81.0534
1860.45	87.8587
1861.23	79.1128
1862.01	115.152
1862.79	93.7684
1863.58	77.2302
1864.36	71.358
1865.14	81.0118
1865.92	96.4626
1866.7	77.8798
1867.47	85.5619
1868.25	109.753
1869.03	91.2978
1869.81	76.7849
1870.59	83.6122
1871.37	107.878
1872.15	80.7852
1872.92	67.2248
1873.7	91.4174
1874.48	90.42
1875.26	90.408
1876.03	81.7144
1876.81	86.6051
1877.59	71.1762
1878.36	93.5109
1879.14	95.483
1879.91	81.9171
1880.69	109.043
1881.46	85.7558
1882.24	73.1541
1883.02	120.695
1883.79	59.6611
1884.56	82.0228
1885.34	79.1583
1886.11	80.1502
1886.89	113.163
1887.66	93.7527
1888.43	99.5956
1889.21	55.9226
1889.98	106.512
1890.75	96.9033
1891.52	94.1226
1892.3	79.6843
1893.07	108.093
1893.84	60.471
1894.61	102.526
1895.38	87.9065
1896.15	112.327
1896.92	90.7394
1897.69	97.5207
1898.47	109.24
1899.24	79.915
1900.01	116.25
1900.77	87.0488
1901.54	107.799
1902.31	88.3502
1903.08	79.5961
1903.85	65.863
1904.62	104.24
1905.39	99.3506
1906.16	105.296
1906.92	68.8902
1907.69	90.6275
1908.46	89.7161
1909.23	88.8119
1909.99	106.697
1910.76	80.1212
1911.53	101.003
1912.29	101.104
1913.06	111.101
1913.83	99.2867
1914.59	99.3397
1915.36	75.5374
1916.12	80.5259
1916.89	84.5093
1917.65	100.426
1918.42	73.5819
1919.18	82.5476
1919.95	92.5349
1920.71	57.756
1921.47	89.711
1922.24	75.888
1923	113.932
1923.76	81.1457
1924.53	103.212
1925.29	99.2719
1926.05	99.277
1926.81	112.246
1927.57	63.1287
1928.34	87.1097
1929.1	100.09
1929.86	83.0392
1930.62	90.0336
1931.38	92.0374
1932.14	97.0634
1932.9	80.0961
1933.66	116.214
1934.42	89.2668
1935.18	113.369
1935.94	100.36
1936.7	111.334
1937.46	105.219
1938.22	76.0346
1938.98	91.9827
1939.74	108.962
1940.49	103.97
1941.25	76.9963
1942.01	95.0432
1942.77	114.04
1943.52	110.956
1944.28	92.8261
1945.04	116.65
1945.79	88.5342
1946.55	118.357
1947.31	113.28
1948.06	87.3392
1948.82	88.3175
1949.57	125.118
1950.33	102.215
1951.08	80.3262
1951.84	101.166
1952.59	105.093
1953.35	83.1654
1954.1	106.865
1954.85	115.611
1955.61	102.545
1956.36	92.4736
1957.11	105.229
1957.87	101.242
1958.62	101.256
1959.37	96.3454
1960.12	93.3923
1960.88	115.997
1961.63	90.2706
1962.38	79.3056
1963.13	112.608
1963.88	87.9349
1964.63	120.251
1965.39	98.5932
1966.13	88.6987
1966.88	90.5334
1967.64	92.308
1968.39	137.048
1969.13	90.9543
1969.88	123.954
1970.63	98.5557
1971.38	91.7538
1972.13	88.8989
1972.88	130.702
1973.63	103.531
1974.38	94.7277
1975.12	103.309
1975.87	83.7539
1976.62	116.508
1977.37	87.3344
1978.11	93.0488
1978.86	103.667
1979.61	98.8934
1980.35	105.717
1981.1	85.5389
1981.84	144.344
1982.59	90.3132
1983.33	103.67
1984.08	105.411
1984.83	109.061
1985.57	85.8058
1986.31	102.978
1987.06	91.4093
1987.8	108.67
1988.55	102.937
1989.29	92.4381
1990.03	102.975
1990.78	73.3099
1991.52	101.98
1992.26	103.871
1993	132.55
1993.75	77.1619
1994.49	85.8541
1995.23	94.5751
1995.97	116.693
1996.71	105.331
1997.45	108.292
1998.19	88.2109
1998.93	112.176
1999.68	115.039
2000.42	111.197
2001.16	80.5259
2001.9	108.383
2002.63	96.9448
2003.37	109.504
2004.11	89.4248
2004.85	77.9505
2005.59	91.436
2006.33	119.336
2007.07	95.3115
2007.8	78.9885
2008.54	80.9722
2009.28	104.179
2010.02	118.776
2010.76	74.585
2011.49	101.715
2012.23	86.369
2012.97	73.8481
2013.7	102.87
2014.44	76.7473
2015.17	112.578
2015.91	77.7602
2016.64	114.684
2017.38	108.068
2018.11	114.08
2018.85	95.8367
2019.58	107.672
2020.32	82.4902
2021.05	99.1498
2021.78	83.0833
2022.52	106.265
2023.25	77.3399
2023.98	99.8685
2024.72	109.995
2025.45	74.9074
2026.18	94.1115
2026.91	105.828
2027.65	133.593
2028.38	111.777
2029.11	99.4887
2029.84	123.285
2030.57	106.222
2031.3	119.673
2032.03	111.059
2032.76	119.851
2033.49	88.4479
2034.22	115.261
2034.95	85.9394
2035.68	97.6387
2036.41	105.556
2037.14	95.5983
2037.87	113.699
2038.6	97.1828
2039.33	97.7253
2040.05	91.2468
2040.78	97.1931
2041.51	126.607
2042.24	109.666
2042.96	87.2894
2043.69	92.4018
2044.42	80.406
2045.14	91.4681
2045.87	71.3268
2046.6	98.9539
2047.32	108.176
2048.05	114.168
2048.77	82.8913
2049.5	88.2864
2050.23	87.5686
2050.95	84.5485
2051.67	102.551
2052.4	99.9676
2053.12	99.5172
2053.85	100.538
2054.57	102.528
2055.29	90.1497
2056.02	116.186
2056.74	117.139
2057.46	97.8391
2058.18	86.5953
2058.91	102.527
2059.63	102.638
2060.35	87.06
2061.07	101.73
2061.79	103.031
2062.52	84.0801
2063.24	100.143
2063.96	104.773
2064.68	107.404
2065.4	105.929
2066.12	102.156
2066.84	115.558
2067.56	109.339
2068.28	112.837
2069	115.407
2069.72	122.995
2070.43	110.141
2071.15	104.103
2071.87	103.085
2072.59	112.681
2073.31	125.903
2074.02	89.7612
2074.74	98.8317
2075.46	108.843
2076.18	101.452
2076.89	107.611
2077.61	107.358
2078.33	114.355
2079.04	97.4064
2079.76	106.205
2080.47	85.0096
2081.19	87.3824
2081.9	99.2529
2082.62	100.257
2083.33	106.335
2084.05	103.239
2084.76	108.142
2085.48	97.7031
2086.19	116.181
2086.9	113.58
2087.62	92.4842
2088.33	116.726
2089.04	116.691
2089.75	122.002
2090.47	124.96
2091.18	115.689
2091.89	111.844
2092.6	94.7297
2093.31	85.9147
2094.03	101.851
2094.74	108.905
2095.45	99.2172
2096.16	117.971
2096.87	111.678
2097.58	119.191
2098.29	123.754
2099	101.25
2099.71	103.741
2100.42	103.125
2101.13	88.6537
2101.84	129.851
2102.55	112.205
2103.25	109.109
2103.96	106.037
2104.67	93.6432
2105.38	130.588
2106.09	113.7
2106.79	95.5466
2107.5	98.6515
2108.21	105.095
2108.91	104.186
2109.62	90.0699
2110.33	103.399
2110.99	112.282
2111.77	93.5886
2112.55	109.196
2113.33	86.551
2114.1	102.098
2114.88	102.973
2115.66	129.268
2116.43	109.705
2117.21	125.316
2117.99	135.077
2118.76	93.0861
2119.54	139.902
2120.31	139.842
2121.09	105.646
2121.86	109.493
2122.64	119.188
2123.41	109.405
2124.19	112.294
2124.96	126.876
2125.74	114.213
2126.51	76.25
2127.28	129.843
2128.06	134.756
2128.83	130.891
2129.61	129.934
2130.38	109.46
2131.15	117.258
2131.92	102.63
2132.7	112.39
2133.47	119.235
2134.24	118.28
2135.01	124.155
2135.78	107.577
2136.55	116.378
2137.33	117.377
2138.1	93.9608
2138.87	104.747
2139.64	105.777
2140.41	88.226
2141.18	95.1461
2141.95	115.813
2142.72	143.39
2143.49	110.105
2144.26	125.901
2145.03	140.718
2145.8	111.259
2146.57	109.343
2147.33	122.221
2148.1	116.401
2148.87	137.239
2149.64	141.317
2150.41	70.2125
2151.17	101.928
2151.94	102.972
2152.71	113.929
2153.48	100.118
2154.24	100.196
2155.01	105.255
2155.78	131.221
2156.54	91.5109
2157.31	123.49
2158.08	124.588
2158.84	78.7408
2159.61	113.76
2160.37	114.813
2161.14	109.854
2161.9	91.8802
2162.67	101.935
2163.43	92.9822
2164.2	122.152
2164.96	115.25
2165.72	140.511
2166.49	118.504
2167.25	94.4136
2168.01	97.4797
2168.78	93.4717
2169.54	105.594
2170.3	110.672
2171.07	87.5052
2171.83	121.915
2172.59	137.182
2173.35	110.977
2174.11	97.8811
2174.88	107.044
2175.64	111.119
2176.4	111.121
2177.16	90.8916
2177.92	101.088
2178.68	106.235
2179.44	103.284
2180.2	77.9995
2180.96	100.446
2181.72	100.545
2182.48	132.168
2183.24	125.131
2184	126.217
2184.76	139.506
2185.52	116.142
2186.28	137.567
2187.04	109.111
2187.79	116.291
2188.55	112.276
2189.31	127.61
2190.07	141.93
2190.83	141.99
2191.58	149.179
2192.34	132.931
2193.1	135.014
2193.85	129.949
2194.61	142.18
2195.37	120.782
2196.12	161.451
2196.88	127.838
2197.63	166.415
2198.39	110.524
2199.15	124.752
2199.9	120.72
2200.66	141.057
2201.41	128.901
2202.16	148.181
2202.92	146.122
2203.67	155.195
2204.43	107.545
2205.18	126.773
2205.93	141.966
2206.69	128.849
2207.44	149.143
2208.19	96.5651
2208.95	121.904
2209.7	139.119
2210.45	151.245
2211.2	89.553
2211.95	144.113
2212.71	124.9
2213.46	132.961
2214.21	120.835
2214.96	125.857
2215.71	138.924
2216.46	138.871
2217.21	148.866
2217.96	134.709
2218.71	136.639
2219.46	119.508
2220.21	136.502
2220.96	136.462
2221.71	117.419
2222.46	123.427
2223.21	141.437
2223.96	127.416
2224.71	151.37
2225.46	135.325
2226.21	144.247
2226.95	174.1
2227.7	171.047
2228.45	144.113
2229.2	188.887
2229.94	169.944
2230.69	226.604
2231.44	246.431
2232.18	252.326
2232.93	250.262
2233.68	307.739
2234.42	290.724
2235.17	281.641
2235.92	287.423
2236.66	292.225
2237.41	301.999
2238.15	279.17
2238.9	298.887
2239.64	285.992
2240.38	243.468
2241.13	217.749
2241.87	226.588
2242.62	220.614
2243.36	198.867
2244.1	191.924
2244.85	189.917
2245.59	177.081
2246.33	174.104
2247.08	146.531
2247.82	147.507
2248.56	171.089
2249.3	140.586
2250.05	127.785
2250.79	145.426
2251.53	147.356
2252.27	150.279
2253.01	183.61
2253.75	162.064
2254.49	136.62
2255.23	154.314
2255.97	127.902
2256.71	155.4
2257.45	124.069
2258.19	135.854
2258.93	126.063
2259.67	139.779
2260.41	115.302
2261.15	132.949
2261.89	141.807
2262.63	139.923
2263.36	124.344
2264.1	115.62
2264.84	135.321
2265.58	131.482
2266.32	128.605
2267.05	112.956
2267.79	148.312
2268.53	125.778
2269.26	157.198
2270	150.372
2270.74	139.639
2271.48	124.015
2272.21	138.824
2272.95	132.057
2273.68	124.31
2274.42	99.8433
2275.15	138.311
2275.89	137.441
2276.62	154.287
2277.36	139.606
2278.09	132.787
2278.83	119.056
2279.56	137.849
2280.29	147.77
2281.03	138.958
2281.76	134.092
2282.49	123.315
2283.23	121.427
2283.96	152.14
2284.69	128.559
2285.42	119.782
2286.16	117.911
2286.89	153.633
2287.62	124.999
2288.35	129.019
2289.08	143.934
2289.81	135.099
2290.55	138.174
2291.28	116.484
2292.01	137.457
2292.74	140.591
2293.47	140.745
2294.2	104.069
2294.93	136.032
2295.66	136.129
2296.39	117.273
2297.11	132.279
2297.85	115.394
2298.57	132.406
2299.3	149.447
2300.03	128.613
2300.76	123.743
2301.49	114.87
2302.22	115.974
2302.94	99.0615
2303.67	127.153
2304.4	125.235
2305.12	129.331
2305.85	120.418
2306.58	132.556
2307.31	119.63
2308.03	128.761
2308.76	140.899
2309.48	123.907
2310.21	137.038
2310.93	129.077
2311.66	118.105
2312.38	104.116
2313.11	110.241
2313.83	126.438
2314.56	132.568
2315.28	123.579
2316.01	118.607
2316.73	102.548
2317.45	147.979
2318.18	144.038
2318.9	136.065
2319.62	111.936
2320.35	118.071
2321.07	126.221
2321.79	134.368
2322.52	119.28
2323.24	128.442
2323.96	87.0742
2324.68	88.1503
2325.4	100.351
2326.12	99.4011
2326.84	97.4334
2327.56	108.615
2328.29	39.856
2329.01	78.3643
2329.73	65.2629
2330.45	65.3224
2331.17	52.213
2331.89	93.8124
2332.61	105.017
2333.32	125.336
2334.04	98.0127
2334.76	138.593
2335.48	83.9091
2336.2	111.326
2336.92	109.359
2337.64	134.772
2338.35	89.2
2339.07	111.57
2339.79	130.895
2340.51	103.556
2341.23	63.0249
2341.94	106.721
2342.66	85.4791
2343.37	89.6175
2344.09	85.626
2344.81	96.8659
2345.52	87.7598
2346.24	108.105
2346.95	89.8275
2347.67	97.9617
2348.38	96.9688
2349.1	83.8171
2349.82	106.213
2350.53	74.8087
2351.24	72.8462
2351.96	76.974
2352.67	101.423
2353.39	109.592
2354.1	103.517
2354.81	94.3931
2355.53	87.3076
2356.24	91.4029
2356.95	101.599
2357.66	98.5993
2358.38	60.054
2359.09	72.2972
2359.8	86.5817
2360.51	78.5159
2361.22	79.6022
2361.94	102.062
2362.65	85.863
2363.36	87.9799
2364.07	78.8826
2364.78	69.7693
2365.49	94.2825
2366.2	88.205
2366.91	118.813
2367.62	88.2703
2368.33	80.1563
2369.04	60.8401
2369.75	50.6965
2370.46	105.775
2371.16	91.556
2371.87	71.2182
2372.58	71.2637
2373.29	83.5419
2374	90.7267
2374.71	78.5429
2375.41	85.7285
2376.12	86.7958
2376.83	75.6265
2377.53	76.6953
2378.24	56.3481
2378.95	90.0662
2379.65	69.7171
2380.36	62.6249
2381.07	83.0845
2381.77	104.56
2382.48	85.209
2383.18	78.1126
2383.89	79.1926
2384.59	103.776
2385.3	94.6669
2386	113.148
2386.71	74.3541
2387.41	51.8983
2388.12	61.1342
2388.82	121.46
2389.52	69.3663
2390.23	95.9633
2390.93	38.8002
2391.63	110.367
2392.34	73.6335
2393.04	95.1329
2393.74	96.186
2394.44	96.2146
2395.15	97.2719
2395.85	91.1932
2396.55	105.558
2397.25	85.1873
2397.95	59.6894
2398.65	92.4439
2399.35	82.2516
2400.05	62.8601
2400.75	73.0955
2401.45	85.3667
2402.15	55.7991
2402.85	133.392
2403.55	56.907
2404.25	111.057
2404.95	93.7674
2405.65	103.021
2406.35	89.8013
2407.05	100.069
2407.75	82.751
2408.44	104.256
2409.14	67.5221
2409.84	110.498
2410.54	123.844
2411.24	87.0945
2411.93	85.0914
2412.63	93.3008
2413.33	77.9963
2414.02	105.598
2414.72	92.3355
2415.42	100.519
2416.11	109.722
2416.81	105.664
2417.5	105.695
2418.2	127.153
2418.9	91.4997
2419.59	82.3663
2420.28	91.5887
2420.98	77.3422
2421.67	107.951
2422.37	96.7437
2423.06	127.306
2423.75	92.6943
2424.45	115.127
2425.14	85.6561
2425.84	96.9265
2426.53	86.8121
2427.22	63.4336
2427.91	96.1105
2428.61	79.838
2429.3	105.344
2429.99	87.0082
2430.68	80.8995
2431.37	95.1389
2432.07	108.34
2432.76	118.485
2433.45	117.468
2434.14	77.8986
2434.83	66.7736
2435.52	84.0762
2436.21	110.515
2436.9	108.518
2437.59	91.2839
2438.28	120.703
2438.97	91.2917
2439.66	107.5
2440.35	99.401
2441.04	74.1141
2441.72	108.546
2442.41	97.4429
2443.1	116.682
2443.79	126.803
2444.48	110.634
2445.16	113.672
2445.85	83.3887
2446.54	107.651
2447.23	117.782
2447.91	92.5844
2448.6	99.6896
2449.29	90.6399
2449.97	133.053
2450.66	75.5644
2451.34	138.136
2452.03	138.164
2452.72	106.937
2453.4	114.037
2454.09	126.17
2454.77	111.064
2455.46	94.9442
2456.14	142.272
2456.82	98.965
2457.51	114.052
2458.19	137.186
2458.88	131.18
2459.56	120.168
2460.24	122.235
2460.92	91.1232
2461.61	121.352
2462.29	137.503
2462.97	168.739
2463.66	135.581
2464.34	110.462
2465.02	158.744
2465.7	100.438
2466.38	153.693
2467.06	137.613
2467.75	125.572
2468.42	98.4958
2469.11	126.64
2469.79	128.704
2470.47	139.815
2471.15	164.994
2471.83	151.005
2472.51	165.128
2473.19	132.021
2473.86	130.045
2474.54	163.217
2475.22	129.097
2475.9	127.126
2476.58	122.154
2477.26	151.345
2477.94	140.374
2478.61	147.49
2479.29	151.592
2479.97	132.557
2480.65	112.5
2481.32	112.549
2482	130.703
2482.68	163.952
2483.35	125.784
2484.03	133.891
2484.71	144.007
2485.38	167.192
2486.06	119.929
2486.73	124.984
2487.41	141.102
2488.08	123.033
2488.76	116.042
2489.43	136.225
2490.11	121.211
2490.78	137.4
2491.45	105.26
2492.13	132.532
2492.8	131.596
2493.48	113.519
2494.15	140.799
2494.82	143.896
2495.49	102.623
2496.17	145.091
2496.84	143.184
2497.51	161.487
2498.18	104.99
2498.86	149.564
2499.53	130.411
2500.2	131.468
2500.87	156.798
2501.54	142.687
2502.21	181.21
2502.88	133.746
2503.55	154.117
2504.22	149.176
2504.89	167.543
2505.56	128.07
2506.23	154.517
2506.9	146.457
2507.57	163.774
2508.24	151.671
2508.91	158.874
2509.58	151.865
2510.25	156.023
2510.91	160.166
2511.58	155.142
2512.25	180.62
2512.92	181.696
2513.59	170.58
2514.25	158.456
2514.92	120.883
2515.59	138.277
2516.25	162.809
2516.92	143.525
2517.59	171.106
2518.25	181.356
2518.92	154.907
2519.58	148.844
2520.25	151.963
2520.91	155.095
2521.58	143.962
2522.24	136.917
2522.91	151.322
2523.57	163.705
2524.24	147.469
2524.9	162.922
2525.56	167.12
2526.23	161.074
2526.89	188.818
2527.55	135.633
2528.22	145.951
2528.88	181.886
2529.54	169.635
2530.21	158.396
2530.87	158.43
2531.53	149.252
2532.19	164.697
2532.85	189.414
2533.51	152.615
2534.18	167.119
2534.84	150.803
2535.5	187.891
2536.16	167.384
2536.82	197.202
2537.48	153.012
2538.14	156.094
2538.8	172.541
2539.46	137.677
2540.12	136.721
2540.78	138.865
2541.44	168.777
2542.09	165.804
2542.75	161.785
2543.41	174.206
2544.07	153.667
2544.73	175.289
2545.39	170.127
2546.04	191.678
2546.7	180.327
2547.36	165.92
2548.02	179.263
2548.67	176.207
2549.33	183.438
2549.98	184.527
2550.64	189.728
2551.3	183.634
2551.95	191.915
2552.61	174.522
2553.26	185.888
2553.92	196.223
2554.57	176.749
2555.23	210.669
2555.88	221.945
2556.54	199.313
2557.19	226.955
2557.85	159.228
2558.5	205.336
2559.15	234.026
2559.81	219.709
2560.46	215.66
2561.11	209.566
2561.77	233.175
2562.42	227.046
2563.07	244.444
2563.72	222.897
2564.37	235.118
2565.03	223.81
2565.68	230.937
2566.33	223.79
2566.98	227.926
2567.63	217.774
2568.28	227.044
2568.93	218.907
2569.58	249.579
2570.23	195.385
2570.88	237.241
2571.53	268.873
2572.18	249.488
2572.83	234.223
2573.48	238.373
2574.13	244.561
2574.78	244.6
2575.43	252.781
2576.07	248.69
2576.72	252.756
2577.37	238.458
2578.02	272.113
2578.67	248.643
2579.31	201.726
2579.96	222.086
2580.61	242.414
2581.26	238.279
2581.9	254.514
2582.55	233.127
2583.19	253.498
2583.84	250.51
2584.49	237.367
2585.13	213.018
2585.78	239.524
2586.42	238.5
2587.07	268.952
2587.71	233.265
2588.36	234.174
2589	230.018
2589.65	250.237
2590.29	256.282
2590.93	220.798
2591.58	254.281
2592.22	233.048
2592.86	268.607
2593.51	243.35
2594.15	250.552
2594.79	228.337
2595.43	289.332
2596.07	257.957
2596.72	251.925
2597.36	259.058
2598	275.293
2598.64	211.343
2599.28	232.635
2599.92	259.003
2600.56	263.083
2601.2	285.444
2601.85	267.26
2602.49	272.4
2603.13	270.424
2603.76	235.968
2604.4	286.694
2605.04	250.195
2605.68	246.155
2606.32	247.192
2606.96	277.627
2607.6	291.827
2608.24	257.36
2608.88	283.673
2609.51	266.419
2610.15	266.4
2610.79	255.281
2611.43	269.513
2612.06	225.059
2612.7	274.81
2613.34	249.615
2613.97	244.671
2614.61	228.554
2615.25	307.763
2615.88	251.046
2616.52	269.395
2617.15	245.129
2617.79	264.512
2618.42	274.773
2619.06	228.159
2619.69	249.585
2620.33	243.571
2620.96	239.571
2621.6	245.719
2622.23	237.635
2622.86	265.128
2623.5	254.016
2624.13	253.086
2624.76	230.812
2625.4	239.044
2626.03	250.321
2626.66	270.744
2627.29	280.98
2627.93	252.543
2628.56	266.859
2629.19	261.855
2629.82	284.361
2630.45	275.314
2631.08	267.279
2631.71	284.706
2632.34	257.278
2632.98	240.029
2633.61	309.453
2634.24	277.951
2634.87	288.287
2635.5	308.855
2636.12	277.36
2636.75	282.612
2637.38	285.812
2638.01	270.599
2638.64	294.224
2639.27	280
2639.9	294.401
2640.53	266.843
2641.15	307.817
2641.78	302.746
2642.41	270.056
2643.04	288.538
2643.66	324.446
2644.29	299.996
2644.92	301.143
2645.54	266.436
2646.17	259.356
2646.8	304.505
2647.42	306.601
2648.05	329.173
2648.67	312.808
2649.3	305.675
2649.92	288.317
2650.55	311.966
2651.17	313.104
2651.8	317.34
2652.42	332.875
2653.05	311.483
2653.67	319.826
2654.29	303.508
2654.92	304.609
2655.54	331.354
2656.16	286.215
2656.79	311.924
2657.41	312.162
2658.03	347.771
2658.65	357.608
2659.27	337.49
2659.9	351.306
2660.52	329.179
2661.14	376.468
2661.76	340.596
2662.38	383.521
2663	322.811
2663.62	350.523
2664.24	348.862
2664.86	370.668
2665.48	366.388
2666.1	388.214
2666.72	348.724
2667.34	373.41
2667.96	377.372
2668.58	360.931
2669.2	364.571
2669.82	378.027
2670.44	349.401
2671.05	364.401
2671.67	367.773
2672.29	413.875
2672.91	388.975
2673.53	419.131
2674.14	402.412
2674.76	380.08
2675.38	387.029
2675.99	397.949
2676.61	409.104
2677.23	462.131
2677.84	434.135
2678.46	464.326
2679.07	474.492
2679.69	505.668
2680.3	508.709
2680.92	504.939
2681.53	563.074
2682.15	602.761
2682.76	595.809
2683.38	605.097
2683.99	635.207
2684.61	596.712
2685.22	606.629
2685.83	581.86
2686.44	573.178
2687.06	604.997
2687.67	577.629
2688.28	610.999
2688.9	600.159
2689.51	602.134
2690.12	630.46
2690.73	633.573
2691.34	627.262
2691.96	645.618
2692.57	649.97
2693.18	664.605
2693.79	656.501
2694.4	676.971
2695.01	687.02
2695.62	692.078
2696.23	678.74
2696.84	660.08
2697.45	660.057
2698.06	681.802
2698.67	697.352
2699.28	709.005
2699.88	684.362
2700.49	675.905
2701.1	682.199
2701.71	684.229
2702.32	674.396
2702.93	692.983
2703.53	659.626
2704.14	702.569
2704.75	724.219
2705.36	726.033
2705.96	719.981
2706.57	729.657
2707.17	742.025
2707.78	744.644
2708.39	747.769
2708.99	771.054
2709.6	760.231
2710.2	761.087
2710.81	773.911
2711.41	823.59
2712.02	832.729
2712.62	822.412
2713.23	824.126
2713.83	828.358
2714.44	836.107
2715.04	830.809
2715.64	860.389
2716.25	888.59
2716.85	882.545
2717.45	904.843
2718.05	914.628
2718.66	919.444
2719.26	931.389
2719.86	925.638
2720.46	921.193
2721.06	961.047
2721.67	928.585
2722.27	935.612
2722.87	976.364
2723.47	1001.96
2724.07	1011.27
2724.67	1008.36
2725.27	1007.06
2725.71	1019.28
2726.38	1031.32
2727.06	1029.96
2727.73	1049.85
2728.4	1033.09
2729.07	1068.23
2729.74	1052.69
2730.42	1052.59
2731.09	1078.12
2731.76	1085.56
2732.43	1092.1
2733.1	1100.72
2733.77	1106.24
2734.44	1059.75
2735.11	1145.42
2735.78	1139.32
2736.45	1132.04
2737.12	1174.51
2737.79	1188.4
2738.46	1183.95
2739.13	1166.35
2739.8	1147.87
2740.47	1168.21
2741.14	1138.95
2741.81	1151.55
2742.47	1095.09
2743.14	1145.47
2743.81	1107.26
2744.48	1110.69
2745.15	1109.95
2745.81	1100
2746.48	1069.67
2747.15	1062.82
2747.81	1043.75
2748.48	1077.69
2749.15	1029.93
2749.81	1069.75
2750.48	1059.44
2751.15	1043.95
2751.81	1010.16
2752.48	994.891
2753.14	1004.34
2753.81	985.435
2754.47	947.23
2755.14	904.828
2755.8	920.469
2756.47	879.695
2757.13	883.74
2757.8	878.532
2758.46	870.317
2759.13	834.641
2759.79	836.915
2760.45	842.339
2761.12	841.604
2761.78	861.208
2762.44	892.94
2763.1	849.875
2763.77	838.516
2764.43	806.792
2765.09	862.166
2765.76	814.39
2766.42	838.367
2767.08	845.014
2767.74	870.091
2768.4	897.159
2769.06	885.16
2769.72	897.679
2770.38	918.344
2771.05	921.55
2771.71	948.399
2772.37	956.856
2773.03	967.46
2773.69	990.464
2774.35	997.033
2775.01	1055.96
2775.67	1089.07
2776.33	1159.08
2776.99	1192.01
2777.64	1202.33
2778.3	1278.55
2778.96	1332.25
2779.62	1356.16
2780.28	1373.84
2780.94	1369.8
2781.59	1415.05
2782.25	1384.15
2782.91	1338.95
2783.57	1389.65
2784.22	1323.2
2784.88	1354.68
2785.54	1344.94
2786.2	1320.55
2786.85	1338.07
2787.51	1318.14
2788.16	1320.69
2788.82	1321.2
2789.48	1297.22
2790.13	1310.65
2790.79	1349.12
2791.44	1377.51
2792.1	1360.55
2792.75	1411.38
2793.41	1410.34
2794.06	1433.73
2794.72	1406.45
2795.37	1409
2796.02	1431.15
2796.68	1478.1
2797.33	1418.21
2797.98	1536.46
2798.64	1484.06
2799.29	1515.1
2799.94	1515.33
2800.6	1515.59
2801.25	1576.61
2801.9	1565.56
2802.55	1606.99
2803.21	1615.39
2803.86	1632.93
2804.51	1620.49
2805.16	1629.57
2805.81	1724.07
2806.46	1697.11
2807.11	1754.59
2807.77	1805.89
2808.42	1769.66
2809.07	1836.22
2809.72	1824.43
2810.37	1896.87
2811.02	1936.34
2811.67	1920.44
2812.32	1918.11
2812.97	1988.96
2813.61	1975.75
2814.26	2054.11
2814.91	2017.4
2815.56	2016.59
2816.21	2132.88
2816.86	2138.02
2817.51	2129.65
2818.15	2197.19
2818.8	2195.71
2819.45	2250.65
2820.1	2235.77
2820.74	2295.05
2821.39	2315.64
2822.04	2420.75
2822.69	2437.66
2823.33	2468.8
2823.98	2453.32
2824.63	2526.77
2825.27	2545.43
2825.92	2566.06
2826.56	2629.96
2827.21	2664.44
2827.85	2678.79
2828.5	2743.71
2829.14	2761.65
2829.79	2788.97
2830.43	2776.39
2831.08	2861.44
2831.72	2829.38
2832.37	2858.82
2833.01	3002.1
2833.65	2964.24
2834.3	2997.01
2834.94	3098.38
2835.58	3157.4
2836.23	3131
2836.87	3184.68
2837.51	3187.13
2838.16	3264.85
2838.8	3355.32
2839.44	3394.88
2840.08	3398.66
2840.72	3539.98
2841.36	3506.3
2842.01	3640.72
2842.65	3691.72
2843.29	3691.37
2843.93	3802.09
2844.57	3835.93
2845.21	3945.85
2845.85	4046.56
2846.49	4122.76
2847.13	4180.8
2847.77	4245.55
2848.41	4332.37
2849.05	4348.42
2849.69	4416.55
2850.33	4432.44
2850.97	4453.47
2851.61	4393.44
2852.24	4446.18
2852.88	4523.85
2853.52	4663.99
2854.16	4637.85
2854.8	4587.89
2855.43	4729.34
2856.07	4824.22
2856.71	4908.1
2857.35	4931.68
2857.98	5006.47
2858.62	5037.45
2859.26	5207.11
2859.89	5319.12
2860.53	5502.72
2861.16	5652.22
2861.8	5812.36
2862.44	6070.54
2863.07	6173.57
2863.71	6407.31
2864.34	6595.04
2864.98	6895.66
2865.61	7024.74
2866.25	7285.91
2866.88	7412.92
2867.52	7660.03
2868.15	7854.07
2868.78	8053.96
2869.42	8273.51
2870.05	8425.57
2870.69	8610.53
2871.32	8954.46
2871.95	8938.29
2872.58	9174.36
2873.22	9392.65
2873.85	9613.27
2874.48	9726.58
2875.11	9817.74
2875.75	9903.97
2876.38	9984.98
2877.01	9855.42
2877.64	9955.71
2878.27	9832.39
2878.9	9835.52
2879.53	9710.72
2880.16	9659.36
2880.79	9513.18
2881.42	9445.28
2882.05	9363.88
2882.68	9282.12
2883.31	9176.94
2883.94	9191.25
2884.57	9163.55
2885.2	9068.77
2885.83	8962.34
2886.46	9048.23
2887.09	9003.17
2887.72	9002.32
2888.35	9088.35
2888.97	9190.15
2889.6	9157.9
2890.23	9164.4
2890.86	9222.61
2891.49	9286.33
2892.11	9355.64
2892.74	9501.41
2893.37	9457.63
2893.99	9648.31
2894.62	9556.18
2895.25	9831.15
2895.87	9889.3
2896.5	10015
2897.12	10127.2
2897.75	10157.8
2898.38	10181
2899	10294.9
2899.63	10507.7
2900.25	10638.9
2900.88	10672.2
2901.5	10748.6
2902.12	10863.3
2902.75	11016.5
2903.37	11117.2
2904	11261.7
2904.62	11192.7
2905.25	11204.2
2905.87	11433.3
2906.49	11506.2
2907.11	11705
2907.74	11652.4
2908.36	11631.5
2908.98	11706.7
2909.6	11938.2
2910.23	12038.2
2910.85	11960.8
2911.47	12027.8
2912.09	11993.3
2912.71	12089.4
2913.33	12146.3
2913.96	12171.4
2914.58	12071.4
2915.2	11995.5
2915.82	12002.5
2916.44	12094.9
2917.06	11960.7
2917.68	11946.5
2918.3	11817.5
2918.92	11820
2919.54	11766.6
2920.16	11813.9
2920.77	11650.8
2921.39	11696.7
2922.01	11641
2922.63	11572.2
2923.25	11649.5
2923.87	11594
2924.48	11670.9
2925.1	11598.2
2925.72	11645.9
2926.34	11828.4
2926.95	11876.1
2927.57	11909
2928.19	12010.2
2928.8	12108.2
2929.42	12327.1
2930.04	12303.5
2930.65	12620.3
2931.27	12781.2
2931.89	13134
2932.5	13269.8
2933.12	13497.4
2933.73	13884.5
2934.35	14047.2
2934.96	14353.8
2935.58	14496.6
2936.19	14785
2936.81	14885.8
2937.42	15045.9
2938.03	15306.9
2938.65	15302.5
2939.26	15356
2939.88	15265.8
2940.49	15245.7
2941.1	14935.8
2941.71	14785.8
2942.33	14378.9
2942.94	14126.3
2943.55	13799.6
2944.17	13651.3
2944.78	13405.1
2945.39	13083
2946	12716.7
2946.61	12378.5
2947.22	12109
2947.83	11971.5
2948.45	11687.8
2949.06	11258.5
2949.67	11187.9
2950.28	10955.6
2950.89	10804.6
2951.5	10564.8
2952.11	10380.3
2952.72	10167.8
2953.33	9962.85
2953.94	9882.63
2954.54	9662.86
2955.15	9528.4
2955.76	9381.49
2956.37	9282.54
2956.98	9158.76
2957.59	8930.35
2958.2	8887.14
2958.8	8773.28
2959.41	8656.31
2960.02	8514.81
2960.63	8443.43
2961.23	8340.88
2961.84	8234.51
2962.45	8166.26
2963.05	8140.94
2963.66	7920.08
2964.27	7805.97
2964.87	7805.71
2965.48	7740.81
2966.08	7583.66
2966.69	7403.4
2967.29	7295.17
2967.9	7209.23
2968.5	7112.83
2969.11	6958.32
2969.71	6854.71
2970.32	6660.69
2970.92	6638.71
2971.53	6452.96
2972.13	6396.75
2972.74	6246.97
2973.34	6016.54
2973.94	6024.49
2974.54	5909.64
2975.15	5795.24
2975.75	5655.27
2976.35	5556.6
2976.96	5370.71
2977.56	5391.44
2978.16	5238.82
2978.76	5156.78
2979.36	4980.27
2979.97	4930.09
2980.57	4829.93
2981.17	4725.55
2981.77	4636.03
2982.37	4482.12
2982.97	4367.51
2983.57	4257.72
2984.17	4111.3
2984.77	4061.87
2985.37	3994.96
2985.97	3889.05
2986.57	3798.06
2987.17	3701.05
2987.77	3583.24
2988.37	3464.9
2988.97	3379.8
2989.57	3312.71
2990.17	3268.95
2990.76	3180.13
2991.36	3097.66
2991.96	3125.05
2992.56	2958.01
2993.16	2912.82
2993.75	2894.03
2994.35	2807.37
2994.95	2788.04
2995.54	2682.76
2996.14	2588
2996.74	2569.34
2997.33	2554.17
2997.93	2422.69
2998.52	2464.16
2999.12	2407.41
2999.72	2360.79
3000.31	2337.67
3000.91	2286.9
3001.5	2248.4
3002.1	2176.03
3002.69	2195.67
3003.29	2194.64
3003.88	2148.38
3004.47	2119.51
3005.07	2100.04
3005.66	2025.62
3006.26	1979.21
3006.85	1907.44
3007.44	1897.24
3008.04	1828.42
3008.63	1796.19
3009.22	1775.88
3009.81	1774.75
3010.41	1718.02
3011	1633.65
3011.59	1683.91
3012.18	1645.12
3012.77	1535.66
3013.36	1574.05
3013.96	1548.74
3014.55	1501.79
3015.14	1499.03
3015.73	1498.45
3016.32	1423.99
3016.91	1435.95
3017.5	1434.5
3018.09	1407.13
3018.68	1397.04
3019.27	1350.78
3019.86	1340.53
3020.45	1361.31
3021.04	1362.74
3021.63	1349.91
3022.22	1320.62
3022.8	1348.97
3023.39	1378.2
3023.98	1335.09
3024.57	1315.64
3025.16	1320.96
3025.74	1338.69
3026.33	1358.47
3026.92	1363.73
3027.5	1354.4
3028.09	1367.67
3028.68	1360.26
3029.26	1397.31
3029.85	1388.12
3030.44	1335.81
3031.02	1400.32
3031.61	1331.73
3032.19	1388.05
3032.78	1369.84
3033.37	1441.36
3033.95	1455.87
3034.54	1439.29
3035.12	1447.52
3035.71	1491.98
3036.29	1522.01
3036.87	1474.53
3037.46	1501.48
3038.04	1518.13
3038.63	1515.23
3039.21	1534.21
3039.79	1548.22
3040.38	1564.48
3040.96	1567.33
3041.54	1521.35
3042.12	1525.83
3042.71	1535.14
3043.29	1579.35
3043.87	1554.98
3044.45	1604.1
3045.03	1561.25
3045.62	1604.58
3046.2	1593.35
3046.78	1651.7
3047.36	1708.09
3047.94	1728.23
3048.52	1766.87
3049.1	1841.6
3049.68	1936.89
3050.26	1980.28
3050.84	2061.93
3051.42	2136.31
3052	2288.35
3052.58	2310.93
3053.16	2422.59
3053.74	2496.05
3054.32	2503.45
3054.89	2596.02
3055.47	2574.95
3056.05	2567.5
3056.63	2646.09
3057.21	2670.6
3057.78	2665.74
3058.36	2663.58
3058.94	2669.39
3059.52	2612.87
3060.09	2646.59
3060.67	2602.81
3061.25	2669.12
3061.82	2662.04
3062.4	2612.49
3062.97	2640.52
3063.55	2579.2
3064.13	2520.83
3064.7	2485.26
3065.28	2451.92
3065.85	2454.02
3066.43	2404.48
3067	2278.28
3067.58	2245.1
3068.15	2205.39
3068.72	2119.8
3069.3	1990.58
3069.87	1978.39
3070.45	1786.45
3071.02	1845.16
3071.59	1744.91
3072.17	1616.89
3072.74	1561.25
3073.31	1511.67
3073.89	1481.53
3074.46	1418.16
3075.03	1368.21
3075.6	1305.97
3076.17	1293.55
3076.74	1173.8
3077.32	1162.73
3077.89	1126.88
3078.46	1120.96
3079.03	1077.68
3079.6	1109.79
3080.17	998.95
3080.74	975.969
3081.31	967.408
3081.88	946.419
3082.45	925.447
3083.02	921.042
3083.59	865.016
3084.16	861.692
3084.73	819.148
3085.3	826.182
3085.87	825.011
3086.43	779.561
3087	785.802
3087.57	783.87
3088.14	758.232
3088.71	735.654
3089.28	717.132
3089.84	747.052
3090.41	696.396
3090.98	698.368
3091.54	677.635
3092.11	682.705
3092.68	635.156
3093.24	660.843
3093.81	613.296
3094.38	652.384
3094.94	687.357
3095.51	654.308
3096.07	640.854
3096.64	600.595
3097.2	605.67
3097.77	640.622
3098.33	560.219
3098.9	609.675
3099.46	657.131
3100.03	616.019
3100.59	594.468
3101.15	601.731
3101.72	572.871
3102.28	603.734
3102.84	577.892
3103.41	594.275
3103.97	593.136
3104.53	601.257
3105.1	593.928
3105.66	584.549
3106.22	573.131
3106.78	608.038
3107.34	561.691
3107.91	612.062
3108.47	602.786
3109.03	600.737
3109.59	588.445
3110.15	577.239
3110.71	579.461
3111.27	561.124
3111.83	546.873
3112.39	544.902
3112.95	577.842
3113.51	541.701
3114.07	527.15
3114.63	543.487
3115.19	581.476
3115.75	517.68
3116.31	566.067
3116.87	521.867
3117.43	559.943
3117.98	539.321
3118.54	524.826
3119.1	575.093
3119.66	521.512
3120.22	521.434
3120.77	520.371
3121.33	514.206
3121.89	533.747
3122.44	533.745
3123	515.206
3123.56	482.24
3124.11	491.365
3124.67	531.275
3125.23	537.306
3125.78	492.068
3126.34	504.371
3126.89	497.234
3127.45	509.643
3128	478.954
3128.56	512.944
3129.11	486.325
3129.67	514.105
3130.22	514.11
3130.78	527.422
3131.33	510.913
3131.88	520.047
3132.44	507.612
3132.99	500.321
3133.54	535.118
3134.1	530.964
3134.65	503.256
3135.2	514.557
3135.76	504.336
3136.31	533.102
3136.86	485.95
3137.41	496.234
3137.96	538.307
3138.51	510.606
3139.07	565.989
3139.62	493.142
3140.17	495.181
3140.72	547.487
3141.27	490.054
3141.82	518.78
3142.37	544.419
3142.92	513.632
3143.47	506.424
3144.02	504.348
3144.57	529.983
3145.12	500.292
3145.67	539.359
3146.22	492.312
3146.77	524.264
3147.32	537.74
3147.86	518.328
3148.41	555.314
3148.96	514.228
3149.51	526.474