403.788	8307.12
408.15	7569.32
412.511	6674.16
416.867	6290.04
421.217	6779.16
425.563	7818.7
429.907	8841.84
434.245	9553.83
438.581	9592.41
442.91	8387.03
447.238	6682.88
451.561	5439.17
455.88	4708.81
460.194	4435.83
464.505	4286.77
468.812	4355.4
473.113	4402.34
477.412	4642.02
481.707	4926.92
485.998	5450.36
490.282	6326.36
494.565	6943.44
498.844	7538.81
503.116	7447.83
507.389	7573.56
511.654	7807.47
515.916	8523.49
520.173	9300.4
524.427	10146.6
528.678	11070.2
532.922	11689.5
537.162	11180.3
541.399	9861.63
545.633	8379.04
549.864	6954.6
554.088	5894.59
558.309	5236.01
562.527	4542.84
566.742	4197.24
570.948	4143.29
575.155	4331.45
579.356	4442.53
583.552	4083.12
587.743	4026.08
591.934	4098.76
596.118	3972.04
600.297	3564.6
604.474	3232.67
608.647	3194.7
612.814	3137.08
616.979	3107.35
621.138	3163.25
625.296	3050.82
629.447	3051.85
633.594	2883.3
637.738	2814.64
641.88	2592.03
646.013	2440.89
650.145	2420.77
654.275	2422.18
658.397	2473.47
662.515	2579.91
666.634	2616.34
670.742	2495.1
674.851	2489.16
678.953	2504.47
683.052	2538.14
687.147	2760.89
691.238	2882.09
695.326	3220.07
699.407	3481.51
703.487	3472.93
707.561	3259.19
711.633	3053.88
715.699	2928.35
719.761	2649.88
723.819	2550.54
727.874	2675.73
731.921	2656.68
735.97	2620.44
740.011	2482.57
744.049	2453.29
748.082	2280.2
752.112	2218.52
756.138	2216.63
760.159	2217
764.175	2256.28
768.19	2160.23
772.199	2246.58
776.204	2281.33
780.204	2391.56
784.202	2469.45
788.196	2576.82
792.184	2841.96
796.168	3280.52
800.151	3605.34
804.126	3599.45
808.098	3354.13
812.067	3380.26
816.031	3621.14
819.991	4083.48
823.95	5086.82
827.902	6835.94
831.85	9188.36
835.793	12835
839.735	15524.3
843.669	14210.7
847.601	11272.6
851.528	10978.8
855.452	12100.8
859.372	10938.9
863.287	8572.81
867.197	7232.61
871.106	6486.05
875.008	5930.52
878.909	5723.01
882.803	5387.55
886.692	5435.02
890.58	5386.4
894.465	5747.3
898.342	6409.59
902.217	7884.48
906.086	9343.83
909.952	10040.9
913.815	9668.76
917.673	8530.49
921.529	7474.91
925.378	6398.08
929.226	5725.92
933.066	5084.96
936.903	4688.69
940.736	4557.19
944.568	4683.34
948.394	4598.3
952.216	4635.71
956.031	4524.3
959.847	4818.46
963.655	4902.17
967.459	5297.69
971.262	5988.45
975.059	6580.94
978.85	6946.23
982.64	7013.83
986.425	6692.15
990.206	5890.55
993.982	5277.68
997.756	4748.42
1001.52	4461.64
1005.29	4325.97
1009.05	4556.48
1012.8	4527.01
1016.56	4653.48
1020.3	4521.35
1024.05	4739.43
1027.79	4867.08
1031.52	4938.74
1035.26	4914.06
1038.98	4905.38
1042.71	5296.48
1046.43	5604.13
1050.14	5971.12
1053.85	6347
1057.56	7450.47
1061.26	7506.6
1064.96	7255.03
1068.66	7662.39
1072.35	7946.23
1076.04	7741.8
1079.72	7179.07
1083.4	6195.31
1087.07	5446.81
1090.74	5221.2
1094.41	5422.12
1098.07	5925.95
1101.73	6567.91
1105.38	6934.67
1109.03	7293.13
1112.68	7853.03
1116.32	8786.13
1119.96	10046.6
1123.59	10813.2
1127.23	9938.65
1130.85	9340.43
1134.47	9668.93
1138.09	9911.57
1141.7	9003.55
1145.31	7698.44
1148.92	6281.38
1152.52	5030.39
1156.12	4142.84
1159.71	3378.52
1163.3	2805.82
1166.88	2530.12
1170.46	2413.27
1174.04	2268.09
1177.61	2284.31
1181.18	2189.53
1184.75	2222.14
1188.31	2224.99
1191.86	2261.08
1195.42	2378.1
1198.97	2570.51
1202.51	2648.06
1206.05	2762.06
1209.59	2798.2
1213.12	2713.55
1216.65	2867.48
1220.17	3085.8
1223.69	3755.55
1227.21	5115.26
1230.72	5272.49
1234.23	5238.02
1237.73	4650.35
1241.23	3882.75
1244.72	3520.25
1248.22	3555.52
1251.7	3608.75
1255.19	3740.57
1258.66	3927.04
1262.14	4200.81
1265.61	4590.3
1269.08	5817.64
1272.54	7820
1276	9223.39
1279.46	8719.64
1282.91	7289.07
1286.35	5697.69
1289.8	4580.12
1293.24	3940.27
1296.67	3582.71
1300.1	3336.94
1303.53	3219.65
1306.95	3218.49
1310.37	3187.79
1313.78	3347.26
1317.19	3611.64
1320.6	3971.73
1324	4412.4
1327.4	4890.26
1330.79	5322.01
1334.18	5640.14
1337.57	5881.91
1340.95	6136.15
1344.33	6308
1347.7	6393.86
1351.07	6341.66
1354.44	6436.8
1357.8	6573.47
1361.16	6533.59
1364.51	6357.41
1365.83	6278.4
1369.47	6361.79
1373.1	6136.94
1376.73	5930.54
1380.36	5606.78
1383.99	5555.84
1387.61	5517.75
1391.23	5669.27
1394.84	5347.24
1398.46	4304.71
1402.07	3818.72
1405.67	3505.35
1409.27	3385.76
1412.87	3299.33
1416.46	3194.67
1420.05	3054.92
1423.64	2992.25
1427.22	3009.62
1430.8	3139.35
1434.38	3307.72
1437.95	3852.96
1441.52	4465.26
1445.08	4730.23
1448.65	4972.81
1452.2	5110.63
1455.76	5202.58
1459.31	5451.39
1462.86	6081.33
1466.4	7204.44
1469.94	7110.78
1473.48	7546.12
1477.01	7973.36
1480.54	7615.22
1484.07	6933.38
1487.59	4367.14
1491.11	2699.19
1494.63	1997.45
1498.14	1696.54
1501.65	1473.45
1505.15	1416.81
1508.65	1328.66
1512.15	1257.43
1515.65	1260.74
1519.14	1252.31
1522.62	1222.37
1526.11	1190.53
1529.59	1196.87
1533.07	1159.99
1536.54	1128.38
1540.01	1110.16
1543.47	1149.23
1546.94	1113.45
1550.39	1067.43
1553.85	1011.02
1557.3	1054.16
1560.75	1085.96
1564.2	1147.78
1567.64	1070.37
1571.07	1128.19
1574.51	1124.28
1577.94	1051.79
1581.37	1129.95
1584.79	1130.49
1588.21	1074.08
1591.62	1131.66
1595.04	1158.22
1598.45	1146.56
1601.85	1216.86
1605.25	1238.65
1608.65	1262.76
1612.05	1211.3
1615.44	1244.89
1618.83	1218.62
1622.21	1217.36
1625.59	1260.59
1628.97	1247.48
1632.34	1255.27
1635.71	1340.56
1639.07	1327.53
1642.44	1398.38
1645.8	1419.5
1649.15	1362.46
1652.51	1369.95
1655.85	1440.46
1659.2	1463.33
1662.54	1404.04
1665.88	1326.19
1669.21	1333.26
1672.54	1303.81
1675.87	1309.13
1679.19	1199.15
1682.51	1177.33
1685.83	1199.75
1689.14	1113.33
1692.45	1075.89
1695.75	1013.98
1699.06	1026.68
1702.35	943.714
1705.65	947.285
1708.94	982.143
1712.23	905.472
1715.51	938.372
1718.79	879.61
1722.07	925.409
1725.34	887.155
1728.61	845.882
1731.88	929.469
1735.14	868.861
1738.4	869.067
1741.65	879.608
1744.91	854.669
1748.15	828.374
1751.4	891.92
1754.64	866.471
1757.88	825.844
1761.11	823.731
1764.34	841.664
1767.57	816.309
1770.79	823.067
1774.01	800.344
1777.23	797.154
1780.44	809.06
1783.65	827.022
1786.85	799.652
1790.05	790.736
1793.25	762.796
1796.45	754.281
1799.64	771.617
1802.83	807.563
1806.01	799.689
1809.19	762.837
1812.37	788.742
1815.54	817.889
1818.71	790.535
1821.87	773.287
1825.04	766.333
1828.19	765.105
1831.35	817.966
1834.5	757.391
1837.65	831.07
1840.79	733.5
1843.93	753.913
1847.07	769.856
1850.21	760.327
1853.33	737.367
1856.46	742.933
1859.58	681.896
1862.7	761.311
1865.82	748.454
1868.93	730.236
1872.04	697.183
1875.14	772.127
1878.24	761.333
1881.34	753.756
1884.44	725.607
1887.53	720.159
1890.61	758.447
1893.7	743.344
1896.78	754.344
1899.85	738.522
1902.92	730.836
1905.99	755.24
1909.06	742.709
1912.12	715.038
1915.18	703.009
1918.23	717.767
1921.29	720.256
1924.33	761.282
1927.38	684.646
1930.42	739.101
1933.45	775.653
1936.49	717.08
1939.52	716.76
1942.54	727.706
1945.56	779.635
1948.58	753.642
1951.6	707.975
1954.61	755.47
1957.62	743.693
1960.62	741.448
1963.62	737.714
1966.62	715.939
1969.61	792.553
1972.6	727.846
1975.59	795.58
1978.57	750.322
1981.55	773.786
1984.53	766.999
1987.5	753.735
1990.47	706.861
1993.43	772.555
1996.4	709.881
1999.35	755.08
2002.31	681.54
2005.26	683.358
2008.21	706.114
2011.15	696.011
2014.09	681.459
2017.02	695.154
2019.96	667.664
2022.89	667.218
2025.81	698.554
2028.73	692.033
2031.65	656.159
2034.57	695.886
2037.48	661.957
2040.39	711.356
2043.29	719.61
2046.19	678.791
2049.09	701.094
2051.98	729.353
2054.87	739.346
2057.76	729.73
2060.64	716.847
2063.52	746.674
2066.39	715.829
2069.27	711.1
2072.13	712.449
2075	711.496
2077.86	726.528
2080.71	726.772
2083.57	759.467
2086.42	737.411
2089.27	738.614
2092.11	744.208
2094.95	765.518
2097.79	783.809
2098.91	791.851
2102.04	731.142
2105.15	733.38
2108.27	775.681
2111.38	797.334
2114.49	775.631
2117.6	794.922
2120.7	796.927
2123.8	806.262
2126.9	815.848
2129.99	805.745
2133.08	754.08
2136.17	772.041
2139.25	768.935
2142.33	812.275
2145.41	776.866
2148.49	772.849
2151.56	764.214
2154.63	797.976
2157.69	765.917
2160.75	731.625
2163.81	795.209
2166.87	764.022
2169.92	736.804
2172.97	760.846
2176.02	743.886
2179.06	793.985
2182.1	819.994
2185.14	771.664
2188.17	805.279
2191.2	864.585
2194.23	885.75
2197.26	879.637
2200.28	865.262
2203.3	855.882
2206.31	834.083
2209.32	840.98
2212.33	806.067
2215.34	803.327
2218.34	823.839
2221.34	809.282
2224.34	828.834
2227.33	831.378
2230.32	835.661
2233.3	861.848
2236.29	890.196
2239.27	862.83
2242.24	868.396
2245.22	881.6
2248.19	908.71
2251.16	901.825
2254.12	877.185
2257.08	850.726
2260.04	862.541
2263	850.763
2265.95	855.775
2268.9	861.46
2271.84	899.949
2274.78	901.654
2277.72	888.281
2280.66	898.59
2283.59	902.352
2286.52	870.559
2289.45	842.349
2292.37	896.805
2295.29	864.189
2298.21	831.779
2301.12	808.225
2304.03	797.473
2306.94	798.763
2309.85	837.945
2312.75	805.69
2315.64	831.809
2318.54	770.988
2321.43	777.796
2324.32	676.175
2327.2	546.997
2330.09	562.355
2332.96	738.997
2335.84	708.435
2338.71	780.731
2341.58	741.319
2344.45	716.732
2347.31	715.013
2350.17	730.078
2353.03	724.502
2355.88	699.423
2358.73	682.082
2361.58	691.856
2364.42	647.966
2367.26	713.987
2370.1	682.211
2372.94	740.276
2375.77	743.371
2378.59	768.982
2381.42	734.482
2384.24	748.917
2387.06	765.033
2389.87	744.747
2392.69	776.397
2395.5	749.383
2398.3	820.276
2401.1	800.819
2403.9	786.15
2406.7	738.561
2409.49	783.613
2412.28	780.533
2415.07	811.152
2417.85	759.379
2420.63	759.188
2423.41	806.877
2426.18	758.119
2428.95	868.409
2431.72	813.525
2434.48	766.458
2437.24	773.308
2440	794.004
2442.76	810.24
2445.51	791.907
2448.26	797.467
2451	773.656
2453.74	805.544
2456.48	904.87
2459.22	908.646
2461.95	923.036
2464.68	919.703
2467.4	946.402
2470.13	1022.43
2472.85	919.448
2475.56	1000.31
2478.27	935.42
2480.98	964.091
2483.69	933.073
2486.39	970.081
2489.09	941.586
2491.79	891.195
2494.49	927.032
2497.18	948.525
2499.86	1025.39
2502.55	1001.37
2505.23	1060.96
2507.91	1083.83
2510.58	1065.77
2513.25	1036.57
2515.92	1100.76
2518.58	1092.1
2521.25	1088.45
2523.9	1058.63
2526.56	1092.88
2529.21	1057.66
2531.86	1101.56
2534.51	1055.14
2537.15	1101.46
2539.79	1109.96
2542.42	1143.4
2545.06	1145.24
2547.69	1145.11
2550.31	1189.02
2552.94	1197.67
2555.55	1212.8
2558.17	1345.81
2560.79	1257.01
2563.4	1376.01
2566	1349.22
2568.61	1404.52
2571.21	1393.75
2573.81	1415.96
2576.4	1368.21
2578.99	1364.79
2581.58	1234.31
2584.16	1236.76
2586.74	1240.44
2589.32	1317.63
2591.9	1244.47
2594.47	1264.46
2597.04	1208.18
2599.6	1244.53
2602.17	1232.23
2604.72	1263.32
2607.28	1259.64
2609.83	1245.15
2612.38	1279.69
2614.93	1210.07
2617.47	1321.4
2620.01	1364.03
2622.55	1328.59
2625.08	1388.24
2627.61	1406.04
2630.14	1469.91
2632.66	1472.04
2635.18	1586.61
2637.7	1631.59
2640.21	1697.03
2642.72	1760.49
2645.23	1742.32
2647.73	1809.43
2650.23	1917.9
2652.73	1902.42
2655.23	2021.8
2657.72	1921.07
2660.21	1982.44
2662.69	1982.89
2665.17	2024.11
2667.65	1999.45
2670.13	2050.74
2672.6	2082.51
2675.07	2252.97
2677.53	2467.99
2680	3061.29
2682.46	3561.11
2684.91	3570.89
2687.36	3498.06
2689.81	3530.74
2692.26	3638.68
2694.7	3645.53
2697.14	3631.29
2699.58	3606.25
2702.01	3616.81
2704.44	3655.52
2706.87	3728.7
2709.3	3783.45
2711.72	3845.09
2714.13	3957.85
2716.55	4036.67
2718.96	4153.88
2721.37	4186.46
2723.77	4319.31
2724.03	4336.69
2726.72	4415.66
2729.41	4413.49
2732.09	4501.81
2734.78	4725.3
2737.46	4750.88
2740.13	4777.19
2742.81	4756.84
2745.48	4830.71
2748.15	4919.53
2750.81	5085.62
2753.48	4866.83
2756.14	4569.36
2758.79	4366.46
2761.45	4395.27
2764.1	4419.15
2766.75	4637.39
2769.39	4912.68
2772.04	5442.81
2774.68	6241.51
2777.32	7417.77
2779.95	8412.69
2782.58	8562.67
2785.21	8334.36
2787.83	8294.27
2790.46	8549.01
2793.08	8988.65
2795.7	9441.5
2798.31	9906.08
2800.92	10384.1
2803.53	10855.3
2806.14	11621.5
2808.74	12342.9
2811.34	13020.7
2813.94	13611.8
2816.54	14381
2819.13	15086.2
2821.72	15673.1
2824.3	16646.7
2826.89	17297.7
2829.47	18007.3
2832.04	18156.8
2834.62	18817.5
2837.19	19054.5
2839.76	19504.7
2842.33	19697.8
2844.89	19891
2847.45	20205.8
2850.01	20317.9
2852.56	20368.4
2855.12	20624.2
2857.66	20852.1
2860.21	21472.9
2862.75	22098.9
2865.29	23072.6
2867.83	24087.5
2870.37	25483.3
2872.9	27328.2
2875.43	29348.1
2877.96	31465.3
2880.48	33417.2
2883	35417
2885.52	36773.9
2888.03	38010.4
2890.54	38309.5
2893.05	38631.2
2895.56	38898.3
2898.06	39356.5
2900.56	40111.6
2903.06	40702.1
2905.55	40659.1
2908.05	40248.2
2910.54	39524.5
2913.02	37682.5
2915.51	35567.4
2917.99	33177.4
2920.47	31752.5
2922.94	30636.7
2925.41	30342.4
2927.88	30192.1
2930.35	30550.2
2932.81	31265.5
2935.27	31970.2
2937.73	32861.6
2940.18	33185.7
2942.63	32974.2
2945.08	32778.9
2947.53	32335.5
2949.97	31719
2952.41	30365.2
2954.85	28707.2
2957.28	27227.5
2959.71	25373.4
2962.14	23860.2
2964.57	22205.6
2966.99	20579.3
2969.41	18994.2
2971.83	17803.2
2974.24	16167.3
2976.66	14845.9
2979.06	13507.7
2981.47	12523
2983.87	11511.3
2986.27	10446.7
2988.67	9451.55
2991.06	8660.51
2993.45	7906.71
2995.84	7167.96
2998.23	6460.33
3000.61	6038.85
3002.99	5517.81
3005.37	5132.37
3007.74	4722.28
3010.11	4461.41
3012.48	4155.8
3014.84	3958.51
3017.21	3789.77
3019.56	3592.93
3021.92	3470.36
3024.27	3289.75
3026.63	3233.85
3028.97	3168.13
3031.32	3046.23
3033.66	3063.19
3036	2992.07
3038.33	2991.02
3040.67	2978.97
3043	2898.7
3045.33	2922.47
3047.65	2936.4
3049.97	2917.03
3052.29	2983.65
3054.6	2921.83
3056.92	2988.82
3059.23	3017.99
3061.53	2988.21
3063.84	3040.33
3066.14	2997.45
3068.44	3019.01
3070.73	3066.78
3073.03	3055.61
3075.31	3037.57
3077.6	3104.43
3079.89	3064.03
3082.17	3143.61
3084.44	3083.53
3086.72	3132.53
3088.99	3193.62
3091.26	3233.05
3093.53	3243.71
3095.79	3305.13
3098.05	3366.62
3100.31	3356.47
3102.56	3432.77
3104.81	3469.48
3107.06	3516.69
3109.31	3563.81
3111.55	3608.65
3113.79	3634.31
3116.03	3636.63
3118.26	3722.95
3120.49	3742.81
3122.72	3764.36
3124.95	3784.68
3127.17	3859.22
3129.39	3911.39
3131.61	3968.83
3133.82	3984.18
3136.03	4078.91
3138.24	4142.23
3140.44	4185.94
3142.65	4180.79
3144.84	4307.48
3147.04	4349.46
3149.24	4385.37
