403.788	7060.72
408.15	6564.45
412.511	5680.89
416.867	5477.3
421.217	5945.76
425.563	6653.84
429.907	7493.3
434.245	7902.35
438.581	7967.49
442.91	6971.51
447.238	5758.29
451.561	4743.58
455.88	4188.79
460.194	3899.81
464.505	3986.95
468.812	3907.15
473.113	3957.93
477.412	4096.35
481.707	4383.86
485.998	4772.19
490.282	5490.39
494.565	5996.69
498.844	6376.61
503.116	6339.39
507.389	6352.16
511.654	6477.29
515.916	7126.97
520.173	7816.33
524.427	8460.36
528.678	9400.24
532.922	9946.2
537.162	9323.66
541.399	8223.38
545.633	6866.26
549.864	5759.95
554.088	4868.34
558.309	4312.36
562.527	3743.1
566.742	3599.11
570.948	3577.94
575.155	3687.08
579.356	3798.93
583.552	3439.83
587.743	3335.67
591.934	3396.76
596.118	3362.5
600.297	3015.58
604.474	2771.86
608.647	2738.21
612.814	2696.18
616.979	2721.67
621.138	2763.96
625.296	2760.32
629.447	2672.48
633.594	2584.37
637.738	2505.84
641.88	2373.62
646.013	2172.32
650.145	2186.36
654.275	2200.86
658.397	2213.89
662.515	2334.21
666.634	2405.39
670.742	2243.19
674.851	2239.96
678.953	2332.44
683.052	2333.9
687.147	2460.44
691.238	2721.87
695.326	2823.66
699.407	3101.98
703.487	3137.07
707.561	3033.57
711.633	2754.45
715.699	2665.93
719.761	2569.55
723.819	2499.72
727.874	2510.87
731.921	2470.74
735.97	2421.01
740.011	2417.15
744.049	2331.01
748.082	2283.63
752.112	2222.94
756.138	2147.67
760.159	2117.66
764.175	2227.17
768.19	2217.14
772.199	2233.43
776.204	2282.33
780.204	2314.55
784.202	2412.02
788.196	2552.94
792.184	2710.16
796.168	3096.63
800.151	3381.33
804.126	3357.97
808.098	3295.07
812.067	3276.69
816.031	3554.66
819.991	3961.53
823.95	4798.81
827.902	6310.73
831.85	8188.76
835.793	11410.7
839.735	14210.7
843.669	13113.5
847.601	10181.1
851.528	9713.27
855.452	11060.2
859.372	10109.9
863.287	7682.42
867.197	6322.49
871.106	5786.6
875.008	5295.95
878.909	5033.98
882.803	4965.91
886.692	4895.24
890.58	4821.86
894.465	5281.35
898.342	5727.46
902.217	6822.94
906.086	7957.83
909.952	8576.3
913.815	8153.72
917.673	7301.17
921.529	6526.5
925.378	5783.73
929.226	5266.05
933.066	4717.75
936.903	4312.62
940.736	4160.18
944.568	4242.75
948.394	4209.54
952.216	4338.63
956.031	4192.57
959.847	4290.98
963.655	4385.18
967.459	4666.1
971.262	5209.11
975.059	5604.43
978.85	5978.37
982.64	5952.46
986.425	5593.25
990.206	5119.41
993.982	4608.98
997.756	4238.45
1001.52	4027.64
1005.29	3919.96
1009.05	4035.7
1012.8	3949.79
1016.56	3951.48
1020.3	4031.65
1024.05	4139
1027.79	4250.33
1031.52	4303.65
1035.26	4266.34
1038.98	4326.42
1042.71	4519.43
1046.43	4863.26
1050.14	5025.32
1053.85	5619.41
1057.56	6635.2
1061.26	6744.78
1064.96	6344.56
1068.66	6654.2
1072.35	6753.35
1076.04	6454.79
1079.72	5901.8
1083.4	5220.76
1087.07	4556.88
1090.74	4496.89
1094.41	4558.61
1098.07	4941.62
1101.73	5335.37
1105.38	5809.15
1109.03	6181.22
1112.68	6615.2
1116.32	7481.67
1119.96	8737.69
1123.59	9418.81
1127.23	8654.16
1130.85	8165.48
1134.47	8644.36
1138.09	9057.27
1141.7	8150.46
1145.31	7008.97
1148.92	5783.12
1152.52	4534.01
1156.12	3724.65
1159.71	3164.33
1163.3	2681.28
1166.88	2420.8
1170.46	2377.21
1174.04	2283.37
1177.61	2262.3
1181.18	2158.83
1184.75	2112.79
1188.31	2226.99
1191.86	2220.33
1195.42	2315.63
1198.97	2501.46
1202.51	2590.31
1206.05	2690.14
1209.59	2677.45
1213.12	2698.32
1216.65	2784.44
1220.17	3009.46
1223.69	3760.69
1227.21	5134.74
1230.72	5316.04
1234.23	5210.25
1237.73	4611.44
1241.23	3735.73
1244.72	3428.62
1248.22	3425.99
1251.7	3387.65
1255.19	3526.2
1258.66	3731.85
1262.14	3891.17
1265.61	4469.66
1269.08	5646.49
1272.54	7686.96
1276	9202.53
1279.46	8824.43
1282.91	7375.78
1286.35	5690.83
1289.8	4594.01
1293.24	3939.68
1296.67	3553.91
1300.1	3272.85
1303.53	3206.88
1306.95	3125.97
1310.37	3095.75
1313.78	3214.76
1317.19	3423.17
1320.6	3678.42
1324	4015.12
1327.4	4385.06
1330.79	4731.94
1334.18	4959.81
1337.57	5157.84
1340.95	5341.41
1344.33	5419.72
1347.7	5527.5
1351.07	5543.34
1354.44	5682.07
1357.8	5772.65
1361.16	5721.19
1364.51	5620.74
1365.83	5578.98
1369.47	5557.54
1373.1	5418.88
1376.73	5086.95
1380.36	5013.61
1383.99	4904.31
1387.61	4916.35
1391.23	5216.04
1394.84	5024.65
1398.46	4143.11
1402.07	3652.36
1405.67	3336.3
1409.27	3232.88
1412.87	3201.46
1416.46	3045.15
1420.05	2947.87
1423.64	2941.47
1427.22	2930.7
1430.8	3118.69
1434.38	3308.11
1437.95	3876.28
1441.52	4402.67
1445.08	4631.22
1448.65	4721.73
1452.2	4854.57
1455.76	4899.27
1459.31	5023.17
1462.86	5795.74
1466.4	7031.92
1469.94	7125.84
1473.48	7538.1
1477.01	8104.51
1480.54	7830.35
1484.07	7360.01
1487.59	4646.14
1491.11	2932.72
1494.63	2235.59
1498.14	1978.73
1501.65	1709.17
1505.15	1615.03
1508.65	1566.67
1512.15	1560.77
1515.65	1545.65
1519.14	1522.44
1522.62	1464.98
1526.11	1396.56
1529.59	1480.63
1533.07	1418.56
1536.54	1416.17
1540.01	1365.43
1543.47	1384.45
1546.94	1403.38
1550.39	1354.32
1553.85	1273.6
1557.3	1342.93
1560.75	1350.34
1564.2	1367.15
1567.64	1328.81
1571.07	1382.94
1574.51	1393.34
1577.94	1344.13
1581.37	1368.99
1584.79	1343.23
1588.21	1353.88
1591.62	1413.01
1595.04	1365.62
1598.45	1431.83
1601.85	1448.82
1605.25	1499.89
1608.65	1486.06
1612.05	1496.96
1615.44	1483.74
1618.83	1474.04
1622.21	1473.4
1625.59	1508.86
1628.97	1541.31
1632.34	1573.03
1635.71	1540.5
1639.07	1560.2
1642.44	1576.42
1645.8	1618.05
1649.15	1612.24
1652.51	1628.17
1655.85	1683.76
1659.2	1650.29
1662.54	1674.08
1665.88	1571.63
1669.21	1638.31
1672.54	1591.4
1675.87	1500.54
1679.19	1514.27
1682.51	1431.21
1685.83	1414.85
1689.14	1369.72
1692.45	1325.97
1695.75	1249.49
1699.06	1281.78
1702.35	1226.14
1705.65	1217.86
1708.94	1167.59
1712.23	1190.2
1715.51	1189.39
1718.79	1162.35
1722.07	1162.25
1725.34	1144.9
1728.61	1075.77
1731.88	1137.57
1735.14	1112.94
1738.4	1111.9
1741.65	1101.66
1744.91	1083.31
1748.15	1096.6
1751.4	1145.68
1754.64	1104.83
1757.88	1094.27
1761.11	1066.89
1764.34	1084.14
1767.57	1020.54
1770.79	1092.58
1774.01	1055.9
1777.23	1061.05
1780.44	1063.06
1783.65	1060.7
1786.85	1070.31
1790.05	1036.94
1793.25	1034.35
1796.45	1041.78
1799.64	1028.83
1802.83	1057.69
1806.01	1037.65
1809.19	1042.17
1812.37	1032.06
1815.54	1065.42
1818.71	1063.54
1821.87	1056.59
1825.04	1047.77
1828.19	1016.74
1831.35	1070.79
1834.5	1019.97
1837.65	1042.82
1840.79	956.809
1843.93	1022.95
1847.07	983.773
1850.21	1019.3
1853.33	985.543
1856.46	993.751
1859.58	948.877
1862.7	1030.19
1865.82	991.108
1868.93	988.949
1872.04	969.516
1875.14	991.415
1878.24	985.827
1881.34	1001
1884.44	982.966
1887.53	961.568
1890.61	992.625
1893.7	985.504
1896.78	982.941
1899.85	997.843
1902.92	941.232
1905.99	986.249
1909.06	960.713
1912.12	953.861
1915.18	942.892
1918.23	929.532
1921.29	916.665
1924.33	970.673
1927.38	930.93
1930.42	950.59
1933.45	972.419
1936.49	961.53
1939.52	930.182
1942.54	932.246
1945.56	966.065
1948.58	949.67
1951.6	909.86
1954.61	971.057
1957.62	918.089
1960.62	938.35
1963.62	954.897
1966.62	913.001
1969.61	976.14
1972.6	952.688
1975.59	986.286
1978.57	960.723
1981.55	923.403
1984.53	969.468
1987.5	904.773
1990.47	942.017
1993.43	934.127
1996.4	834.616
1999.35	903.402
2002.31	872.522
2005.26	852.893
2008.21	851.183
2011.15	843.732
2014.09	884.216
2017.02	894.799
2019.96	815.011
2022.89	867.61
2025.81	848.415
2028.73	914.161
2031.65	868.888
2034.57	853.308
2037.48	852.929
2040.39	866.548
2043.29	849.496
2046.19	879.824
2049.09	858.585
2051.98	871.394
2054.87	856.443
2057.76	907.008
2060.64	881.983
2063.52	881.688
2066.39	866.729
2069.27	868.592
2072.13	893.403
2075	892.141
2077.86	908.965
2080.71	920.19
2083.57	899.997
2086.42	895.025
2089.27	891.174
2092.11	886.804
2094.95	902.316
2097.79	919.951
2098.91	926.359
2102.04	876.229
2105.15	886.966
2108.27	948.299
2111.38	848.992
2114.49	841.735
2117.6	914.542
2120.7	937.799
2123.8	924.44
2126.9	926.123
2129.99	963.772
2133.08	917.886
2136.17	888.987
2139.25	930.867
2142.33	922.546
2145.41	908.906
2148.49	860.679
2151.56	931.351
2154.63	898.885
2157.69	864.025
2160.75	874.814
2163.81	900.47
2166.87	882.606
2169.92	824.161
2172.97	893.795
2176.02	890.826
2179.06	901.028
2182.1	910.539
2185.14	858.792
2188.17	908.292
2191.2	963.142
2194.23	954.335
2197.26	933.463
2200.28	955.169
2203.3	960.477
2206.31	956.323
2209.32	925.351
2212.33	955.553
2215.34	951.106
2218.34	910.492
2221.34	932.353
2224.34	899.311
2227.33	917.221
2230.32	957.749
2233.3	960.474
2236.29	934.704
2239.27	928.603
2242.24	961.298
2245.22	996.595
2248.19	965.098
2251.16	951.808
2254.12	989.43
2257.08	928.255
2260.04	925.87
2263	971.462
2265.95	1004.67
2268.9	975.588
2271.84	941.08
2274.78	930.627
2277.72	957.266
2280.66	982.972
2283.59	963.69
2286.52	905.87
2289.45	911.924
2292.37	982.997
2295.29	952.179
2298.21	907.45
2301.12	875.626
2304.03	864.569
2306.94	843.499
2309.85	906.427
2312.75	875.854
2315.64	898.626
2318.54	823.333
2321.43	804.533
2324.32	786.418
2327.2	577.988
2330.09	651.67
2332.96	768.175
2335.84	764.555
2338.71	763.439
2341.58	756.067
2344.45	778.846
2347.31	782.742
2350.17	752.703
2353.03	757.911
2355.88	700.893
2358.73	667.891
2361.58	739.276
2364.42	682.827
2367.26	733.135
2370.1	743.735
2372.94	712.714
2375.77	727.612
2378.59	703.831
2381.42	765.835
2384.24	743.103
2387.06	719.933
2389.87	738.086
2392.69	782.596
2395.5	762.302
2398.3	819.499
2401.1	799.609
2403.9	737.566
2406.7	751.832
2409.49	798.513
2412.28	764.35
2415.07	796.595
2417.85	753.581
2420.63	700.949
2423.41	741.16
2426.18	762.251
2428.95	791.595
2431.72	825.93
2434.48	790.575
2437.24	759.445
2440	767.564
2442.76	775.3
2445.51	771.723
2448.26	814.212
2451	738.506
2453.74	743.758
2456.48	820.594
2459.22	921.55
2461.95	861.102
2464.68	878.472
2467.4	894.744
2470.13	945.256
2472.85	898.067
2475.56	943.354
2478.27	898.118
2480.98	920.317
2483.69	928.105
2486.39	907.343
2489.09	908.608
2491.79	896.055
2494.49	898.221
2497.18	981.907
2499.86	892.533
2502.55	967.215
2505.23	1038.54
2507.91	998.04
2510.58	1007.93
2513.25	1001.69
2515.92	1032.85
2518.58	1003.34
2521.25	991.072
2523.9	987.253
2526.56	1023.04
2529.21	1023.24
2531.86	1010.34
2534.51	1016.77
2537.15	1044.17
2539.79	1001.96
2542.42	1029.68
2545.06	1084.59
2547.69	1126.19
2550.31	1119.38
2552.94	1149.15
2555.55	1161.81
2558.17	1238.05
2560.79	1256.44
2563.4	1235.74
2566	1270.04
2568.61	1309.57
2571.21	1317.85
2573.81	1315.13
2576.4	1293.53
2578.99	1272.39
2581.58	1182.29
2584.16	1211.8
2586.74	1158.09
2589.32	1207.58
2591.9	1121.89
2594.47	1173.85
2597.04	1128.28
2599.6	1153.1
2602.17	1140.37
2604.72	1173.07
2607.28	1120.34
2609.83	1153.12
2612.38	1284.46
2614.93	1165.79
2617.47	1153.87
2620.01	1172.59
2622.55	1161.08
2625.08	1239.53
2627.61	1275.17
2630.14	1329.39
2632.66	1295.32
2635.18	1333.79
2637.7	1375.97
2640.21	1426.5
2642.72	1512.02
2645.23	1571.07
2647.73	1638.73
2650.23	1635.08
2652.73	1641.46
2655.23	1667.83
2657.72	1660.5
2660.21	1684.28
2662.69	1698.17
2665.17	1727.18
2667.65	1718.06
2670.13	1755.36
2672.6	1754.95
2675.07	1975.09
2677.53	2244.49
2680	2734.36
2682.46	3271.12
2684.91	3315.39
2687.36	3214.02
2689.81	3238.1
2692.26	3295.39
2694.7	3332.81
2697.14	3310.65
2699.58	3236.32
2702.01	3318.05
2704.44	3385.97
2706.87	3374.65
2709.3	3401.85
2711.72	3522.69
2714.13	3628.51
2716.55	3680.54
2718.96	3732.93
2721.37	3841.45
2723.77	3871.98
2724.03	3875.59
2726.72	4010.38
2729.41	4015.91
2732.09	4074.47
2734.78	4188.27
2737.46	4231.27
2740.13	4329.1
2742.81	4267.34
2745.48	4370.98
2748.15	4513.23
2750.81	4591.42
2753.48	4378.49
2756.14	4053.38
2758.79	3914.82
2761.45	3922.51
2764.1	3957.6
2766.75	4179.17
2769.39	4351.91
2772.04	4908.22
2774.68	5664.86
2777.32	6872.63
2779.95	7815.67
2782.58	8062.21
2785.21	7791.91
2787.83	7788.78
2790.46	8022.15
2793.08	8513.53
2795.7	8893.75
2798.31	9405.86
2800.92	9842.31
2803.53	10430.4
2806.14	10987.7
2808.74	11703.1
2811.34	12402
2813.94	13168.9
2816.54	13825.7
2819.13	14401.6
2821.72	15232
2824.3	15959.9
2826.89	16636.2
2829.47	17260.2
2832.04	17601.9
2834.62	18078.4
2837.19	18222.5
2839.76	18421.9
2842.33	18653.6
2844.89	18938.3
2847.45	19193
2850.01	19242
2852.56	19260.7
2855.12	19403.8
2857.66	19633.1
2860.21	19971.8
2862.75	20597.1
2865.29	21430.2
2867.83	22290.4
2870.37	23519.9
2872.9	25228.7
2875.43	27079.2
2877.96	28769.5
2880.48	30420.7
2883	32032.1
2885.52	33425.4
2888.03	34049
2890.54	34340.9
2893.05	34330.2
2895.56	34565.1
2898.06	34617
2900.56	35193.1
2903.06	35832.6
2905.55	35813.5
2908.05	35272.2
2910.54	34447.2
2913.02	32879.1
2915.51	30718
2917.99	28663.6
2920.47	26972.8
2922.94	26113.9
2925.41	25864.9
2927.88	25710.6
2930.35	26047.9
2932.81	26535.2
2935.27	27155.2
2937.73	27902.5
2940.18	28160.2
2942.63	28071.2
2945.08	27899.6
2947.53	27425.3
2949.97	26590
2952.41	25541.3
2954.85	24053.1
2957.28	22686.3
2959.71	21158.9
2962.14	19798.4
2964.57	18396.4
2966.99	17113.2
2969.41	15643.6
2971.83	14589.5
2974.24	13361.4
2976.66	12107
2979.06	11126.5
2981.47	10285
2983.87	9341.96
2986.27	8505.33
2988.67	7694.74
2991.06	7001.11
2993.45	6446.31
2995.84	5858.39
2998.23	5329.47
3000.61	4976.58
3002.99	4455.89
3005.37	4198.46
3007.74	3888.13
3010.11	3624.6
3012.48	3416.39
3014.84	3261.44
3017.21	3084.33
3019.56	2949.68
3021.92	2794.33
3024.27	2737.69
3026.63	2684.49
3028.97	2581.66
3031.32	2473.58
3033.66	2462.93
3036	2426.84
3038.33	2356.26
3040.67	2365.96
3043	2346.21
3045.33	2342.57
3047.65	2343.51
3049.97	2347.62
3052.29	2420.52
3054.6	2381.35
3056.92	2383.3
3059.23	2403.04
3061.53	2434.49
3063.84	2439.85
3066.14	2425.99
3068.44	2406.09
3070.73	2441.15
3073.03	2421.38
3075.31	2429.44
3077.6	2418.32
3079.89	2453.99
3082.17	2472.11
3084.44	2493.2
3086.72	2414.49
3088.99	2526.63
3091.26	2559.98
3093.53	2542.05
3095.79	2622.27
3098.05	2599.5
3100.31	2567.39
3102.56	2641.56
3104.81	2718.93
3107.06	2783.01
3109.31	2782.79
3111.55	2770.14
3113.79	2844.15
3116.03	2831.37
3118.26	2895.01
3120.49	2931.88
3122.72	2972.9
3124.95	2987.69
3127.17	2999.63
3129.39	3072.67
3131.61	3089.22
3133.82	3119.56
3136.03	3148.5
3138.24	3159.28
3140.44	3286.11
3142.65	3258.34
3144.84	3313.29
3147.04	3455.9
3149.24	3399.16
