403.788	7602.18
408.15	6845.95
412.511	5896.74
416.867	5557.84
421.217	5971.35
425.563	6997.75
429.907	7990.11
434.245	8543.71
438.581	8515.65
442.91	7474.92
447.238	5821.73
451.561	4599.02
455.88	4002.27
460.194	3714.29
464.505	3682.16
468.812	3620.72
473.113	3720.64
477.412	3891.16
481.707	4125.38
485.998	4589.45
490.282	5507.26
494.565	6153.37
498.844	6687.2
503.116	6497.56
507.389	6579.19
511.654	6793.47
515.916	7635.56
520.173	8347.65
524.427	9027.99
528.678	9770.69
532.922	10138.8
537.162	9736.43
541.399	8829.43
545.633	7411.88
549.864	6240.1
554.088	5199.85
558.309	4601.77
562.527	4081.69
566.742	3776.11
570.948	3695.61
575.155	3738.34
579.356	3701.24
583.552	3426.03
587.743	3489.25
591.934	3634.58
596.118	3506.07
600.297	3234.01
604.474	2841.56
608.647	2837.75
612.814	2854.92
616.979	2914.76
621.138	2841.85
625.296	2769.21
629.447	2828.32
633.594	2592.64
637.738	2505.04
641.88	2348.99
646.013	2168.17
650.145	2308.34
654.275	2270.52
658.397	2250.59
662.515	2337.13
666.634	2474.52
670.742	2320.95
674.851	2242.39
678.953	2284.27
683.052	2341.24
687.147	2486.4
691.238	2700.82
695.326	2830.52
699.407	3198.78
703.487	3269.13
707.561	3113.93
711.633	2823.84
715.699	2643.07
719.761	2557.06
723.819	2431.29
727.874	2474.82
731.921	2341.08
735.97	2444.12
740.011	2325.69
744.049	2240.64
748.082	2125.58
752.112	2109.92
756.138	2022.61
760.159	1987.73
764.175	2044.41
768.19	2023.38
772.199	2047.65
776.204	2054.39
780.204	2028.32
784.202	2149.74
788.196	2253.48
792.184	2445.04
796.168	2796.32
800.151	3039.9
804.126	3060.88
808.098	2925.35
812.067	2850.55
816.031	3031.06
819.991	3430.38
823.95	4145.97
827.902	5548
831.85	7310.06
835.793	9836.66
839.735	11516.8
843.669	10756.7
847.601	8963.61
851.528	8682.31
855.452	9213.79
859.372	8501.8
863.287	7112.8
867.197	6286.25
871.106	5807.58
875.008	5339.21
878.909	5152.04
882.803	4880.47
886.692	4767.5
890.58	4769.88
894.465	5130.87
898.342	5834.4
902.217	7185.7
906.086	8526
909.952	9199.55
913.815	8800.38
917.673	7670.01
921.529	6557.83
925.378	5674.26
929.226	5041.41
933.066	4468.85
936.903	4168.58
940.736	4085.99
944.568	4054.42
948.394	4107.13
952.216	4235.3
956.031	4255.45
959.847	4376.64
963.655	4602.51
967.459	4956.88
971.262	5571.6
975.059	6033.28
978.85	6549.03
982.64	6579.39
986.425	6192.98
990.206	5513.69
993.982	4912.46
997.756	4472.51
1001.52	4228.99
1005.29	4071.16
1009.05	4119.1
1012.8	4176.71
1016.56	4234.87
1020.3	4266.01
1024.05	4398.09
1027.79	4431.48
1031.52	4456.96
1035.26	4457.83
1038.98	4492.01
1042.71	4802.56
1046.43	5006.82
1050.14	5309.88
1053.85	5598.41
1057.56	6137.72
1061.26	6124.81
1064.96	6193.18
1068.66	6499.26
1072.35	6959.55
1076.04	6873.65
1079.72	6510.71
1083.4	5734.05
1087.07	4998.53
1090.74	4738.3
1094.41	4941.87
1098.07	5405.34
1101.73	5849.12
1105.38	6182.71
1109.03	6506.94
1112.68	6913.7
1116.32	7605.34
1119.96	8200.86
1123.59	8668.83
1127.23	8330.25
1130.85	7969.58
1134.47	7878.28
1138.09	7916.72
1141.7	7080.09
1145.31	6343.42
1148.92	5431.65
1152.52	4497.05
1156.12	3756.45
1159.71	3141.01
1163.3	2666.67
1166.88	2437.82
1170.46	2263.14
1174.04	2185.68
1177.61	2132.73
1181.18	2043.87
1184.75	2102.25
1188.31	2170.42
1191.86	2150.92
1195.42	2298.23
1198.97	2458.83
1202.51	2551.63
1206.05	2640.41
1209.59	2657.01
1213.12	2532.13
1216.65	2685.37
1220.17	2738.4
1223.69	3231.4
1227.21	3944.68
1230.72	4039.72
1234.23	4079.07
1237.73	3698.32
1241.23	3389.06
1244.72	3163.26
1248.22	3270.87
1251.7	3235.48
1255.19	3454.32
1258.66	3534.96
1262.14	3703.28
1265.61	3966.19
1269.08	4492.32
1272.54	5533.22
1276	6100.31
1279.46	5871.53
1282.91	5145.51
1286.35	4249.89
1289.8	3595.82
1293.24	3273.74
1296.67	3117.81
1300.1	2969.51
1303.53	2945.33
1306.95	2961.12
1310.37	3044.65
1313.78	3188.06
1317.19	3450.56
1320.6	3806.5
1324	4235.77
1327.4	4683.96
1330.79	5093.09
1334.18	5360.34
1337.57	5620.23
1340.95	5777.93
1344.33	5961.67
1347.7	6049.44
1351.07	5991.3
1354.44	6036.07
1357.8	6167.37
1361.16	6101.17
1364.51	6050.82
1365.83	6042.15
1369.47	5992.77
1373.1	5794.08
1376.73	5602.39
1380.36	5232.81
1383.99	5189.47
1387.61	5096.16
1391.23	5088.54
1394.84	4756.28
1398.46	4067.74
1402.07	3624.4
1405.67	3399.53
1409.27	3289.37
1412.87	3123.41
1416.46	3002.62
1420.05	3019.59
1423.64	2802.25
1427.22	2810.72
1430.8	2873.48
1434.38	3021.83
1437.95	3351.94
1441.52	3598.22
1445.08	3899.14
1448.65	4175.93
1452.2	4392.9
1455.76	4608.02
1459.31	4698.85
1462.86	4975.11
1466.4	5402.39
1469.94	5203.39
1473.48	5106.37
1477.01	5247.75
1480.54	4975.71
1484.07	4469.05
1487.59	3090.74
1491.11	2206.43
1494.63	1810.43
1498.14	1723.06
1501.65	1529.23
1505.15	1535.06
1508.65	1402.36
1512.15	1373.26
1515.65	1377.72
1519.14	1404.3
1522.62	1330.31
1526.11	1333.55
1529.59	1310.1
1533.07	1289.49
1536.54	1328.48
1540.01	1273.2
1543.47	1313.81
1546.94	1281.26
1550.39	1243.41
1553.85	1222.87
1557.3	1295.11
1560.75	1278.77
1564.2	1288
1567.64	1279.18
1571.07	1303.57
1574.51	1360.12
1577.94	1271.39
1581.37	1295.26
1584.79	1322.9
1588.21	1319.05
1591.62	1319.73
1595.04	1342.78
1598.45	1375.87
1601.85	1433.1
1605.25	1375.85
1608.65	1394.47
1612.05	1429.05
1615.44	1425.79
1618.83	1421.17
1622.21	1454.72
1625.59	1428.4
1628.97	1477.49
1632.34	1504.63
1635.71	1528.23
1639.07	1530.77
1642.44	1535.62
1645.8	1586.03
1649.15	1543.84
1652.51	1616.64
1655.85	1649.23
1659.2	1614.89
1662.54	1588.36
1665.88	1514.09
1669.21	1490.07
1672.54	1510.35
1675.87	1475.33
1679.19	1474.41
1682.51	1379.62
1685.83	1326.82
1689.14	1280.66
1692.45	1255.76
1695.75	1236.88
1699.06	1224.65
1702.35	1185.01
1705.65	1157.05
1708.94	1125.81
1712.23	1154.55
1715.51	1108.38
1718.79	1109.25
1722.07	1123.25
1725.34	1135.62
1728.61	1070.57
1731.88	1099.19
1735.14	1104.12
1738.4	1114.93
1741.65	1106.76
1744.91	1057.49
1748.15	1029.33
1751.4	1048.63
1754.64	1055.37
1757.88	1074.92
1761.11	1040
1764.34	1050.66
1767.57	1035.4
1770.79	1074.79
1774.01	1037.28
1777.23	1048.37
1780.44	1052.45
1783.65	992.794
1786.85	991.654
1790.05	950.404
1793.25	976.212
1796.45	981.636
1799.64	1007.15
1802.83	1008.4
1806.01	1012.22
1809.19	1019.85
1812.37	1039.7
1815.54	984.676
1818.71	1000.78
1821.87	958.116
1825.04	980.355
1828.19	941.589
1831.35	1008.73
1834.5	1013.73
1837.65	1015.95
1840.79	970.619
1843.93	981.786
1847.07	963.437
1850.21	962.869
1853.33	939.117
1856.46	949.53
1859.58	958.503
1862.7	947.506
1865.82	956.288
1868.93	943.709
1872.04	964.174
1875.14	972.665
1878.24	937.184
1881.34	928.233
1884.44	928.738
1887.53	904.517
1890.61	965.796
1893.7	932.387
1896.78	920.988
1899.85	915.454
1902.92	921.587
1905.99	929.265
1909.06	928.431
1912.12	898.851
1915.18	904.744
1918.23	893.455
1921.29	887.662
1924.33	928.731
1927.38	897.044
1930.42	924.871
1933.45	961.867
1936.49	884.953
1939.52	928.936
1942.54	864.121
1945.56	893.233
1948.58	860.303
1951.6	892.348
1954.61	939.856
1957.62	901.991
1960.62	934.265
1963.62	920.53
1966.62	908.282
1969.61	949.204
1972.6	943.486
1975.59	925.911
1978.57	943.21
1981.55	937.873
1984.53	951.36
1987.5	893.611
1990.47	877.462
1993.43	932.862
1996.4	861.237
1999.35	876.531
2002.31	876.472
2005.26	831.998
2008.21	858.311
2011.15	857.764
2014.09	828.739
2017.02	834.497
2019.96	811.058
2022.89	828.424
2025.81	841.994
2028.73	866.651
2031.65	851.55
2034.57	833.238
2037.48	839.43
2040.39	829.56
2043.29	851.134
2046.19	832.588
2049.09	855.931
2051.98	833.112
2054.87	847.673
2057.76	844.48
2060.64	851.334
2063.52	854.728
2066.39	848.55
2069.27	864.45
2072.13	862.017
2075	859.403
2077.86	882.512
2080.71	894.852
2083.57	903.287
2086.42	849.128
2089.27	862.803
2092.11	858.459
2094.95	891.652
2097.79	899.007
2098.91	895.769
2102.04	890.17
2105.15	896.943
2108.27	920.915
2111.38	876.605
2114.49	892.704
2117.6	909.814
2120.7	863.844
2123.8	919.755
2126.9	924.381
2129.99	906.477
2133.08	835.232
2136.17	888.293
2139.25	899.891
2142.33	893.466
2145.41	927.983
2148.49	906.489
2151.56	893.192
2154.63	875.542
2157.69	856.583
2160.75	857.384
2163.81	926.139
2166.87	878.22
2169.92	856.113
2172.97	868.206
2176.02	886.334
2179.06	853.773
2182.1	872.187
2185.14	843.674
2188.17	889.968
2191.2	901.873
2194.23	864.398
2197.26	918.781
2200.28	906.85
2203.3	937.411
2206.31	906.826
2209.32	909.101
2212.33	925.031
2215.34	905.367
2218.34	936.063
2221.34	883.563
2224.34	898.434
2227.33	937.109
2230.32	931.674
2233.3	968.044
2236.29	950.005
2239.27	897.263
2242.24	902.216
2245.22	932.53
2248.19	913.758
2251.16	1009.34
2254.12	925.197
2257.08	932.484
2260.04	927.978
2263	930.327
2265.95	926.058
2268.9	954.707
2271.84	968.13
2274.78	950.724
2277.72	909.278
2280.66	896.349
2283.59	888.677
2286.52	855.291
2289.45	863.143
2292.37	916.092
2295.29	895.914
2298.21	842.029
2301.12	882.855
2304.03	853.67
2306.94	850.501
2309.85	857.061
2312.75	892.674
2315.64	900.228
2318.54	816.732
2321.43	797.79
2324.32	760.323
2327.2	613.451
2330.09	622.216
2332.96	786.191
2335.84	794.585
2338.71	838.994
2341.58	758.452
2344.45	807.53
2347.31	791.947
2350.17	791.208
2353.03	789.208
2355.88	777.708
2358.73	758.794
2361.58	762.017
2364.42	748.294
2367.26	753.607
2370.1	756.923
2372.94	754.3
2375.77	760.911
2378.59	755.363
2381.42	762.14
2384.24	755.603
2387.06	789.596
2389.87	775.839
2392.69	788.535
2395.5	767.062
2398.3	802.661
2401.1	841.837
2403.9	784.73
2406.7	779.493
2409.49	821.957
2412.28	819.342
2415.07	810.51
2417.85	810.16
2420.63	811.434
2423.41	896.098
2426.18	908.969
2428.95	857.728
2431.72	839.848
2434.48	816.469
2437.24	801.421
2440	786.982
2442.76	832.959
2445.51	831.142
2448.26	888.585
2451	823.765
2453.74	839.924
2456.48	900.302
2459.22	881.345
2461.95	925.344
2464.68	908.356
2467.4	868.174
2470.13	975.76
2472.85	877.223
2475.56	976.589
2478.27	876.975
2480.98	942.271
2483.69	933.829
2486.39	901.849
2489.09	914.027
2491.79	904.383
2494.49	897.355
2497.18	985.979
2499.86	929.875
2502.55	965.978
2505.23	975.32
2507.91	943.778
2510.58	975.836
2513.25	946.046
2515.92	1008.59
2518.58	1013.59
2521.25	972.63
2523.9	949.249
2526.56	975.646
2529.21	982.848
2531.86	986.201
2534.51	1002.75
2537.15	978.631
2539.79	984.552
2542.42	980.247
2545.06	1000.04
2547.69	1054.96
2550.31	1004.88
2552.94	1075.53
2555.55	1032.59
2558.17	1113
2560.79	1096.44
2563.4	1128.92
2566	1133.57
2568.61	1153.49
2571.21	1179.14
2573.81	1201.8
2576.4	1102.52
2578.99	1141.56
2581.58	1107.49
2584.16	1081.92
2586.74	1132.86
2589.32	1108.13
2591.9	1122.72
2594.47	1139.04
2597.04	1091.29
2599.6	1120.02
2602.17	1129.46
2604.72	1084.94
2607.28	1096.95
2609.83	1108.32
2612.38	1163.54
2614.93	1153.12
2617.47	1184.71
2620.01	1174.89
2622.55	1253.69
2625.08	1300.55
2627.61	1328.97
2630.14	1339.31
2632.66	1356.1
2635.18	1442.49
2637.7	1506.21
2640.21	1534.21
2642.72	1535.7
2645.23	1577.24
2647.73	1632.47
2650.23	1709.62
2652.73	1713.93
2655.23	1720.72
2657.72	1705.44
2660.21	1776.27
2662.69	1816.06
2665.17	1790.38
2667.65	1809.56
2670.13	1783.93
2672.6	1849.62
2675.07	1943.82
2677.53	2017.88
2680	2318.15
2682.46	2611.5
2684.91	2591.2
2687.36	2556.12
2689.81	2562.53
2692.26	2635.99
2694.7	2641.22
2697.14	2626.14
2699.58	2636.01
2702.01	2671.68
2704.44	2727.18
2706.87	2766.3
2709.3	2819.72
2711.72	2914.34
2714.13	2979.23
2716.55	3024.91
2718.96	3094.46
2721.37	3122.35
2723.77	3224.63
2724.03	3237.25
2726.72	3290.5
2729.41	3327.69
2732.09	3354.43
2734.78	3474.27
2737.46	3513.47
2740.13	3624.12
2742.81	3552.28
2745.48	3599.88
2748.15	3667.86
2750.81	3762.21
2753.48	3712.25
2756.14	3490.11
2758.79	3453.8
2761.45	3411.78
2764.1	3431.58
2766.75	3556.1
2769.39	3727.66
2772.04	4039.18
2774.68	4443.96
2777.32	4931.29
2779.95	5498.78
2782.58	5564.03
2785.21	5412.23
2787.83	5437.96
2790.46	5517.53
2793.08	5788.31
2795.7	6045.09
2798.31	6281.15
2800.92	6613.99
2803.53	6863.64
2806.14	7191.63
2808.74	7511.53
2811.34	8007.65
2813.94	8329.14
2816.54	8745.61
2819.13	9092.19
2821.72	9537.49
2824.3	10018.1
2826.89	10436.9
2829.47	10828.1
2832.04	11131.9
2834.62	11391.2
2837.19	11629.2
2839.76	11911
2842.33	12147.2
2844.89	12308
2847.45	12697.2
2850.01	12841.8
2852.56	12959.4
2855.12	13327.6
2857.66	13654.4
2860.21	14063.5
2862.75	14700.3
2865.29	15469.1
2867.83	16336.1
2870.37	17483.5
2872.9	18717.1
2875.43	20163.2
2877.96	21630.7
2880.48	23309.8
2883	24863
2885.52	26240.4
2888.03	27260
2890.54	28037.6
2893.05	28777.7
2895.56	29402.8
2898.06	29810.1
2900.56	30446.1
2903.06	30987
2905.55	31113.7
2908.05	30981.3
2910.54	30366.1
2913.02	29476.8
2915.51	28145.5
2917.99	26868
2920.47	25868.8
2922.94	25298.9
2925.41	25246
2927.88	25054.4
2930.35	25112.8
2932.81	25690.2
2935.27	26109.5
2937.73	26965
2940.18	27269.5
2942.63	27235.6
2945.08	27423.4
2947.53	26827.6
2949.97	26219.1
2952.41	25384
2954.85	24422
2957.28	23089.8
2959.71	21746
2962.14	20599.9
2964.57	19146
2966.99	18001.3
2969.41	16782.6
2971.83	15500.6
2974.24	14162.4
2976.66	13230.7
2979.06	12221.5
2981.47	11263.1
2983.87	10249.9
2986.27	9260.3
2988.67	8604.12
2991.06	7866.73
2993.45	7081.21
2995.84	6351.36
2998.23	5920.63
3000.61	5413.53
3002.99	4983.12
3005.37	4563.73
3007.74	4243.7
3010.11	4038.8
3012.48	3781.23
3014.84	3579.26
3017.21	3379.9
3019.56	3314.34
3021.92	3197.43
3024.27	3011.14
3026.63	2984.82
3028.97	2944.76
3031.32	2791.47
3033.66	2814.14
3036	2760.39
3038.33	2757
3040.67	2712.3
3043	2684.44
3045.33	2698.95
3047.65	2778.77
3049.97	2658.64
3052.29	2747.92
3054.6	2774.94
3056.92	2823.9
3059.23	2749.21
3061.53	2823.97
3063.84	2791.95
3066.14	2819.36
3068.44	2842.8
3070.73	2792.37
3073.03	2859.52
3075.31	2846.56
3077.6	2874.84
3079.89	2878.6
3082.17	2849.64
3084.44	2944.56
3086.72	2980.02
3088.99	2995.37
3091.26	2997.5
3093.53	3043.16
3095.79	3126.12
3098.05	3074.17
3100.31	3149.25
3102.56	3158.38
3104.81	3250.7
3107.06	3252.59
3109.31	3365.36
3111.55	3363.46
3113.79	3376.59
3116.03	3372.67
3118.26	3472.17
3120.49	3482.78
3122.72	3497.97
3124.95	3559.41
3127.17	3641.98
3129.39	3645.51
3131.61	3695.65
3133.82	3677.17
3136.03	3813.74
3138.24	3819.37
3140.44	3924.47
3142.65	3952.96
3144.84	3971.81
3147.04	4074.87
3149.24	4110.52
