403.788	2255.61
408.15	1951.03
412.511	1719.63
416.867	1953.95
421.217	2232.34
425.563	2466.11
429.907	2479.41
434.245	2356.74
438.581	2116.93
442.91	1965.26
447.238	1508.89
451.561	1222.12
455.88	994.537
460.194	979.703
464.505	916.956
468.812	1009
473.113	1201.32
477.412	1113.48
481.707	1263.41
485.998	1155.8
490.282	1249.81
494.565	1652.63
498.844	1797.43
503.116	1810.48
507.389	1964.46
511.654	2038.44
515.916	1663.31
520.173	1679.45
524.427	1626.15
528.678	1788.73
532.922	1946.99
537.162	2044.95
541.399	1855.24
545.633	1759.03
549.864	1874.22
554.088	1713.78
558.309	1763.56
562.527	1900.36
566.742	1660.65
570.948	1558.4
575.155	1706.78
579.356	1731.87
583.552	1676.34
587.743	1676.95
591.934	1897.14
596.118	1971.58
600.297	2263.44
604.474	2841.39
608.647	2979.31
612.814	3305.32
616.979	5356.09
621.138	5444.04
625.296	6964.49
629.447	11629.8
633.594	11861
637.738	8436.75
641.88	5933.96
646.013	3924.8
650.145	3000.13
654.275	2351.59
658.397	1784.81
662.515	1567.11
666.634	1382.56
670.742	1357.82
674.851	1243.73
678.953	1220.71
683.052	1282.55
687.147	1342.92
691.238	1406.91
695.326	1512.22
699.407	1580.33
703.487	1497.75
707.561	1401.95
711.633	1296.43
715.699	1132.31
719.761	1277.13
723.819	1453.8
727.874	1750.69
731.921	2092.53
735.97	2468.63
740.011	2772.24
744.049	2846.68
748.082	2940.4
752.112	2680
756.138	2680.88
760.159	2658.69
764.175	2782.15
768.19	3101.38
772.199	2727.69
776.204	2797.15
780.204	2960.22
784.202	3234.23
788.196	3380.09
792.184	3499.79
796.168	4023.98
800.151	4919.85
804.126	5710.97
808.098	5633.44
812.067	5440.32
816.031	5307.67
819.991	5305.84
823.95	6117.02
827.902	7736.94
831.85	10293.8
835.793	13827.6
839.735	14985.6
843.669	13505.6
847.601	11201.4
851.528	9555.74
855.452	8933.13
859.372	8154.38
863.287	7078.91
867.197	6577.2
871.106	6165.64
875.008	6070.57
878.909	6006.92
882.803	5584.85
886.692	5040.64
890.58	4648.38
894.465	4941.91
898.342	5378.42
902.217	5993.92
906.086	6323.07
909.952	6888.33
913.815	7474.84
917.673	7535.72
921.529	6784.41
925.378	5739.45
929.226	4765.61
933.066	4331.98
936.903	4236.94
940.736	4239.06
944.568	4532.89
948.394	4340.73
952.216	4276.57
956.031	4105.19
959.847	4037.88
963.655	4134.07
967.459	4031.61
971.262	4005.61
975.059	4031.88
978.85	4259.72
982.64	4785.19
986.425	6014.91
990.206	7136.28
993.982	11263.1
997.756	23897.2
1001.52	22759.4
1005.29	9190.47
1009.05	5208.31
1012.8	4460.33
1016.56	4731.34
1020.3	5531.53
1024.05	7870.92
1027.79	11335.6
1031.52	11057
1035.26	8119.02
1038.98	6460.35
1042.71	5870.89
1046.43	5354.19
1050.14	5374.94
1053.85	5459.68
1057.56	6338.36
1061.26	6724.54
1064.96	6733.32
1068.66	6094.17
1072.35	5569.63
1076.04	5029.96
1079.72	4640.25
1083.4	4552.06
1087.07	4508.88
1090.74	4686.09
1094.41	4857.6
1098.07	4656.63
1101.73	4554.09
1105.38	4756.75
1109.03	5191.38
1112.68	6018.51
1116.32	6890.03
1119.96	7360.81
1123.59	7035.4
1127.23	6392.52
1130.85	5066.48
1134.47	4547.56
1138.09	4592.55
1141.7	4576.03
1145.31	4919.12
1148.92	5474.2
1152.52	5864.87
1156.12	5191.82
1159.71	4262.58
1163.3	3834.35
1166.88	3539.77
1170.46	3451.97
1174.04	3635.32
1177.61	4114.03
1181.18	4642.92
1184.75	4526.7
1188.31	4669.62
1191.86	5201.61
1195.42	5549.49
1198.97	5299.38
1202.51	4714.67
1206.05	4073.77
1209.59	3565.66
1213.12	3367.5
1216.65	3344.02
1220.17	3424.48
1223.69	3820.85
1227.21	4288.9
1230.72	4353.87
1234.23	4183
1237.73	4054.54
1241.23	3854.68
1244.72	3906.5
1248.22	3822.35
1251.7	3881.47
1255.19	4035.51
1258.66	4189.53
1262.14	4361.93
1265.61	4527.22
1269.08	4712.56
1272.54	5469.54
1276	6394.7
1279.46	7336.24
1282.91	8268.16
1286.35	8561.57
1289.8	7847.17
1293.24	7295.79
1296.67	7260.93
1300.1	7084.48
1303.53	6529.66
1306.95	5726.64
1310.37	4740.8
1313.78	4168.48
1317.19	3801.23
1320.6	3686.26
1324	3614.35
1327.4	3539.64
1330.79	3545.87
1334.18	3566.64
1337.57	3686.06
1340.95	3719.47
1344.33	3736.53
1347.7	3762.68
1351.07	3842.29
1354.44	4019.29
1357.8	4253.63
1361.16	4501.28
1364.51	4615.46
1365.83	4639.77
1369.47	4639.11
1373.1	4383.53
1376.73	4110.67
1380.36	3973.39
1383.99	3704.41
1387.61	3697.62
1391.23	3590.24
1394.84	3619.19
1398.46	3257.67
1402.07	3136.46
1405.67	3026.86
1409.27	3081.64
1412.87	3282.23
1416.46	3504.44
1420.05	3928.1
1423.64	4459.54
1427.22	5661.21
1430.8	7320.92
1434.38	8886.03
1437.95	9260.11
1441.52	10329.2
1445.08	11994.7
1448.65	13031.1
1452.2	12711.1
1455.76	11618.5
1459.31	10071.1
1462.86	8701.48
1466.4	7798.95
1469.94	6838.9
1473.48	6102.97
1477.01	5582.72
1480.54	4866.6
1484.07	4300.68
1487.59	3491.8
1491.11	2929.61
1494.63	2565.8
1498.14	2251.13
1501.65	2136.47
1505.15	1966.27
1508.65	1945.96
1512.15	1760.45
1515.65	1708.55
1519.14	1618.44
1522.62	1544.59
1526.11	1507
1529.59	1487.6
1533.07	1418.92
1536.54	1358.46
1540.01	1352.64
1543.47	1395.17
1546.94	1317.46
1550.39	1226
1553.85	1260.12
1557.3	1250.04
1560.75	1207.82
1564.2	1190.13
1567.64	1260.21
1571.07	1354.51
1574.51	1424.57
1577.94	1861.43
1581.37	2646.27
1584.79	2356.7
1588.21	1763.17
1591.62	1949.73
1595.04	2651.59
1598.45	4482.76
1601.85	5685.56
1605.25	4146.85
1608.65	2499.33
1612.05	1822.03
1615.44	1482.13
1618.83	1346.95
1622.21	1312.63
1625.59	1277.58
1628.97	1344
1632.34	1374.06
1635.71	1466.1
1639.07	1631.99
1642.44	1637.55
1645.8	1618.59
1649.15	1674.28
1652.51	1594.97
1655.85	1649.55
1659.2	1575.41
1662.54	1600.94
1665.88	1527.48
1669.21	1414.66
1672.54	1357.28
1675.87	1209.06
1679.19	1213.94
1682.51	1230.76
1685.83	1251.49
1689.14	1292.98
1692.45	1388.73
1695.75	1426.09
1699.06	1570.89
1702.35	1725.07
1705.65	2018.95
1708.94	2386.95
1712.23	2793.02
1715.51	3436.3
1718.79	4084.36
1722.07	4883.66
1725.34	5786.98
1728.61	6785.97
1731.88	7334.17
1735.14	7395.18
1738.4	6891.72
1741.65	5815.6
1744.91	4633.67
1748.15	3403.05
1751.4	2549.41
1754.64	1924.52
1757.88	1533.85
1761.11	1297.39
1764.34	1155.57
1767.57	1057.23
1770.79	931.301
1774.01	892.46
1777.23	905.077
1780.44	821.349
1783.65	817.109
1786.85	869.887
1790.05	805.545
1793.25	755.248
1796.45	712.401
1799.64	754.4
1802.83	728.119
1806.01	693.514
1809.19	680.515
1812.37	721.371
1815.54	737.847
1818.71	678.736
1821.87	720.455
1825.04	759.568
1828.19	702.925
1831.35	711.333
1834.5	696.874
1837.65	660.194
1840.79	661.096
1843.93	646.701
1847.07	656.222
1850.21	561.857
1853.33	660.815
1856.46	678.582
1859.58	643.365
1862.7	659.849
1865.82	603.597
1868.93	632.644
1872.04	713.259
1875.14	679.002
1878.24	617.045
1881.34	608.592
1884.44	710.566
1887.53	632.465
1890.61	686.408
1893.7	674.082
1896.78	632.116
1899.85	600.803
1902.92	603.591
1905.99	655.353
1909.06	616.112
1912.12	638.666
1915.18	632.488
1918.23	610.492
1921.29	639.927
1924.33	610.869
1927.38	657.204
1930.42	649.828
1933.45	634.556
1936.49	645.162
1939.52	636.184
1942.54	630.446
1945.56	663.899
1948.58	682.418
1951.6	715.674
1954.61	617.723
1957.62	644.435
1960.62	643.713
1963.62	667.125
1966.62	678.264
1969.61	671.701
1972.6	614.602
1975.59	830.131
1978.57	720.468
1981.55	631.501
1984.53	656.062
1987.5	623.494
1990.47	624.031
1993.43	663.318
1996.4	697.337
1999.35	688.017
2002.31	680.807
2005.26	657.79
2008.21	637.367
2011.15	604.061
2014.09	615.456
2017.02	650.493
2019.96	585.87
2022.89	622.81
2025.81	649.399
2028.73	647.343
2031.65	605.654
2034.57	626.488
2037.48	652.346
2040.39	650.844
2043.29	568.382
2046.19	625.012
2049.09	624.783
2051.98	662.904
2054.87	679.428
2057.76	658.419
2060.64	690.324
2063.52	667.279
2066.39	659.009
2069.27	670.81
2072.13	691.213
2075	697.116
2077.86	678.724
2080.71	712.557
2083.57	706.24
2086.42	694.195
2089.27	756.38
2092.11	708.098
2094.95	644.793
2097.79	651.122
2098.91	662.637
2102.04	660.506
2105.15	630.411
2108.27	685.895
2111.38	694.96
2114.49	621.861
2117.6	646.313
2120.7	653.416
2123.8	693.23
2126.9	689.276
2129.99	691.839
2133.08	644.149
2136.17	658.234
2139.25	665.858
2142.33	625.656
2145.41	702.032
2148.49	724.61
2151.56	662.523
2154.63	704.092
2157.69	648.905
2160.75	718.47
2163.81	622.779
2166.87	628.291
2169.92	606.021
2172.97	714.837
2176.02	654.07
2179.06	697.866
2182.1	679.804
2185.14	709.588
2188.17	705.357
2191.2	694.167
2194.23	697.863
2197.26	717.371
2200.28	725.338
2203.3	772.726
2206.31	752.893
2209.32	729.272
2212.33	763.044
2215.34	743.047
2218.34	742.419
2221.34	709.853
2224.34	750.368
2227.33	849.599
2230.32	962.065
2233.3	1354.17
2236.29	1454.19
2239.27	1525.39
2242.24	1181.41
2245.22	971.236
2248.19	868.185
2251.16	795.424
2254.12	732.492
2257.08	668.599
2260.04	699.996
2263	751.701
2265.95	695.616
2268.9	727.636
2271.84	773.766
2274.78	788.857
2277.72	714.068
2280.66	719.178
2283.59	753.208
2286.52	746.689
2289.45	757.854
2292.37	776.254
2295.29	781.05
2298.21	678.663
2301.12	761.56
2304.03	701.573
2306.94	711.59
2309.85	716.363
2312.75	740.143
2315.64	738.844
2318.54	699.976
2321.43	667.177
2324.32	707.861
2327.2	553.279
2330.09	509.774
2332.96	689.273
2335.84	664.63
2338.71	692.127
2341.58	677.894
2344.45	622.606
2347.31	714.2
2350.17	673.254
2353.03	706.117
2355.88	693.054
2358.73	711.11
2361.58	745.219
2364.42	739.039
2367.26	734.571
2370.1	720.974
2372.94	793.165
2375.77	772.674
2378.59	801.211
2381.42	731.884
2384.24	731.875
2387.06	750.922
2389.87	769.274
2392.69	845.735
2395.5	743.954
2398.3	879.111
2401.1	858.351
2403.9	798.585
2406.7	849.964
2409.49	838.708
2412.28	790.511
2415.07	849.495
2417.85	828.095
2420.63	879.757
2423.41	872.044
2426.18	829.284
2428.95	843.652
2431.72	872.978
2434.48	823.55
2437.24	806.882
2440	814.097
2442.76	893.827
2445.51	877.175
2448.26	795.696
2451	862.49
2453.74	909.3
2456.48	833.056
2459.22	876.927
2461.95	901.218
2464.68	866.545
2467.4	920.215
2470.13	903.721
2472.85	869.838
2475.56	855.138
2478.27	927.689
2480.98	882.805
2483.69	911.977
2486.39	951.841
2489.09	868.863
2491.79	911.941
2494.49	875.079
2497.18	906.489
2499.86	890.126
2502.55	873.991
2505.23	842.948
2507.91	866.529
2510.58	954.789
2513.25	885.725
2515.92	807.001
2518.58	936.62
2521.25	864.399
2523.9	945.441
2526.56	888.252
2529.21	1000.33
2531.86	1027.67
2534.51	984.092
2537.15	988.117
2539.79	965.696
2542.42	971.006
2545.06	996.351
2547.69	1044.53
2550.31	1009.23
2552.94	1014.56
2555.55	1040.84
2558.17	1015.07
2560.79	1097.34
2563.4	1128.18
2566	1060.69
2568.61	1193.47
2571.21	1095.93
2573.81	1155.77
2576.4	1145.74
2578.99	1198.42
2581.58	1230.84
2584.16	1220.91
2586.74	1309.88
2589.32	1318.62
2591.9	1345.61
2594.47	1339.18
2597.04	1375.21
2599.6	1378.74
2602.17	1447.42
2604.72	1411.37
2607.28	1350.68
2609.83	1449.29
2612.38	1419.93
2614.93	1402.13
2617.47	1285.1
2620.01	1264.59
2622.55	1334.67
2625.08	1345.38
2627.61	1305.01
2630.14	1309.62
2632.66	1312.5
2635.18	1255.32
2637.7	1339.55
2640.21	1332
2642.72	1350.24
2645.23	1342.83
2647.73	1359.42
2650.23	1355.01
2652.73	1410.55
2655.23	1436.97
2657.72	1475.86
2660.21	1541.65
2662.69	1503.12
2665.17	1616.87
2667.65	1638.37
2670.13	1667.9
2672.6	1723.7
2675.07	1667.53
2677.53	1768.32
2680	1793.63
2682.46	1984.98
2684.91	1967.31
2687.36	2101.87
2689.81	2162.24
2692.26	2301.04
2694.7	2375.73
2697.14	2471.3
2699.58	2557.04
2702.01	2627.32
2704.44	2732.73
2706.87	2939.53
2709.3	3119.79
2711.72	3284.54
2714.13	3474.1
2716.55	3646.14
2718.96	3813.43
2721.37	4058.07
2723.77	4290.98
2724.03	4320.42
2726.72	4408.54
2729.41	4581.16
2732.09	4734.59
2734.78	4917.68
2737.46	5044.9
2740.13	4962.17
2742.81	4752.74
2745.48	4537.22
2748.15	4167.78
2750.81	3928.84
2753.48	3603.67
2756.14	3430.68
2758.79	3270.93
2761.45	3204.41
2764.1	3107.87
2766.75	3171.8
2769.39	3169.59
2772.04	3167.9
2774.68	3458.64
2777.32	3629.06
2779.95	3725.93
2782.58	3764.56
2785.21	3641.77
2787.83	3495.74
2790.46	3524.42
2793.08	3461.15
2795.7	3485.14
2798.31	3550.17
2800.92	3601.85
2803.53	3654.54
2806.14	3849.1
2808.74	3959.82
2811.34	4170.38
2813.94	4333.45
2816.54	4496.83
2819.13	4760.74
2821.72	5034.42
2824.3	5407.12
2826.89	5812.26
2829.47	6169.48
2832.04	6614.32
2834.62	7276.83
2837.19	8026.72
2839.76	9175.02
2842.33	10495.5
2844.89	12184.8
2847.45	13795.6
2850.01	15241.9
2852.56	15968.6
2855.12	16836.4
2857.66	18193.6
2860.21	20831.5
2862.75	24729.7
2865.29	29796.6
2867.83	35121.9
2870.37	39350.2
2872.9	43298
2875.43	46332.7
2877.96	46211.2
2880.48	42887.8
2883	38999.8
2885.52	36350.6
2888.03	35277.7
2890.54	35722.8
2893.05	37412.1
2895.56	39351.4
2898.06	41755.7
2900.56	44033.3
2903.06	46475.2
2905.55	48173.3
2908.05	50549
2910.54	52576.6
2913.02	54083.7
2915.51	55460.2
2917.99	55780.6
2920.47	55819
2922.94	56074.7
2925.41	56943.8
2927.88	59065.3
2930.35	63593.7
2932.81	69950
2935.27	77698.7
2937.73	84288.4
2940.18	85590.8
2942.63	79844.5
2945.08	70708.2
2947.53	61744.7
2949.97	54492.9
2952.41	48748.9
2954.85	44872.1
2957.28	42343.7
2959.71	40618
2962.14	39129.1
2964.57	37632.5
2966.99	36012.5
2969.41	34102.1
2971.83	31642.9
2974.24	29346.8
2976.66	27111.5
2979.06	25014.3
2981.47	23115
2983.87	21021.2
2986.27	19051.1
2988.67	17430.7
2991.06	15917.9
2993.45	14405.2
2995.84	13326.8
2998.23	12362.2
3000.61	11636.1
3002.99	11020.5
3005.37	10311.7
3007.74	9526.03
3010.11	8914.62
3012.48	8241.42
3014.84	7862.79
3017.21	7484.67
3019.56	7104.93
3021.92	7031.41
3024.27	6924.67
3026.63	6846.69
3028.97	7001.56
3031.32	6925.2
3033.66	7005.03
3036	7071.14
3038.33	7336.64
3040.67	7443.38
3043	7364.33
3045.33	7465.47
3047.65	7877.28
3049.97	8942
3052.29	10283.2
3054.6	11751.6
3056.92	12264
3059.23	12238.5
3061.53	11995.9
3063.84	11864.4
3066.14	11157.3
3068.44	9897.16
3070.73	8431.4
3073.03	7096.51
3075.31	6065.92
3077.6	5151.48
3079.89	4474.7
3082.17	3963.49
3084.44	3648.46
3086.72	3330.81
3088.99	3115.33
3091.26	2882.33
3093.53	2739.53
3095.79	2573.44
3098.05	2433.38
3100.31	2438.47
3102.56	2313.93
3104.81	2293.9
3107.06	2241.15
3109.31	2164.02
3111.55	2077.85
3113.79	1993.56
3116.03	1919.7
3118.26	1831.37
3120.49	1828.15
3122.72	1766.67
3124.95	1710.91
3127.17	1676.04
3129.39	1602.53
3131.61	1518.12
3133.82	1543.83
3136.03	1530.87
3138.24	1521.13
3140.44	1518.15
3142.65	1482.49
3144.84	1510.26
3147.04	1486.26
3149.24	1464.27
