403.788	3305.46
408.15	2563.49
412.511	2144.9
416.867	2179.01
421.217	2323.56
425.563	2903.81
429.907	3132.98
434.245	3228.8
438.581	3109.86
442.91	2880.98
447.238	2140.93
451.561	1290.51
455.88	1003.63
460.194	994.273
464.505	790.087
468.812	838.089
473.113	958.238
477.412	992.235
481.707	1187.63
485.998	1253.78
490.282	1592.17
494.565	2024.68
498.844	2274.1
503.116	2275.04
507.389	2225.86
511.654	2333.81
515.916	2499.47
520.173	2811.37
524.427	3161.21
528.678	3946.05
532.922	4759.93
537.162	4116.58
541.399	2961.5
545.633	2285.32
549.864	1772.15
554.088	1380.64
558.309	1063.02
562.527	915.748
566.742	762.346
570.948	747.99
575.155	1098.75
579.356	1532.99
583.552	1083.86
587.743	886.529
591.934	1109.01
596.118	980.385
600.297	1069.91
604.474	1223.89
608.647	1351.38
612.814	1598.39
616.979	2324.52
621.138	2584.59
625.296	3372.13
629.447	5330.85
633.594	5287.07
637.738	3872.6
641.88	2795.16
646.013	1742.85
650.145	1396.62
654.275	1118.99
658.397	897.733
662.515	962.753
666.634	862.038
670.742	892.654
674.851	886.935
678.953	796.71
683.052	982.189
687.147	1045.76
691.238	1245.13
695.326	1344.66
699.407	1463.67
703.487	1478.19
707.561	1303.72
711.633	1145.48
715.699	1160.53
719.761	1181.63
723.819	1234.12
727.874	1347.04
731.921	1618.14
735.97	1619.81
740.011	1814.93
744.049	1776.53
748.082	1728.44
752.112	1657.25
756.138	1570.59
760.159	1635.43
764.175	1688.23
768.19	1795.37
772.199	1632.41
776.204	1761.29
780.204	1801.99
784.202	2048.35
788.196	2187.16
792.184	2410.04
796.168	2838.39
800.151	3418.12
804.126	3872.21
808.098	3814.89
812.067	3835.29
816.031	3955.27
819.991	4368.19
823.95	5409.78
827.902	7238.32
831.85	9590.33
835.793	14166.8
839.735	17980.6
843.669	16645.1
847.601	12220.3
851.528	10965.6
855.452	12628.9
859.372	11666.3
863.287	8293.37
867.197	6519.83
871.106	5688.41
875.008	5342.18
878.909	5008.25
882.803	4602.91
886.692	4303.31
890.58	4060.41
894.465	4134.35
898.342	4551.62
902.217	5360.62
906.086	5764.99
909.952	6246.62
913.815	6537.96
917.673	6304.75
921.529	5703.4
925.378	5069.13
929.226	4368.3
933.066	3854.26
936.903	3434
940.736	3338.55
944.568	3513.46
948.394	3363.98
952.216	3098.8
956.031	3067.16
959.847	2894.75
963.655	3011.8
967.459	3015.3
971.262	3140.1
975.059	3291.32
978.85	3588.64
982.64	3833.69
986.425	4380.47
990.206	4634.11
993.982	6153.83
997.756	11253.4
1001.52	10749.8
1005.29	5045.52
1009.05	3571.68
1012.8	3215.19
1016.56	3289.03
1020.3	3646.49
1024.05	4868.8
1027.79	6205.8
1031.52	6226.4
1035.26	4919.97
1038.98	4172.37
1042.71	4085.13
1046.43	4066.73
1050.14	4144.16
1053.85	4744.77
1057.56	6274.76
1061.26	6892.27
1064.96	5921.49
1068.66	5680.27
1072.35	5324.85
1076.04	4480.17
1079.72	3847.34
1083.4	3425.64
1087.07	3193.98
1090.74	3014.63
1094.41	3280.38
1098.07	3360.02
1101.73	3462.45
1105.38	4003.47
1109.03	4460.22
1112.68	5220.9
1116.32	6498.17
1119.96	8168.28
1123.59	8973.34
1127.23	7677.87
1130.85	6569.44
1134.47	7006.62
1138.09	8195.49
1141.7	7809.28
1145.31	6808.71
1148.92	5608.26
1152.52	4793.48
1156.12	3924.95
1159.71	3053.92
1163.3	2651.66
1166.88	2415.22
1170.46	2254.64
1174.04	2354.77
1177.61	2517.87
1181.18	2718.33
1184.75	2734.33
1188.31	2741.6
1191.86	3002.63
1195.42	3247.91
1198.97	3153.87
1202.51	2998.82
1206.05	2805.14
1209.59	2704.08
1213.12	2687
1216.65	2786.43
1220.17	2974.59
1223.69	3963.69
1227.21	5916.14
1230.72	6231.78
1234.23	6013.34
1237.73	5404.76
1241.23	4244.55
1244.72	3753.22
1248.22	3550.35
1251.7	3521.43
1255.19	3688.52
1258.66	3840.56
1262.14	4211.74
1265.61	4815.87
1269.08	6301.41
1272.54	9208.37
1276	11898.1
1279.46	12247.9
1282.91	11457.6
1286.35	9446.9
1289.8	7534.98
1293.24	6217.99
1296.67	5556.03
1300.1	5204.16
1303.53	4779.86
1306.95	4245
1310.37	3637.49
1313.78	3350.63
1317.19	3272.06
1320.6	3276.13
1324	3368.68
1327.4	3465.75
1330.79	3603
1334.18	3705.5
1337.57	3825.15
1340.95	3957.13
1344.33	4069.2
1347.7	4047.76
1351.07	4126.04
1354.44	4279.58
1357.8	4625.21
1361.16	4765.24
1364.51	4635.33
1365.83	4552.7
1369.47	4559.79
1373.1	4409.5
1376.73	4131.65
1380.36	3925.61
1383.99	3940.37
1387.61	3923.77
1391.23	4468.04
1394.84	4598.9
1398.46	3620.22
1402.07	3096.99
1405.67	2975.02
1409.27	2996.42
1412.87	3032.91
1416.46	3098.57
1420.05	3273.8
1423.64	3537.64
1427.22	4045.21
1430.8	5013.72
1434.38	5963.02
1437.95	6630.82
1441.52	7855.59
1445.08	8657.05
1448.65	9028.01
1452.2	8675.87
1455.76	8064.29
1459.31	7521.4
1462.86	7690.66
1466.4	9075.37
1469.94	9089.61
1473.48	9381.97
1477.01	10110.3
1480.54	9462.57
1484.07	8829.25
1487.59	5909.75
1491.11	3438.18
1494.63	2550.28
1498.14	2104.83
1501.65	1839.28
1505.15	1580.18
1508.65	1546.86
1512.15	1426.86
1515.65	1344.68
1519.14	1240.9
1522.62	1283.59
1526.11	1229.33
1529.59	1111.14
1533.07	1101.68
1536.54	1064.66
1540.01	1074.71
1543.47	1105.46
1546.94	1043.59
1550.39	991.016
1553.85	984.5
1557.3	991.833
1560.75	1218.29
1564.2	968.297
1567.64	944.859
1571.07	1109.79
1574.51	1108.89
1577.94	1323.37
1581.37	1566.17
1584.79	1500.34
1588.21	1251.23
1591.62	1318.98
1595.04	1693.08
1598.45	2501.26
1601.85	2925.61
1605.25	2250.73
1608.65	1586.86
1612.05	1318.61
1615.44	1182.88
1618.83	1076.2
1622.21	1094
1625.59	1111.48
1628.97	1148.98
1632.34	1231.47
1635.71	1249.62
1639.07	1355.2
1642.44	1364.72
1645.8	1356.23
1649.15	1390.7
1652.51	1383.96
1655.85	1395.84
1659.2	1362.72
1662.54	1389.57
1665.88	1290.52
1669.21	1245.93
1672.54	1225.16
1675.87	1047.25
1679.19	1130.22
1682.51	1086.77
1685.83	1022.37
1689.14	996.006
1692.45	1077.44
1695.75	1046.43
1699.06	1084.18
1702.35	1173.32
1705.65	1345.6
1708.94	1518.4
1712.23	1657.55
1715.51	1970.74
1718.79	2288.92
1722.07	2657.5
1725.34	3100.55
1728.61	3468.12
1731.88	3755.08
1735.14	3719.68
1738.4	3458.44
1741.65	2964.88
1744.91	2466.71
1748.15	1916.79
1751.4	1434.95
1754.64	1166.65
1757.88	988.895
1761.11	871.988
1764.34	825.529
1767.57	767.579
1770.79	714.546
1774.01	702.513
1777.23	689.68
1780.44	679.217
1783.65	681.307
1786.85	663.445
1790.05	656.257
1793.25	649.731
1796.45	597.659
1799.64	614.536
1802.83	616.642
1806.01	643.296
1809.19	576.564
1812.37	654.022
1815.54	660.529
1818.71	553.505
1821.87	656.915
1825.04	590.524
1828.19	579.733
1831.35	564.299
1834.5	547.078
1837.65	604.719
1840.79	529.72
1843.93	556.027
1847.07	553.857
1850.21	550.759
1853.33	630.096
1856.46	556.043
1859.58	548.368
1862.7	615.516
1865.82	526.202
1868.93	558.306
1872.04	598.251
1875.14	591.092
1878.24	561.037
1881.34	575.779
1884.44	626.289
1887.53	569.435
1890.61	570.79
1893.7	521.956
1896.78	597.914
1899.85	565.574
1902.92	552.528
1905.99	600.198
1909.06	534.172
1912.12	579.24
1915.18	582.809
1918.23	559.713
1921.29	594.041
1924.33	527.864
1927.38	563.977
1930.42	601.635
1933.45	630.378
1936.49	607.874
1939.52	584.868
1942.54	553.111
1945.56	596.637
1948.58	606.334
1951.6	635.696
1954.61	576.516
1957.62	603.312
1960.62	593.751
1963.62	574.01
1966.62	639.23
1969.61	631.786
1972.6	605.814
1975.59	592.656
1978.57	658.502
1981.55	580.167
1984.53	566.28
1987.5	575.18
1990.47	642.704
1993.43	620.759
1996.4	626.004
1999.35	626.113
2002.31	565.085
2005.26	549.539
2008.21	556.854
2011.15	575.443
2014.09	544.166
2017.02	589.711
2019.96	601.772
2022.89	508.257
2025.81	575.815
2028.73	578.154
2031.65	541.1
2034.57	531.415
2037.48	592.354
2040.39	612.606
2043.29	498.368
2046.19	524.317
2049.09	591.385
2051.98	599.385
2054.87	593.691
2057.76	591.93
2060.64	606.575
2063.52	584.146
2066.39	573.217
2069.27	601.495
2072.13	597.374
2075	621.418
2077.86	583.424
2080.71	580.7
2083.57	614.934
2086.42	605.816
2089.27	547.56
2092.11	561.038
2094.95	581.461
2097.79	573.106
2098.91	562.376
2102.04	524.802
2105.15	597.531
2108.27	589.292
2111.38	593.506
2114.49	586.289
2117.6	616.617
2120.7	651.998
2123.8	670.361
2126.9	640.065
2129.99	699.072
2133.08	632.806
2136.17	632.186
2139.25	669.048
2142.33	617.012
2145.41	599.83
2148.49	634.864
2151.56	587.246
2154.63	589.773
2157.69	559.965
2160.75	609.219
2163.81	564.325
2166.87	569.499
2169.92	545.049
2172.97	594.934
2176.02	618.567
2179.06	662.843
2182.1	645.189
2185.14	691.734
2188.17	682.919
2191.2	721.127
2194.23	701.906
2197.26	702.636
2200.28	717.243
2203.3	769.229
2206.31	746.905
2209.32	662.072
2212.33	724.789
2215.34	698.364
2218.34	689.408
2221.34	657.573
2224.34	681.726
2227.33	778.739
2230.32	865.04
2233.3	988.812
2236.29	1082.49
2239.27	1065.98
2242.24	936.395
2245.22	810.934
2248.19	764.741
2251.16	735.946
2254.12	755.957
2257.08	687.678
2260.04	725.469
2263	759.079
2265.95	695.635
2268.9	776.235
2271.84	763.029
2274.78	801.175
2277.72	755.451
2280.66	801.516
2283.59	778.865
2286.52	795.617
2289.45	738.974
2292.37	753.792
2295.29	768.911
2298.21	699.896
2301.12	718.366
2304.03	731.806
2306.94	672.139
2309.85	718.492
2312.75	656.232
2315.64	699.598
2318.54	661.161
2321.43	628.78
2324.32	621.384
2327.2	461.143
2330.09	432.235
2332.96	577.679
2335.84	545.44
2338.71	527.694
2341.58	603.178
2344.45	572.623
2347.31	535.848
2350.17	578.682
2353.03	556.003
2355.88	512.131
2358.73	531.682
2361.58	496.833
2364.42	491.634
2367.26	567.194
2370.1	532.718
2372.94	504.458
2375.77	497.628
2378.59	497.977
2381.42	522.867
2384.24	541.628
2387.06	488.228
2389.87	537.052
2392.69	537.327
2395.5	478.09
2398.3	629.854
2401.1	568.134
2403.9	522.255
2406.7	606.547
2409.49	572.178
2412.28	572.463
2415.07	522.055
2417.85	493.34
2420.63	544.508
2423.41	623.47
2426.18	539.316
2428.95	626.375
2431.72	522.661
2434.48	583.076
2437.24	475.622
2440	579.392
2442.76	575.02
2445.51	594.784
2448.26	550.333
2451	593.635
2453.74	593.675
2456.48	653.497
2459.22	737.426
2461.95	778.205
2464.68	767.213
2467.4	734.304
2470.13	751.487
2472.85	762.165
2475.56	755.081
2478.27	744.629
2480.98	749.334
2483.69	760.831
2486.39	768.025
2489.09	728.866
2491.79	793.319
2494.49	797.127
2497.18	824.744
2499.86	852.178
2502.55	811.204
2505.23	817.911
2507.91	861.224
2510.58	944.802
2513.25	887.401
2515.92	855.954
2518.58	962.628
2521.25	848.053
2523.9	919.196
2526.56	877.704
2529.21	921.546
2531.86	987.324
2534.51	925.53
2537.15	943.388
2539.79	919.498
2542.42	958.023
2545.06	1028.12
2547.69	1011.2
2550.31	1045.2
2552.94	1059.24
2555.55	1097.34
2558.17	1216.65
2560.79	1251.22
2563.4	1271.27
2566	1291.07
2568.61	1353.86
2571.21	1311.88
2573.81	1352.83
2576.4	1245.27
2578.99	1255.62
2581.58	1274.36
2584.16	1296.49
2586.74	1239.49
2589.32	1273.5
2591.9	1236.25
2594.47	1311.34
2597.04	1211.76
2599.6	1284
2602.17	1262.93
2604.72	1249.75
2607.28	1209.96
2609.83	1314.39
2612.38	1226.74
2614.93	1245.57
2617.47	1183.67
2620.01	1238.67
2622.55	1255.37
2625.08	1221.71
2627.61	1297.76
2630.14	1260.03
2632.66	1212.31
2635.18	1280.95
2637.7	1326.75
2640.21	1440.34
2642.72	1399.75
2645.23	1364.15
2647.73	1460.11
2650.23	1452.12
2652.73	1486.62
2655.23	1599.79
2657.72	1560.93
2660.21	1622.57
2662.69	1650.02
2665.17	1713.26
2667.65	1709.09
2670.13	1720.07
2672.6	1848.23
2675.07	1971.27
2677.53	2293.97
2680	2852.97
2682.46	3537.21
2684.91	3611.86
2687.36	3526.27
2689.81	3564.31
2692.26	3730.86
2694.7	3853.27
2697.14	3825.41
2699.58	3763.57
2702.01	3829.88
2704.44	3937.07
2706.87	4069.28
2709.3	4210.66
2711.72	4383.73
2714.13	4490.31
2716.55	4622.41
2718.96	4783.56
2721.37	4933.52
2723.77	5126.81
2724.03	5152.16
2726.72	5261.77
2729.41	5367.95
2732.09	5397.72
2734.78	5614.38
2737.46	5836.98
2740.13	5844.01
2742.81	5577.71
2745.48	5536.58
2748.15	5551.7
2750.81	5472.09
2753.48	5215.71
2756.14	4826.96
2758.79	4500.42
2761.45	4363.74
2764.1	4421.43
2766.75	4584.46
2769.39	4919.25
2772.04	5449.46
2774.68	6325.35
2777.32	7668.32
2779.95	9024.58
2782.58	9294.02
2785.21	8931.7
2787.83	8787.62
2790.46	9019.41
2793.08	9411.27
2795.7	9986.18
2798.31	10581.1
2800.92	11041.1
2803.53	11683.6
2806.14	12344.6
2808.74	13102.7
2811.34	13958.5
2813.94	14634.8
2816.54	15500.1
2819.13	16285.9
2821.72	17110.6
2824.3	18126.9
2826.89	19282.9
2829.47	19936.7
2832.04	20321.6
2834.62	21205.9
2837.19	21764.3
2839.76	22337.1
2842.33	23259.2
2844.89	24071.9
2847.45	24986.9
2850.01	25726.3
2852.56	25845.4
2855.12	26208.8
2857.66	26909.7
2860.21	28458.4
2862.75	30918.1
2865.29	33982.3
2867.83	37122.3
2870.37	40261.1
2872.9	43398.7
2875.43	46331.2
2877.96	47343.1
2880.48	46986.7
2883	46037.1
2885.52	45844.7
2888.03	45560.2
2890.54	45709.6
2893.05	45744.4
2895.56	46461.4
2898.06	47572.9
2900.56	48947.9
2903.06	50508.8
2905.55	51470.7
2908.05	52121.3
2910.54	52428.3
2913.02	51761.5
2915.51	50146.4
2917.99	47900
2920.47	46204.6
2922.94	45188.2
2925.41	45537
2927.88	46531.6
2930.35	48756.7
2932.81	52599.3
2935.27	56931
2937.73	60776.2
2940.18	61269.1
2942.63	58191
2945.08	53304.4
2947.53	48572.1
2949.97	44411.1
2952.41	40811.5
2954.85	37754.6
2957.28	35310.7
2959.71	33482.8
2962.14	31641.9
2964.57	29859.7
2966.99	28389.6
2969.41	26377.8
2971.83	24459.8
2974.24	22383.7
2976.66	20579.4
2979.06	18947.4
2981.47	17249.4
2983.87	15766.7
2986.27	14423.2
2988.67	12948.1
2991.06	11789
2993.45	10762.9
2995.84	9845.14
2998.23	9158.37
3000.61	8573.21
3002.99	7933.66
3005.37	7489.57
3007.74	6959.59
3010.11	6423.87
3012.48	6023.84
3014.84	5688.54
3017.21	5396.87
3019.56	5152.76
3021.92	5054.59
3024.27	4877.77
3026.63	4830.93
3028.97	4716.23
3031.32	4663.85
3033.66	4718.71
3036	4733.36
3038.33	4748.25
3040.67	4765.6
3043	4746.81
3045.33	4683.55
3047.65	4913.21
3049.97	5368.98
3052.29	6109.91
3054.6	6714.93
3056.92	6935.59
3059.23	6764.45
3061.53	6837.97
3063.84	6736.69
3066.14	6308.62
3068.44	5711.29
3070.73	5061.35
3073.03	4432.17
3075.31	4010.15
3077.6	3659.64
3079.89	3246.03
3082.17	2995.73
3084.44	2952.41
3086.72	2741.55
3088.99	2636.26
3091.26	2606.83
3093.53	2465.32
3095.79	2457.15
3098.05	2405.83
3100.31	2386.25
3102.56	2373.08
3104.81	2344.83
3107.06	2348.71
3109.31	2298.37
3111.55	2313.29
3113.79	2235.22
3116.03	2262.11
3118.26	2163.52
3120.49	2207.38
3122.72	2193.2
3124.95	2145.32
3127.17	2201.79
3129.39	2155.39
3131.61	2180.7
3133.82	2222.32
3136.03	2161.21
3138.24	2232.64
3140.44	2223.45
3142.65	2257.53
3144.84	2258.56
3147.04	2231.16
3149.24	2297.63