403.788	3038.98
408.15	2418.82
412.511	1986.99
416.867	2065.18
421.217	2257.89
425.563	2687.28
429.907	3026.75
434.245	2966.79
438.581	2847.92
442.91	2498.96
447.238	1866.99
451.561	1194.06
455.88	1025.92
460.194	816.305
464.505	676.177
468.812	629.253
473.113	983.362
477.412	938.708
481.707	1106.63
485.998	1135.4
490.282	1485.5
494.565	1794.36
498.844	2000.46
503.116	2112.05
507.389	2144.53
511.654	2313.11
515.916	2352.35
520.173	2608.85
524.427	3046.79
528.678	3824.38
532.922	4563.26
537.162	4020.68
541.399	2790.33
545.633	2320.13
549.864	1891.16
554.088	1604.11
558.309	1382.36
562.527	1301.87
566.742	1075.68
570.948	1137.45
575.155	1478.45
579.356	1908.8
583.552	1554.45
587.743	1305.44
591.934	1289.89
596.118	1256.95
600.297	1519.08
604.474	1650.37
608.647	1855.85
612.814	2149.37
616.979	3209.91
621.138	3370.16
625.296	4403.4
629.447	7142.75
633.594	7264.77
637.738	5134.07
641.88	3669.61
646.013	2502.31
650.145	1936.18
654.275	1606.77
658.397	1162.22
662.515	1165.92
666.634	1081.19
670.742	1027.09
674.851	1014.28
678.953	912.518
683.052	1123.1
687.147	1205.55
691.238	1300.87
695.326	1446.04
699.407	1588.38
703.487	1532.77
707.561	1487.01
711.633	1274.41
715.699	1114.13
719.761	1247.17
723.819	1324.65
727.874	1455.25
731.921	1796.43
735.97	1915.46
740.011	2064.04
744.049	2080.9
748.082	2154
752.112	2023.62
756.138	1880.85
760.159	1969.84
764.175	2036.48
768.19	2152.26
772.199	2040.43
776.204	2072.04
780.204	2119.38
784.202	2387.76
788.196	2641.36
792.184	2868.57
796.168	3305.47
800.151	3997.67
804.126	4561.13
808.098	4561.26
812.067	4528.33
816.031	4625.55
819.991	4938.1
823.95	6112.84
827.902	8024.01
831.85	10864.2
835.793	15762.8
839.735	19748.2
843.669	18126.1
847.601	13426.8
851.528	11917.1
855.452	13576.4
859.372	12554.2
863.287	9002.72
867.197	7145.24
871.106	6273.67
875.008	5904.25
878.909	5696.93
882.803	5144.25
886.692	4845.16
890.58	4384.87
894.465	4606.59
898.342	5083.53
902.217	5639.1
906.086	6197.42
909.952	6735.01
913.815	6993.19
917.673	6722.62
921.529	6266.66
925.378	5459.69
929.226	4760.49
933.066	4220.08
936.903	3840.81
940.736	3798.5
944.568	3916.6
948.394	3906.88
952.216	3670.65
956.031	3500.37
959.847	3410.59
963.655	3493
967.459	3491.14
971.262	3530.83
975.059	3740.95
978.85	3966.17
982.64	4442.16
986.425	5060.21
990.206	5521.78
993.982	7805.43
997.756	14813.1
1001.52	14171.2
1005.29	6245.52
1009.05	4200.36
1012.8	3775.62
1016.56	3830.07
1020.3	4336.9
1024.05	5856.69
1027.79	7808.25
1031.52	7735.11
1035.26	5991.38
1038.98	5121.74
1042.71	4836.65
1046.43	4772.99
1050.14	4792.94
1053.85	5458.67
1057.56	7017.69
1061.26	7695.45
1064.96	6735.52
1068.66	6446.43
1072.35	5987.02
1076.04	5075.47
1079.72	4535.58
1083.4	3951.73
1087.07	3756.7
1090.74	3780.1
1094.41	3925.69
1098.07	3922.06
1101.73	4279.8
1105.38	4611.42
1109.03	5232.34
1112.68	6101.22
1116.32	7460.63
1119.96	8983.36
1123.59	9832.77
1127.23	8499.36
1130.85	7131.72
1134.47	7601.99
1138.09	8677.27
1141.7	8284.16
1145.31	7409.26
1148.92	6279.89
1152.52	5566.52
1156.12	4549.6
1159.71	3652.99
1163.3	3240.78
1166.88	2906.53
1170.46	2737.4
1174.04	2835.67
1177.61	3035.2
1181.18	3317.62
1184.75	3321.07
1188.31	3299.9
1191.86	3772.03
1195.42	3950.05
1198.97	3851.28
1202.51	3627.55
1206.05	3337.6
1209.59	3137.99
1213.12	3084.13
1216.65	3167.37
1220.17	3387.93
1223.69	4441.57
1227.21	6436.05
1230.72	6836.93
1234.23	6648.83
1237.73	5953.84
1241.23	4678.54
1244.72	4059.63
1248.22	3905.25
1251.7	3953.07
1255.19	4069.05
1258.66	4341.69
1262.14	4620.99
1265.61	5395.07
1269.08	6961.55
1272.54	10218.2
1276	13061.9
1279.46	13529.3
1282.91	12686.6
1286.35	10788.3
1289.8	8622.76
1293.24	7183.94
1296.67	6636.11
1300.1	6126.85
1303.53	5595.86
1306.95	4902.96
1310.37	4233.5
1313.78	3874.22
1317.19	3576.87
1320.6	3627.61
1324	3647.23
1327.4	3684.93
1330.79	3782.12
1334.18	3854.64
1337.57	3989.17
1340.95	4097.92
1344.33	4148.81
1347.7	4177.18
1351.07	4245.73
1354.44	4479.42
1357.8	4853.71
1361.16	5014.67
1364.51	4880.26
1365.83	4789.47
1369.47	4771.29
1373.1	4625.91
1376.73	4468.74
1380.36	4197.27
1383.99	4061.59
1387.61	4142.83
1391.23	4718.41
1394.84	4868.85
1398.46	3750.24
1402.07	3316.04
1405.67	3192.34
1409.27	3269.63
1412.87	3271.4
1416.46	3356.48
1420.05	3654.89
1423.64	3964.63
1427.22	4697.18
1430.8	5915.42
1434.38	7107.67
1437.95	7910.23
1441.52	9187.66
1445.08	10267.7
1448.65	10785.9
1452.2	10207.2
1455.76	9511.35
1459.31	8777.07
1462.86	8907.21
1466.4	10199.4
1469.94	10043.9
1473.48	10310.8
1477.01	10849.8
1480.54	10264.4
1484.07	9472.16
1487.59	6195.97
1491.11	3760.76
1494.63	2870.92
1498.14	2274.64
1501.65	2017.09
1505.15	1792.76
1508.65	1773.93
1512.15	1613.5
1515.65	1494.78
1519.14	1400.74
1522.62	1364.06
1526.11	1321.96
1529.59	1253.26
1533.07	1218.46
1536.54	1156.19
1540.01	1196.28
1543.47	1175.75
1546.94	1158.06
1550.39	1107.72
1553.85	1083.9
1557.3	1083.01
1560.75	1083.91
1564.2	1056.52
1567.64	1046.92
1571.07	1358.27
1574.51	1303.35
1577.94	1499.38
1581.37	1860.98
1584.79	1730.19
1588.21	1405.87
1591.62	1485.62
1595.04	1957.32
1598.45	3050.73
1601.85	3646.09
1605.25	2727.61
1608.65	1874.99
1612.05	1513.65
1615.44	1248.19
1618.83	1222.16
1622.21	1191.07
1625.59	1173.6
1628.97	1255.58
1632.34	1334.04
1635.71	1390.5
1639.07	1434.37
1642.44	1552.49
1645.8	1505.66
1649.15	1545.02
1652.51	1513.68
1655.85	1533.5
1659.2	1515.26
1662.54	1508.74
1665.88	1433.26
1669.21	1362.09
1672.54	1306.61
1675.87	1123.09
1679.19	1173.02
1682.51	1140.58
1685.83	1119.78
1689.14	1092.78
1692.45	1196.24
1695.75	1198.96
1699.06	1273.86
1702.35	1387.09
1705.65	1516.54
1708.94	1792.49
1712.23	2015.71
1715.51	2397.74
1718.79	2766.97
1722.07	3349.81
1725.34	3809.4
1728.61	4340.13
1731.88	4727.82
1735.14	4708.5
1738.4	4286.84
1741.65	3668.38
1744.91	3084.17
1748.15	2265.93
1751.4	1698.69
1754.64	1378.98
1757.88	1124.85
1761.11	981.686
1764.34	895.777
1767.57	810.91
1770.79	772.524
1774.01	711.331
1777.23	729.571
1780.44	666.906
1783.65	668.099
1786.85	713.737
1790.05	702.879
1793.25	658.313
1796.45	677.242
1799.64	641.198
1802.83	626.631
1806.01	625.63
1809.19	580.807
1812.37	660.354
1815.54	669.902
1818.71	620.724
1821.87	664.454
1825.04	625.98
1828.19	583.386
1831.35	585.897
1834.5	568.671
1837.65	595.607
1840.79	541.379
1843.93	582.406
1847.07	550.78
1850.21	525.181
1853.33	567.387
1856.46	556.028
1859.58	547.403
1862.7	555.24
1865.82	537.972
1868.93	528.38
1872.04	598.429
1875.14	589.394
1878.24	567.158
1881.34	554.831
1884.44	610.251
1887.53	576.764
1890.61	579.177
1893.7	622.188
1896.78	553.729
1899.85	597.812
1902.92	563.367
1905.99	604.274
1909.06	579.807
1912.12	592.447
1915.18	558.422
1918.23	507.519
1921.29	603.611
1924.33	557.553
1927.38	573.801
1930.42	637.549
1933.45	589.262
1936.49	589.843
1939.52	564.904
1942.54	548.221
1945.56	596.789
1948.58	570.675
1951.6	567.354
1954.61	554.953
1957.62	598.635
1960.62	541.834
1963.62	612.642
1966.62	601.391
1969.61	664.28
1972.6	625.59
1975.59	566.897
1978.57	640.58
1981.55	581.592
1984.53	616.806
1987.5	587.196
1990.47	575.343
1993.43	622.324
1996.4	593.206
1999.35	573.206
2002.31	582.245
2005.26	570.657
2008.21	542.469
2011.15	563.044
2014.09	554.086
2017.02	580.343
2019.96	582.739
2022.89	553.927
2025.81	584.549
2028.73	623.217
2031.65	523.435
2034.57	595.542
2037.48	587.545
2040.39	592.296
2043.29	541.345
2046.19	559.681
2049.09	530.493
2051.98	580.698
2054.87	600.339
2057.76	589.361
2060.64	617.368
2063.52	620.723
2066.39	628.954
2069.27	632.593
2072.13	602.009
2075	623.36
2077.86	616.686
2080.71	598.312
2083.57	590.34
2086.42	628.428
2089.27	621.866
2092.11	565.167
2094.95	566.919
2097.79	598.992
2098.91	612.898
2102.04	626.623
2105.15	607.419
2108.27	637.447
2111.38	660.252
2114.49	615.628
2117.6	544.381
2120.7	633.46
2123.8	691.77
2126.9	662.437
2129.99	694.151
2133.08	652.255
2136.17	713.142
2139.25	659.177
2142.33	579.619
2145.41	621.336
2148.49	661.346
2151.56	626.669
2154.63	626.317
2157.69	658.472
2160.75	590.963
2163.81	600.143
2166.87	536.974
2169.92	612.318
2172.97	572.334
2176.02	640.117
2179.06	649.503
2182.1	644.628
2185.14	689.746
2188.17	749.762
2191.2	653.121
2194.23	691.563
2197.26	773.22
2200.28	751.802
2203.3	766.838
2206.31	726.906
2209.32	678.095
2212.33	736.332
2215.34	729.629
2218.34	729.195
2221.34	749.897
2224.34	706.493
2227.33	757.16
2230.32	857.014
2233.3	1104.49
2236.29	1199.41
2239.27	1197.09
2242.24	1042.22
2245.22	828.483
2248.19	788.727
2251.16	778.101
2254.12	729.036
2257.08	716.224
2260.04	703.625
2263	769.148
2265.95	752.415
2268.9	737.456
2271.84	837.664
2274.78	814.615
2277.72	765.573
2280.66	780.679
2283.59	824.741
2286.52	778.882
2289.45	827.805
2292.37	740.202
2295.29	732.006
2298.21	753.269
2301.12	745.504
2304.03	747.61
2306.94	653.504
2309.85	665.293
2312.75	720.266
2315.64	698.87
2318.54	640.88
2321.43	622.227
2324.32	637.687
2327.2	549.917
2330.09	459.928
2332.96	633.389
2335.84	537.905
2338.71	583.66
2341.58	573.533
2344.45	598.455
2347.31	557.17
2350.17	580.304
2353.03	602.988
2355.88	575.917
2358.73	583.9
2361.58	510.092
2364.42	571.821
2367.26	562.381
2370.1	561.125
2372.94	544.703
2375.77	558.9
2378.59	590.501
2381.42	598.722
2384.24	625.296
2387.06	575.743
2389.87	599.519
2392.69	585.102
2395.5	604.072
2398.3	665.601
2401.1	598.286
2403.9	563.209
2406.7	650.221
2409.49	667.595
2412.28	618.438
2415.07	580.794
2417.85	545.475
2420.63	587.054
2423.41	658.36
2426.18	615.6
2428.95	622.804
2431.72	595.891
2434.48	621.198
2437.24	589.445
2440	591.215
2442.76	653.137
2445.51	649.097
2448.26	589.052
2451	675.274
2453.74	669.824
2456.48	689.78
2459.22	721.93
2461.95	761.31
2464.68	838.403
2467.4	842.06
2470.13	810.629
2472.85	806.908
2475.56	870.68
2478.27	788.58
2480.98	756.742
2483.69	811.115
2486.39	833.992
2489.09	803.457
2491.79	828.384
2494.49	763.298
2497.18	797.595
2499.86	843.866
2502.55	806.551
2505.23	894.09
2507.91	886.329
2510.58	965.541
2513.25	934.214
2515.92	832.203
2518.58	907.906
2521.25	946.937
2523.9	878.969
2526.56	884.191
2529.21	1006.6
2531.86	1022.77
2534.51	919.663
2537.15	933.015
2539.79	979.551
2542.42	1011.7
2545.06	1091.67
2547.69	1116.2
2550.31	1145.68
2552.94	1133.72
2555.55	1211.46
2558.17	1226.5
2560.79	1305.72
2563.4	1382.65
2566	1352.69
2568.61	1447.81
2571.21	1322.54
2573.81	1398.82
2576.4	1352.03
2578.99	1329.19
2581.58	1314.72
2584.16	1321.14
2586.74	1384.77
2589.32	1332.62
2591.9	1372.91
2594.47	1347.31
2597.04	1277.85
2599.6	1384.05
2602.17	1400.1
2604.72	1373.3
2607.28	1324.91
2609.83	1435.83
2612.38	1329.59
2614.93	1348.24
2617.47	1256.63
2620.01	1231.09
2622.55	1337.86
2625.08	1344.58
2627.61	1267.67
2630.14	1275.39
2632.66	1295.64
2635.18	1344.66
2637.7	1368.79
2640.21	1376.69
2642.72	1451.31
2645.23	1373.42
2647.73	1456.71
2650.23	1450.36
2652.73	1518.39
2655.23	1546.02
2657.72	1603.24
2660.21	1661.01
2662.69	1699.02
2665.17	1733.3
2667.65	1762.6
2670.13	1763.14
2672.6	1904.33
2675.07	1996.56
2677.53	2356.29
2680	2999.26
2682.46	3645.66
2684.91	3763.52
2687.36	3646.86
2689.81	3711.86
2692.26	3856.01
2694.7	4009.44
2697.14	3996.15
2699.58	3935.58
2702.01	4007.92
2704.44	4116.5
2706.87	4287.51
2709.3	4518.81
2711.72	4681.49
2714.13	4800.97
2716.55	4964.62
2718.96	5071.04
2721.37	5239.46
2723.77	5535.32
2724.03	5572.53
2726.72	5610.75
2729.41	5812.75
2732.09	5763.21
2734.78	6059.57
2737.46	6271.64
2740.13	6254.74
2742.81	6092.53
2745.48	5933.67
2748.15	5871.48
2750.81	5793.77
2753.48	5437.31
2756.14	5006.82
2758.79	4627.98
2761.45	4549.56
2764.1	4605.01
2766.75	4683.08
2769.39	5017.82
2772.04	5493.51
2774.68	6510.1
2777.32	7750.13
2779.95	9111.4
2782.58	9334.38
2785.21	9025.49
2787.83	8885.36
2790.46	9081.94
2793.08	9490.16
2795.7	10001
2798.31	10523.8
2800.92	11016.5
2803.53	11706.2
2806.14	12320.7
2808.74	13084.9
2811.34	13802.8
2813.94	14745.2
2816.54	15631.8
2819.13	16365
2821.72	17163.9
2824.3	18162.5
2826.89	19155.3
2829.47	20014.1
2832.04	20447.2
2834.62	21282
2837.19	22106.2
2839.76	22749.7
2842.33	23935.7
2844.89	25008.9
2847.45	26349.3
2850.01	26886.6
2852.56	27191.4
2855.12	27692.8
2857.66	28545.4
2860.21	30471.9
2862.75	33248.6
2865.29	37147.8
2867.83	40922.5
2870.37	44543
2872.9	48262.5
2875.43	51630.9
2877.96	52266.7
2880.48	51181.3
2883	49700
2885.52	48863.3
2888.03	48144.2
2890.54	48134.8
2893.05	48591.3
2895.56	49536.7
2898.06	50452.9
2900.56	52445.3
2903.06	54170.4
2905.55	55415.1
2908.05	56536.6
2910.54	57138.4
2913.02	56750.7
2915.51	55170.9
2917.99	53259.6
2920.47	51462.9
2922.94	50775.4
2925.41	51365.9
2927.88	52852.5
2930.35	55914.6
2932.81	60410.8
2935.27	66056.5
2937.73	70489.6
2940.18	70971.1
2942.63	66719.9
2945.08	61072
2947.53	54756.5
2949.97	49644.8
2952.41	45030.5
2954.85	41787.6
2957.28	39080.3
2959.71	37076.8
2962.14	35317.4
2964.57	33416.9
2966.99	31637.1
2969.41	29733.3
2971.83	27440.3
2974.24	25096.2
2976.66	23144.7
2979.06	21199.9
2981.47	19555.4
2983.87	17610.3
2986.27	16062.1
2988.67	14572
2991.06	13195.4
2993.45	12146.3
2995.84	11186.9
2998.23	10178.9
3000.61	9621.02
3002.99	8997.18
3005.37	8457.54
3007.74	7815.21
3010.11	7264.38
3012.48	6823.12
3014.84	6452.39
3017.21	6158.56
3019.56	5863.31
3021.92	5720.36
3024.27	5605.97
3026.63	5520.07
3028.97	5430.77
3031.32	5437.68
3033.66	5387.73
3036	5488.99
3038.33	5590.72
3040.67	5591.45
3043	5525.44
3045.33	5575.95
3047.65	5843.38
3049.97	6467.1
3052.29	7385.57
3054.6	8051.48
3056.92	8397.9
3059.23	8379.89
3061.53	8247.47
3063.84	8067.24
3066.14	7694.6
3068.44	6897.99
3070.73	5985.58
3073.03	5174.42
3075.31	4539.85
3077.6	4062.18
3079.89	3662.07
3082.17	3301.58
3084.44	3090.48
3086.72	2980.49
3088.99	2836.98
3091.26	2627.74
3093.53	2603.63
3095.79	2508.64
3098.05	2425.2
3100.31	2435.34
3102.56	2399.33
3104.81	2370.9
3107.06	2383.86
3109.31	2298.38
3111.55	2269.9
3113.79	2230.79
3116.03	2079.54
3118.26	2119.68
3120.49	2230.22
3122.72	2115.16
3124.95	2085.67
3127.17	2112.22
3129.39	2073.82
3131.61	1992.23
3133.82	2063.6
3136.03	2001.3
3138.24	2066.4
3140.44	2082.72
3142.65	2051.01
3144.84	2082.68
3147.04	2049.84
3149.24	2037.09