403.788	3701.4
408.15	3099.96
412.511	2767.43
416.867	2813.51
421.217	2944.86
425.563	3536.34
429.907	3807.23
434.245	3803.87
438.581	3625.67
442.91	3113.38
447.238	2576.55
451.561	1942.63
455.88	1660.26
460.194	1566.89
464.505	1430.92
468.812	1465.03
473.113	1671.2
477.412	1634.55
481.707	1889.41
485.998	1806.78
490.282	2280.52
494.565	2639.47
498.844	2822.67
503.116	2898.51
507.389	2944.9
511.654	2821.66
515.916	2876.33
520.173	3016.43
524.427	3227.71
528.678	3537.66
532.922	3922.23
537.162	3680.12
541.399	3031.8
545.633	2320.49
549.864	1981.92
554.088	1752.42
558.309	1592.76
562.527	1369.49
566.742	1077.34
570.948	1127.92
575.155	1333.41
579.356	1460.21
583.552	1294.49
587.743	1248.67
591.934	1464.2
596.118	1448.65
600.297	1690.83
604.474	1960.83
608.647	2127.51
612.814	2487.41
616.979	4000.04
621.138	4232.6
625.296	5557.33
629.447	9047.6
633.594	9166.14
637.738	6638.89
641.88	4645.09
646.013	3016.26
650.145	2300.81
654.275	1838.62
658.397	1369.8
662.515	1290.78
666.634	1164.77
670.742	1085.99
674.851	1127.44
678.953	1089.46
683.052	1193.82
687.147	1215.31
691.238	1485.44
695.326	1600.11
699.407	1709.86
703.487	1702.2
707.561	1621.09
711.633	1391.69
715.699	1347.71
719.761	1398.09
723.819	1584.69
727.874	1792.33
731.921	2006.38
735.97	2261.57
740.011	2514.73
744.049	2512.16
748.082	2660.18
752.112	2397.82
756.138	2356.83
760.159	2398.26
764.175	2565.55
768.19	2771.05
772.199	2416.95
776.204	2453.15
780.204	2682.31
784.202	2872.29
788.196	3113.88
792.184	3341.39
796.168	3783.72
800.151	4586.21
804.126	5349.87
808.098	5062.23
812.067	5136.46
816.031	4974.58
819.991	5238.55
823.95	6320.35
827.902	7956.46
831.85	10725.7
835.793	14986.5
839.735	17285.5
843.669	15801
847.601	12518.5
851.528	10980.8
855.452	11289.5
859.372	10495.7
863.287	8487.62
867.197	7842.44
871.106	6809.82
875.008	6602.99
878.909	6408.63
882.803	5941.35
886.692	5484.02
890.58	5179.27
894.465	5482.16
898.342	6020.67
902.217	6752.64
906.086	7308.8
909.952	7966.33
913.815	8365.26
917.673	8154.88
921.529	7406.43
925.378	6409.39
929.226	5329.65
933.066	4823.18
936.903	4449.73
940.736	4393.48
944.568	4696.08
948.394	4506.19
952.216	4263.03
956.031	4174.26
959.847	4007.48
963.655	4144.12
967.459	4073.64
971.262	4126.65
975.059	4150
978.85	4617.19
982.64	5079.73
986.425	5943.7
990.206	6467.57
993.982	9333.42
997.756	18752.7
1001.52	18100.2
1005.29	7543.78
1009.05	4690.3
1012.8	4206.35
1016.56	4254
1020.3	4952.75
1024.05	6702.32
1027.79	9289.42
1031.52	9236.68
1035.26	6905.72
1038.98	5675.66
1042.71	5252.37
1046.43	4939.33
1050.14	4938.87
1053.85	5356.6
1057.56	6332.32
1061.26	6814.74
1064.96	6429.68
1068.66	6061.52
1072.35	5555.17
1076.04	4871.73
1079.72	4315.74
1083.4	3873.62
1087.07	3686.16
1090.74	3791.99
1094.41	3924.18
1098.07	3926.12
1101.73	4048.23
1105.38	4189.11
1109.03	4859.77
1112.68	5801.29
1116.32	6825.13
1119.96	7847.91
1123.59	8025.92
1127.23	7063.01
1130.85	5891.85
1134.47	5813.13
1138.09	6201.38
1141.7	6042.17
1145.31	5890.78
1148.92	5571.05
1152.52	5291.91
1156.12	4660.8
1159.71	3658.31
1163.3	3196.44
1166.88	2941.12
1170.46	2880.29
1174.04	2953.66
1177.61	3365.38
1181.18	3678.45
1184.75	3617.09
1188.31	3782.06
1191.86	4159.67
1195.42	4507.61
1198.97	4439.57
1202.51	3981.28
1206.05	3541.4
1209.59	3274.91
1213.12	3085.72
1216.65	3127.49
1220.17	3200.33
1223.69	3945.91
1227.21	5109.56
1230.72	5224.29
1234.23	5029.47
1237.73	4703.65
1241.23	4103.5
1244.72	3859.61
1248.22	3703.8
1251.7	3845.98
1255.19	3959.89
1258.66	4173.2
1262.14	4316.08
1265.61	4758.12
1269.08	5469.65
1272.54	7144.23
1276	8894.95
1279.46	9579.72
1282.91	9735.37
1286.35	8982.01
1289.8	7775.63
1293.24	6931.42
1296.67	6633.06
1300.1	6336.91
1303.53	5799.07
1306.95	5135.07
1310.37	4359.83
1313.78	3884.59
1317.19	3675.74
1320.6	3667.48
1324	3672.17
1327.4	3721.55
1330.79	3845.71
1334.18	3969.08
1337.57	4092.12
1340.95	4209.08
1344.33	4256.49
1347.7	4273.29
1351.07	4297.56
1354.44	4545.5
1357.8	4811.25
1361.16	5027.02
1364.51	4997.5
1365.83	4947.08
1369.47	4892.64
1373.1	4730.52
1376.73	4434.65
1380.36	4250.59
1383.99	4100.12
1387.61	3988.39
1391.23	4256.75
1394.84	4241.12
1398.46	3598.46
1402.07	3282.99
1405.67	3185.32
1409.27	3241.64
1412.87	3352.29
1416.46	3477.21
1420.05	3797.31
1423.64	4204.16
1427.22	5060.11
1430.8	6523.38
1434.38	7706.96
1437.95	8236.39
1441.52	9406.54
1445.08	10785.9
1448.65	11620.7
1452.2	11228.8
1455.76	10372.5
1459.31	9206.28
1462.86	8511.14
1466.4	8527.34
1469.94	7993.37
1473.48	7569.19
1477.01	7470.35
1480.54	6946.51
1484.07	6291.61
1487.59	4486.11
1491.11	3092.86
1494.63	2487.54
1498.14	2075
1501.65	1853.66
1505.15	1712.02
1508.65	1604.05
1512.15	1490.6
1515.65	1410.16
1519.14	1370.24
1522.62	1306.41
1526.11	1282.26
1529.59	1160.26
1533.07	1145.23
1536.54	1133.56
1540.01	1084.72
1543.47	1090.28
1546.94	1034.12
1550.39	973.185
1553.85	965.799
1557.3	1009.16
1560.75	986.922
1564.2	951.728
1567.64	991.434
1571.07	1042.52
1574.51	1175.31
1577.94	1522.51
1581.37	2094.36
1584.79	1862.32
1588.21	1436.05
1591.62	1597.85
1595.04	2120.29
1598.45	3496.68
1601.85	4437.12
1605.25	3175.25
1608.65	1992.28
1612.05	1517.69
1615.44	1221.12
1618.83	1101.83
1622.21	1108.94
1625.59	1081.96
1628.97	1125.36
1632.34	1244.64
1635.71	1277.27
1639.07	1346.34
1642.44	1493.37
1645.8	1409.06
1649.15	1414.79
1652.51	1392.81
1655.85	1422.15
1659.2	1337.01
1662.54	1383.3
1665.88	1324.14
1669.21	1238.88
1672.54	1222.13
1675.87	1017.87
1679.19	1069.4
1682.51	1055.5
1685.83	963.523
1689.14	1024.17
1692.45	1140.42
1695.75	1158.03
1699.06	1250.73
1702.35	1321.24
1705.65	1607.6
1708.94	1956.96
1712.23	2134.47
1715.51	2597.54
1718.79	3147.57
1722.07	3833.68
1725.34	4567.99
1728.61	5213.62
1731.88	5638.37
1735.14	5760.45
1738.4	5274.76
1741.65	4482.37
1744.91	3614.97
1748.15	2619.58
1751.4	1895.35
1754.64	1490.46
1757.88	1143.57
1761.11	928.125
1764.34	826.814
1767.57	707.251
1770.79	668.707
1774.01	641.256
1777.23	636.185
1780.44	571.402
1783.65	604.391
1786.85	617.658
1790.05	586.973
1793.25	523.512
1796.45	513.44
1799.64	483.697
1802.83	533.141
1806.01	533.97
1809.19	500.934
1812.37	524.629
1815.54	524.299
1818.71	492.897
1821.87	466.919
1825.04	499.27
1828.19	448.876
1831.35	472.348
1834.5	448.43
1837.65	409.426
1840.79	438.644
1843.93	442.72
1847.07	435.901
1850.21	424.24
1853.33	403.94
1856.46	477.989
1859.58	399.476
1862.7	442.563
1865.82	405.989
1868.93	414.27
1872.04	443.763
1875.14	426.07
1878.24	410.577
1881.34	420.45
1884.44	498.131
1887.53	411.134
1890.61	477.547
1893.7	399.221
1896.78	426.922
1899.85	425.944
1902.92	416.479
1905.99	436.293
1909.06	432.204
1912.12	414.683
1915.18	399.986
1918.23	399.561
1921.29	396.939
1924.33	459.121
1927.38	461.123
1930.42	435.815
1933.45	474.667
1936.49	482.141
1939.52	443.342
1942.54	443.797
1945.56	447.68
1948.58	449.961
1951.6	477.706
1954.61	431.831
1957.62	425.739
1960.62	426.506
1963.62	505.556
1966.62	454.587
1969.61	507.545
1972.6	471.422
1975.59	467.334
1978.57	503.821
1981.55	417.116
1984.53	458.444
1987.5	452.509
1990.47	439.982
1993.43	489.042
1996.4	445.445
1999.35	451.041
2002.31	467.658
2005.26	400.134
2008.21	395.781
2011.15	435.293
2014.09	442.395
2017.02	478.128
2019.96	454.777
2022.89	423.794
2025.81	457.287
2028.73	454.925
2031.65	431.766
2034.57	433.404
2037.48	455.198
2040.39	427.349
2043.29	379.656
2046.19	419.733
2049.09	458.987
2051.98	437.174
2054.87	459.692
2057.76	457.362
2060.64	481.13
2063.52	446.52
2066.39	434.227
2069.27	474.74
2072.13	463.462
2075	481.833
2077.86	464.339
2080.71	462.241
2083.57	459.607
2086.42	457.224
2089.27	483.745
2092.11	443.559
2094.95	442.845
2097.79	468.096
2098.91	477.434
2102.04	471.635
2105.15	456.731
2108.27	451.989
2111.38	518.176
2114.49	475.086
2117.6	496.795
2120.7	502.07
2123.8	496.333
2126.9	545.906
2129.99	488.806
2133.08	488.819
2136.17	548.629
2139.25	512.073
2142.33	434.054
2145.41	481.312
2148.49	523.93
2151.56	444.286
2154.63	504.018
2157.69	462.931
2160.75	522.96
2163.81	441.802
2166.87	476.691
2169.92	495.488
2172.97	479.504
2176.02	522.644
2179.06	547.026
2182.1	572.3
2185.14	525.605
2188.17	572.208
2191.2	564.993
2194.23	536.071
2197.26	585.398
2200.28	602.638
2203.3	608.605
2206.31	597.131
2209.32	529.972
2212.33	593.375
2215.34	575.728
2218.34	602.756
2221.34	584.628
2224.34	594.344
2227.33	675.083
2230.32	795.834
2233.3	987.673
2236.29	1145.13
2239.27	1152.63
2242.24	949.321
2245.22	684.374
2248.19	605.352
2251.16	627.351
2254.12	612.619
2257.08	581.025
2260.04	532.179
2263	623.99
2265.95	547.07
2268.9	554.551
2271.84	600.573
2274.78	578.851
2277.72	614.981
2280.66	601.253
2283.59	617.345
2286.52	610.461
2289.45	554.132
2292.37	572.96
2295.29	553.221
2298.21	541.321
2301.12	585.94
2304.03	557.601
2306.94	509.129
2309.85	529.607
2312.75	541.01
2315.64	557.509
2318.54	509.321
2321.43	465.125
2324.32	512.663
2327.2	402.403
2330.09	256.49
2332.96	493.483
2335.84	402.927
2338.71	401.801
2341.58	487.86
2344.45	439.362
2347.31	441.729
2350.17	454.571
2353.03	400.756
2355.88	414.334
2358.73	371.365
2361.58	388.704
2364.42	418.501
2367.26	411.994
2370.1	388.185
2372.94	355.28
2375.77	367.244
2378.59	430.254
2381.42	261.682
2384.24	399.267
2387.06	400.402
2389.87	386.412
2392.69	465.82
2395.5	383.579
2398.3	481.603
2401.1	441.93
2403.9	405.736
2406.7	385.228
2409.49	408.494
2412.28	456.251
2415.07	416.614
2417.85	386.383
2420.63	464.547
2423.41	465.618
2426.18	436.905
2428.95	459.17
2431.72	420.272
2434.48	457.899
2437.24	410.805
2440	443.167
2442.76	501.058
2445.51	457.686
2448.26	413.741
2451	549.361
2453.74	506.498
2456.48	533.613
2459.22	520.581
2461.95	547.646
2464.68	571.342
2467.4	598.348
2470.13	581.869
2472.85	578.863
2475.56	640.576
2478.27	607.437
2480.98	611.536
2483.69	591.268
2486.39	658.29
2489.09	578.362
2491.79	584.733
2494.49	551.565
2497.18	548.001
2499.86	579.645
2502.55	600.775
2505.23	636.03
2507.91	624.908
2510.58	718.871
2513.25	676.104
2515.92	608.269
2518.58	698.982
2521.25	647.998
2523.9	660.05
2526.56	638.154
2529.21	749.978
2531.86	708.612
2534.51	641.724
2537.15	736.039
2539.79	716.818
2542.42	740.166
2545.06	835.442
2547.69	800.76
2550.31	795.219
2552.94	816.822
2555.55	894.448
2558.17	938.642
2560.79	953.29
2563.4	980.093
2566	931.225
2568.61	1058.84
2571.21	986.947
2573.81	1037.58
2576.4	1044.93
2578.99	1004.89
2581.58	1044.74
2584.16	1096.92
2586.74	1064.83
2589.32	1116.8
2591.9	1102.38
2594.47	1147.46
2597.04	1137.64
2599.6	1159.63
2602.17	1184.66
2604.72	1106.04
2607.28	1197.5
2609.83	1210.17
2612.38	1157.42
2614.93	1198.06
2617.47	1129.56
2620.01	1089.55
2622.55	1098.58
2625.08	1117.22
2627.61	1121.48
2630.14	1195.17
2632.66	1050.09
2635.18	1159.96
2637.7	1136.68
2640.21	1192.37
2642.72	1234.09
2645.23	1230.65
2647.73	1263.55
2650.23	1332.88
2652.73	1345.27
2655.23	1373.67
2657.72	1376.9
2660.21	1433.06
2662.69	1464.33
2665.17	1540.87
2667.65	1567.4
2670.13	1561.44
2672.6	1617.21
2675.07	1695.98
2677.53	1882.39
2680	2172.03
2682.46	2524.3
2684.91	2615.56
2687.36	2599.74
2689.81	2630.44
2692.26	2852.74
2694.7	2943.43
2697.14	2955.77
2699.58	2998.98
2702.01	3054.03
2704.44	3203.52
2706.87	3339.23
2709.3	3504.27
2711.72	3671.41
2714.13	3816.66
2716.55	4046.94
2718.96	4243.31
2721.37	4373.77
2723.77	4613.96
2724.03	4643.21
2726.72	4668.13
2729.41	4836.16
2732.09	5017.02
2734.78	5234.97
2737.46	5318.2
2740.13	5346.92
2742.81	5185.65
2745.48	4895.16
2748.15	4706.48
2750.81	4629.67
2753.48	4268.84
2756.14	3908.83
2758.79	3797.93
2761.45	3731.87
2764.1	3688.29
2766.75	3726.22
2769.39	3893.09
2772.04	4200.73
2774.68	4682.97
2777.32	5284.66
2779.95	5906.97
2782.58	6088.62
2785.21	5752.14
2787.83	5730.58
2790.46	5764.74
2793.08	5952.47
2795.7	6121.64
2798.31	6386.56
2800.92	6622.82
2803.53	6930.26
2806.14	7231.56
2808.74	7743.96
2811.34	8201.87
2813.94	8653.94
2816.54	9050.08
2819.13	9545.56
2821.72	10112
2824.3	10738.7
2826.89	11249.1
2829.47	11900.3
2832.04	12470.5
2834.62	13152.5
2837.19	13818.3
2839.76	14761.8
2842.33	15846.2
2844.89	17198.4
2847.45	18625.7
2850.01	19709.8
2852.56	20217
2855.12	21061.5
2857.66	22154.4
2860.21	24393.9
2862.75	27690.9
2865.29	32112.3
2867.83	36350
2870.37	40293.9
2872.9	44096.2
2875.43	47071.5
2877.96	47686.9
2880.48	45272.1
2883	42697.6
2885.52	41382.9
2888.03	40975.9
2890.54	41276
2893.05	42325.5
2895.56	44001.4
2898.06	45820.9
2900.56	47975.1
2903.06	50018.6
2905.55	51735.1
2908.05	53092.7
2910.54	54450.8
2913.02	55034.4
2915.51	55013
2917.99	54198
2920.47	53803.9
2922.94	53551.1
2925.41	54090
2927.88	55788.2
2930.35	59635.8
2932.81	64912.5
2935.27	71465.7
2937.73	76890.6
2940.18	77803.3
2942.63	72584.9
2945.08	65385.1
2947.53	58039.7
2949.97	51987.4
2952.41	47207
2954.85	43737.4
2957.28	41138.1
2959.71	39175.5
2962.14	37721.4
2964.57	36125
2966.99	34271.3
2969.41	32112.9
2971.83	29986.7
2974.24	27413.2
2976.66	25495.9
2979.06	23411.7
2981.47	21706
2983.87	19626.5
2986.27	17838
2988.67	16144.6
2991.06	14697.2
2993.45	13477.6
2995.84	12319.3
2998.23	11457.8
3000.61	10829.2
3002.99	10022.6
3005.37	9445.89
3007.74	8722.19
3010.11	8077.39
3012.48	7493.41
3014.84	7143.81
3017.21	6830.38
3019.56	6422.3
3021.92	6376.8
3024.27	6250.7
3026.63	6121.73
3028.97	6112.69
3031.32	6101.56
3033.66	6181.48
3036	6181.38
3038.33	6329.76
3040.67	6433.97
3043	6337.49
3045.33	6388.04
3047.65	6668.46
3049.97	7488.22
3052.29	8715.91
3054.6	9671.7
3056.92	10128.8
3059.23	10007
3061.53	9940.23
3063.84	9717.46
3066.14	9148.59
3068.44	8149.73
3070.73	7079.36
3073.03	6167.1
3075.31	5319.96
3077.6	4596.45
3079.89	4066.21
3082.17	3703.17
3084.44	3424.48
3086.72	3241
3088.99	3088.34
3091.26	2862.47
3093.53	2818.59
3095.79	2682.24
3098.05	2559.54
3100.31	2549.09
3102.56	2524.38
3104.81	2479.37
3107.06	2525.14
3109.31	2448.88
3111.55	2373.16
3113.79	2250.64
3116.03	2231.05
3118.26	2148.74
3120.49	2194.49
3122.72	2086.61
3124.95	2115.65
3127.17	2164.76
3129.39	2068.86
3131.61	2032.42
3133.82	2102.71
3136.03	2023.99
3138.24	2027.52
3140.44	2106.4
3142.65	2097.24
3144.84	2046.85
3147.04	2058.08
3149.24	2067.9