403.788	3617.29
408.15	2975.52
412.511	2332.12
416.867	2240.15
421.217	2379.58
425.563	2955.87
429.907	3425.85
434.245	3710.36
438.581	3677.11
442.91	3090.99
447.238	2212.9
451.561	1405.99
455.88	927.231
460.194	778.493
464.505	572.855
468.812	662.372
473.113	740.079
477.412	794.748
481.707	1086.65
485.998	1191.78
490.282	1679.39
494.565	2103.38
498.844	2491.01
503.116	2505.09
507.389	2417.46
511.654	2574.87
515.916	2864.7
520.173	3261.25
524.427	3621.92
528.678	4000.36
532.922	4469.79
537.162	4157.99
541.399	3157.33
545.633	2376.2
549.864	1650.13
554.088	1082.56
558.309	748.404
562.527	440.818
566.742	247.651
570.948	277.802
575.155	517.946
579.356	768.771
583.552	445.879
587.743	375.874
591.934	657.886
596.118	579.465
600.297	599.194
604.474	594.927
608.647	718.61
612.814	1005.9
616.979	1650.5
621.138	1723.64
625.296	2289.57
629.447	3695.78
633.594	3536.12
637.738	2453.29
641.88	1836.75
646.013	1127.02
650.145	857.305
654.275	1005.43
658.397	671.391
662.515	672.24
666.634	638.171
670.742	722.306
674.851	621.569
678.953	651.602
683.052	756.785
687.147	853.195
691.238	1037.31
695.326	1236.59
699.407	1343.52
703.487	1407.94
707.561	1319.39
711.633	1166.59
715.699	1110.38
719.761	1108.41
723.819	1156.32
727.874	1188.22
731.921	1337.9
735.97	1327.18
740.011	1427.63
744.049	1435.98
748.082	1313.63
752.112	1282.49
756.138	1143.55
760.159	1261.46
764.175	1256.99
768.19	1264.99
772.199	1207.2
776.204	1294.98
780.204	1377.51
784.202	1462.33
788.196	1639.9
792.184	1771.9
796.168	2235.6
800.151	2637.63
804.126	2996.71
808.098	2783.07
812.067	2765.86
816.031	2912.89
819.991	3289.9
823.95	3996.28
827.902	5359.74
831.85	7305.78
835.793	10453.7
839.735	12465.2
843.669	11512.3
847.601	9054.65
851.528	8315.05
855.452	9175.51
859.372	8317.72
863.287	6596.65
867.197	5663.38
871.106	5083.91
875.008	4792.3
878.909	4531.87
882.803	4188.28
886.692	3964.88
890.58	3793.83
894.465	3974.55
898.342	4515.23
902.217	5155.23
906.086	5937.7
909.952	6572.57
913.815	6615.74
917.673	6175.27
921.529	5401.28
925.378	4638.65
929.226	3850.82
933.066	3339.89
936.903	2943.65
940.736	2905.12
944.568	2954.64
948.394	2821.67
952.216	2830.69
956.031	2799.89
959.847	2648.58
963.655	2871.76
967.459	2907.09
971.262	3145.48
975.059	3282.48
978.85	3670.74
982.64	3993.54
986.425	4210.23
990.206	4150.66
993.982	5186.6
997.756	8524.21
1001.52	7423.08
1005.29	3800.65
1009.05	2917.81
1012.8	2757.33
1016.56	2824.71
1020.3	3098.38
1024.05	3998.24
1027.79	4807.39
1031.52	4637.54
1035.26	3808.75
1038.98	3402.13
1042.71	3228.64
1046.43	3372.81
1050.14	3430.94
1053.85	3667.79
1057.56	4459.99
1061.26	4703.44
1064.96	4335.29
1068.66	4276.94
1072.35	4139.25
1076.04	3738.21
1079.72	3275.34
1083.4	2665.18
1087.07	2282.54
1090.74	2099.98
1094.41	2312.06
1098.07	2456.3
1101.73	2692.52
1105.38	3097.23
1109.03	3546.68
1112.68	4191.69
1116.32	5011.74
1119.96	6109.29
1123.59	6411.46
1127.23	5739.99
1130.85	5056.33
1134.47	5220.42
1138.09	5803.92
1141.7	5325.69
1145.31	4776.91
1148.92	4120.94
1152.52	3548.65
1156.12	2790.51
1159.71	2265.4
1163.3	1941.75
1166.88	1689.31
1170.46	1576.53
1174.04	1644.54
1177.61	1714.89
1181.18	1859.55
1184.75	1905.54
1188.31	1939.17
1191.86	2188.67
1195.42	2423.27
1198.97	2369.91
1202.51	2263.95
1206.05	2160.23
1209.59	2076.19
1213.12	2132.37
1216.65	2183.52
1220.17	2346.78
1223.69	3111.35
1227.21	4226.13
1230.72	4368.39
1234.23	4348.26
1237.73	3724.29
1241.23	3040.02
1244.72	2823.39
1248.22	2739.73
1251.7	2838.37
1255.19	2936.1
1258.66	3081.4
1262.14	3276.75
1265.61	3673.03
1269.08	4590.96
1272.54	6275.12
1276	7677.17
1279.46	7866.19
1282.91	7382.88
1286.35	6282.48
1289.8	6157.22
1293.24	4430.29
1296.67	4012.46
1300.1	3771.92
1303.53	3479.49
1306.95	3203.37
1310.37	2809.46
1313.78	2721.55
1317.19	2755.02
1320.6	2907.76
1324	3066.37
1327.4	3248.95
1330.79	3484.71
1334.18	3732.59
1337.57	3855.33
1340.95	3954.72
1344.33	4099.68
1347.7	4182.67
1351.07	4199.13
1354.44	4227.1
1357.8	4432.4
1361.16	4489.26
1364.51	4420.17
1365.83	4380.72
1369.47	4414.2
1373.1	4260.96
1376.73	4044.19
1380.36	3838.29
1383.99	3669.38
1387.61	3705.48
1391.23	4064.98
1394.84	3920.12
1398.46	3135.94
1402.07	2757.33
1405.67	2664.25
1409.27	2663.4
1412.87	2636.38
1416.46	2655.36
1420.05	2723.86
1423.64	2832.37
1427.22	3191.2
1430.8	3911.96
1434.38	4427.83
1437.95	4795.88
1441.52	5535.67
1445.08	6353.65
1448.65	6594.61
1452.2	6486.5
1455.76	6228.21
1459.31	5889.8
1462.86	5863.14
1466.4	6517.22
1469.94	6439.25
1473.48	6462.42
1477.01	6867.57
1480.54	6488.62
1484.07	5975.33
1487.59	3831.46
1491.11	2293.03
1494.63	1750.77
1498.14	1399.69
1501.65	1250.63
1505.15	1107.92
1508.65	1104.73
1512.15	945.941
1515.65	901.122
1519.14	836.803
1522.62	852.25
1526.11	845.381
1529.59	801.072
1533.07	747.769
1536.54	696.743
1540.01	735.783
1543.47	745.261
1546.94	716.088
1550.39	708.865
1553.85	665.286
1557.3	700.35
1560.75	652.835
1564.2	652.974
1567.64	654.158
1571.07	735.335
1574.51	767.976
1577.94	878.779
1581.37	1147.41
1584.79	1010.14
1588.21	884.295
1591.62	898.826
1595.04	1212.5
1598.45	1772.22
1601.85	1974.51
1605.25	1568.06
1608.65	1135.08
1612.05	963.115
1615.44	831.803
1618.83	828.546
1622.21	817.959
1625.59	809.671
1628.97	873.481
1632.34	875.372
1635.71	929.899
1639.07	964.75
1642.44	983.103
1645.8	983.107
1649.15	1025.2
1652.51	1014.73
1655.85	1067.64
1659.2	995.158
1662.54	1020
1665.88	958.203
1669.21	862.512
1672.54	804.351
1675.87	754.859
1679.19	768.984
1682.51	749.468
1685.83	711.077
1689.14	618.633
1692.45	724.26
1695.75	728.883
1699.06	758.982
1702.35	808.062
1705.65	861.551
1708.94	991.845
1712.23	1112.58
1715.51	1240.39
1718.79	1498.92
1722.07	1771.5
1725.34	1990.22
1728.61	2270.37
1731.88	2500.5
1735.14	2450.68
1738.4	2273.51
1741.65	1927.23
1744.91	1604.13
1748.15	1194.19
1751.4	918.049
1754.64	693.664
1757.88	563.492
1761.11	514.826
1764.34	550.239
1767.57	470.027
1770.79	408.751
1774.01	366.391
1777.23	388.894
1780.44	363.254
1783.65	379.846
1786.85	432.384
1790.05	368.774
1793.25	390.984
1796.45	396.073
1799.64	352.924
1802.83	333.66
1806.01	369.707
1809.19	357.139
1812.37	382.433
1815.54	378.039
1818.71	339.374
1821.87	369.015
1825.04	338.6
1828.19	324.027
1831.35	346.433
1834.5	323.609
1837.65	339.216
1840.79	307.312
1843.93	304.832
1847.07	275.522
1850.21	214.957
1853.33	280.941
1856.46	319.972
1859.58	217.393
1862.7	361.772
1865.82	228.897
1868.93	257.901
1872.04	361.977
1875.14	331.582
1878.24	315.927
1881.34	322.692
1884.44	318.711
1887.53	274.127
1890.61	278.056
1893.7	293.533
1896.78	272.81
1899.85	302.002
1902.92	293.001
1905.99	335.01
1909.06	322.689
1912.12	290.851
1915.18	298.509
1918.23	294.809
1921.29	335.76
1924.33	336.684
1927.38	330.271
1930.42	339.906
1933.45	339.591
1936.49	314.703
1939.52	295.983
1942.54	345.444
1945.56	319.424
1948.58	294.092
1951.6	330.927
1954.61	274.315
1957.62	319.082
1960.62	340.631
1963.62	328.425
1966.62	308.254
1969.61	331.561
1972.6	326.013
1975.59	331.759
1978.57	406.251
1981.55	351.348
1984.53	333.972
1987.5	313.987
1990.47	336.96
1993.43	349.669
1996.4	314.411
1999.35	334.014
2002.31	382.062
2005.26	289.286
2008.21	299.098
2011.15	277.479
2014.09	280.127
2017.02	310.572
2019.96	353.63
2022.89	306.145
2025.81	343.077
2028.73	352.652
2031.65	336.737
2034.57	287.311
2037.48	331.449
2040.39	346.953
2043.29	270.072
2046.19	273.473
2049.09	300.4
2051.98	347.3
2054.87	376.997
2057.76	329.336
2060.64	344.502
2063.52	313.978
2066.39	315.965
2069.27	336.981
2072.13	307.621
2075	359.017
2077.86	319.959
2080.71	331.398
2083.57	349.402
2086.42	358.782
2089.27	353.275
2092.11	307.406
2094.95	312.215
2097.79	328.042
2098.91	333.426
2102.04	292.271
2105.15	313.245
2108.27	344.42
2111.38	360.647
2114.49	360.201
2117.6	311.766
2120.7	363.038
2123.8	411.063
2126.9	395.356
2129.99	437.521
2133.08	399.458
2136.17	404.496
2139.25	396.064
2142.33	343.138
2145.41	369.445
2148.49	374.211
2151.56	360.362
2154.63	361.205
2157.69	321.493
2160.75	438.117
2163.81	356.727
2166.87	368.051
2169.92	349.309
2172.97	373.339
2176.02	372.462
2179.06	397.54
2182.1	373.434
2185.14	387.436
2188.17	438.896
2191.2	393.718
2194.23	444.067
2197.26	445.638
2200.28	431.384
2203.3	463.746
2206.31	460.425
2209.32	419.382
2212.33	477.737
2215.34	418.812
2218.34	469.265
2221.34	439.339
2224.34	447.108
2227.33	490.211
2230.32	476.839
2233.3	603.558
2236.29	650.98
2239.27	645.369
2242.24	610.38
2245.22	502.458
2248.19	479.578
2251.16	456.511
2254.12	442.761
2257.08	507.99
2260.04	419.845
2263	462.47
2265.95	436.113
2268.9	455.175
2271.84	495.068
2274.78	443.413
2277.72	467.273
2280.66	451.271
2283.59	478.844
2286.52	446.694
2289.45	428.661
2292.37	416.195
2295.29	435.648
2298.21	400.533
2301.12	384.74
2304.03	400.856
2306.94	348.869
2309.85	367.891
2312.75	387.92
2315.64	330.452
2318.54	346.36
2321.43	319.937
2324.32	350.971
2327.2	161.461
2330.09	90.1057
2332.96	316.611
2335.84	228.895
2338.71	241.649
2341.58	264.52
2344.45	194.15
2347.31	239.173
2350.17	172.612
2353.03	204.706
2355.88	209.105
2358.73	199.429
2361.58	181.763
2364.42	196.715
2367.26	170.666
2370.1	137.493
2372.94	156.317
2375.77	106.844
2378.59	131.802
2381.42	45.5417
2384.24	209.377
2387.06	108.801
2389.87	110.237
2392.69	178.146
2395.5	130.552
2398.3	236.353
2401.1	179.426
2403.9	130.863
2406.7	171.214
2409.49	186.022
2412.28	187.531
2415.07	141.901
2417.85	138.219
2420.63	152.955
2423.41	171.616
2426.18	145.632
2428.95	183.848
2431.72	147.431
2434.48	205.619
2437.24	129.942
2440	162.688
2442.76	170.125
2445.51	200.746
2448.26	182.972
2451	243.887
2453.74	228.154
2456.48	264.591
2459.22	248.703
2461.95	271.392
2464.68	297.959
2467.4	302.086
2470.13	350.701
2472.85	384.51
2475.56	383.838
2478.27	403.596
2480.98	313.807
2483.69	389.819
2486.39	373.152
2489.09	385.62
2491.79	365.355
2494.49	296.51
2497.18	347.865
2499.86	418.501
2502.55	387.749
2505.23	399.034
2507.91	421.049
2510.58	475.899
2513.25	393.146
2515.92	336.978
2518.58	451.779
2521.25	455.53
2523.9	434.298
2526.56	423.095
2529.21	502.773
2531.86	520.658
2534.51	483.004
2537.15	513.375
2539.79	469.429
2542.42	513.775
2545.06	534.793
2547.69	562.074
2550.31	532.737
2552.94	618.71
2555.55	627.34
2558.17	663.626
2560.79	722.24
2563.4	720.292
2566	722.743
2568.61	750.944
2571.21	739.428
2573.81	746.99
2576.4	750.186
2578.99	734.694
2581.58	722.861
2584.16	729.172
2586.74	761.04
2589.32	724.255
2591.9	731.252
2594.47	753.533
2597.04	715.855
2599.6	725.858
2602.17	780.095
2604.72	774.352
2607.28	764.382
2609.83	786.407
2612.38	768.807
2614.93	768.167
2617.47	755.979
2620.01	723.559
2622.55	747.549
2625.08	793.22
2627.61	789.99
2630.14	861.224
2632.66	815.542
2635.18	878.033
2637.7	883.803
2640.21	984.119
2642.72	939.676
2645.23	977.776
2647.73	1051.36
2650.23	1105.12
2652.73	1046.29
2655.23	1146.13
2657.72	1163.65
2660.21	1191.13
2662.69	1244.56
2665.17	1250.4
2667.65	1242.42
2670.13	1275.36
2672.6	1309.05
2675.07	1416.35
2677.53	1623.15
2680	1972.04
2682.46	2318.12
2684.91	2364.85
2687.36	2339.37
2689.81	2403.87
2692.26	2484.16
2694.7	2546.95
2697.14	2498.61
2699.58	2527.34
2702.01	2571.63
2704.44	2641.51
2706.87	2741.86
2709.3	2809.08
2711.72	2932.56
2714.13	3040.57
2716.55	3119.78
2718.96	3237.97
2721.37	3329.2
2723.77	3449.64
2724.03	3463.71
2726.72	3522.05
2729.41	3636.07
2732.09	3750.32
2734.78	3862.56
2737.46	4002.29
2740.13	3967.11
2742.81	3878.36
2745.48	3836.71
2748.15	3831.47
2750.81	3851.36
2753.48	3583.07
2756.14	3303.46
2758.79	3156.81
2761.45	3135.93
2764.1	3202.84
2766.75	3211.33
2769.39	3422.29
2772.04	3712.05
2774.68	4330.18
2777.32	5041.64
2779.95	5738.82
2782.58	5832.89
2785.21	5649.46
2787.83	5603.06
2790.46	5622.8
2793.08	5967.9
2795.7	6223.43
2798.31	6539.62
2800.92	6803.62
2803.53	7307.72
2806.14	7587.15
2808.74	8083.84
2811.34	8575.17
2813.94	8937.67
2816.54	9577.42
2819.13	9947.16
2821.72	10504
2824.3	11036.3
2826.89	11639.6
2829.47	12199.4
2832.04	12605.4
2834.62	13116.8
2837.19	13425.1
2839.76	13925.8
2842.33	14452.2
2844.89	15117.7
2847.45	15778.9
2850.01	16409.8
2852.56	16431.2
2855.12	16941.4
2857.66	17499.4
2860.21	18786.2
2862.75	20405.4
2865.29	22639.6
2867.83	24768.6
2870.37	26798.4
2872.9	29139.4
2875.43	31439.6
2877.96	32305.3
2880.48	32176
2883	31845.4
2885.52	32022.5
2888.03	32474.6
2890.54	32854.8
2893.05	33641.8
2895.56	34134.3
2898.06	34984
2900.56	36300.9
2903.06	37573.5
2905.55	38058.6
2908.05	38542.9
2910.54	38691.5
2913.02	38295
2915.51	37348.4
2917.99	36143.9
2920.47	35070.6
2922.94	34496.6
2925.41	34726.3
2927.88	35644.3
2930.35	36903.2
2932.81	39553.2
2935.27	42708.5
2937.73	45097.5
2940.18	45266.9
2942.63	43283
2945.08	40041.4
2947.53	36868.8
2949.97	34259.8
2952.41	31852.8
2954.85	29805
2957.28	28192.2
2959.71	26629.6
2962.14	25480
2964.57	24049.2
2966.99	22673.9
2969.41	21208.4
2971.83	19742.7
2974.24	18123.5
2976.66	16646.9
2979.06	15300.5
2981.47	14140.4
2983.87	12852.5
2986.27	11699.2
2988.67	10618.9
2991.06	9606.56
2993.45	8810.27
2995.84	8108.15
2998.23	7456.67
3000.61	6926.18
3002.99	6388.96
3005.37	5929.43
3007.74	5414.83
3010.11	5142.8
3012.48	4773.3
3014.84	4528.03
3017.21	4291.96
3019.56	4109.62
3021.92	3996.64
3024.27	3892.67
3026.63	3804.82
3028.97	3721.14
3031.32	3607.72
3033.66	3589.87
3036	3678.71
3038.33	3722.03
3040.67	3685.89
3043	3633.87
3045.33	3698.96
3047.65	3803.32
3049.97	4114.45
3052.29	4507.62
3054.6	4989.16
3056.92	5052.04
3059.23	5059.05
3061.53	5086.29
3063.84	4939.18
3066.14	4655.27
3068.44	4279.6
3070.73	3878.59
3073.03	3491.89
3075.31	3218
3077.6	2943.39
3079.89	2764.01
3082.17	2639.04
3084.44	2507.06
3086.72	2573.74
3088.99	2433.98
3091.26	2364.08
3093.53	2354.45
3095.79	2340.9
3098.05	2293.47
3100.31	2435.35
3102.56	2251.86
3104.81	2343.88
3107.06	2276.47
3109.31	2343.11
3111.55	2279.53
3113.79	2344.25
3116.03	2274.08
3118.26	2249.25
3120.49	2348.24
3122.72	2334.78
3124.95	2289.54
3127.17	2407.27
3129.39	2326.81
3131.61	2326.09
3133.82	2379.6
3136.03	2458.72
3138.24	2406.78
3140.44	2475.21
3142.65	2455.64
3144.84	2471.71
3147.04	2513.97
3149.24	2585.31