401.058	557.873
402.149	639.608
403.243	572.728
404.332	597.55
405.424	546.804
406.515	522.549
407.606	507.776
408.697	491.186
409.785	370.357
410.876	400.881
411.967	345.036
413.055	314.542
414.143	324.277
415.233	222.807
416.321	212.057
417.409	264.591
418.499	260.298
419.586	262.547
420.673	306.505
421.761	301.424
422.848	362.948
423.935	416.146
425.02	425.968
426.106	482.826
427.193	488.902
428.278	570.446
429.364	602.132
430.45	657.689
431.534	597.448
432.618	643.055
433.704	709.012
434.788	642.815
435.871	740.228
436.955	749.452
438.038	688.793
439.123	705.345
440.204	702.674
441.287	653.25
442.37	610.393
443.452	530.72
444.535	431.524
445.615	405.938
446.698	310.922
447.78	314.63
448.86	172.255
449.939	159.272
451.021	53.7858
452.101	50.953
453.18	25.8796
454.262	-2.01624
455.341	-12.318
456.42	-45.8223
457.499	-67.2642
458.578	-64.5808
459.654	-115.737
460.733	-76.8783
461.811	-104.878
462.89	-132.911
463.966	-128.424
465.044	-99.7401
466.12	-137.109
467.197	-86.0479
468.273	-120.627
469.349	-132.835
470.426	-73.3021
471.501	-91.0327
472.576	-109.65
473.651	-101.303
474.726	-43.7883
475.801	-107.894
476.876	-100.551
477.95	-68.173
479.022	-83.0992
480.097	-89.6619
481.171	-49.8719
482.243	-37.9038
483.317	-43.5322
484.388	2.63171
485.46	59.8141
486.533	86.4353
487.605	92.7118
488.676	171.778
489.747	142.978
490.818	196.131
491.889	252.013
492.959	256.418
494.03	356.435
495.1	340.637
496.171	429.524
497.239	417.269
498.309	431.559
499.379	439.37
500.446	453.596
501.514	427.594
502.584	451.131
503.651	449.14
504.718	445.398
505.788	471.902
506.855	487.442
507.921	480.091
508.988	474.558
510.055	514.813
511.119	485.497
512.186	553.315
513.252	573.571
514.318	616.808
515.382	632.605
516.448	717.282
517.512	746.085
518.577	729.05
519.641	804.038
520.704	859.001
521.768	927.035
522.833	982.293
523.896	927.69
524.959	997.516
526.021	994.138
527.084	1057.05
528.144	1101.29
529.207	1154.75
530.269	1171.42
531.331	1171.81
532.391	1267.95
533.453	1269.18
534.513	1319.7
535.572	1218.87
536.634	1229.96
537.693	1215.59
538.752	1191.63
539.812	1138.76
540.87	1108.33
541.929	1029.76
542.988	1016.54
544.047	965.198
545.105	951.011
546.164	782.444
547.22	787.149
548.278	688.819
549.336	665.979
550.392	658.961
551.448	607.243
552.505	571.515
553.561	526.59
554.616	506.893
555.671	476.009
556.728	406.869
557.783	452.202
558.836	421.061
559.891	347.118
560.946	376.369
562	301.676
563.055	340.26
564.107	294.55
565.161	340.602
566.213	306.087
567.267	298.414
568.318	266.695
569.37	305.227
570.424	260.612
571.475	279.736
572.526	307.151
573.577	288.452
574.628	325.983
575.679	304.543
576.73	366.917
577.781	339.089
578.829	384.925
579.88	397.661
580.93	376.373
581.978	344.964
583.026	299.745
584.076	325.329
585.124	302.166
586.172	324.964
587.221	344.069
588.269	354.879
589.316	358.305
590.363	334.159
591.41	337.541
592.457	391.366
593.502	381.079
594.549	390.172
595.595	370.987
596.64	295.906
597.686	334.607
598.73	336.551
599.776	321.839
600.82	288.642
601.864	297.677
602.908	248.856
603.953	285.569
604.997	322.416
606.04	268.3
607.083	286.868
608.125	318.323
609.168	253.83
610.211	275.91
611.253	276.735
612.294	257.264
613.336	271.935
614.377	279.254
615.419	267.211
616.459	270.828
617.499	319.616
618.539	240.146
619.579	246.458
620.619	274.905
621.658	258.185
622.698	287.59
623.737	261.69
624.776	313.265
625.815	277.251
626.852	268.921
627.891	268.912
628.928	287.375
629.966	267.974
631.003	302.086
632.041	271.487
633.077	277.764
634.114	295.997
635.15	275.477
636.185	246.712
637.221	253.972
638.257	264.967
639.292	271.371
640.328	266.685
641.361	261.942
642.396	266.351
643.431	248.577
644.464	233.56
645.497	219.492
646.532	223.874
647.564	239.344
648.597	249.345
649.629	246.5
650.663	255.6
651.695	260.065
652.727	279.186
653.757	248.638
654.789	244.729
655.821	318.848
656.852	291.103
657.882	309.287
658.913	292.652
659.942	297.131
660.973	274.994
662.002	286.755
663.031	303.986
664.06	312.088
665.09	285.46
666.119	335.06
667.147	352.717
668.175	286.836
669.201	329.326
670.229	340.488
671.257	278.812
672.285	318.305
673.311	291.504
674.338	318.148
675.363	291.466
676.389	284.17
677.416	311.915
678.441	334.108
679.466	275.958
680.491	311.836
681.515	326.441
682.54	326.287
683.565	322.491
684.589	336.294
685.613	364.019
686.635	330.883
687.659	365.17
688.681	393.938
689.705	380.169
690.727	412.615
691.75	416.369
692.772	403.437
693.793	407.136
694.814	456.174
695.835	445.899
696.856	422.61
697.877	465.024
698.898	484.265
699.918	469.264
700.937	455.215
701.957	442.116
702.978	478.062
703.996	476.065
705.016	450.922
706.034	431.314
707.052	414.474
708.069	509.492
709.087	443.678
710.107	421.345
711.124	411.982
712.139	458.092
713.156	426.595
714.173	415.415
715.19	345.055
716.205	393.834
717.222	375.096
718.238	388.62
719.253	364.28
720.267	356.564
721.283	353.488
722.297	341.238
723.311	372.292
724.325	373.907
725.339	347.036
726.353	379.088
727.366	366.107
728.38	411.111
729.391	308.919
730.404	373.196
731.417	361.044
732.428	330.439
733.441	354.944
734.452	369.313
735.463	364.433
736.475	329.351
737.486	330.138
738.496	340.162
739.506	340.126
740.516	325.401
741.526	291.368
742.534	338.066
743.544	352.599
744.554	284.533
745.561	311.903
746.571	309.012
747.578	268.539
748.587	321.647
749.594	297.726
750.601	256.387
751.608	281.124
752.615	291.211
753.621	268.279
754.628	301.395
755.634	260.125
756.641	249.181
757.647	276.901
758.651	277.959
759.657	260.583
760.663	279.15
761.666	264.488
762.67	244.235
763.676	269.202
764.679	239.608
765.682	249.712
766.686	254.241
767.689	263.39
768.692	272.573
769.694	255.012
770.697	257.877
771.698	240.444
772.7	251.755
773.703	270.493
774.703	245.529
775.703	256.674
776.705	252.862
777.705	275.934
778.705	294.357
779.705	245.029
780.705	264.49
781.704	281.222
782.704	289.616
783.703	242.202
784.702	293.318
785.701	285.81
786.698	297.821
787.697	301.472
788.694	265.144
789.693	303.279
790.689	295.823
791.686	398.211
792.682	313.404
793.68	339.359
794.676	367.155
795.672	377.282
796.666	402.365
797.662	421.002
798.658	399.616
799.653	417.329
800.647	480.63
801.642	454.361
802.636	451.293
803.631	464.926
804.624	495.281
805.617	468.882
806.61	495.506
807.602	460.766
808.595	422.318
809.587	385.745
810.58	417.848
811.572	405.446
812.564	415.343
813.554	428.992
814.546	447.296
815.536	464.672
816.528	477.395
817.518	463.265
818.507	505.568
819.499	521.966
820.488	510.624
821.477	588.915
822.466	628.286
823.455	645.369
824.444	656.825
825.431	752.168
826.42	835.486
827.408	934.533
828.395	1025.4
829.383	1026.09
830.369	1140
831.356	1224.2
832.342	1308.97
833.33	1430.19
834.315	1542.04
835.301	1713.68
836.287	1865.44
837.27	1999.31
838.256	2135.41
839.241	2319.46
840.226	2276.67
841.209	2320.04
842.194	2325.63
843.177	2200.76
844.16	2152.22
845.145	2023.84
846.127	1908.37
847.11	1742.31
848.092	1635.92
849.074	1625.04
850.056	1579.08
851.039	1531.13
852.018	1609.94
853	1598.5
853.982	1699.22
854.962	1733.83
855.941	1754.87
856.923	1766.08
857.902	1783.07
858.881	1728.47
859.86	1677.54
860.839	1529.82
861.818	1399.33
862.797	1285.18
863.776	1228.86
864.754	1132.84
865.733	1105.83
866.709	1064.11
867.687	984.731
868.664	982.75
869.642	966.142
870.618	922.004
871.594	863.186
872.569	871.597
873.545	824.759
874.521	799.074
875.496	822.183
876.471	783.498
877.447	753.032
878.42	766.735
879.395	732.46
880.37	698.174
881.343	711.83
882.315	702.514
883.29	660.099
884.262	684.997
885.235	701.612
886.207	669.331
887.179	664.639
888.151	650.676
889.123	705.828
890.095	612.598
891.065	670.563
892.037	641.918
893.009	666.743
893.978	644.561
894.948	684.159
895.919	700.761
896.888	715.591
897.857	698.194
898.826	773.993
899.795	795.309
900.764	846.044
901.732	920.619
902.701	935.978
903.668	1028.75
904.636	1061.54
905.604	1146.96
906.57	1182.73
907.538	1197.48
908.504	1239.17
909.47	1263.54
910.436	1271.43
911.402	1298.78
912.367	1318.72
913.333	1315.46
914.298	1202.02
915.264	1120.79
916.229	1125.49
917.192	1057.16
918.157	1047.18
919.12	1014.17
920.084	964.526
921.047	916.689
922.01	902.119
922.972	833.688
923.935	818.938
924.897	793.962
925.859	774.573
926.821	692.135
927.783	714.569
928.743	711.957
929.705	661.946
930.667	664.815
931.626	665.796
932.586	655.639
933.547	596.263
934.506	595.521
935.466	592.991
936.425	556.036
937.384	598.218
938.343	577.933
939.301	586.487
940.26	614.609
941.217	555.035
942.175	587.897
943.132	552.652
944.09	623.983
945.046	600.004
946.002	619.031
946.96	688.608
947.916	586.733
948.872	645.952
949.828	645.167
950.783	651.841
951.737	641.57
952.692	654.675
953.647	644.248
954.601	693.828
955.556	682.452
956.509	652.415
957.464	696.65
958.417	680.948
959.369	660.567
960.322	713.398
961.275	738.802
962.227	716.047
963.179	750.472
964.132	765.129
965.082	762.049
966.034	783.58
966.984	778.059
967.936	817.732
968.885	833.89
969.837	844.258
970.787	843.14
971.736	904.818
972.686	951.329
973.635	970.581
974.584	982.4
975.533	1040.33
976.48	1069.24
977.429	1121.68
978.378	1091.54
979.325	1111.13
980.273	1064.07
981.22	1164.33
982.166	1146.25
983.113	1108.36
984.061	1103.15
985.007	1094.97
985.953	1119.48
986.897	1020.39
987.843	1014.16
988.789	980.028
989.734	959.162
990.678	937.453
991.623	945.668
992.567	870.587
993.51	830.946
994.453	810.853
995.398	858.882
996.341	813.516
997.284	803.669
998.227	784.553
999.168	740.335
1000.11	767.943
1001.05	760.178
1001.99	734.77
1002.94	636.793
1003.88	659.97
1004.82	683.233
1005.76	714.029
1006.7	653.556
1007.64	699.281
1008.58	694.593
1009.52	710.278
1010.46	674.586
1011.4	730.159
1012.34	718.708
1013.27	684.137
1014.21	745.707
1015.15	719.909
1016.09	691.388
1017.03	730.008
1017.96	723.755
1018.9	750.036
1019.84	702.417
1020.77	728.529
1021.71	742.541
1022.65	773.496
1023.58	741.075
1024.52	723.747
1025.45	787.019
1026.39	791.347
1027.32	778.692
1028.26	820.274
1029.19	825.141
1030.12	792.392
1031.06	784.062
1031.99	774.906
1032.92	795.967
1033.86	794.624
1034.79	820.636
1035.72	799.562
1036.65	797.211
1037.59	763.622
1038.52	795.017
1039.45	790.531
1040.38	792.645
1041.31	795.702
1042.24	830.867
1043.17	857.502
1044.1	813.198
1045.03	869.115
1045.96	864.594
1046.89	874.409
1047.82	919.456
1048.75	915.44
1049.68	920.031
1050.61	916.04
1051.53	947.996
1052.46	927.467
1053.39	968.5
1054.32	955.161
1055.24	1060.63
1056.17	1052.99
1057.1	1092.08
1058.02	1179.85
1058.95	1199.24
1059.88	1231.97
1060.8	1266.58
1061.73	1185.88
1062.65	1196.65
1063.58	1130.27
1064.5	1144
1065.43	1108.07
1066.35	1091.96
1067.27	1159.46
1068.2	1140.7
1069.12	1150.26
1070.04	1197.83
1070.97	1236.95
1071.89	1221.23
1072.81	1254.46
1073.73	1253.73
1074.65	1276.9
1075.58	1200.93
1076.5	1231.35
1077.42	1211.05
1078.34	1168.69
1079.26	1157.68
1080.18	1136.22
1081.1	1047.3
1082.02	1056.36
1082.94	1030.24
1083.86	975.609
1084.78	916.258
1085.7	892.096
1086.61	859.464
1087.53	852.535
1088.45	816.241
1089.37	805.568
1090.28	792.946
1091.2	865.575
1092.12	848.053
1093.03	804.951
1093.95	879.337
1094.87	861.947
1095.78	918.498
1096.7	912.661
1097.61	968.381
1098.53	935.125
1099.44	973.743
1100.36	982.005
1101.27	1001.55
1102.19	1031.42
1103.1	1020.59
1104.01	1076.88
1104.93	1111.46
1105.84	1084.76
1106.75	1101.7
1107.67	1177.43
1108.58	1145.58
1109.49	1202.63
1110.4	1206.6
1111.31	1246.29
1112.22	1197.8
1113.14	1277.81
1114.05	1302.01
1114.96	1314.04
1115.87	1328.12
1116.78	1427.4
1117.69	1491.71
1118.6	1512.39
1119.51	1537.55
1120.42	1635.26
1121.32	1637.46
1122.23	1717.32
1123.14	1727.75
1124.05	1728.4
1124.96	1760.82
1125.86	1737.8
1126.77	1673.99
1127.68	1635.35
1128.58	1588.55
1129.49	1592.36
1130.4	1580.52
1131.3	1548.54
1132.21	1527.01
1133.11	1592.91
1134.02	1591.93
1134.92	1637.8
1135.83	1664.1
1136.73	1682.96
1137.64	1665.71
1138.54	1713.79
1139.44	1681.92
1140.35	1595.77
1141.25	1551.41
1142.15	1527.1
1143.06	1541.91
1143.96	1446.44
1144.86	1446.07
1145.76	1389.4
1146.66	1322.05
1147.57	1254.52
1148.47	1218.3
1149.37	1160.12
1150.27	1121.96
1151.17	1017.14
1152.07	1004.77
1152.97	965.719
1153.87	924.725
1154.77	860.791
1155.67	867.306
1156.57	809.921
1157.46	757.308
1158.36	753.342
1159.26	723.75
1160.16	673.288
1161.05	663.841
1161.95	663.895
1162.85	662.885
1163.75	655.987
1164.64	643.214
1165.54	593.211
1166.44	571.809
1167.33	596.168
1168.23	584.491
1169.12	575.782
1170.02	577.602
1170.91	579.43
1171.81	520.351
1172.7	560.13
1173.59	548.492
1174.49	549.159
1175.38	545.016
1176.27	545.57
1177.17	552.721
1178.06	522.858
1178.95	563.223
1179.84	550.559
1180.74	534.206
1181.63	523.615
1182.52	536.719
1183.41	528.932
1184.3	553.248
1185.19	565.144
1186.08	556.151
1186.97	515.015
1187.86	573.132
1188.75	550.007
1189.64	584.471
1190.53	579.28
1191.42	568.441
1192.31	575.547
1193.2	582.724
1194.09	595.657
1194.97	624.7
1195.86	604.852
1196.75	599.094
1197.64	621.514
1198.52	642.937
1199.41	611.644
1200.29	612.381
1201.18	637.631
1202.07	687.374
1202.95	661.844
1203.84	666.337
1204.72	661.314
1205.61	684.397
1206.49	682.076
1207.38	682.655
1208.26	710.642
1209.14	674.047
1210.03	680.833
1210.91	692.416
1211.79	703.045
1212.68	685.316
1213.56	710.658
1214.44	680.285
1215.32	718.426
1216.21	702.917
1217.09	714.735
1217.97	730.478
1218.85	715.464
1219.73	751.444
1220.61	769.812
1221.49	746.915
1222.37	777.68
1223.25	810.26
1224.13	848.335
1225.01	904.141
1225.89	988.099
1226.77	1048.41
1227.65	1096.55
1228.52	1103.37
1229.4	1140.67
1230.28	1120.6
1231.16	1128.08
1232.03	1151.7
1232.91	1094.78
1233.79	1103.06
1234.66	1128.26
1235.54	1073.6
1236.42	1098.5
1237.29	1037.88
1238.17	1023.75
1239.04	975.482
1239.92	970.018
1240.79	937.072
1241.67	899.402
1242.54	889.314
1243.41	890.654
1244.29	868.212
1245.16	861.02
1246.03	869.094
1246.91	862.853
1247.78	838.397
1248.65	819.52
1249.52	832.951
1250.4	870.139
1251.27	865.263
1252.14	862.323
1253.01	863.283
1253.88	895.846
1254.75	875.92
1255.62	889.404
1256.49	884.642
1257.36	907.465
1258.23	888.108
1259.1	932.664
1259.97	938.94
1260.84	937.575
1261.71	944.847
1262.57	977.955
1263.44	959.611
1264.31	1011.94
1265.18	1015.63
1266.05	1031.7
1266.91	1103.99
1267.78	1121.82
1268.65	1182.47
1269.51	1202.02
1270.38	1222.45
1271.24	1345.69
1272.11	1423.08
1272.97	1514.61
1273.84	1602.23
1274.7	1665.05
1275.57	1690.75
1276.43	1778.16
1277.3	1722.65
1278.16	1760.93
1279.02	1751.11
1279.89	1717.56
1280.75	1661.87
1281.61	1660.42
1282.48	1520.21
1283.34	1484.5
1284.2	1381.18
1285.06	1365.96
1285.92	1286.18
1286.78	1228.37
1287.65	1148.33
1288.51	1087.72
1289.37	1090.4
1290.23	1029.04
1291.09	1000.42
1291.95	984.041
1292.81	987.681
1293.67	942.036
1294.52	933.647
1295.38	922.24
1296.24	910.986
1297.1	887.622
1297.96	869.822
1298.81	867.649
1299.67	863.527
1300.53	888.043
1301.39	864.501
1302.24	869.626
1303.1	855.035
1303.95	825.814
1304.81	826.968
1305.67	839.113
1306.52	861.465
1307.38	863.046
1308.23	853.896
1309.09	838.261
1309.94	828.608
1310.8	830.981
1311.65	849.445
1312.5	862.833
1313.35	858.315
1314.21	836.314
1315.06	857.592
1315.91	872.039
1316.77	865.217
1317.62	913.208
1318.47	905.294
1319.32	936.275
1320.17	955.951
1321.02	966.101
1321.87	969.821
1322.73	1000.13
1323.57	990.51
1324.43	1033.06
1325.28	1052.52
1326.13	1068.97
1326.97	1071.16
1327.82	1102.1
1328.67	1115.43
1329.52	1138.91
1330.37	1178.53
1331.22	1182.48
1332.06	1175.77
1332.91	1190.98
1333.76	1203.13
1334.61	1204.95
1335.45	1232.48
1336.3	1255.07
1337.15	1243.06
1337.99	1247.49
1338.84	1249.37
1339.68	1277.9
1340.53	1281.58
1341.37	1289.89
1342.22	1284.65
1343.06	1287.94
1343.91	1301.26
1344.75	1298.12
1345.6	1313.19
1346.44	1325.29
1347.28	1326.13
1348.12	1323.37
1348.97	1314.03
1349.81	1325.38
1350.65	1348.58
1351.49	1353.82
1352.33	1315.08
1353.18	1335.93
1354.02	1331.45
1354.86	1357.43
1355.7	1370.21
1356.54	1338.4
1357.38	1352.1
1358.22	1349.51
1359.06	1385.94
1359.9	1364.27
1360.74	1357.83
1361.58	1370.88
1362.42	1363.12
1363.25	1370.69
1364.09	1342.94
1364.93	1329.71
1365.77	1323.65
1366.6	1327.08
1367.19	1366.63
1368.1	1354
1369.01	1361.96
1369.92	1319.62
1370.83	1321.46
1371.74	1322.19
1372.65	1333.65
1373.56	1303.7
1374.47	1304.22
1375.37	1303.72
1376.28	1270.7
1377.19	1251.37
1378.1	1262.42
1379	1274.39
1379.91	1213.7
1380.82	1241.34
1381.72	1217.93
1382.63	1175.83
1383.54	1203.12
1384.44	1243.9
1385.35	1214.17
1386.25	1194.24
1387.16	1172.45
1388.06	1228.68
1388.97	1184.7
1389.87	1216.69
1390.78	1242.87
1391.68	1237.03
1392.59	1256.44
1393.49	1233.14
1394.39	1206.9
1395.3	1251.22
1396.2	1162.9
1397.1	1112.36
1398	1093.79
1398.91	1035.83
1399.81	980.99
1400.71	1001.38
1401.61	983.301
1402.52	946.935
1403.42	920.143
1404.32	916.348
1405.22	900.07
1406.12	933.664
1407.02	893.619
1407.92	874.807
1408.82	880.037
1409.72	886.309
1410.62	873.496
1411.52	872.125
1412.42	881.189
1413.32	877.767
1414.21	875.238
1415.11	837.401
1416.01	858.649
1416.91	863.697
1417.81	822.178
1418.71	853.065
1419.6	824.186
1420.5	869.618
1421.4	851.5
1422.29	815.381
1423.19	826.777
1424.09	826.666
1424.98	843.556
1425.88	842.283
1426.77	849.533
1427.67	849.199
1428.56	830.871
1429.46	843.013
1430.35	837.173
1431.25	845.655
1432.14	869.437
1433.04	872.42
1433.93	863.152
1434.82	886.312
1435.72	914.317
1436.61	926.188
1437.5	935.231
1438.39	965.274
1439.29	998.189
1440.18	1018.65
1441.07	1054.33
1441.96	1057.44
1442.85	1071.05
1443.75	1128.77
1444.64	1114.91
1445.53	1117.51
1446.42	1118.3
1447.31	1147.85
1448.2	1126.35
1449.09	1163.23
1449.98	1131.71
1450.87	1185.67
1451.76	1156.07
1452.65	1185.36
1453.54	1167.81
1454.43	1210.22
1455.31	1205.5
1456.2	1191.9
1457.09	1229.16
1457.98	1213.86
1458.87	1233.08
1459.75	1219.41
1460.64	1227.22
1461.53	1268.29
1462.41	1268.14
1463.3	1315.62
1464.19	1348.51
1465.07	1417.96
1465.96	1472.47
1466.85	1535.38
1467.73	1538.96
1468.61	1550.39
1469.5	1528.04
1470.38	1506.84
1471.27	1521.64
1472.15	1505.33
1473.04	1509.28
1473.92	1520.82
1474.8	1583.7
1475.69	1608.68
1476.57	1620.2
1477.45	1621.3
1478.34	1629.49
1479.22	1608.67
1480.1	1616.89
1480.98	1608.17
1481.86	1547.36
1482.75	1555.99
1483.63	1556.46
1484.51	1520
1485.39	1443.11
1486.27	1356.04
1487.15	1189.97
1488.03	1095.78
1488.91	986.086
1489.79	905.31
1490.67	876.617
1491.55	818.802
1492.43	791.926
1493.31	768.985
1494.19	747.12
1495.07	731.126
1495.94	699.757
1496.82	702.076
1497.7	678.356
1498.58	699.775
1499.45	652.938
1500.33	624.399
1501.21	675.476
1502.09	641.268
1502.96	637.769
1503.84	607.524
1504.72	618.408
1505.59	626.393
1506.47	614.304
1507.34	640.327
1508.22	640.594
1509.09	609.499
1509.97	609.883
1510.84	619.836
1511.72	628.877
1512.59	620.83
1513.46	598.517
1514.34	623.536
1515.21	608.652
1516.08	589
1516.96	641.18
1517.83	596.976
1518.7	619.85
1519.57	612.588
1520.45	617.643
1521.32	602.07
1522.19	594.121
1523.06	611.641
1523.93	625.453
1524.8	588.533
1525.67	610.771
1526.54	594.426
1527.41	611.815
1528.28	607.578
1529.16	598.667
1530.02	606.691
1530.89	620.415
1531.76	583.658
1532.63	617.213
1533.5	582.435
1534.37	600.089
1535.24	600.852
1536.11	593.147
1536.97	606.96
1537.84	602.063
1538.71	592.543
1539.57	592.47
1540.44	603.73
1541.31	587.91
1542.18	612.419
1543.04	605.989
1543.91	595.731
1544.77	602.26
1545.64	613.383
1546.5	601.938
1547.37	587.712
1548.24	588.618
1549.1	601.908
1549.96	585.347
1550.83	585.831
1551.69	585.429
1552.56	565.163
1553.42	562.653
1554.28	575.094
1555.15	596.885
1556.01	587.501
1556.87	587.664
1557.73	591.777
1558.6	607.418
1559.46	598.506
1560.32	599.968
1561.18	580.384
1562.04	558.717
1562.9	580.687
1563.77	589.324
1564.63	599.934
1565.49	587.809
1566.35	620.628
1567.21	568.634
1568.07	590.183
1568.93	588.796
1569.79	603.633
1570.64	607.862
1571.5	597.615
1572.36	622.836
1573.22	575.035
1574.08	604.149
1574.94	612.188
1575.8	617.405
1576.65	588.906
1577.51	623.093
1578.37	595.454
1579.22	602.52
1580.08	609.547
1580.94	596.23
1581.79	590.673
1582.65	572.549
1583.51	604.917
1584.36	594.632
1585.22	594.046
1586.07	617.752
1586.93	612.222
1587.78	590.06
1588.63	614.624
1589.49	637.2
1590.34	620.675
1591.2	584.518
1592.05	601.945
1592.9	600.755
1593.76	624.922
1594.61	607.186
1595.46	579.805
1596.32	639.439
1597.17	628.922
1598.02	611.602
1598.87	604.996
1599.72	616.889
1600.58	642.366
1601.43	637.346
1602.28	618.478
1603.13	596.571
1603.98	623.518
1604.83	611.335
1605.68	646.117
1606.53	625.294
1607.38	631.917
1608.23	636.626
1609.08	636.421
1609.93	599.99
1610.77	648.355
1611.62	603.925
1612.47	636.52
1613.32	635.042
1614.17	621.018
1615.01	625.604
1615.86	626.357
1616.71	646.563
1617.55	646.251
1618.4	630.262
1619.25	634.582
1620.09	628.134
1620.94	636.224
1621.79	632.705
1622.63	623.452
1623.48	644.323
1624.32	630.409
1625.17	630.116
1626.01	655.979
1626.86	628.628
1627.7	632.234
1628.54	631.951
1629.39	639.365
1630.23	624.492
1631.07	608.601
1631.92	627.422
1632.76	635.572
1633.6	652.389
1634.45	693.314
1635.29	664.904
1636.13	661.604
1636.97	644.858
1637.81	625.241
1638.66	663.34
1639.5	648.549
1640.34	654.002
1641.18	615.32
1642.02	668.017
1642.86	664.076
1643.7	641.9
1644.54	667.77
1645.38	641.699
1646.22	683.837
1647.06	645.212
1647.89	631.596
1648.73	670.918
1649.57	643.054
1650.41	670.132
1651.25	650.182
1652.09	642.782
1652.92	666.177
1653.76	647.047
1654.6	654.764
1655.43	705.786
1656.27	689.285
1657.11	677.72
1657.94	660.544
1658.78	660.922
1659.62	663.339
1660.45	671.551
1661.29	643.806
1662.12	672.066
1662.96	672.096
1663.79	661.419
1664.62	658.568
1665.46	663.627
1666.29	660.122
1667.13	667.438
1667.96	657.315
1668.79	649.109
1669.63	636.935
1670.46	640.284
1671.29	618.163
1672.12	640.905
1672.96	632.314
1673.79	637.375
1674.62	638.521
1675.45	641.67
1676.28	629.21
1677.11	630.55
1677.95	629.001
1678.78	645.148
1679.61	634.703
1680.44	623.152
1681.27	630.16
1682.1	603.6
1682.93	624.287
1683.75	632.225
1684.58	626.445
1685.41	595.093
1686.24	629.876
1687.07	624.221
1687.9	614.584
1688.73	619.742
1689.55	649.612
1690.38	582.467
1691.21	599.384
1692.04	594.439
1692.86	586.418
1693.69	583.27
1694.52	616.747
1695.34	603.724
1696.17	594.777
1696.99	590.916
1697.82	565.343
1698.64	609.238
1699.47	586.626
1700.29	599.651
1701.12	580.76
1701.94	599.497
1702.77	586.345
1703.59	595.988
1704.41	556.96
1705.24	600.355
1706.06	578.259
1706.88	567.121
1707.71	584.786
1708.53	593.533
1709.35	584.414
1710.17	586.181
1711	585.912
1711.82	585.586
1712.64	592.146
1713.46	579.863
1714.28	603.261
1715.1	563.352
1715.92	550.249
1716.74	578.748
1717.56	573.553
1718.38	580.118
1719.2	583.551
1720.02	583.883
1720.84	587.126
1721.66	581.563
1722.48	608.692
1723.3	585.764
1724.11	586.627
1724.93	575.69
1725.75	563.652
1726.57	575.069
1727.39	556.768
1728.2	560.025
1729.02	572.115
1729.84	576.421
1730.65	573.968
1731.47	563.754
1732.29	562.377
1733.1	581.515
1733.92	561.406
1734.73	581.369
1735.55	569.051
1736.36	595.852
1737.18	568.996
1737.99	559.753
1738.81	573.897
1739.62	535.37
1740.43	566.936
1741.25	589.68
1742.06	570.624
1742.87	570.098
1743.69	596.803
1744.5	591.489
1745.31	547.4
1746.13	559.572
1746.94	535.904
1747.75	545.219
1748.56	566.195
1749.37	552.363
1750.18	542.426
1750.99	571.178
1751.81	556.372
1752.61	569.601
1753.42	603.14
1754.24	565.197
1755.04	573.699
1755.85	588.022
1756.66	552.066
1757.47	567.232
1758.28	550.429
1759.09	578.929
1759.9	563.027
1760.71	559.739
1761.52	574.873
1762.32	538.075
1763.13	568.813
1763.94	565.835
1764.74	567.649
1765.55	544.368
1766.36	574.106
1767.17	556.658
1767.97	550.86
1768.78	528.744
1769.58	551.049
1770.39	555.025
1771.19	551.233
1772	544.488
1772.8	550.27
1773.61	566.688
1774.41	533.832
1775.22	529.998
1776.02	575.518
1776.83	527.186
1777.63	550.468
1778.43	565.071
1779.23	533.225
1780.04	552.808
1780.84	570.552
1781.64	578.666
1782.44	551.819
1783.25	557.984
1784.05	527.124
1784.85	529.306
1785.65	527.569
1786.45	553.142
1787.25	563.141
1788.05	531.162
1788.86	535.308
1789.65	549.229
1790.46	524.971
1791.25	499.677
1792.05	527.254
1792.85	543.1
1793.65	548.209
1794.45	535.716
1795.25	543.909
1796.05	524.644
1796.85	538.851
1797.64	537.312
1798.44	542.631
1799.24	543.936
1800.04	550.106
1800.83	538.425
1801.63	552.413
1802.43	549.579
1803.22	530.898
1804.02	527.053
1804.82	543.009
1805.61	524.254
1806.41	538.192
1807.2	543.202
1808	538.305
1808.79	555.281
1809.59	548.472
1810.38	543.667
1811.18	532.875
1811.97	549.863
1812.76	539.885
1813.56	529.788
1814.35	513.642
1815.14	547.223
1815.94	543.063
1816.73	542
1817.52	531.099
1818.31	544.14
1819.1	539.241
1819.9	525.281
1820.69	523.153
1821.48	531.887
1822.27	526.635
1823.06	544.295
1823.85	513.209
1824.64	531.917
1825.43	521.746
1826.22	554.323
1827.01	548.052
1827.8	539.789
1828.59	573.319
1829.38	540.292
1830.17	542.103
1830.96	555.836
1831.74	551.619
1832.53	512.539
1833.32	516.105
1834.11	533.496
1834.89	564.717
1835.68	538.412
1836.47	519.087
1837.26	542.366
1838.04	531.992
1838.83	521.624
1839.61	534.95
1840.4	499.834
1841.19	542.643
1841.97	548.873
1842.76	543.274
1843.54	558.394
1844.33	523.447
1845.11	498.467
1845.89	561.983
1846.68	543.012
1847.46	512.263
1848.25	505.054
1849.03	558.64
1849.81	531.787
1850.6	535.367
1851.38	534.081
1852.16	532.812
1852.94	502.145
1853.72	540.957
1854.51	530.748
1855.29	527.339
1856.07	537.578
1856.85	523.371
1857.63	513.08
1858.41	512.564
1859.19	503.299
1859.97	522.334
1860.75	524.864
1861.53	526.5
1862.31	535.995
1863.09	519.263
1863.87	537.555
1864.65	544.112
1865.43	505.836
1866.21	518.03
1866.99	503.904
1867.76	509.173
1868.54	529.003
1869.32	513.997
1870.1	525.272
1870.87	514.377
1871.65	518.097
1872.43	514.103
1873.2	522.687
1873.98	533.167
1874.76	502.929
1875.53	534.674
1876.31	532.569
1877.08	506.331
1877.86	530.528
1878.63	540.245
1879.41	531.544
1880.18	496.615
1880.96	498.462
1881.73	504.154
1882.5	528.273
1883.28	506.861
1884.05	518.473
1884.82	495.204
1885.6	500.077
1886.37	502.992
1887.14	538.891
1887.91	514.567
1888.68	504.802
1889.46	511.583
1890.23	520.376
1891	503.017
1891.77	520.773
1892.54	518.214
1893.31	504.036
1894.08	486.936
1894.85	520.58
1895.62	517.995
1896.39	482.948
1897.16	541.681
1897.93	511.212
1898.7	510.068
1899.47	507.028
1900.24	518.818
1901.01	505.312
1901.77	516.446
1902.54	506.069
1903.31	499.563
1904.08	491.986
1904.84	517.785
1905.61	511.062
1906.38	507.254
1907.14	492.59
1907.91	481.868
1908.68	481.031
1909.44	493.066
1910.21	480.456
1910.97	484.674
1911.74	489.914
1912.51	506.064
1913.27	475.633
1914.03	502.664
1914.8	503.88
1915.56	497.102
1916.33	503.189
1917.09	510.228
1917.85	500.322
1918.62	478.439
1919.38	494.344
1920.14	516.241
1920.9	500.362
1921.67	488.532
1922.43	509.68
1923.19	488.047
1923.95	494.387
1924.71	500.737
1925.47	510.032
1926.24	481.191
1927	494.257
1927.76	476.17
1928.52	503.069
1929.28	519.902
1930.04	508.671
1930.8	498.44
1931.56	518.258
1932.32	503.073
1933.08	491.953
1933.83	500.932
1934.59	512.99
1935.35	495.024
1936.11	518.101
1936.87	499.98
1937.62	497.759
1938.38	479.389
1939.14	498.031
1939.89	482.634
1940.65	497.34
1941.41	501.114
1942.16	481.921
1942.92	480.718
1943.68	490.433
1944.43	521.013
1945.19	491.501
1945.94	506.878
1946.7	506.255
1947.45	493.706
1948.21	468.285
1948.96	508.629
1949.71	516.156
1950.47	499.855
1951.22	469.68
1951.98	500.134
1952.73	469.981
1953.48	470.576
1954.23	489.934
1954.99	500.238
1955.74	496.565
1956.49	511.636
1957.24	508.912
1957.99	528.983
1958.75	486.031
1959.5	491.538
1960.25	507.929
1961	500.649
1961.75	502.158
1962.5	515.375
1963.25	517.695
1964	484.644
1964.75	503.666
1965.5	482.49
1966.25	510.314
1967	504.76
1967.74	484.463
1968.49	505.12
1969.24	500.32
1969.99	516.969
1970.74	488.934
1971.48	486.354
1972.23	486.837
1972.98	470.938
1973.73	485.177
1974.47	490.626
1975.22	501.779
1975.96	488.588
1976.71	477.271
1977.46	475.61
1978.2	474.954
1978.95	479.218
1979.69	492.286
1980.44	484.268
1981.18	513.929
1981.93	492.525
1982.67	485.522
1983.41	505.374
1984.16	488.489
1984.9	466.7
1985.64	465.059
1986.39	492.206
1987.13	470.466
1987.87	484.3
1988.61	475.239
1989.36	463.396
1990.1	492.746
1990.84	508.704
1991.58	466.326
1992.32	471.778
1993.06	474.393
1993.81	470.384
1994.55	475.068
1995.29	459.777
1996.03	462.734
1996.77	484.886
1997.51	484.095
1998.24	470.819
1998.98	468.02
1999.72	444.07
2000.46	476.644
2001.2	469.896
2001.94	488.106
2002.68	447.827
2003.41	472.844
2004.15	458.533
2004.89	486.495
2005.63	469.283
2006.36	431.832
2007.1	453.013
2007.84	453.033
2008.57	450.19
2009.31	458.957
2010.05	471.661
2010.78	463.233
2011.52	442.289
2012.25	446.435
2012.99	451.522
2013.72	453.654
2014.46	432.491
2015.19	436.446
2015.92	451.06
2016.66	476.398
2017.39	469.841
2018.13	435.216
2018.86	462.811
2019.59	437.963
2020.32	443.26
2021.06	429.034
2021.79	430.123
2022.52	473.207
2023.25	438.327
2023.98	479.027
2024.72	456.141
2025.45	441.344
2026.18	451.108
2026.91	438.316
2027.64	449.836
2028.37	460.198
2029.1	442.024
2029.83	447.146
2030.56	435.692
2031.29	422.668
2032.02	411.291
2032.75	459.354
2033.47	456.667
2034.2	466.976
2034.93	444.168
2035.66	439.045
2036.39	447.837
2037.11	435.742
2037.84	439.791
2038.57	449.912
2039.3	427.168
2040.02	434.32
2040.75	432.894
2041.47	450.059
2042.2	454.21
2042.93	434.813
2043.65	445.758
2044.38	454.14
2045.1	442.424
2045.83	442.988
2046.55	443.679
2047.28	455.9
2048	433.57
2048.73	455.941
2049.45	444.149
2050.17	440.251
2050.9	437.186
2051.62	460.046
2052.34	453.822
2053.07	461.258
2053.79	436.191
2054.51	437.129
2055.23	439.082
2055.95	434.55
2056.68	447.723
2057.4	462.89
2058.12	446.05
2058.84	469.465
2059.56	457.658
2060.28	452.184
2061	445.93
2061.72	438.372
2062.44	456.973
2063.16	466.461
2063.88	451.069
2064.6	454.586
2065.32	459.726
2066.03	452.78
2066.75	462.283
2067.47	448.976
2068.19	448.344
2068.91	446.316
2069.62	447.418
2070.34	442.182
2071.06	447.234
2071.77	447.989
2072.49	455.605
2073.21	456.773
2073.92	456.049
2074.64	453.414
2075.36	459.67
2076.07	442.361
2076.79	440.362
2077.5	446.208
2078.22	455.298
2078.93	453.321
2079.64	455.33
2080.36	445.521
2081.07	447.561
2081.79	434.449
2082.5	443.292
2083.21	452.425
2083.93	462.999
2084.64	459.106
2085.35	444.506
2086.07	445.975
2086.78	442.729
2087.49	470.163
2088.2	455.537
2088.91	455.635
2089.62	454.205
2090.33	445.233
2091.04	445.55
2091.76	463.794
2092.47	462.447
2093.18	464.687
2093.89	450.439
2094.6	455.808
2095.3	453.965
2096.01	460.986
2096.72	446.693
2097.43	450.624
2098.14	445.167
2098.85	452.339
2099.56	462.267
2100.09	423.897
2100.87	467.208
2101.65	445.291
2102.43	443.156
2103.21	448.899
2103.99	448.647
2104.77	461.127
2105.55	435.054
2106.32	454.268
2107.1	451.811
2107.88	441.577
2108.66	464.867
2109.44	453.905
2110.22	460.69
2110.99	430.158
2111.77	448.585
2112.55	454.092
2113.33	466.308
2114.1	444.244
2114.88	447.705
2115.66	459.116
2116.43	467.744
2117.21	443.288
2117.99	453.998
2118.76	447.091
2119.54	474.269
2120.31	463.32
2121.09	424.075
2121.86	429.706
2122.64	421.712
2123.41	437.125
2124.19	457.428
2124.96	445.64
2125.74	443.649
2126.51	457.314
2127.28	459.355
2128.06	440.952
2128.83	481.974
2129.61	443.015
2130.38	467.377
2131.15	461.493
2131.92	442.944
2132.7	434.177
2133.47	420.558
2134.24	455.733
2135.01	462.613
2135.78	452.89
2136.55	449.998
2137.33	450.056
2138.1	455.036
2138.87	446.387
2139.64	453.43
2140.41	447.813
2141.18	450.071
2141.95	443.541
2142.72	440.931
2143.49	458.914
2144.26	447.374
2145.03	448.549
2145.8	439.858
2146.57	435.117
2147.33	427.473
2148.1	436.65
2148.87	445.89
2149.64	453.168
2150.41	445.575
2151.17	435.926
2151.94	436.127
2152.71	436.333
2153.48	448.487
2154.24	447.817
2155.01	465.083
2155.78	440.623
2156.54	463.908
2157.31	414.438
2158.08	434.689
2158.84	431.965
2159.61	424.193
2160.37	410.362
2161.14	437.494
2161.9	438.627
2162.67	434.798
2163.43	427.035
2164.2	430.383
2164.96	434.807
2165.72	433.223
2166.49	416.486
2167.25	447.98
2168.01	444.128
2168.78	409.941
2169.54	434.211
2170.3	432.302
2171.07	414.31
2171.83	418.598
2172.59	435.075
2173.35	412.105
2174.11	422.471
2174.88	429.719
2175.64	421.666
2176.4	449.027
2177.16	454.078
2177.92	462.215
2178.68	436.955
2179.44	434.074
2180.2	411.939
2180.96	429.419
2181.72	420.459
2182.48	439.929
2183.24	443.079
2184	429.895
2184.76	438.041
2185.52	434.967
2186.28	450.211
2187.04	435.943
2187.79	429.833
2188.55	413.552
2189.31	448.193
2190.07	434.968
2190.83	441.09
2191.58	442.114
2192.34	432.936
2193.1	431.884
2193.85	460.328
2194.61	434.71
2195.37	433.469
2196.12	443.361
2196.88	452.196
2197.63	441.734
2198.39	440.484
2199.15	432.208
2199.9	458.516
2200.66	423.936
2201.41	432.974
2202.16	423.672
2202.92	409.232
2203.67	422.126
2204.43	418.805
2205.18	402.386
2205.93	431.604
2206.69	423.453
2207.44	424.458
2208.19	443.676
2208.95	430.455
2209.7	427.281
2210.45	452.367
2211.2	422.806
2211.95	402.361
2212.71	415.266
2213.46	407.977
2214.21	421.873
2214.96	442.794
2215.71	444.511
2216.46	430.077
2217.21	425.687
2217.96	451.426
2218.71	483.124
2219.46	413.449
2220.21	448.187
2220.96	452.89
2221.71	429.622
2222.46	435.442
2223.21	416.245
2223.96	417.025
2224.71	438.732
2225.46	430.396
2226.21	444.008
2226.95	438.675
2227.7	434.391
2228.45	420.195
2229.2	428.933
2229.94	434.686
2230.69	411.594
2231.44	433.255
2232.18	428.064
2232.93	440.742
2233.68	442.461
2234.42	440.173
2235.17	433.891
2235.92	433.555
2236.66	430.275
2237.41	412.205
2238.15	431.775
2238.9	455.319
2239.64	424.515
2240.38	421.383
2241.13	430.085
2241.87	429.881
2242.62	439.53
2243.36	409.724
2244.1	441.057
2244.85	430.001
2245.59	437.673
2246.33	421.722
2247.08	426.457
2247.82	429.223
2248.56	431.965
2249.3	445.485
2250.05	428.511
2250.79	447.868
2251.53	422.092
2252.27	434.628
2253.01	445.251
2253.75	418.687
2254.49	456.864
2255.23	431.366
2255.97	442.144
2256.71	417.617
2257.45	454.813
2258.19	430.201
2258.93	401.634
2259.67	468.073
2260.41	421.876
2261.15	438.411
2261.89	416.846
2262.63	434.527
2263.36	397.423
2264.1	437.741
2264.84	422.193
2265.58	434.056
2266.32	433.112
2267.05	423.282
2267.79	428.126
2268.53	436.873
2269.26	441.701
2270	425.96
2270.74	392.608
2271.48	427.979
2272.21	435.945
2272.95	419.413
2273.68	425.496
2274.42	417.837
2275.15	407.213
2275.89	424.12
2276.62	426.237
2277.36	424.376
2278.09	416.565
2278.83	412.666
2279.56	407.761
2280.29	411.72
2281.03	406.806
2281.76	440.37
2282.49	435.504
2283.23	417.855
2283.96	422.957
2284.69	414.278
2285.42	402.634
2286.16	405.783
2286.89	402.934
2287.62	412.888
2288.35	415.872
2289.08	405.987
2289.81	414.967
2290.55	411.147
2291.28	437.151
2292.01	385.832
2292.74	408.956
2293.47	400.294
2294.2	421.437
2294.93	407.701
2295.66	389.895
2296.39	397.921
2297.11	397.934
2297.85	404.917
2298.57	400.969
2299.3	413.038
2300.03	418.202
2300.76	396.459
2301.49	395.672
2302.22	405.849
2302.94	421.99
2303.67	415.091
2304.4	397.17
2305.12	404.297
2305.85	402.45
2306.58	393.611
2307.31	393.789
2308.03	407.989
2308.76	394.046
2309.48	376.038
2310.21	396.179
2310.93	404.282
2311.66	384.274
2312.38	379.366
2313.11	376.484
2313.83	380.639
2314.56	390.81
2315.28	386.844
2316.01	393.931
2316.73	388.931
2317.45	386.978
2318.18	372.952
2318.9	362.969
2319.62	389.308
2320.35	390.403
2321.07	376.321
2321.79	380.393
2322.52	388.505
2323.24	373.39
2323.96	366.37
2324.68	389.687
2325.4	371.544
2326.12	344.267
2326.84	329.099
2327.56	337.185
2328.29	331.108
2329.01	333.145
2329.73	319.01
2330.45	356.535
2331.17	357.617
2331.89	371.854
2332.61	387.075
2333.32	380.976
2334.04	371.81
2334.76	384.937
2335.48	375.782
2336.2	366.655
2336.92	366.675
2337.64	357.582
2338.35	361.665
2339.07	351.531
2339.79	384.997
2340.51	365.709
2341.23	360.642
2341.94	356.63
2342.66	372.964
2343.37	359.877
2344.09	379.28
2344.81	365.092
2345.52	370.127
2346.24	362.883
2346.95	367.782
2347.67	350.343
2348.38	380.672
2349.1	366.423
2349.82	357.333
2350.53	344.229
2351.24	354.493
2351.96	369.809
2352.67	358.631
2353.39	331.121
2354.1	343.213
2354.81	348.171
2355.53	331.806
2356.24	356.098
2356.95	365.185
2357.66	341.804
2358.38	375.325
2359.09	341.826
2359.8	364.225
2360.51	363.281
2361.22	354.23
2361.94	339.092
2362.65	361.62
2363.36	336.292
2364.07	355.747
2364.78	348.663
2365.49	354.77
2366.2	359.807
2366.91	351.566
2367.62	373.899
2368.33	369.756
2369.04	342.209
2369.75	323.85
2370.46	359.508
2371.16	338.092
2371.87	320.741
2372.58	360.466
2373.29	351.273
2374	330.873
2374.71	333.922
2375.41	330.851
2376.12	338.989
2376.83	354.266
2377.53	339.981
2378.24	365.491
2378.95	342.06
2379.65	338.01
2380.36	330.879
2381.07	345.151
2381.77	329.796
2382.48	331.79
2383.18	341.982
2383.89	330.795
2384.59	356.424
2385.3	368.82
2386	348.488
2386.71	310.691
2387.41	330.076
2388.12	350.407
2388.82	362.518
2389.52	346.033
2390.23	346.973
2390.93	361.25
2391.63	338.777
2392.34	353.074
2393.04	330.546
2393.74	321.266
2394.44	361.008
2395.15	333.362
2395.85	345.607
2396.55	349.734
2397.25	333.439
2397.95	350.842
2398.65	367.163
2399.35	350.7
2400.05	361.775
2400.75	354.44
2401.45	336.922
2402.15	361.299
2402.85	335.726
2403.55	368.372
2404.25	334.721
2404.95	366.414
2405.65	351.142
2406.35	352.189
2407.05	338.912
2407.75	361.375
2408.44	345.017
2409.14	341.95
2409.84	337.872
2410.54	350.148
2411.24	339.916
2411.93	335.78
2412.63	326.492
2413.33	360.088
2414.02	338.482
2414.72	341.391
2415.42	347.368
2416.11	334.989
2416.81	321.618
2417.5	350.097
2418.2	350.041
2418.9	355.112
2419.59	337.749
2420.28	353.006
2420.98	316.198
2421.67	346.645
2422.37	340.341
2423.06	343.207
2423.75	349.167
2424.45	331.786
2425.14	342.994
2425.84	342.048
2426.53	333.992
2427.22	333.044
2427.91	320.828
2428.61	351.36
2429.3	338.995
2429.99	355.098
2430.68	325.318
2431.37	320.984
2432.07	344.102
2432.76	322.524
2433.45	348.746
2434.14	321.221
2434.83	351.619
2435.52	326.222
2436.21	296.754
2436.9	346.421
2437.59	336.133
2438.28	321.737
2438.97	365.099
2439.66	329.403
2440.35	348.449
2441.04	354.366
2441.72	337.044
2442.41	329.856
2443.1	314.568
2443.79	337.684
2444.48	354.699
2445.16	342.403
2445.85	342.256
2446.54	339.126
2447.23	321.898
2447.91	341.029
2448.6	339.963
2449.29	340.897
2449.97	320.615
2450.66	347.751
2451.34	354.707
2452.03	345.55
2452.72	377.765
2453.4	343.426
2454.09	335.285
2454.77	333.146
2455.46	333.971
2456.14	340.793
2456.82	300.295
2457.51	336.311
2458.19	353.248
2458.88	355.167
2459.56	358.153
2460.24	351.123
2460.92	333.045
2461.61	346.136
2462.29	341.111
2462.97	360.207
2463.66	337.019
2464.34	387.22
2465.02	361.94
2465.7	362.774
2466.38	346.51
2467.06	351.354
2467.75	336.148
2468.42	347.091
2469.11	345.038
2469.79	351.062
2470.47	365.154
2471.15	339.09
2471.83	364.232
2472.51	373.276
2473.19	339.084
2473.86	351.071
2474.54	356.007
2475.22	372.996
2475.9	340.802
2476.58	353.839
2477.26	328.752
2477.94	324.785
2478.61	343.942
2479.29	366.116
2479.97	355.091
2480.65	337.998
2481.32	344.016
2482	347.016
2482.68	338.961
2483.35	359.087
2484.03	329.915
2484.71	343.991
2485.38	336.904
2486.06	322.741
2486.73	339.748
2487.41	331.607
2488.08	332.548
2488.76	310.401
2489.43	336.581
2490.11	342.687
2490.78	348.818
2491.45	344.88
2492.13	364.093
2492.8	370.191
2493.48	347.042
2494.15	374.287
2494.82	340.051
2495.49	331.046
2496.17	365.469
2496.84	356.542
2497.51	338.521
2498.18	350.786
2498.86	355.931
2499.53	344.827
2500.2	335.694
2500.87	358.914
2501.54	352.826
2502.21	334.657
2502.88	360.074
2503.55	310.612
2504.22	356.377
2504.89	360.579
2505.56	369.797
2506.23	333.296
2506.9	347.503
2507.57	351.574
2508.24	361.777
2508.91	354.766
2509.58	370.123
2510.25	348.87
2510.91	344.846
2511.58	354.002
2512.25	371.277
2512.92	355.001
2513.59	362.15
2514.25	357.13
2514.92	318.536
2515.59	322.688
2516.25	351.278
2516.92	344.19
2517.59	344.205
2518.25	379.874
2518.92	358.454
2519.58	357.424
2520.25	348.256
2520.91	353.394
2521.58	346.334
2522.24	358.701
2522.91	371.113
2523.57	342.677
2524.24	343.853
2524.9	323.524
2525.56	332.834
2526.23	333.94
2526.89	360.639
2527.55	330.992
2528.22	357.675
2528.88	339.238
2529.54	339.212
2530.21	320.707
2530.87	372.916
2531.53	346.237
2532.19	334.99
2532.85	348.423
2533.51	338.328
2534.18	350.828
2534.84	335.568
2535.5	369.556
2536.16	340.755
2536.82	367.37
2537.48	380.567
2538.14	359.869
2538.8	313.56
2539.46	362.816
2540.12	363.891
2540.78	367.081
2541.44	362.079
2542.09	347.81
2542.75	397.287
2543.41	367.485
2544.07	369.504
2544.73	349.837
2545.39	339.373
2546.04	373.078
2546.7	352.29
2547.36	352.088
2548.02	370.417
2548.67	350.831
2549.33	341.564
2549.98	342.592
2550.64	370.323
2551.3	339.532
2551.95	376.509
2552.61	389.877
2553.26	336.479
2553.92	378.601
2554.57	367.267
2555.23	368.204
2555.88	375.233
2556.54	379.123
2557.19	379.905
2557.85	355.07
2558.5	377.441
2559.15	370.145
2559.81	381.348
2560.46	378.246
2561.11	392.572
2561.77	388.435
2562.42	383.229
2563.07	383.087
2563.72	383.915
2564.37	364.247
2565.03	398.808
2565.68	367.958
2566.33	410.788
2566.98	406.669
2567.63	395.44
2568.28	401.585
2568.93	404.613
2569.58	384.053
2570.23	384.904
2570.88	403.103
2571.53	419.28
2572.18	393.668
2572.83	391.599
2573.48	419.172
2574.13	393.637
2574.78	359.891
2575.43	378.184
2576.07	388.27
2576.72	403.44
2577.37	367.591
2578.02	378.69
2578.67	395.901
2579.31	372.304
2579.96	355.825
2580.61	380.076
2581.26	412.437
2581.9	376.606
2582.55	374.428
2583.19	382.496
2583.84	363.161
2584.49	370.313
2585.13	344.889
2585.78	372.331
2586.42	366.103
2587.07	383.183
2587.71	325.985
2588.36	375.481
2589	366.061
2589.65	380.029
2590.29	361.602
2590.93	365.548
2591.58	365.488
2592.22	361.414
2592.86	368.523
2593.51	350.309
2594.15	353.405
2594.79	346.365
2595.43	389.046
2596.07	338.324
2596.72	347.446
2597.36	379.868
2598	361.485
2598.64	375.551
2599.28	355.121
2599.92	363.123
2600.56	350.886
2601.2	371.141
2601.85	358.971
2602.49	356.941
2603.13	367.059
2603.76	340.63
2604.4	376.046
2605.04	355.674
2605.68	378.912
2606.32	362.62
2606.96	343.29
2607.6	349.288
2608.24	345.123
2608.88	347.01
2609.51	365.092
2610.15	349.775
2610.79	346.66
2611.43	356.769
2612.06	372.005
2612.7	353.863
2613.34	369.163
2613.97	375.34
2614.61	349.046
2615.25	369.375
2615.88	382.595
2616.52	362.331
2617.15	364.395
2617.79	387.791
2618.42	358.406
2619.06	383.856
2619.69	370.7
2620.33	368.693
2620.96	379.871
2621.6	357.487
2622.23	380.829
2622.86	373.69
2623.5	352.346
2624.13	386.941
2624.76	413.438
2625.4	378.917
2626.03	363.694
2626.66	390.158
2627.29	358.6
2627.93	390.13
2628.56	371.811
2629.19	393.217
2629.82	391.243
2630.45	393.358
2631.08	396.49
2631.71	395.53
2632.34	364.989
2632.98	414.967
2633.61	390.536
2634.24	382.439
2634.87	402.943
2635.5	400.009
2636.12	405.246
2636.75	366.547
2637.38	395.255
2638.01	405.56
2638.64	424.03
2639.27	383.163
2639.9	409.776
2640.53	398.516
2641.15	420.997
2641.78	382.083
2642.41	424.003
2643.04	443.442
2643.66	398.451
2644.29	415.915
2644.92	423.165
2645.54	438.605
2646.17	412.019
2646.8	443.786
2647.42	464.246
2648.05	435.501
2648.67	433.39
2649.3	434.369
2649.92	438.452
2650.55	456.923
2651.17	454.946
2651.8	435.574
2652.42	453.133
2653.05	447.104
2653.67	448.232
2654.29	434.946
2654.92	462.679
2655.54	457.517
2656.16	447.202
2656.79	458.454
2657.41	439.558
2658.03	445.948
2658.65	442.365
2659.27	456.889
2659.9	453.288
2660.52	451.695
2661.14	424.805
2661.76	456.315
2662.38	452.764
2663	453.973
2663.62	447.167
2664.24	449.349
2664.86	461.644
2665.48	484.192
2666.1	451.818
2666.72	469.862
2667.34	450.459
2667.96	441.168
2668.58	459.097
2669.2	468.333
2669.82	434.636
2670.44	444.419
2671.05	452.259
2671.67	455.93
2672.29	453.407
2672.91	473.414
2673.53	473.939
2674.14	467.374
2674.76	480.787
2675.38	478.642
2675.99	475.805
2676.61	526.886
2677.23	511.554
2677.84	508.58
2678.46	525.314
2679.07	563.969
2679.69	589.557
2680.3	583.353
2680.92	618.982
2681.53	641.751
2682.15	674.939
2682.76	669.468
2683.38	688.48
2683.99	699.09
2684.61	697.974
2685.22	690.715
2685.83	677.542
2686.44	671.036
2687.06	683.349
2687.67	672.708
2688.28	646.892
2688.9	676.07
2689.51	683.592
2690.12	684.816
2690.73	689.292
2691.34	686.572
2691.96	668.61
2692.57	695.603
2693.18	693.37
2693.79	691.979
2694.4	708.099
2695.01	702.574
2695.62	691.502
2696.23	701.053
2696.84	704.074
2697.45	701.344
2698.06	694.003
2698.67	680.208
2699.28	685.815
2699.88	682.514
2700.49	700.182
2701.1	696.33
2701.71	679.709
2702.32	668.941
2702.93	657.503
2703.53	684.073
2704.14	689.555
2704.75	693.825
2705.36	690.966
2705.96	708.107
2706.57	698.998
2707.17	705.394
2707.78	717.809
2708.39	715.181
2708.99	726.073
2709.6	707.72
2710.2	697.384
2710.81	731.051
2711.41	718.468
2712.02	718.86
2712.62	721.518
2713.23	727.125
2713.83	744.902
2714.44	746.681
2715.04	754.494
2715.64	750.298
2716.25	756.526
2716.85	753.706
2717.45	752.583
2718.05	750.512
2718.66	758.553
2719.26	763.245
2719.86	765.704
2720.46	766.795
2721.06	763.41
2721.67	774.839
2722.27	772.386
2722.87	754.834
2723.47	766.449
2724.07	772.707
2724.67	785.284
2725.27	805.98
2725.71	815.383
2726.38	793.844
2727.06	816.974
2727.73	800.328
2728.4	798.919
2729.07	810.766
2729.74	802.394
2730.42	817.544
2731.09	810.508
2731.76	809.709
2732.43	828.314
2733.1	834.756
2733.77	814.711
2734.44	861.749
2735.11	836.407
2735.78	848.609
2736.45	861.713
2737.12	856.405
2737.79	835.784
2738.46	848.723
2739.13	831.196
2739.8	818.849
2740.47	872.706
2741.14	888.103
2741.81	860.93
2742.47	876.548
2743.14	850.466
2743.81	874.218
2744.48	865.32
2745.15	893.027
2745.81	869.756
2746.48	889.294
2747.15	840.568
2747.81	886.683
2748.48	852.213
2749.15	888.046
2749.81	882.953
2750.48	929.769
2751.15	913.268
2751.81	933.519
2752.48	919.247
2753.14	903.145
2753.81	864.775
2754.47	861.187
2755.14	833.013
2755.8	837.36
2756.47	852.77
2757.13	796.492
2757.8	791.275
2758.46	797.348
2759.13	808.652
2759.79	800.67
2760.45	826.505
2761.12	813.462
2761.78	818.712
2762.44	816.657
2763.1	824.73
2763.77	810.285
2764.43	809.223
2765.09	811.379
2765.76	837.235
2766.42	829.455
2767.08	795.089
2767.74	855.982
2768.4	856.352
2769.06	860.724
2769.72	867.056
2770.38	875.377
2771.05	903.184
2771.71	934.11
2772.37	942.537
2773.03	932.569
2773.69	992.517
2774.35	987.751
2775.01	1039.45
2775.67	1090.01
2776.33	1154.86
2776.99	1195.99
2777.64	1210.4
2778.3	1287.63
2778.96	1316.61
2779.62	1319.92
2780.28	1345.8
2780.94	1399.36
2781.59	1403.43
2782.25	1418.81
2782.91	1431.22
2783.57	1393.39
2784.22	1390.75
2784.88	1350.13
2785.54	1369.21
2786.2	1375.72
2786.85	1403.52
2787.51	1369.13
2788.16	1345.9
2788.82	1385.49
2789.48	1348.1
2790.13	1438.71
2790.79	1385.55
2791.44	1427.32
2792.1	1452.6
2792.75	1413.75
2793.41	1427.12
2794.06	1461.83
2794.72	1520.01
2795.37	1480.27
2796.02	1537.37
2796.68	1560.62
2797.33	1588.14
2797.98	1575.7
2798.64	1596.33
2799.29	1630.44
2799.94	1636.84
2800.6	1686.5
2801.25	1679.58
2801.9	1709.71
2802.55	1730.54
2803.21	1712.14
2803.86	1736.88
2804.51	1788.25
2805.16	1795.23
2805.81	1804.24
2806.46	1822.54
2807.11	1884.1
2807.77	1900.38
2808.42	1920.71
2809.07	1929.6
2809.72	1976.4
2810.37	1971.65
2811.02	2056.31
2811.67	2037.27
2812.32	2083.2
2812.97	2124.22
2813.61	2180.87
2814.26	2099.95
2814.91	2166
2815.56	2189.85
2816.21	2199.21
2816.86	2282.45
2817.51	2251.44
2818.15	2366.22
2818.8	2321.52
2819.45	2377.44
2820.1	2372.78
2820.74	2408.41
2821.39	2450.54
2822.04	2426.24
2822.69	2506.81
2823.33	2550.26
2823.98	2590.23
2824.63	2573.24
2825.27	2609.32
2825.92	2634.02
2826.56	2654.79
2827.21	2694.37
2827.85	2712.8
2828.5	2766.41
2829.14	2783.3
2829.79	2799.32
2830.43	2794.93
2831.08	2827.57
2831.72	2843.76
2832.37	2850.57
2833.01	2854.06
2833.65	2925.11
2834.3	2963
2834.94	2943.1
2835.58	2911.72
2836.23	2963.41
2836.87	2954.47
2837.51	2952.84
2838.16	2991.56
2838.8	2981.38
2839.44	2992.1
2840.08	3061.51
2840.72	3094.89
2841.36	3056.03
2842.01	3021.99
2842.65	3051.46
2843.29	3050.12
2843.93	3104.37
2844.57	3101.23
2845.21	3076.6
2845.85	3154.68
2846.49	3149.69
2847.13	3136.71
2847.77	3214.53
2848.41	3218.74
2849.05	3173.68
2849.69	3138.6
2850.33	3218.1
2850.97	3121.01
2851.61	3146.72
2852.24	3161.91
2852.88	3168.06
2853.52	3249.82
2854.16	3226.56
2854.8	3255.28
2855.43	3226.61
2856.07	3244.96
2856.71	3238.14
2857.35	3273.03
2857.98	3257.4
2858.62	3239.99
2859.26	3269.4
2859.89	3330.26
2860.53	3326.61
2861.16	3341.34
2861.8	3378.26
2862.44	3440.42
2863.07	3443.5
2863.71	3482.57
2864.34	3499.17
2864.98	3558.3
2865.61	3574.41
2866.25	3647.27
2866.88	3645.82
2867.52	3740.99
2868.15	3715.31
2868.78	3768.84
2869.42	3827.58
2870.05	3913.36
2870.69	3974.84
2871.32	3970.82
2871.95	4070.36
2872.58	4151.55
2873.22	4269.81
2873.85	4285.46
2874.48	4351.3
2875.11	4433.48
2875.75	4484.78
2876.38	4639.89
2877.01	4697.5
2877.64	4743.37
2878.27	4873.59
2878.9	4908.78
2879.53	4973.85
2880.16	5043.62
2880.79	5146.94
2881.42	5154.02
2882.05	5223.84
2882.68	5349.5
2883.31	5406.94
2883.94	5423.58
2884.57	5604.19
2885.2	5587.46
2885.83	5652.37
2886.46	5648.72
2887.09	5726.69
2887.72	5772.5
2888.35	5775.64
2888.97	5797.99
2889.6	5842.39
2890.23	5856.36
2890.86	5873.5
2891.49	5810.12
2892.11	5903.38
2892.74	5871.94
2893.37	5916.73
2893.99	5940.7
2894.62	5899.42
2895.25	5904.34
2895.87	5935.24
2896.5	5944.14
2897.12	6008.05
2897.75	6023.82
2898.38	6036.89
2899	5977.78
2899.63	6043.45
2900.25	6152.5
2900.88	6125.11
2901.5	6143.92
2902.12	6128.47
2902.75	6180.54
2903.37	6233.1
2904	6222.15
2904.62	6287.93
2905.25	6221.52
2905.87	6258.55
2906.49	6191.16
2907.11	6238.63
2907.74	6165.13
2908.36	6157.79
2908.98	6177.04
2909.6	6132.77
2910.23	6089.87
2910.85	6097.38
2911.47	5900.94
2912.09	5937.22
2912.71	5860.82
2913.33	5850.36
2913.96	5737.93
2914.58	5609.68
2915.2	5529.72
2915.82	5515.92
2916.44	5443.42
2917.06	5351.11
2917.68	5235.78
2918.3	5118.22
2918.92	5103.22
2919.54	5058.29
2920.16	4999.22
2920.77	4934.69
2921.39	4854.58
2922.01	4804.37
2922.63	4726.48
2923.25	4777.08
2923.87	4740.82
2924.48	4743.06
2925.1	4655.43
2925.72	4691.06
2926.34	4690.88
2926.95	4646.83
2927.57	4638.82
2928.19	4680.54
2928.8	4665.02
2929.42	4750.27
2930.04	4671.84
2930.65	4707.17
2931.27	4673.71
2931.89	4723.45
2932.5	4752.85
2933.12	4777.98
2933.73	4807.49
2934.35	4810.08
2934.96	4886.1
2935.58	4991.49
2936.19	4961.12
2936.81	4987.39
2937.42	4933.49
2938.03	5013.53
2938.65	5055.89
2939.26	5034.05
2939.88	5081.26
2940.49	5097.16
2941.1	5144.68
2941.71	5049.4
2942.33	5071.6
2942.94	5030.34
2943.55	5032.74
2944.17	5036.69
2944.78	5079.12
2945.39	5105.59
2946	5035
2946.61	5051.83
2947.22	4956.66
2947.83	4974.27
2948.45	4935.85
2949.06	4890.81
2949.67	4870.76
2950.28	4881.75
2950.89	4876.23
2951.5	4806.06
2952.11	4774.77
2952.72	4598.25
2953.33	4644.57
2953.94	4599.32
2954.54	4585.28
2955.15	4493.22
2955.76	4399.65
2956.37	4319.23
2956.98	4268.83
2957.59	4229.18
2958.2	4176.59
2958.8	4098.48
2959.41	4015.21
2960.02	3982.24
2960.63	3914.61
2961.23	3837.16
2961.84	3784.17
2962.45	3736.33
2963.05	3657.89
2963.66	3603.77
2964.27	3581.29
2964.87	3525.54
2965.48	3434.31
2966.08	3347.39
2966.69	3275.72
2967.29	3239.63
2967.9	3239.99
2968.5	3076.06
2969.11	3116.87
2969.71	3048.74
2970.32	2898.82
2970.92	2894.53
2971.53	2895.73
2972.13	2763.18
2972.74	2747.46
2973.34	2721.82
2973.94	2650.41
2974.54	2593.21
2975.15	2533.13
2975.75	2505.36
2976.35	2436.07
2976.96	2379.54
2977.56	2322.18
2978.16	2324.31
2978.76	2216.6
2979.36	2213.47
2979.97	2173.48
2980.57	2142.85
2981.17	2016.77
2981.77	1994.07
2982.37	1981.28
2982.97	1967.12
2983.57	1881.07
2984.17	1868.9
2984.77	1754.65
2985.37	1785.19
2985.97	1765.97
2986.57	1691.73
2987.17	1665.67
2987.77	1645.64
2988.37	1580.28
2988.97	1554.63
2989.57	1534.92
2990.17	1514.08
2990.76	1449.19
2991.36	1416.16
2991.96	1415
2992.56	1346.32
2993.16	1362.63
2993.75	1317.39
2994.35	1264.86
2994.95	1245
2995.54	1237.4
2996.14	1193.1
2996.74	1162.29
2997.33	1136.79
2997.93	1089.93
2998.52	1125.97
2999.12	1085.27
2999.72	1032.24
3000.31	1008.86
3000.91	1026.43
3001.5	1002.03
3002.1	991.922
3002.69	981.747
3003.29	976.607
3003.88	916.089
3004.47	895.511
3005.07	913.921
3005.66	890.497
3006.26	878.501
3006.85	856.38
3007.44	829.156
3008.04	829.557
3008.63	816.476
3009.22	815.535
3009.81	796.992
3010.41	791.723
3011	782.37
3011.59	738.215
3012.18	754.714
3012.77	732.285
3013.36	712.949
3013.96	728.503
3014.55	695.757
3015.14	661.984
3015.73	685.802
3016.32	722.042
3016.91	677.093
3017.5	668.099
3018.09	655.931
3018.68	634.391
3019.27	646.756
3019.86	656.029
3020.45	659.193
3021.04	628.469
3021.63	634.893
3022.22	616.605
3022.8	633.324
3023.39	611.814
3023.98	611.894
3024.57	606.79
3025.16	586.209
3025.74	584.211
3026.33	589.431
3026.92	581.198
3027.5	589.424
3028.09	580.055
3028.68	574.804
3029.26	581.97
3029.85	587.153
3030.44	584.179
3031.02	570.96
3031.61	549.503
3032.19	554.87
3032.78	538.473
3033.37	546.802
3033.95	563.342
3034.54	551.942
3035.12	540.543
3035.71	562.239
3036.29	539.503
3036.87	559.153
3037.46	552.963
3038.04	547.817
3038.63	529.264
3039.21	526.274
3039.79	509.901
3040.38	529.791
3040.96	517.612
3041.54	553.03
3042.12	521.017
3042.71	535.504
3043.29	535.371
3043.87	532.064
3044.45	525.647
3045.03	514.113
3045.62	555.445
3046.2	539.962
3046.78	526.619
3047.36	527.793
3047.94	535.169
3048.52	539.396
3049.1	523.886
3049.68	530.085
3050.26	537.29
3050.84	554.839
3051.42	529.92
3052	556.784
3052.58	541.191
3053.16	508.009
3053.74	544.223
3054.32	527.675
3054.89	517.392
3055.47	519.587
3056.05	539.431
3056.63	541.668
3057.21	538.682
3057.78	522.144
3058.36	530.41
3058.94	526.169
3059.52	567.506
3060.09	549.774
3060.67	538.309
3061.25	533.115
3061.82	533.138
3062.4	564.253
3062.97	547.668
3063.55	541.401
3064.13	564.11
3064.7	526.726
3065.28	567.07
3065.85	521.485
3066.43	546.374
3067	560.907
3067.58	554.673
3068.15	563.896
3068.72	564.743
3069.3	540.693
3069.87	529.079
3070.45	571.313
3071.02	559.848
3071.59	535.034
3072.17	542.333
3072.74	543.427
3073.31	566.196
3073.89	523.721
3074.46	566.005
3075.03	535.879
3075.6	576.099
3076.17	566.772
3076.74	553.396
3077.32	549.386
3077.89	562.982
3078.46	554.835
3079.03	568.361
3079.6	560.08
3080.17	553.793
3080.74	561.929
3081.31	549.337
3081.88	570.853
3082.45	557.218
3083.02	549.805
3083.59	568.23
3084.16	530.89
3084.73	549.319
3085.3	551.238
3085.87	548.031
3086.43	561.391
3087	562.44
3087.57	541.875
3088.14	536.809
3088.71	579.211
3089.28	568.915
3089.84	568.88
3090.41	524.415
3090.98	586.252
3091.54	556.226
3092.11	599.468
3092.68	563.257
3093.24	562.117
3093.81	563.034
3094.38	606.232
3094.94	580.364
3095.51	596.783
3096.07	571.974
3096.64	550.252
3097.2	595.498
3097.77	583.036
3098.33	568.547
3098.9	585.015
3099.46	602.568
3100.03	615.005
3100.59	574.882
3101.15	587.273
3101.72	580.032
3102.28	573.775
3102.84	586.035
3103.41	581.793
3103.97	612.56
3104.53	598.002
3105.1	613.298
3105.66	577.133
3106.22	605.824
3106.78	585.147
3107.34	614.904
3107.91	599.416
3108.47	568.518
3109.03	587.016
3109.59	596.302
3110.15	597.419
3110.71	599.623
3111.27	593.622
3111.83	610.245
3112.39	639.154
3112.95	615.43
3113.51	628.677
3114.07	620.253
3114.63	603.616
3115.19	633.342
3115.75	633.304
3116.31	652.865
3116.87	607.618
3117.43	623.035
3117.98	630.159
3118.54	612.538
3119.1	640.138
3119.66	629.696
3120.22	614.158
3120.77	639.785
3121.33	640.789
3121.89	631.531
3122.44	637.669
3123	633.483
3123.56	631.292
3124.11	632.136
3124.67	633.99
3125.23	636.892
3125.78	636.772
3126.34	627.493
3126.89	660.369
3127.45	626.586
3128	658.527
3128.56	670.962
3129.11	645.37
3129.67	666.974
3130.22	653.602
3130.78	660.715
3131.33	659.561
3131.88	656.318
3132.44	674.616
3132.99	653.923
3133.54	656.866
3134.1	643.441
3134.65	666.99
3135.2	652.627
3135.76	668.034
3136.31	661.907
3136.86	675.265
3137.41	684.504
3137.96	674.234
3138.51	690.617
3139.07	661.851
3139.62	703.861
3140.17	686.379
3140.72	655.576
3141.27	688.375
3141.82	703.742
3142.37	683.201
3142.92	663.663
3143.47	740.508
3144.02	691.223
3144.57	707.602
3145.12	693.281
3145.67	703.639
3146.22	719.184
3146.77	714.233
3147.32	696.939
3147.86	727.826
3148.41	707.31
3148.96	712.38
3149.51	721.492
