401.058	1698.24
402.149	1754.38
403.243	1800.87
404.332	1765.91
405.424	1719.59
406.515	1664.86
407.606	1606.53
408.697	1533.39
409.785	1490.53
410.876	1440.21
411.967	1416.12
413.055	1393.69
414.143	1315.85
415.233	1273.46
416.321	1301.86
417.409	1333.8
418.499	1284.88
419.586	1367.97
420.673	1437.21
421.761	1448.4
422.848	1470.11
423.935	1515.19
425.02	1644.38
426.106	1682.18
427.193	1719.85
428.278	1788.62
429.364	1852.54
430.45	1948.59
431.534	1951
432.618	2001.62
433.704	2054.55
434.788	2040.83
435.871	2116.46
436.955	2066.21
438.038	2045.28
439.123	2039.07
440.204	1994.47
441.287	1937.43
442.37	1871.66
443.452	1708.47
444.535	1576.34
445.615	1533.27
446.698	1444.47
447.78	1348.79
448.86	1181.74
449.939	1172.83
451.021	1064.21
452.101	1009.37
453.18	995.278
454.262	917.076
455.341	923.913
456.42	898.036
457.499	814.473
458.578	874.75
459.654	850.699
460.733	851.851
461.811	831.749
462.89	769.842
463.966	772.021
465.044	810.457
466.12	821.91
467.197	802.604
468.273	800.88
469.349	799.889
470.426	778.119
471.501	827.757
472.576	839.98
473.651	808.548
474.726	890.554
475.801	815.891
476.876	833.282
477.95	880.418
479.022	880.19
480.097	888.166
481.171	912.655
482.243	916.617
483.317	971.404
484.388	969.68
485.46	1076.97
486.533	1141.56
487.605	1154.31
488.676	1215.84
489.747	1282.82
490.818	1315.82
491.889	1393.17
492.959	1406.38
494.03	1464.8
495.1	1446.95
496.171	1573.16
497.239	1533.72
498.309	1550.94
499.379	1525.82
500.446	1549.34
501.514	1547.44
502.584	1531.24
503.651	1526.37
504.718	1602.3
505.788	1616.17
506.855	1566.93
507.921	1586.3
508.988	1559.86
510.055	1628.66
511.119	1616.04
512.186	1695.16
513.252	1658.09
514.318	1756.81
515.382	1785.1
516.448	1913.55
517.512	1989
518.577	2001.33
519.641	1974.36
520.704	2060.8
521.768	2134.66
522.833	2198.52
523.896	2171.79
524.959	2195.37
526.021	2323.74
527.084	2334.19
528.144	2383.97
529.207	2492.86
530.269	2493.06
531.331	2495.86
532.391	2581.01
533.453	2581.78
534.513	2575.39
535.572	2526.01
536.634	2521.43
537.693	2437.05
538.752	2473.86
539.812	2384.06
540.87	2296.39
541.929	2148.7
542.988	2116.86
544.047	1982.65
545.105	1954.43
546.164	1823.82
547.22	1754
548.278	1649.87
549.336	1614.45
550.392	1531.35
551.448	1490.41
552.505	1421.78
553.561	1362.76
554.616	1305.76
555.671	1247.82
556.728	1213
557.783	1238.43
558.836	1133.24
559.891	1085.61
560.946	1102.99
562	1029.48
563.055	1059.17
564.107	1013.97
565.161	1012.47
566.213	976.727
567.267	966.862
568.318	897.786
569.37	945.188
570.424	938.987
571.475	882.998
572.526	909.193
573.577	938.149
574.628	957.877
575.679	974.849
576.73	998.308
577.781	982.269
578.829	1011.43
579.88	993.756
580.93	924.607
581.978	919.846
583.026	926.07
584.076	898.214
585.124	914.467
586.172	895.772
587.221	954.255
588.269	949.278
589.316	946.06
590.363	918.894
591.41	932.073
592.457	955.386
593.502	946.806
594.549	952.29
595.595	928.773
596.64	869.685
597.686	913.42
598.73	853.239
599.776	831.327
600.82	828.457
601.864	808.932
602.908	746.307
603.953	710.541
604.997	808.323
606.04	770.258
607.083	757.962
608.125	794.378
609.168	747.631
610.211	749.527
611.253	753.14
612.294	757.657
613.336	764.073
614.377	782.546
615.419	746.617
616.459	737.381
617.499	789.868
618.539	752.789
619.579	748.889
620.619	750.54
621.658	716.283
622.698	755.848
623.737	759.502
624.776	753.053
625.815	778.007
626.852	731.068
627.891	710.92
628.928	747.092
629.966	716.761
631.003	716.786
632.041	722.188
633.077	689.579
634.114	713.2
635.15	662.095
636.185	684.892
637.221	656.179
638.257	665.39
639.292	634.984
640.328	664.479
641.361	619.131
642.396	672.297
643.431	634.04
644.464	592.078
645.497	604.488
646.532	638.137
647.564	596.511
648.597	575.254
649.629	560.489
650.663	617.428
651.695	580.499
652.727	613.336
653.757	603.796
654.789	583.203
655.821	598.445
656.852	643.106
657.882	655.737
658.913	606.075
659.942	609.648
660.973	605.85
662.002	610.23
663.031	625.56
664.06	622.637
665.09	670.331
666.119	671.55
667.147	680.336
668.175	651.556
669.201	646.565
670.229	641.373
671.257	622.143
672.285	635.889
673.311	605.422
674.338	610.952
675.363	578.871
676.389	627.042
677.416	647.629
678.441	618.334
679.466	613.78
680.491	644.134
681.515	618.117
682.54	652.065
683.565	609.545
684.589	658.475
685.613	674.346
686.635	628.462
687.659	669.402
688.681	690.034
689.705	692.147
690.727	703.459
691.75	717.512
692.772	734.308
693.793	728.84
694.814	794.609
695.835	807.514
696.856	768.473
697.877	811.778
698.898	862.443
699.918	838.138
700.937	846.267
701.957	850.732
702.978	847.81
703.996	873.551
705.016	834.501
706.034	809.294
707.052	809.963
708.069	839.288
709.087	744.787
710.107	754.782
711.124	772.222
712.139	790.635
713.156	733.299
714.173	712.904
715.19	715.542
716.205	685.732
717.222	677.982
718.238	668.29
719.253	697.3
720.267	672.812
721.283	669.585
722.297	652.606
723.311	644.901
724.325	651.975
725.339	669.222
726.353	671.821
727.366	651.501
728.38	670.785
729.391	631.186
730.404	633.831
731.417	674.983
732.428	647.024
733.441	670.456
734.452	647.018
735.463	636.522
736.475	660.104
737.486	651.71
738.496	636.09
739.506	626.947
740.516	622.384
741.526	626.026
742.534	617.661
743.544	610.153
744.554	594.362
745.561	598.767
746.571	594.948
747.578	563.655
748.587	602.113
749.594	547.045
750.601	558.972
751.608	549.838
752.615	507.701
753.621	573.939
754.628	555.771
755.634	533.047
756.641	527.817
757.647	559.436
758.651	534.932
759.657	558.33
760.663	502.406
761.666	555.295
762.67	488.114
763.676	564.024
764.679	533.605
765.682	551.159
766.686	514.117
767.689	529.76
768.692	555.638
769.694	523.398
770.697	529.23
771.698	520.393
772.7	563.532
773.703	502.762
774.703	528.128
775.703	540.316
776.705	520.733
777.705	600.443
778.705	544.532
779.705	511.937
780.705	543.543
781.704	536.23
782.704	565.195
783.703	582.056
784.702	585.829
785.701	635.111
786.698	593.207
787.697	588.53
788.694	561.576
789.693	651.924
790.689	622.235
791.686	668.838
792.682	662.288
793.68	690.109
794.676	745.824
795.672	743.855
796.666	759.685
797.662	814.75
798.658	800.956
799.653	792.694
800.647	836.472
801.642	853.029
802.636	806.067
803.631	856.795
804.624	826.496
805.617	809.261
806.61	833.891
807.602	802.727
808.595	738.115
809.587	748.708
810.58	741.658
811.572	774.525
812.564	755.56
813.554	744.114
814.546	752.174
815.536	771.353
816.528	823.816
817.518	860.497
818.507	855.531
819.499	850.587
820.488	927.935
821.477	979.318
822.466	1031.49
823.455	1094.55
824.444	1160.18
825.431	1258.91
826.42	1337.35
827.408	1407.67
828.395	1498.46
829.383	1597.65
830.369	1787.91
831.356	1910.58
832.342	2058.49
833.33	2216.9
834.315	2420.08
835.301	2571.98
836.287	2781.34
837.27	2967.52
838.256	3094.63
839.241	3209.14
840.226	3309.81
841.209	3156.77
842.194	3122.94
843.177	3033.98
844.16	2871.62
845.145	2726.84
846.127	2526.06
847.11	2445.66
848.092	2336.67
849.074	2283.62
850.056	2300.28
851.039	2296.47
852.018	2344.87
853	2428.95
853.982	2490
854.962	2570.49
855.941	2563.06
856.923	2520.18
857.902	2479.47
858.881	2358.01
859.86	2238.33
860.839	2129.48
861.818	1925.48
862.797	1860.21
863.776	1812.18
864.754	1750.17
865.733	1675.2
866.709	1628.81
867.687	1559.5
868.664	1491.26
869.642	1494.03
870.618	1478.52
871.594	1449.29
872.569	1464.31
873.545	1391.86
874.521	1356.19
875.496	1362.85
876.471	1301.22
877.447	1303.98
878.42	1255.94
879.395	1238.23
880.37	1220.49
881.343	1229.51
882.315	1187.05
883.29	1198.14
884.262	1221.3
885.235	1185.49
886.207	1188.31
887.179	1209.46
888.151	1214.85
889.123	1229.42
890.095	1156.46
891.065	1162.83
892.037	1241.15
893.009	1228.23
893.978	1255.88
894.948	1279.87
895.919	1312.26
896.888	1371.51
897.857	1411.53
898.826	1429.43
899.795	1545.98
900.764	1645.71
901.732	1723.92
902.701	1769.57
903.668	1896.24
904.636	2005.35
905.604	2050.03
906.57	2124.48
907.538	2222.31
908.504	2264.25
909.47	2240.11
910.436	2276.17
911.402	2282.8
912.367	2276.43
913.333	2225.49
914.298	2209.41
915.264	2070.12
916.229	1971.4
917.192	1995.75
918.157	1825.06
919.12	1828.44
920.084	1772.69
921.047	1665.92
922.01	1596.97
922.972	1515.77
923.935	1478.93
924.897	1397.53
925.859	1340.26
926.821	1373.98
927.783	1314.99
928.743	1287.54
929.705	1190.36
930.667	1204.53
931.626	1148.04
932.586	1164.96
933.547	1061.14
934.506	1047.6
935.466	1036.96
936.425	1041.26
937.384	998.016
938.343	981.675
939.301	1043.57
940.26	1022.43
941.217	984.494
942.175	1004.5
943.132	1016.21
944.09	1029.89
945.046	1064.19
946.002	1040.46
946.96	1034.43
947.916	1047.98
948.872	1063.35
949.828	1076.8
950.783	1062.04
951.737	1021.86
952.692	1001.24
953.647	1070.58
954.601	1077
955.556	1052.5
956.509	1049.74
957.464	1046.25
958.417	1082.37
959.369	1041.55
960.322	1127.45
961.275	1118.16
962.227	1144.26
963.179	1190.79
964.132	1133.93
965.082	1178.7
966.034	1180.54
966.984	1188.29
967.936	1262.9
968.885	1322.46
969.837	1335.73
970.787	1385.36
971.736	1426.23
972.686	1446.27
973.635	1489.78
974.584	1517.44
975.533	1565.91
976.48	1627.66
977.429	1630.36
978.378	1683.77
979.325	1669.59
980.273	1627.23
981.22	1664.59
982.166	1651.17
983.113	1600.99
984.061	1611.57
985.007	1604.1
985.953	1596.49
986.897	1565.5
987.843	1526.28
988.789	1495.74
989.734	1434.59
990.678	1384.8
991.623	1402.34
992.567	1300.09
993.51	1303.33
994.453	1246.63
995.398	1188.95
996.341	1173.31
997.284	1161.45
998.227	1116.1
999.168	1139.83
1000.11	1074.15
1001.05	1104.53
1001.99	1089.32
1002.94	1046.28
1003.88	1032.22
1004.82	1040.64
1005.76	1079.91
1006.7	1046.57
1007.64	1095.2
1008.58	1046.76
1009.52	1108.1
1010.46	1070.48
1011.4	1100.8
1012.34	1093.02
1013.27	1091.06
1014.21	1097.79
1015.15	1071.25
1016.09	1097.98
1017.03	1098.61
1017.96	1136.42
1018.9	1126.42
1019.84	1140.52
1020.77	1107.84
1021.71	1127.52
1022.65	1139.91
1023.58	1143.21
1024.52	1165.46
1025.45	1182.28
1026.39	1182.25
1027.32	1151.12
1028.26	1240.74
1029.19	1202.59
1030.12	1209.36
1031.06	1229.32
1031.99	1218.48
1032.92	1187.19
1033.86	1216.24
1034.79	1218.13
1035.72	1226.58
1036.65	1189.65
1037.59	1226.08
1038.52	1249.2
1039.45	1255.29
1040.38	1263.26
1041.31	1278.79
1042.24	1320.75
1043.17	1271.94
1044.1	1327.03
1045.03	1351.88
1045.96	1302.13
1046.89	1386.94
1047.82	1441.82
1048.75	1434.46
1049.68	1362.68
1050.61	1415.11
1051.53	1487.34
1052.46	1479.45
1053.39	1520.63
1054.32	1531.13
1055.24	1630.92
1056.17	1608.11
1057.1	1672.05
1058.02	1757.15
1058.95	1749.16
1059.88	1754.49
1060.8	1744.52
1061.73	1776.4
1062.65	1705.4
1063.58	1674.49
1064.5	1660.8
1065.43	1691.86
1066.35	1697.81
1067.27	1754.78
1068.2	1767.25
1069.12	1797.38
1070.04	1853.07
1070.97	1888.98
1071.89	1865.47
1072.81	1942.5
1073.73	1933.39
1074.65	1896.82
1075.58	1899.09
1076.5	1890.51
1077.42	1841.56
1078.34	1839.02
1079.26	1775.47
1080.18	1729.09
1081.1	1661.86
1082.02	1588.05
1082.94	1578.89
1083.86	1505.1
1084.78	1441.78
1085.7	1432.66
1086.61	1380.92
1087.53	1339.75
1088.45	1339.46
1089.37	1307.86
1090.28	1283.77
1091.2	1314.55
1092.12	1260.87
1093.03	1278.25
1093.95	1325.03
1094.87	1428.72
1095.78	1394.34
1096.7	1448.12
1097.61	1500.07
1098.53	1479.12
1099.44	1541.37
1100.36	1552.41
1101.27	1546.32
1102.19	1564.73
1103.1	1606.7
1104.01	1656.22
1104.93	1667.07
1105.84	1725.34
1106.75	1712.09
1107.67	1746.38
1108.58	1759.16
1109.49	1788.06
1110.4	1813.93
1111.31	1873.53
1112.22	1910.11
1113.14	1870.85
1114.05	1930.89
1114.96	1963.66
1115.87	2010.84
1116.78	2113.98
1117.69	2131.1
1118.6	2203.78
1119.51	2253.43
1120.42	2333.01
1121.32	2407.75
1122.23	2464.83
1123.14	2424.33
1124.05	2402.6
1124.96	2386.35
1125.86	2375.27
1126.77	2295
1127.68	2259.67
1128.58	2215.98
1129.49	2215.12
1130.4	2180.42
1131.3	2194.68
1132.21	2169.17
1133.11	2203.69
1134.02	2191.39
1134.92	2253.55
1135.83	2257.4
1136.73	2204.49
1137.64	2263.46
1138.54	2227.28
1139.44	2182.27
1140.35	2135.21
1141.25	2099.55
1142.15	1969.91
1143.06	1972.55
1143.96	1865.88
1144.86	1865.7
1145.76	1772.06
1146.66	1734.36
1147.57	1639.28
1148.47	1556.43
1149.37	1491.61
1150.27	1405.85
1151.17	1323.94
1152.07	1296.37
1152.97	1245.93
1153.87	1171.63
1154.77	1134.4
1155.67	1093.27
1156.57	1045.41
1157.46	999.463
1158.36	927.864
1159.26	886.87
1160.16	852.653
1161.05	870.907
1161.95	800.478
1162.85	820.469
1163.75	764.956
1164.64	735.018
1165.54	726.897
1166.44	730.199
1167.33	699.339
1168.23	702.88
1169.12	746.493
1170.02	659.888
1170.91	690.273
1171.81	666.405
1172.7	658.641
1173.59	662.221
1174.49	632.464
1175.38	647.32
1176.27	650.703
1177.17	641.691
1178.06	647.856
1178.95	636.987
1179.84	631.905
1180.74	599.451
1181.63	643.827
1182.52	636.101
1183.41	645.37
1184.3	628.958
1185.19	647.472
1186.08	623.328
1186.97	654.967
1187.86	671.466
1188.75	649.26
1189.64	656.335
1190.53	658.679
1191.42	649.711
1192.31	670.937
1193.2	677.163
1194.09	684.451
1194.97	725.749
1195.86	718.164
1196.75	707.718
1197.64	713.206
1198.52	722.402
1199.41	698.647
1200.29	762.429
1201.18	761.35
1202.07	747.142
1202.95	766.785
1203.84	780.692
1204.72	767.199
1205.61	757.371
1206.49	774.775
1207.38	781.923
1208.26	771.423
1209.14	768.666
1210.03	778.324
1210.91	742.029
1211.79	764.921
1212.68	797.089
1213.56	815.872
1214.44	822.186
1215.32	787.899
1216.21	805.28
1217.09	806.754
1217.97	820.628
1218.85	804.706
1219.73	793.747
1220.61	835.667
1221.49	864.607
1222.37	895.48
1223.25	957.382
1224.13	989.882
1225.01	1082.54
1225.89	1115.58
1226.77	1197.62
1227.65	1257.11
1228.52	1254.56
1229.4	1254.16
1230.28	1196.38
1231.16	1213.38
1232.03	1268.31
1232.91	1238.02
1233.79	1223.65
1234.66	1229.01
1235.54	1182
1236.42	1210.73
1237.29	1153
1238.17	1121.83
1239.04	1052.7
1239.92	1043.48
1240.79	990.619
1241.67	981.511
1242.54	980.036
1243.41	966.206
1244.29	901.917
1245.16	967.164
1246.03	959.104
1246.91	917.633
1247.78	908.484
1248.65	957.424
1249.52	938.436
1250.4	974.695
1251.27	929.736
1252.14	984.111
1253.01	985.104
1253.88	1025.35
1254.75	984.454
1255.62	972.177
1256.49	1024.79
1257.36	1056.23
1258.23	1029.23
1259.1	1048.94
1259.97	1084.81
1260.84	1071.02
1261.71	1060.15
1262.57	1076.08
1263.44	1107.37
1264.31	1178.79
1265.18	1153.88
1266.05	1201.45
1266.91	1215.56
1267.78	1282.03
1268.65	1297.85
1269.51	1395.56
1270.38	1528.41
1271.24	1593.46
1272.11	1691.72
1272.97	1732.72
1273.84	1873.53
1274.7	1864.94
1275.57	1889.65
1276.43	1982.48
1277.3	1937.48
1278.16	1952
1279.02	1881.36
1279.89	1811.47
1280.75	1822.58
1281.61	1753.36
1282.48	1614.24
1283.34	1555.52
1284.2	1470.75
1285.06	1392.34
1285.92	1335.61
1286.78	1263.43
1287.65	1235.57
1288.51	1181.52
1289.37	1121.17
1290.23	1096.5
1291.09	1043.58
1291.95	1018.88
1292.81	1036.54
1293.67	994.312
1294.52	984.771
1295.38	978.102
1296.24	967.123
1297.1	918.347
1297.96	927.93
1298.81	908.215
1299.67	897.132
1300.53	878.597
1301.39	910.418
1302.24	900.126
1303.1	876.215
1303.95	886.328
1304.81	903.031
1305.67	870.127
1306.52	880.879
1307.38	890.146
1308.23	882.298
1309.09	891.551
1309.94	906.917
1310.8	915.556
1311.65	893.376
1312.5	918.464
1313.35	924.559
1314.21	938.875
1315.06	947.386
1315.91	984.647
1316.77	991.035
1317.62	1011.02
1318.47	1018.14
1319.32	1052.76
1320.17	1079.92
1321.02	1125.11
1321.87	1136.93
1322.73	1153.09
1323.57	1210.69
1324.43	1223.36
1325.28	1265.37
1326.13	1253.38
1326.97	1278.78
1327.82	1346.36
1328.67	1371.07
1329.52	1378.71
1330.37	1421.81
1331.22	1434.51
1332.06	1438.37
1332.91	1494.91
1333.76	1547.2
1334.61	1571.61
1335.45	1575.92
1336.3	1526.83
1337.15	1554.57
1337.99	1558.6
1338.84	1564
1339.68	1593.19
1340.53	1598.91
1341.37	1614.56
1342.22	1612.63
1343.06	1608.19
1343.91	1607.8
1344.75	1617.37
1345.6	1637.34
1346.44	1657.01
1347.28	1649.84
1348.12	1681.03
1348.97	1656.47
1349.81	1687.61
1350.65	1660.17
1351.49	1678.94
1352.33	1636.64
1353.18	1655.84
1354.02	1675.2
1354.86	1664.59
1355.7	1673.29
1356.54	1691.24
1357.38	1683.56
1358.22	1707.84
1359.06	1691.56
1359.9	1709.87
1360.74	1726.6
1361.58	1726.94
1362.42	1690.24
1363.25	1690.04
1364.09	1669.34
1364.93	1662.81
1365.77	1656.01
1366.6	1642.81
1367.19	1660.41
1368.1	1668.54
1369.01	1668.71
1369.92	1644.15
1370.83	1667.68
1371.74	1608.36
1372.65	1632.59
1373.56	1595.71
1374.47	1606.02
1375.37	1564.14
1376.28	1568.42
1377.19	1595.18
1378.1	1518.65
1379	1518.72
1379.91	1527.59
1380.82	1466.81
1381.72	1485.42
1382.63	1496.04
1383.54	1507.43
1384.44	1472.65
1385.35	1474.93
1386.25	1443.03
1387.16	1441.46
1388.06	1456.55
1388.97	1445.47
1389.87	1429.65
1390.78	1455.68
1391.68	1472.03
1392.59	1428.26
1393.49	1467.86
1394.39	1398.85
1395.3	1378.18
1396.2	1274.29
1397.1	1249.73
1398	1171.23
1398.91	1153.7
1399.81	1092.04
1400.71	1094.09
1401.61	1065.39
1402.52	1063.59
1403.42	1010.79
1404.32	1025.16
1405.22	996.343
1406.12	994.437
1407.02	972.549
1407.92	942.234
1408.82	945.545
1409.72	937.484
1410.62	960.03
1411.52	926.18
1412.42	938.109
1413.32	944.223
1414.21	908.298
1415.11	862.837
1416.01	897.424
1416.91	889.142
1417.81	889.488
1418.71	910.858
1419.6	878.186
1420.5	859.001
1421.4	863.724
1422.29	875.179
1423.19	851.424
1424.09	841.83
1424.98	848.282
1425.88	867.95
1426.77	867.613
1427.67	863.498
1428.56	845.192
1429.46	848.809
1430.35	842.044
1431.25	874.307
1432.14	846.805
1433.04	901.144
1433.93	893.821
1434.82	927.497
1435.72	925.087
1436.61	964.63
1437.5	1004.24
1438.39	1000.01
1439.29	1058.76
1440.18	1062.09
1441.07	1067.23
1441.96	1105.76
1442.85	1150.02
1443.75	1166.66
1444.64	1183.49
1445.53	1194.8
1446.42	1196.65
1447.31	1223.41
1448.2	1211.6
1449.09	1270.65
1449.98	1232.46
1450.87	1271.09
1451.76	1311.75
1452.65	1331.53
1453.54	1305.46
1454.43	1349
1455.31	1326.12
1456.2	1351.29
1457.09	1348.1
1457.98	1354.12
1458.87	1371.44
1459.75	1391.62
1460.64	1415.93
1461.53	1431.97
1462.41	1486.19
1463.3	1498.05
1464.19	1561.18
1465.07	1648.25
1465.96	1679.54
1466.85	1677.45
1467.73	1705.3
1468.61	1644.94
1469.5	1615.84
1470.38	1595.65
1471.27	1603.7
1472.15	1636
1473.04	1671.07
1473.92	1670.02
1474.8	1696.98
1475.69	1726.83
1476.57	1685.94
1477.45	1702.61
1478.34	1699.2
1479.22	1627.9
1480.1	1641.98
1480.98	1550.64
1481.86	1590.97
1482.75	1574.34
1483.63	1570.94
1484.51	1485.99
1485.39	1355.84
1486.27	1252.37
1487.15	1093.13
1488.03	999.943
1488.91	866.086
1489.79	828.926
1490.67	762.574
1491.55	731.932
1492.43	686.801
1493.31	667.826
1494.19	658.588
1495.07	619.541
1495.94	594.038
1496.82	580.083
1497.7	598.798
1498.58	578.018
1499.45	536.114
1500.33	538.402
1501.21	546.449
1502.09	529.609
1502.96	518.566
1503.84	525.723
1504.72	552.932
1505.59	518.987
1506.47	495.564
1507.34	522.667
1508.22	510.683
1509.09	479.718
1509.97	513.492
1510.84	514.976
1511.72	499.408
1512.59	488.605
1513.46	518.561
1514.34	488.692
1515.21	481.526
1516.08	494.188
1516.96	499.242
1517.83	491.077
1518.7	515.963
1519.57	489.029
1520.45	500.792
1521.32	475.908
1522.19	484.032
1523.06	481.874
1523.93	487.284
1524.8	488.944
1525.67	483.055
1526.54	483.687
1527.41	468.312
1528.28	472.623
1529.16	477.874
1530.02	454.122
1530.89	466.045
1531.76	475.226
1532.63	486.335
1533.5	446.896
1534.37	458.956
1535.24	472.863
1536.11	468.009
1536.97	460.333
1537.84	447.055
1538.71	467.52
1539.57	449.67
1540.44	489.01
1541.31	475.042
1542.18	471.401
1543.04	492.129
1543.91	469.662
1544.77	466.812
1545.64	483.589
1546.5	459.044
1547.37	462.672
1548.24	466.396
1549.1	467.446
1549.96	477.11
1550.83	465.273
1551.69	475.116
1552.56	444.385
1553.42	449.351
1554.28	471.198
1555.15	441.02
1556.01	451.452
1556.87	478.99
1557.73	472.631
1558.6	447.434
1559.46	476.298
1560.32	479.549
1561.18	482.698
1562.04	466.703
1562.9	431.573
1563.77	440.18
1564.63	468.839
1565.49	464.273
1566.35	469.343
1567.21	481.191
1568.07	462.509
1568.93	475.359
1569.79	475.731
1570.64	462.606
1571.5	444.595
1572.36	487.992
1573.22	467.042
1574.08	456.669
1574.94	491.569
1575.8	448.527
1576.65	442.076
1577.51	450.086
1578.37	482.233
1579.22	455.396
1580.08	463.318
1580.94	471.237
1581.79	477.248
1582.65	460.034
1583.51	464.186
1584.36	472.257
1585.22	485.2
1586.07	490.35
1586.93	486.699
1587.78	470.328
1588.63	449.994
1589.49	463.739
1590.34	474.508
1591.2	481.302
1592.05	478.257
1592.9	471.251
1593.76	474.971
1594.61	468.977
1595.46	482.592
1596.32	476.8
1597.17	483.798
1598.02	479.114
1598.87	481.254
1599.72	471.581
1600.58	485.297
1601.43	506.732
1602.28	486.937
1603.13	500.331
1603.98	463.785
1604.83	506.445
1605.68	521.755
1606.53	509.782
1607.38	495.933
1608.23	514.348
1609.08	485.862
1609.93	492.452
1610.77	478.443
1611.62	505.334
1612.47	506.834
1613.32	487.925
1614.17	490.537
1615.01	491.284
1615.86	506.678
1616.71	511.357
1617.55	487.759
1618.4	506.873
1619.25	489.918
1620.09	502.055
1620.94	506.392
1621.79	516.567
1622.63	514.195
1623.48	509.964
1624.32	520.324
1625.17	507.501
1626.01	493.739
1626.86	513.851
1627.7	515.57
1628.54	516.306
1629.39	502.509
1630.23	534.102
1631.07	523.11
1631.92	511.111
1632.76	516.465
1633.6	512.17
1634.45	542.6
1635.29	502.731
1636.13	520.705
1636.97	500.187
1637.81	539.336
1638.66	534.214
1639.5	515.648
1640.34	497.133
1641.18	515.201
1642.02	496.813
1642.86	505.379
1643.7	522.62
1644.54	502.364
1645.38	518.609
1646.22	534.821
1647.06	512.57
1647.89	517.247
1648.73	538.32
1649.57	515.257
1650.41	543.266
1651.25	538.665
1652.09	534.104
1652.92	533.359
1653.76	520.946
1654.6	511.299
1655.43	529.543
1656.27	545.855
1657.11	546.826
1657.94	542.159
1658.78	545.367
1659.62	527.392
1660.45	537.44
1661.29	530.933
1662.12	529.124
1662.96	491.338
1663.79	515.555
1664.62	520.443
1665.46	544.862
1666.29	492.732
1667.13	516.433
1667.96	527.581
1668.79	513.416
1669.63	511.858
1670.46	510.241
1671.29	497.816
1672.12	523.437
1672.96	507.96
1673.79	502.222
1674.62	503.328
1675.45	481.939
1676.28	508.606
1677.11	517.723
1677.95	496.463
1678.78	469.275
1679.61	494.121
1680.44	470.696
1681.27	497.359
1682.1	467.833
1682.93	490.484
1683.75	488.55
1684.58	475.832
1685.41	449.352
1686.24	475.184
1687.07	474.391
1687.9	480.499
1688.73	460.883
1689.55	472.884
1690.38	460.124
1691.21	450.282
1692.04	468.107
1692.86	463.074
1693.69	436.186
1694.52	477.627
1695.34	483.449
1696.17	437.852
1696.99	430.978
1697.82	458.884
1698.64	454.11
1699.47	437.387
1700.29	466.267
1701.12	437.437
1701.94	458.187
1702.77	426.209
1703.59	430.952
1704.41	432.703
1705.24	418.581
1706.06	446.17
1706.88	443.015
1707.71	427.973
1708.53	437.749
1709.35	424.7
1710.17	438.417
1711	444.156
1711.82	427.046
1712.64	438.651
1713.46	391.787
1714.28	422.216
1715.1	419.012
1715.92	434.663
1716.74	426.582
1717.56	433.314
1718.38	448.861
1719.2	441.531
1720.02	430.163
1720.84	440.486
1721.66	423.241
1722.48	414.024
1723.3	420.718
1724.11	442.29
1724.93	423.486
1725.75	420.359
1726.57	428.913
1727.39	408.785
1728.2	424.988
1729.02	438.215
1729.84	420.084
1730.65	416.771
1731.47	417.439
1732.29	412.235
1733.1	421.687
1733.92	424.221
1734.73	430.625
1735.55	414.54
1736.36	400.462
1737.18	420.595
1737.99	416.338
1738.81	401.351
1739.62	423.365
1740.43	421.947
1741.25	407.874
1742.06	409.391
1742.87	411.913
1743.69	430.97
1744.5	452.937
1745.31	414.764
1746.13	404.739
1746.94	417.986
1747.75	416.725
1748.56	400.015
1749.37	405.606
1750.18	402.5
1750.99	406.158
1751.81	408.831
1752.61	422.13
1753.42	410.303
1754.24	410.111
1755.04	414.788
1755.85	421.414
1756.66	428.98
1757.47	398.806
1758.28	422.654
1759.09	397.211
1759.9	398.798
1760.71	413.925
1761.52	421.413
1762.32	388.504
1763.13	426.968
1763.94	385.445
1764.74	399.807
1765.55	421.859
1766.36	411.137
1767.17	397.558
1767.97	396.57
1768.78	377.314
1769.58	412.119
1770.39	389.022
1771.19	385.192
1772	394.849
1772.8	404.487
1773.61	386.1
1774.41	402.529
1775.22	392.875
1776.02	424.826
1776.83	390.017
1777.63	395.848
1778.43	411.385
1779.23	413.407
1780.04	407.73
1780.84	408.894
1781.64	409.127
1782.44	390.905
1783.25	441.708
1784.05	401.047
1784.85	395.371
1785.65	391.621
1786.45	396.644
1787.25	376.301
1788.05	388.174
1788.86	397.132
1789.65	402.18
1790.46	381.768
1791.25	375.023
1792.05	392.757
1792.85	404.63
1793.65	394.962
1794.45	397.106
1795.25	361.968
1796.05	368.12
1796.85	401.877
1797.64	388.392
1798.44	383.725
1799.24	358.263
1800.04	396.934
1800.83	401.996
1801.63	403.08
1802.43	372.488
1803.22	386.419
1804.02	398.378
1804.82	408.354
1805.61	368.751
1806.41	400.508
1807.2	387.638
1808	357.896
1808.79	406.591
1809.59	396.751
1810.38	397.851
1811.18	382.036
1811.97	394.014
1812.76	385.024
1813.56	392.864
1814.35	395.669
1815.14	389.51
1815.94	391.354
1816.73	355.48
1817.52	388.325
1818.31	406.305
1819.1	441.214
1819.9	385.417
1820.69	404.232
1821.48	396.08
1822.27	399.848
1823.06	402.629
1823.85	402.449
1824.64	371.43
1825.43	388.177
1826.22	386.98
1827.01	393.714
1827.8	385.523
1828.59	381.335
1829.38	400.052
1830.17	423.766
1830.96	391.812
1831.74	379.699
1832.53	380.442
1833.32	377.151
1834.11	384.732
1834.89	398.23
1835.68	406.752
1836.47	379.619
1837.26	391.134
1838.04	383.847
1838.83	373.599
1839.61	375.197
1840.4	398.475
1841.19	395.042
1841.97	364.978
1842.76	382.224
1843.54	386.689
1844.33	363.684
1845.11	363.377
1845.89	380.804
1846.68	381.552
1847.46	355.788
1848.25	361.421
1849.03	411.171
1849.81	383.425
1850.6	353.76
1851.38	390.769
1852.16	372.911
1852.94	401.078
1853.72	389.052
1854.51	360.356
1855.29	390.325
1856.07	393.844
1856.85	373.907
1857.63	373.51
1858.41	370.195
1859.19	369.823
1859.97	375.326
1860.75	383.792
1861.53	388.419
1862.31	373.636
1863.09	370.566
1863.87	395.709
1864.65	368.274
1865.43	400.103
1866.21	389.061
1866.99	371.171
1867.76	371.72
1868.54	360.649
1869.32	362.246
1870.1	369.732
1870.87	386.982
1871.65	376.201
1872.43	370.289
1873.2	393.427
1873.98	360.353
1874.76	353.407
1875.53	370.672
1876.31	347.297
1877.08	352.057
1877.86	377.212
1878.63	370.434
1879.41	366.554
1880.18	362.638
1880.96	375.163
1881.73	363.423
1882.5	364.292
1883.28	364.22
1884.05	373.886
1884.82	343.808
1885.6	374.861
1886.37	389.416
1887.14	354.433
1887.91	376.717
1888.68	358.213
1889.46	362.069
1890.23	361.116
1891	383.564
1891.77	368.171
1892.54	379.128
1893.31	364.82
1894.08	366.126
1894.85	370.343
1895.62	373.513
1896.39	350.146
1897.16	375.584
1897.93	351.008
1898.7	390.031
1899.47	403.65
1900.24	366.464
1901.01	363.661
1901.77	365.86
1902.54	349.456
1903.31	363.457
1904.08	355.79
1904.84	375.614
1905.61	340.275
1906.38	362.019
1907.14	373.921
1907.91	360.203
1908.68	353.398
1909.44	368.335
1910.21	371.467
1910.97	368.698
1911.74	369.902
1912.51	351.301
1913.27	351.496
1914.03	352.659
1914.8	360.744
1915.56	375.757
1916.33	363.916
1917.09	333.139
1917.85	368.948
1918.62	360.981
1919.38	347.028
1920.14	384.836
1920.9	341.054
1921.67	343.114
1922.43	338.265
1923.19	316.508
1923.95	335.69
1924.71	381.894
1925.47	360.101
1926.24	349.21
1927	352.236
1927.76	344.167
1928.52	321.016
1929.28	351.911
1930.04	354.748
1930.8	365.59
1931.56	352.414
1932.32	366.292
1933.08	348.182
1933.83	369.171
1934.59	367.185
1935.35	362.212
1936.11	356.204
1936.87	360.142
1937.62	351.953
1938.38	363.722
1939.14	359.414
1939.89	334.097
1940.65	368.892
1941.41	332.69
1942.16	327.544
1942.92	339.389
1943.68	350.171
1944.43	358.859
1945.19	343.48
1945.94	348.034
1946.7	346.586
1947.45	343.167
1948.21	334.813
1948.96	333.476
1949.71	340.13
1950.47	342.825
1951.22	340.568
1951.98	340.307
1952.73	363.868
1953.48	344.696
1954.23	361.192
1954.99	371.639
1955.74	361.202
1956.49	367.561
1957.24	370.956
1957.99	367.502
1958.75	342.447
1959.5	345.098
1960.25	363.549
1961	364.241
1961.75	360.938
1962.5	338.884
1963.25	372.838
1964	370.389
1964.75	354.225
1965.5	363.591
1966.25	358.246
1967	361.674
1967.74	351.344
1968.49	338.04
1969.24	357.88
1969.99	350.417
1970.74	347.898
1971.48	340.625
1972.23	368.42
1972.98	335.131
1973.73	359.147
1974.47	358.86
1975.22	369.157
1975.96	383.226
1976.71	384.625
1977.46	348.305
1978.2	363.257
1978.95	352.208
1979.69	364.412
1980.44	368.028
1981.18	352.434
1981.93	359.984
1982.67	357.855
1983.41	349.862
1984.16	381.238
1984.9	345.158
1985.64	351.364
1986.39	356.595
1987.13	356.108
1987.87	351.859
1988.61	346.734
1989.36	356.985
1990.1	362.48
1990.84	375.636
1991.58	373.486
1992.32	342.666
1993.06	352.026
1993.81	331.807
1994.55	359.441
1995.29	334.581
1996.03	339.416
1996.77	348.122
1997.51	352.06
1998.24	334.904
1998.98	357.948
1999.72	351.243
2000.46	335.873
2001.2	351.18
2001.94	354.994
2002.68	339.648
2003.41	362.723
2004.15	346.462
2004.89	330.191
2005.63	350.425
2006.36	336.993
2007.1	337.002
2007.84	349.517
2008.57	330.292
2009.31	358.285
2010.05	331.433
2010.78	321.953
2011.52	324.075
2012.25	308.814
2012.99	347.651
2013.72	324.577
2014.46	322.724
2015.19	325.682
2015.92	317.981
2016.66	328.726
2017.39	346.336
2018.13	340.746
2018.86	315.765
2019.59	334.553
2020.32	307.595
2021.06	311.765
2021.79	309.813
2022.52	337.725
2023.25	313.537
2023.98	334.672
2024.72	315.179
2025.45	331.502
2026.18	335.92
2026.91	321.59
2027.64	315.162
2028.37	341.831
2029.1	328.806
2029.83	342.218
2030.56	335.6
2031.29	322.872
2032.02	318.6
2032.75	324.699
2033.47	325.794
2034.2	350.042
2034.93	339.819
2035.66	329.557
2036.39	329.169
2037.11	319.233
2037.84	340.522
2038.57	324.919
2039.3	326.706
2040.02	320.236
2040.75	307.59
2041.47	341.134
2042.2	344.089
2042.93	334.892
2043.65	311.48
2044.38	315.147
2045.1	332.889
2045.83	328.344
2046.55	324.89
2047.28	322.991
2048	319.172
2048.73	318.768
2049.45	338.167
2050.17	342.337
2050.9	332.606
2051.62	345.935
2052.34	318.403
2053.07	338.112
2053.79	336.209
2054.51	327.685
2055.23	343.347
2055.95	327.105
2056.68	323.397
2057.4	328.787
2058.12	336.292
2058.84	321.559
2059.56	324.699
2060.28	334.641
2061	338.663
2061.72	321.137
2062.44	334.977
2063.16	331.98
2063.88	325.794
2064.6	339.067
2065.32	339.637
2066.03	336.952
2066.75	323.411
2067.47	337.527
2068.19	345.146
2068.91	335.268
2069.62	331.384
2070.34	335.034
2071.06	340.558
2071.77	326.24
2072.49	329.297
2073.21	338.251
2073.92	319.969
2074.64	326.5
2075.36	336.068
2076.07	344.758
2076.79	327.751
2077.5	340.121
2078.22	346.63
2078.93	322.462
2079.64	321.386
2080.36	331.308
2081.07	320.904
2081.79	328.266
2082.5	338.425
2083.21	332.926
2083.93	341.96
2084.64	341.587
2085.35	340.994
2086.07	331.563
2086.78	330.598
2087.49	338.957
2088.2	335.748
2088.91	342.295
2089.62	344.175
2090.33	337.211
2091.04	335.614
2091.76	342.577
2092.47	342.212
2093.18	338.782
2093.89	343.146
2094.6	335.677
2095.3	335.373
2096.01	350.223
2096.72	342.704
2097.43	339.412
2098.14	331.767
2098.85	328.791
2099.56	335.276
2100.09	331.1
2100.87	338.86
2101.65	340.709
2102.43	334.657
2103.21	344.395
2103.99	327.418
2104.77	356.761
2105.55	353.458
2106.32	329.442
2107.1	356.623
2107.88	348.44
2108.66	355.095
2109.44	348.097
2110.22	351.956
2110.99	334.207
2111.77	332.078
2112.55	354.347
2113.33	348.071
2114.1	346.685
2114.88	341.45
2115.66	321.687
2116.43	337.192
2117.21	336.175
2117.99	346.89
2118.76	338.046
2119.54	336.957
2120.31	357.286
2121.09	338.573
2121.86	350.095
2122.64	337.267
2123.41	323.496
2124.19	345.781
2124.96	343.753
2125.74	340.798
2126.51	339.847
2127.28	358.42
2128.06	333.17
2128.83	360.523
2129.61	335.201
2130.38	333.237
2131.15	335.16
2131.92	348.793
2132.7	330.27
2133.47	331.273
2134.24	335.212
2135.01	328.412
2135.78	322.578
2136.55	351.891
2137.33	345.099
2138.1	352.987
2138.87	338.438
2139.64	334.672
2140.41	328.983
2141.18	343.892
2141.95	335.32
2142.72	336.55
2143.49	331.866
2144.26	334.011
2145.03	329.233
2145.8	340.175
2146.57	362.961
2147.33	334.588
2148.1	343.698
2148.87	338.053
2149.64	333.382
2150.41	340.536
2151.17	352.602
2151.94	340.88
2152.71	342.031
2153.48	349.17
2154.24	361.333
2155.01	321.883
2155.78	333.101
2156.54	340.355
2157.31	315.702
2158.08	347.854
2158.84	340.083
2159.61	324.268
2160.37	330.392
2161.14	326.491
2161.9	324.585
2162.67	341.734
2163.43	335.92
2164.2	330.167
2164.96	329.472
2165.72	357.945
2166.49	343.158
2167.25	326.254
2168.01	343.515
2168.78	321.404
2169.54	322.462
2170.3	341.711
2171.07	327.719
2171.83	332.965
2172.59	352.415
2173.35	315.216
2174.11	321.472
2174.88	333.748
2175.64	324.668
2176.4	336.822
2177.16	336.836
2177.92	327.755
2178.68	327.851
2179.44	336.12
2180.2	321.075
2180.96	351.749
2181.72	356.003
2182.48	341.914
2183.24	304.366
2184	325.797
2184.76	345.169
2185.52	339.074
2186.28	340.1
2187.04	331.972
2187.79	316.727
2188.55	338.147
2189.31	357.539
2190.07	339.248
2190.83	336.228
2191.58	326.071
2192.34	330.168
2193.1	345.455
2193.85	341.344
2194.61	358.572
2195.37	355.364
2196.12	348.041
2196.88	351.89
2197.63	347.622
2198.39	336.296
2199.15	347.375
2199.9	314.851
2200.66	344.268
2201.41	373.653
2202.16	325.851
2202.92	340.905
2203.67	317.394
2204.43	332.403
2205.18	317.072
2205.93	345.335
2206.69	337.225
2207.44	328.14
2208.19	317.026
2208.95	309.922
2209.7	324.015
2210.45	347.156
2211.2	351.041
2211.95	339.76
2212.71	342.632
2213.46	314.217
2214.21	340.302
2214.96	343.153
2215.71	308.692
2216.46	350.777
2217.21	335.419
2217.96	339.16
2218.71	341.876
2219.46	337.574
2220.21	322.286
2220.96	325.101
2221.71	332.969
2222.46	320.844
2223.21	345.749
2223.96	315.595
2224.71	336.401
2225.46	343.157
2226.21	326.937
2226.95	338.677
2227.7	338.477
2228.45	357.232
2229.2	339.158
2229.94	342.997
2230.69	336.888
2231.44	336.748
2232.18	326.669
2232.93	357.309
2233.68	332.309
2234.42	334.095
2235.17	347.749
2235.92	365.339
2236.66	333.436
2237.41	319.413
2238.15	331.149
2238.9	359.707
2239.64	322.052
2240.38	354.551
2241.13	340.603
2241.87	313.823
2242.62	349.21
2243.36	342.161
2244.1	348.918
2244.85	324.146
2245.59	339.777
2246.33	340.636
2247.08	360.198
2247.82	324.661
2248.56	332.4
2249.3	348.954
2250.05	334.035
2250.79	356.429
2251.53	338.587
2252.27	373.749
2253.01	340.314
2253.75	338.306
2254.49	347.119
2255.23	330.473
2255.97	355.984
2256.71	325.609
2257.45	318.734
2258.19	346.127
2258.93	336.237
2259.67	356.699
2260.41	335.053
2261.15	354.578
2261.89	340.879
2262.63	358.581
2263.36	347.935
2264.1	352.985
2264.84	326.652
2265.58	362.063
2266.32	354.276
2267.05	357.233
2267.79	343.479
2268.53	340.501
2269.26	349.298
2270	349.29
2270.74	336.568
2271.48	350.378
2272.21	341.665
2272.95	348.695
2273.68	336.106
2274.42	336.295
2275.15	346.321
2275.89	326.81
2276.62	353.541
2277.36	352.677
2278.09	336.014
2278.83	326.221
2279.56	317.396
2280.29	336.171
2281.03	327.338
2281.76	355.008
2282.49	322.533
2283.23	349.293
2283.96	341.56
2284.69	339.784
2285.42	310.329
2286.16	339.187
2286.89	301.705
2287.62	351.273
2288.35	337.453
2289.08	351.363
2289.81	320.742
2290.55	342.683
2291.28	335.951
2292.01	320.32
2292.74	323.556
2293.47	341.706
2294.2	340.951
2294.93	327.203
2295.66	334.304
2296.39	337.372
2297.11	312.501
2297.85	348.413
2298.57	331.533
2299.3	358.571
2300.03	333.809
2300.76	355.98
2301.49	313.239
2302.22	326.404
2302.94	329.543
2303.67	340.658
2304.4	315.743
2305.12	339.896
2305.85	320.02
2306.58	326.207
2307.31	320.364
2308.03	344.6
2308.76	298.54
2309.48	341.806
2310.21	315.765
2310.93	339.961
2311.66	288.805
2312.38	326.13
2313.11	315.21
2313.83	298.233
2314.56	278.197
2315.28	309.495
2316.01	298.467
2316.73	297.515
2317.45	310.695
2318.18	318.864
2318.9	295.78
2319.62	321.12
2320.35	316.172
2321.07	299.078
2321.79	310.243
2322.52	322.419
2323.24	296.211
2323.96	283.143
2324.68	308.495
2325.4	272.162
2326.12	292.446
2326.84	280.342
2327.56	261.141
2328.29	262.177
2329.01	239.949
2329.73	236.964
2330.45	247.156
2331.17	297.879
2331.89	288.83
2332.61	309.142
2333.32	282.805
2334.04	295.976
2334.76	290.9
2335.48	293.943
2336.2	302.076
2336.92	266.64
2337.64	295.081
2338.35	286.005
2339.07	298.213
2339.79	294.177
2340.51	291.152
2341.23	281.039
2341.94	294.297
2342.66	289.322
2343.37	284.361
2344.09	291.576
2344.81	302.816
2345.52	286.545
2346.24	300.7
2346.95	281.287
2347.67	271.028
2348.38	311.565
2349.1	288.219
2349.82	292.344
2350.53	304.642
2351.24	270.215
2351.96	288.59
2352.67	286.588
2353.39	291.65
2354.1	299.722
2354.81	264.089
2355.53	286.381
2356.24	285.327
2356.95	281.252
2357.66	277.201
2358.38	307.703
2359.09	280.325
2359.8	276.323
2360.51	273.354
2361.22	300.913
2361.94	286.802
2362.65	295.086
2363.36	300.317
2364.07	288.204
2364.78	287.254
2365.49	290.334
2366.2	296.432
2366.91	296.392
2367.62	295.333
2368.33	291.234
2369.04	298.367
2369.75	276.986
2370.46	303.504
2371.16	266.834
2371.87	287.229
2372.58	289.276
2373.29	299.483
2374	276.058
2374.71	282.198
2375.41	280.179
2376.12	278.154
2376.83	302.642
2377.53	288.39
2378.24	287.409
2378.95	299.705
2379.65	276.294
2380.36	285.52
2381.07	281.453
2381.77	287.571
2382.48	282.459
2383.18	292.685
2383.89	294.794
2384.59	304.101
2385.3	290.957
2386	267.559
2386.71	271.708
2387.41	282.949
2388.12	272.66
2388.82	313.453
2389.52	280.673
2390.23	326.609
2390.93	322.534
2391.63	294.984
2392.34	302.161
2393.04	287.846
2393.74	292.914
2394.44	302.056
2395.15	307.136
2395.85	282.645
2396.55	287.813
2397.25	310.373
2397.95	286.92
2398.65	321.677
2399.35	298.107
2400.05	315.371
2400.75	315.244
2401.45	300.842
2402.15	298.733
2402.85	290.549
2403.55	305.88
2404.25	282.459
2404.95	300.902
2405.65	304.033
2406.35	315.321
2407.05	300.033
2407.75	304.141
2408.44	294.967
2409.14	333.828
2409.84	292.993
2410.54	295.076
2411.24	325.767
2411.93	275.668
2412.63	293.002
2413.33	305.188
2414.02	278.533
2414.72	306.009
2415.42	308.975
2416.11	285.422
2416.81	307.806
2417.5	297.564
2418.2	292.449
2418.9	309.795
2419.59	296.548
2420.28	323.063
2420.98	300.576
2421.67	313.736
2422.37	296.278
2423.06	289.02
2423.75	297.074
2424.45	284.827
2425.14	297.083
2425.84	311.435
2426.53	290.154
2427.22	311.652
2427.91	318.84
2428.61	305.571
2429.3	283.067
2429.99	309.425
2430.68	309.238
2431.37	285.63
2432.07	306.783
2432.76	299.492
2433.45	289.211
2434.14	277.981
2434.83	319.585
2435.52	307.419
2436.21	275.958
2436.9	291.154
2437.59	295.129
2438.28	302.092
2438.97	315.1
2439.66	291.63
2440.35	318.835
2441.04	306.585
2441.72	316.633
2442.41	282.175
2443.1	299.301
2443.79	309.318
2444.48	294.046
2445.16	327.273
2445.85	297.885
2446.54	282.686
2447.23	286.702
2447.91	288.711
2448.6	267.496
2449.29	328.026
2449.97	300.722
2450.66	309.741
2451.34	329.857
2452.03	338.895
2452.72	295.51
2453.4	326.762
2454.09	305.552
2454.77	303.46
2455.46	327.515
2456.14	308.2
2456.82	315.063
2457.51	330.996
2458.19	297.705
2458.88	305.703
2459.56	335.867
2460.24	320.827
2460.92	332.947
2461.61	317.913
2462.29	329.016
2462.97	330.039
2463.66	332.039
2464.34	341.043
2465.02	348.996
2465.7	338.819
2466.38	313.564
2467.06	316.455
2467.75	350.491
2468.42	339.388
2469.11	318.303
2469.79	317.334
2470.47	345.51
2471.15	326.507
2471.83	315.52
2472.51	339.664
2473.19	315.555
2473.86	300.46
2474.54	346.621
2475.22	356.62
2475.9	293.336
2476.58	333.521
2477.26	322.529
2477.94	319.6
2478.61	314.668
2479.29	338.879
2479.97	337.939
2480.65	321.886
2481.32	320.9
2482	315.888
2482.68	300.826
2483.35	349.152
2484.03	297.879
2484.71	342.177
2485.38	312.99
2486.06	314.967
2486.73	338.05
2487.41	306.815
2488.08	311.819
2488.76	301.777
2489.43	326.984
2490.11	326.077
2490.78	333.242
2491.45	334.368
2492.13	328.425
2492.8	312.379
2493.48	307.396
2494.15	341.726
2494.82	291.383
2495.49	340.902
2496.17	318.847
2496.84	321.033
2497.51	302.012
2498.18	321.366
2498.86	305.295
2499.53	343.783
2500.2	339.745
2500.87	300.286
2501.54	326.603
2502.21	335.783
2502.88	350.098
2503.55	307.752
2504.22	318.069
2504.89	317.212
2505.56	331.52
2506.23	334.623
2506.9	335.673
2507.57	327.597
2508.24	348.998
2508.91	359.281
2509.58	338.091
2510.25	336.175
2510.91	342.35
2511.58	331.204
2512.25	320.037
2512.92	354.648
2513.59	350.642
2514.25	338.529
2514.92	322.358
2515.59	330.619
2516.25	330.72
2516.92	322.643
2517.59	329.824
2518.25	349.219
2518.92	333.95
2519.58	348.246
2520.25	321.78
2520.91	354.482
2521.58	346.436
2522.24	333.319
2522.91	308.981
2523.57	325.502
2524.24	342.036
2524.9	354.476
2525.56	329.033
2526.23	335.29
2526.89	352.806
2527.55	325.24
2528.22	355.03
2528.88	335.604
2529.54	337.664
2530.21	329.447
2530.87	356.072
2531.53	334.554
2532.19	335.641
2532.85	316.289
2533.51	325.702
2534.18	342.331
2534.84	315.795
2535.5	325.142
2536.16	331.323
2536.82	317.901
2537.48	356.839
2538.14	335.163
2538.8	321.755
2539.46	328.949
2540.12	344.429
2540.78	347.644
2541.44	339.579
2542.09	334.587
2542.75	346.022
2543.41	325.506
2544.07	375.933
2544.73	343.957
2545.39	343.822
2546.04	344.677
2546.7	351.686
2547.36	365.902
2548.02	349.368
2548.67	348.298
2549.33	347.279
2549.98	354.502
2550.64	387.404
2551.3	362.812
2551.95	388.532
2552.61	358.799
2553.26	387.612
2553.92	362.997
2554.57	355.809
2555.23	369.113
2555.88	361.808
2556.54	379.091
2557.19	360.427
2557.85	384.858
2558.5	381.638
2559.15	371.308
2559.81	402.015
2560.46	374.362
2561.11	379.503
2561.77	403.067
2562.42	388.678
2563.07	378.334
2563.72	360.78
2564.37	391.304
2565.03	397.259
2565.68	387.921
2566.33	370.481
2566.98	397.064
2567.63	412.448
2568.28	383.869
2568.93	412.494
2569.58	369.484
2570.23	381.623
2570.88	398.844
2571.53	402.811
2572.18	391.534
2572.83	385.418
2573.48	384.434
2574.13	398.76
2574.78	388.54
2575.43	388.488
2576.07	381.258
2576.72	393.409
2577.37	388.212
2578.02	372.826
2578.67	396.198
2579.31	372.642
2579.96	394.931
2580.61	383.556
2581.26	402.724
2581.9	381.188
2582.55	375.997
2583.19	384.104
2583.84	372.945
2584.49	385.221
2585.13	364.923
2585.78	364.923
2586.42	362.808
2587.07	356.542
2587.71	351.242
2588.36	366.237
2589	364.989
2589.65	364.803
2590.29	376.843
2590.93	365.619
2591.58	357.489
2592.22	361.561
2592.86	344.372
2593.51	353.568
2594.15	352.641
2594.79	373.029
2595.43	359.928
2596.07	342.735
2596.72	338.696
2597.36	357.96
2598	351.801
2598.64	373.014
2599.28	366.827
2599.92	379.938
2600.56	362.668
2601.2	370.791
2601.85	365.757
2602.49	373.906
2603.13	353.631
2603.76	357.67
2604.4	380.953
2605.04	358.592
2605.68	367.674
2606.32	362.573
2606.96	357.474
2607.6	327.022
2608.24	378.635
2608.88	344.086
2609.51	368.287
2610.15	356.048
2610.79	357.021
2611.43	360.08
2612.06	363.198
2612.7	379.527
2613.34	365.479
2613.97	404.128
2614.61	382.946
2615.25	352.599
2615.88	381.069
2616.52	357.795
2617.15	402.52
2617.79	380.275
2618.42	365.137
2619.06	360.149
2619.69	371.405
2620.33	401.951
2620.96	392.842
2621.6	370.495
2622.23	407.086
2622.86	404.051
2623.5	408.158
2624.13	401.114
2624.76	429.682
2625.4	408.422
2626.03	376.96
2626.66	404.478
2627.29	388.222
2627.93	402.49
2628.56	408.635
2629.19	419.902
2629.82	441.388
2630.45	386.511
2631.08	432.466
2631.71	433.586
2632.34	403.087
2632.98	433.736
2633.61	420.559
2634.24	438.002
2634.87	396.316
2635.5	425.054
2636.12	435.438
2636.75	439.692
2637.38	462.326
2638.01	451.214
2638.64	443.141
2639.27	465.727
2639.9	471.927
2640.53	425.925
2641.15	451.513
2641.78	476.068
2642.41	466.871
2643.04	485.327
2643.66	484.384
2644.29	468.122
2644.92	468.251
2645.54	491.93
2646.17	472.56
2646.8	491.05
2647.42	512.572
2648.05	497.182
2648.67	501.253
2649.3	486.902
2649.92	490
2650.55	520.809
2651.17	484.033
2651.8	503.663
2652.42	517.175
2653.05	491.706
2653.67	496.986
2654.29	534.048
2654.92	534.106
2655.54	509.474
2656.16	524.864
2656.79	503.298
2657.41	525.37
2658.03	493.98
2658.65	515.665
2659.27	516.454
2659.9	518.094
2660.52	514.859
2661.14	533.166
2661.76	536.59
2662.38	513.383
2663	530.51
2663.62	501.954
2664.24	509.082
2664.86	547.195
2665.48	533.033
2666.1	544.953
2666.72	534.647
2667.34	512.114
2667.96	541.323
2668.58	512.218
2669.2	548.134
2669.82	520.424
2670.44	532.798
2671.05	528.411
2671.67	547.931
2672.29	547.315
2672.91	570.189
2673.53	553.539
2674.14	568.064
2674.76	547.811
2675.38	574.657
2675.99	569.414
2676.61	591.101
2677.23	590.062
2677.84	625.697
2678.46	646.432
2679.07	667.361
2679.69	673.519
2680.3	708.355
2680.92	743.961
2681.53	770.315
2682.15	774.289
2682.76	797.896
2683.38	815.621
2683.99	802.369
2684.61	814.343
2685.22	796.858
2685.83	775.964
2686.44	770.02
2687.06	766.887
2687.67	784.654
2688.28	775.201
2688.9	791.228
2689.51	764.987
2690.12	794.353
2690.73	813.39
2691.34	811.299
2691.96	801.864
2692.57	810.68
2693.18	825.525
2693.79	819.683
2694.4	808.544
2695.01	814.288
2695.62	807.561
2696.23	793.002
2696.84	807.745
2697.45	808.58
2698.06	798.178
2698.67	784.517
2699.28	811.619
2699.88	806.291
2700.49	808.959
2701.1	811.349
2701.71	797.699
2702.32	817.373
2702.93	808.687
2703.53	805.84
2704.14	829.295
2704.75	823.821
2705.36	807.289
2705.96	809.854
2706.57	824.163
2707.17	843.408
2707.78	846.812
2708.39	829.237
2708.99	847.21
2709.6	866.772
2710.2	863.889
2710.81	877.897
2711.41	848.751
2712.02	851.358
2712.62	871.252
2713.23	893.223
2713.83	894.808
2714.44	886.104
2715.04	898.33
2715.64	880.474
2716.25	907.485
2716.85	900.93
2717.45	868.665
2718.05	901.875
2718.66	913.663
2719.26	906.974
2719.86	914.588
2720.46	904.667
2721.06	894.63
2721.67	933.249
2722.27	941.774
2722.87	925.089
2723.47	934.006
2724.07	962.671
2724.67	957.034
2725.27	946.328
2725.71	977.624
2726.38	980.501
2727.06	966.942
2727.73	976.689
2728.4	978.256
2729.07	957.514
2729.74	986.705
2730.42	977.469
2731.09	971.483
2731.76	975.83
2732.43	1017.9
2733.1	1019.36
2733.77	1030.95
2734.44	1049.57
2735.11	1040.56
2735.78	1018.16
2736.45	1056.7
2737.12	1031.01
2737.79	1022.55
2738.46	1032.39
2739.13	1054.48
2739.8	1069.55
2740.47	1026.86
2741.14	1068.73
2741.81	1030.45
2742.47	1063.46
2743.14	1040.53
2743.81	1066.42
2744.48	1049.45
2745.15	1049.71
2745.81	1070.31
2746.48	1076.66
2747.15	1069.8
2747.81	1060.93
2748.48	1078.54
2749.15	1113.41
2749.81	1075.69
2750.48	1113.32
2751.15	1088.63
2751.81	1110.91
2752.48	1101.76
2753.14	1080.62
2753.81	1051.54
2754.47	1088.93
2755.14	1013.9
2755.8	1032.63
2756.47	1019.46
2757.13	978.515
2757.8	1001.9
2758.46	981.411
2759.13	967.199
2759.79	983.808
2760.45	1023.02
2761.12	1005.97
2761.78	1007.18
2762.44	1019.46
2763.1	1010.13
2763.77	984.427
2764.43	995.647
2765.09	1016.26
2765.76	1033
2766.42	1024.31
2767.08	1024.91
2767.74	1041.88
2768.4	1047.48
2769.06	1083.73
2769.72	1099.36
2770.38	1110.81
2771.05	1122.24
2771.71	1151.17
2772.37	1170.96
2773.03	1186.76
2773.69	1276.63
2774.35	1283.3
2775.01	1338.18
2775.67	1373.39
2776.33	1426.97
2776.99	1502.05
2777.64	1564.82
2778.3	1571.13
2778.96	1657.78
2779.62	1657.04
2780.28	1677.84
2780.94	1688.21
2781.59	1722.13
2782.25	1692.24
2782.91	1694.39
2783.57	1668.97
2784.22	1684.98
2784.88	1671.28
2785.54	1671.96
2786.2	1663.11
2786.85	1678.55
2787.51	1685.32
2788.16	1632.09
2788.82	1688.06
2789.48	1666.05
2790.13	1703.15
2790.79	1715.98
2791.44	1757.9
2792.1	1725.63
2792.75	1756.95
2793.41	1786.82
2794.06	1798.79
2794.72	1816.69
2795.37	1841.72
2796.02	1864.74
2796.68	1875.56
2797.33	1909.22
2797.98	1907.07
2798.64	1925.67
2799.29	1947.48
2799.94	1994.07
2800.6	2014.99
2801.25	2042.11
2801.9	2054.82
2802.55	2045.85
2803.21	2084.14
2803.86	2118.17
2804.51	2136.58
2805.16	2134.27
2805.81	2220.46
2806.46	2236.66
2807.11	2258.05
2807.77	2317.53
2808.42	2322.39
2809.07	2344.6
2809.72	2381.02
2810.37	2432.7
2811.02	2438.07
2811.67	2473.42
2812.32	2465.86
2812.97	2536.68
2813.61	2599.55
2814.26	2575.21
2814.91	2621.81
2815.56	2674.51
2816.21	2684.94
2816.86	2754.83
2817.51	2754.64
2818.15	2810.77
2818.8	2821.49
2819.45	2853.67
2820.1	2832.48
2820.74	2888.6
2821.39	2941.03
2822.04	2983.57
2822.69	3010.85
2823.33	3034.86
2823.98	3105.65
2824.63	3095.75
2825.27	3118.32
2825.92	3178.76
2826.56	3225.04
2827.21	3302.51
2827.85	3304.54
2828.5	3312.05
2829.14	3385.49
2829.79	3391.4
2830.43	3384.1
2831.08	3383.05
2831.72	3431.26
2832.37	3418.7
2833.01	3477.78
2833.65	3505.72
2834.3	3541.54
2834.94	3511.31
2835.58	3568.19
2836.23	3602.28
2836.87	3620.92
2837.51	3568.87
2838.16	3605.48
2838.8	3638.47
2839.44	3629.8
2840.08	3700.38
2840.72	3673.28
2841.36	3716.65
2842.01	3698
2842.65	3698.66
2843.29	3730.14
2843.93	3720.69
2844.57	3824.36
2845.21	3770.99
2845.85	3818.29
2846.49	3820.53
2847.13	3836.41
2847.77	3887.71
2848.41	3955.9
2849.05	3926.57
2849.69	3913.32
2850.33	3905.49
2850.97	3837.11
2851.61	3838.96
2852.24	3861.09
2852.88	3944.07
2853.52	3986.71
2854.16	4003.62
2854.8	3976.07
2855.43	3980.57
2856.07	4005.31
2856.71	4015.05
2857.35	4028.35
2857.98	4024.01
2858.62	4059.07
2859.26	4083.52
2859.89	4143.66
2860.53	4159.96
2861.16	4182.25
2861.8	4254.44
2862.44	4294.04
2863.07	4359.98
2863.71	4402.14
2864.34	4419.82
2864.98	4481.13
2865.61	4524.23
2866.25	4616.88
2866.88	4617.66
2867.52	4713.98
2868.15	4747.1
2868.78	4830.53
2869.42	4905.77
2870.05	4962.77
2870.69	5018.25
2871.32	5144.52
2871.95	5192.93
2872.58	5314.87
2873.22	5490.39
2873.85	5585.94
2874.48	5665.47
2875.11	5742.66
2875.75	5844.81
2876.38	5956.86
2877.01	6084.28
2877.64	6219.87
2878.27	6281.64
2878.9	6419.27
2879.53	6467.63
2880.16	6609.68
2880.79	6729.09
2881.42	6754.1
2882.05	6938.17
2882.68	7029.64
2883.31	7152.59
2883.94	7209.05
2884.57	7411.1
2885.2	7370.43
2885.83	7402.2
2886.46	7582.78
2887.09	7549.4
2887.72	7671.91
2888.35	7797.26
2888.97	7856.25
2889.6	7902.99
2890.23	7884.16
2890.86	7952.22
2891.49	7933.86
2892.11	8009.64
2892.74	8026.29
2893.37	8061.38
2893.99	8169.3
2894.62	8175.23
2895.25	8107.32
2895.87	8162.9
2896.5	8209.4
2897.12	8227.49
2897.75	8258.08
2898.38	8311.93
2899	8314.21
2899.63	8379.14
2900.25	8470.43
2900.88	8472.34
2901.5	8454.48
2902.12	8544.96
2902.75	8551.23
2903.37	8588.56
2904	8698.8
2904.62	8637.4
2905.25	8604.19
2905.87	8597.71
2906.49	8533.79
2907.11	8536.25
2907.74	8542.49
2908.36	8548.81
2908.98	8412.92
2909.6	8489.67
2910.23	8523.87
2910.85	8373.36
2911.47	8259.2
2912.09	8168.67
2912.71	8009.42
2913.33	8057.81
2913.96	7996.84
2914.58	7806.59
2915.2	7690.89
2915.82	7593.04
2916.44	7510.04
2917.06	7469.24
2917.68	7267.89
2918.3	7201.84
2918.92	7115.32
2919.54	7056.43
2920.16	7009.45
2920.77	6866.66
2921.39	6851.05
2922.01	6742.78
2922.63	6745.55
2923.25	6720.77
2923.87	6752.9
2924.48	6709.07
2925.1	6626.46
2925.72	6630.2
2926.34	6673.55
2926.95	6702.44
2927.57	6623.94
2928.19	6604.82
2928.8	6588.35
2929.42	6675.86
2930.04	6703.38
2930.65	6661.03
2931.27	6711.01
2931.89	6752.74
2932.5	6669.27
2933.12	6766.84
2933.73	6803.95
2934.35	6862.37
2934.96	6934.7
2935.58	6990.48
2936.19	7020.29
2936.81	6976.2
2937.42	7100.7
2938.03	7138.81
2938.65	7183.09
2939.26	7240.22
2939.88	7285.6
2940.49	7232.45
2941.1	7288.91
2941.71	7207.78
2942.33	7192.36
2942.94	7255.54
2943.55	7218.09
2944.17	7204.27
2944.78	7210.19
2945.39	7232.28
2946	7206.07
2946.61	7190.3
2947.22	7192.71
2947.83	7139.58
2948.45	7135.54
2949.06	7099.73
2949.67	7057.25
2950.28	7016.21
2950.89	6967.66
2951.5	6849.19
2952.11	6774
2952.72	6720.88
2953.33	6633.97
2953.94	6587.39
2954.54	6552.41
2955.15	6509.7
2955.76	6297.47
2956.37	6284.61
2956.98	6175.49
2957.59	6086.63
2958.2	6034.7
2958.8	5925.34
2959.41	5829.43
2960.02	5748.52
2960.63	5604.82
2961.23	5593.6
2961.84	5454.9
2962.45	5345.14
2963.05	5318.35
2963.66	5206.87
2964.27	5110.9
2964.87	5083.95
2965.48	4959.98
2966.08	4873.37
2966.69	4852.43
2967.29	4695.78
2967.9	4624.78
2968.5	4581.86
2969.11	4463.49
2969.71	4419.52
2970.32	4315.58
2970.92	4198.07
2971.53	4124.28
2972.13	4045.3
2972.74	3971.87
2973.34	3897.49
2973.94	3777.13
2974.54	3736.66
2975.15	3680.02
2975.75	3597.38
2976.35	3527.88
2976.96	3443.61
2977.56	3372.97
2978.16	3327.98
2978.76	3232.59
2979.36	3162.79
2979.97	3096.16
2980.57	3035.86
2981.17	2969.34
2981.77	2930.19
2982.37	2813.6
2982.97	2813.47
2983.57	2752.62
2984.17	2633.53
2984.77	2612.22
2985.37	2544.41
2985.97	2499.72
2986.57	2464.64
2987.17	2348.71
2987.77	2320.69
2988.37	2275.95
2988.97	2211.36
2989.57	2146.48
2990.17	2134.73
2990.76	2063.57
2991.36	2046.84
2991.96	1958.59
2992.56	1925.75
2993.16	1886.74
2993.75	1832.24
2994.35	1793.94
2994.95	1782.1
2995.54	1744.67
2996.14	1652.18
2996.74	1645.89
2997.33	1599.97
2997.93	1597.19
2998.52	1566.86
2999.12	1471.02
2999.72	1488.7
3000.31	1436.76
3000.91	1386.84
3001.5	1369.68
3002.1	1341.21
3002.69	1328.01
3003.29	1350.54
3003.88	1286.93
3004.47	1254.04
3005.07	1224.33
3005.66	1218.38
3006.26	1205.5
3006.85	1179.46
3007.44	1121.66
3008.04	1128.38
3008.63	1112.34
3009.22	1080.65
3009.81	1068.26
3010.41	1108.13
3011	1042.3
3011.59	1006.37
3012.18	1017.78
3012.77	995.428
3013.36	937.155
3013.96	991.803
3014.55	946.796
3015.14	946.998
3015.73	918.498
3016.32	937.367
3016.91	928.532
3017.5	886.73
3018.09	856.114
3018.68	865.502
3019.27	863.476
3019.86	884.096
3020.45	852.298
3021.04	859.752
3021.63	840.527
3022.22	801.73
3022.8	834.003
3023.39	812.56
3023.98	810.624
3024.57	788.016
3025.16	809.777
3025.74	788.217
3026.33	783.156
3026.92	792.496
3027.5	738.803
3028.09	755.231
3028.68	755.129
3029.26	778.805
3029.85	774.728
3030.44	769.75
3031.02	764.875
3031.61	766.24
3032.19	740.709
3032.78	736.782
3033.37	723.446
3033.95	726.567
3034.54	728.614
3035.12	736.863
3035.71	730.667
3036.29	741.028
3036.87	713.151
3037.46	757.636
3038.04	741.147
3038.63	721.6
3039.21	713.5
3039.79	716.868
3040.38	709.96
3040.96	724.809
3041.54	715.781
3042.12	698.326
3042.71	724.223
3043.29	732.349
3043.87	714.488
3044.45	679.033
3045.03	673.682
3045.62	731.572
3046.2	721.294
3046.78	710.079
3047.36	702.004
3047.94	685.62
3048.52	708.535
3049.1	686.838
3049.68	722.055
3050.26	729.263
3050.84	730.238
3051.42	686.676
3052	741.5
3052.58	697.948
3053.16	680.301
3053.74	708.243
3054.32	732.1
3054.89	705.296
3055.47	731.379
3056.05	692.248
3056.63	734.974
3057.21	728.942
3057.78	702.073
3058.36	720.716
3058.94	696.764
3059.52	727.715
3060.09	725.511
3060.67	730.622
3061.25	764.817
3061.82	753.471
3062.4	734.875
3062.97	726.598
3063.55	715.152
3064.13	759.61
3064.7	727.393
3065.28	748.054
3065.85	702.486
3066.43	725.332
3067	725.39
3067.58	755.428
3068.15	748.061
3068.72	748.864
3069.3	724.753
3069.87	728.596
3070.45	736.652
3071.02	760.341
3071.59	740.719
3072.17	737.718
3072.74	762.645
3073.31	754.403
3073.89	739.854
3074.46	741.775
3075.03	729.2
3075.6	751.83
3076.17	738.38
3076.74	763.295
3077.32	739.705
3077.89	791.646
3078.46	754.601
3079.03	771.278
3079.6	752.666
3080.17	752.58
3080.74	730.684
3081.31	755.285
3081.88	775.713
3082.45	777.528
3083.02	767.995
3083.59	781.208
3084.16	746.923
3084.73	765.308
3085.3	760.996
3085.87	785.627
3086.43	782.475
3087	783.55
3087.57	776.45
3088.14	780.736
3088.71	776.736
3089.28	802.604
3089.84	778.829
3090.41	764.291
3090.98	769.341
3091.54	743.431
3092.11	783.564
3092.68	779.319
3093.24	784.345
3093.81	827.518
3094.38	790.263
3094.94	794.281
3095.51	796.26
3096.07	780.723
3096.64	830.099
3097.2	815.555
3097.77	799.984
3098.33	842.149
3098.9	814.333
3099.46	823.68
3100.03	800.099
3100.59	828.029
3101.15	826.023
3101.72	827.035
3102.28	806.34
3102.84	821.668
3103.41	853.449
3103.97	857.399
3104.53	847.951
3105.1	843.647
3105.66	870.228
3106.22	836.11
3106.78	837.019
3107.34	850.304
3107.91	855.385
3108.47	869.746
3109.03	860.487
3109.59	843.062
3110.15	844.235
3110.71	871.217
3111.27	864.286
3111.83	877.909
3112.39	880.095
3112.95	883.149
3113.51	882.972
3114.07	887.871
3114.63	889.701
3115.19	881.329
3115.75	886.439
3116.31	915.285
3116.87	887.557
3117.43	897.843
3117.98	897.751
3118.54	904.776
3119.1	903.528
3119.66	926.963
3120.22	882.609
3120.77	929.81
3121.33	902.046
3121.89	922.608
3122.44	902.034
3123	918.387
3123.56	926.429
3124.11	916.937
3124.67	905.371
3125.23	913.35
3125.78	953.225
3126.34	937.788
3126.89	964.542
3127.45	935.956
3128	953.598
3128.56	947.62
3129.11	958.028
3129.67	944.747
3130.22	968.363
3130.78	963.135
3131.33	979.4
3131.88	968.912
3132.44	980.988
3132.99	973.577
3133.54	934.412
3134.1	956.872
3134.65	965.035
3135.2	989.668
3135.76	960.998
3136.31	993.884
3136.86	985.731
3137.41	994.993
3137.96	988.84
3138.51	989.843
3139.07	1009.29
3139.62	1018.47
3140.17	993.81
3140.72	1012.25
3141.27	984.54
3141.82	990.688
3142.37	1019.38
3142.92	1024.46
3143.47	1029.5
3144.02	1014.05
3144.57	1018.13
3145.12	1031.53
3145.67	1070.68
3146.22	1055.55
3146.77	1031.21
3147.32	1048.9
3147.86	1049.06
3148.41	1046.02
3148.96	1055.19
3149.51	1064.26
