401.058	1646.15
402.149	1667.32
403.243	1709.17
404.332	1677.14
405.424	1669.59
406.515	1608.32
407.606	1563.23
408.697	1523.05
409.785	1439.79
410.876	1402.67
411.967	1359.86
413.055	1285.99
414.143	1314.92
415.233	1271.6
416.321	1262.73
417.409	1240.78
418.499	1302.54
419.586	1305.86
420.673	1366.86
421.761	1435.46
422.848	1438.71
423.935	1561.36
425.02	1577.96
426.106	1597.36
427.193	1675.63
428.278	1704.81
429.364	1764.2
430.45	1868.59
431.534	1898.63
432.618	1905.17
433.704	1952.6
434.788	1930.61
435.871	2011.73
436.955	1994.54
438.038	1964.41
439.123	1891.08
440.204	1839.09
441.287	1816.94
442.37	1721.61
443.452	1651.35
444.535	1545
445.615	1460.35
446.698	1346.57
447.78	1268.41
448.86	1168.83
449.939	1121.07
451.021	1020.76
452.101	1001.99
453.18	954.534
454.262	913.396
455.341	892.4
456.42	906.418
457.499	852.551
458.578	858.079
459.654	829.384
460.733	810.103
461.811	834.57
462.89	768.018
463.966	803.672
465.044	882.128
466.12	810.778
467.197	835.23
468.273	775.772
469.349	794.339
470.426	793.054
471.501	841.752
472.576	772.159
473.651	794.656
474.726	836.758
475.801	788.097
476.876	792.506
477.95	847.068
479.022	906.202
480.097	872.449
481.171	904.36
482.243	925.923
483.317	902.972
484.388	1018.74
485.46	1028.97
486.533	1122.22
487.605	1099.94
488.676	1155.99
489.747	1195.4
490.818	1194.42
491.889	1327.93
492.959	1334.73
494.03	1422.58
495.1	1399.22
496.171	1478.6
497.239	1520
498.309	1536.32
499.379	1487.37
500.446	1532.91
501.514	1475.17
502.584	1469.06
503.651	1453.23
504.718	1469.68
505.788	1506.41
506.855	1508.4
507.921	1469.18
508.988	1534.29
510.055	1540.81
511.119	1530.01
512.186	1573.38
513.252	1627
514.318	1634.03
515.382	1683.36
516.448	1820.01
517.512	1865.1
518.577	1841.51
519.641	1899.94
520.704	1962.37
521.768	1968.87
522.833	2048.25
523.896	2031.54
524.959	2056.88
526.021	2138.06
527.084	2179.9
528.144	2264.81
529.207	2239.69
530.269	2309.19
531.331	2432.13
532.391	2384.89
533.453	2405.84
534.513	2434.49
535.572	2358.04
536.634	2367.26
537.693	2307.91
538.752	2225.67
539.812	2233.48
540.87	2087.14
541.929	2014.73
542.988	1981.85
544.047	1883.88
545.105	1807.04
546.164	1751.99
547.22	1663.48
548.278	1546.3
549.336	1503.47
550.392	1469.87
551.448	1393.53
552.505	1334.25
553.561	1287.36
554.616	1229.44
555.671	1231.13
556.728	1180.48
557.783	1137.02
558.836	1099.83
559.891	1020.63
560.946	1072.44
562	972.052
563.055	1024.96
564.107	942.723
565.161	934.777
566.213	965.714
567.267	902.203
568.318	871.07
569.37	899.087
570.424	883.682
571.475	851.719
572.526	888.999
573.577	910.591
574.628	940.469
575.679	921.531
576.73	957.901
577.781	945.557
578.829	944.364
579.88	980.978
580.93	917.349
581.978	930.067
583.026	876.508
584.076	845.904
585.124	886.073
586.172	831.541
587.221	865.233
588.269	943.873
589.316	909.44
590.363	918.084
591.41	906.498
592.457	943.576
593.502	924.001
594.549	907.486
595.595	934.386
596.64	842.268
597.686	863.026
598.73	793.628
599.776	829.602
600.82	816.624
601.864	766.78
602.908	710.59
603.953	757.524
604.997	778.097
606.04	718.844
607.083	705.584
608.125	749.336
609.168	708.103
610.211	707.225
611.253	709.917
612.294	709.824
613.336	720.85
614.377	705.191
615.419	707.073
616.459	722.743
617.499	756.781
618.539	740
619.579	689.067
620.619	741.444
621.658	679.528
622.698	746.754
623.737	725.512
624.776	718.139
625.815	685.902
626.852	726.584
627.891	684.287
628.928	706.604
629.966	667.952
631.003	674.435
632.041	708.469
633.077	682.327
634.114	669.039
635.15	670.531
636.185	659.206
637.221	636.028
638.257	653.537
639.292	621.285
640.328	635.099
641.361	603.59
642.396	618.039
643.431	619.436
644.464	578.406
645.497	602.787
646.532	565.617
647.564	591.136
648.597	613.094
649.629	581.78
650.663	564.24
651.695	609.144
652.727	603.37
653.757	559.842
654.789	588.858
655.821	610.523
656.852	576.275
657.882	631.117
658.913	599.803
659.942	596.956
660.973	599.579
662.002	616.799
663.031	592.709
664.06	682.363
665.09	637.482
666.119	633.18
667.147	657.539
668.175	623.224
669.201	613.608
670.229	625.883
671.257	587.318
672.285	635.125
673.311	605.578
674.338	604.665
675.363	593.765
676.389	636.416
677.416	635.801
678.441	614.804
679.466	604.713
680.491	611.08
681.515	609.977
682.54	647.615
683.565	594.028
684.589	621.739
685.613	669.896
686.635	625.857
687.659	656.634
688.681	668.016
689.705	678.441
690.727	703.626
691.75	682.512
692.772	713.185
693.793	739.194
694.814	775.331
695.835	800.275
696.856	768.644
697.877	777.693
698.898	845.953
699.918	819.802
700.937	833.486
701.957	814.821
702.978	849.835
703.996	834.872
705.016	801.378
706.034	792.825
707.052	764.835
708.069	789.549
709.087	771.767
710.107	763.278
711.124	750.224
712.139	739.992
713.156	728.858
714.173	715.857
715.19	682.458
716.205	721.944
717.222	672.624
718.238	641.708
719.253	676.27
720.267	666.544
721.283	685.432
722.297	641.742
723.311	639.565
724.325	654.923
725.339	635.37
726.353	647.173
727.366	659.048
728.38	678.334
729.391	622.176
730.404	664.38
731.417	664.138
732.428	661.924
733.441	651.354
734.452	649.047
735.463	617.442
736.475	624.515
737.486	644.566
738.496	644.544
739.506	641.826
740.516	625.334
741.526	614.291
742.534	604.091
743.544	609.434
744.554	578.045
745.561	591.628
746.571	581.389
747.578	598.711
748.587	574.797
749.594	552.751
750.601	608.717
751.608	561.97
752.615	563.897
753.621	580.571
754.628	593.642
755.634	561.748
756.641	559.297
757.647	529.268
758.651	573.829
759.657	567.757
760.663	509.995
761.666	538.889
762.67	528.041
763.676	535.59
764.679	539.362
765.682	536.581
766.686	535.591
767.689	537.369
768.692	551.23
769.694	517.138
770.697	538.7
771.698	504.862
772.7	512.75
773.703	528.038
774.703	544.135
775.703	547.038
776.705	527.456
777.705	592.302
778.705	555.896
779.705	556.737
780.705	496.391
781.704	549.461
782.704	526.375
783.703	594.368
784.702	616.746
785.701	587.896
786.698	597.152
787.697	594.338
788.694	589.716
789.693	587.001
790.689	637.357
791.686	669.066
792.682	678.347
793.68	650.299
794.676	714.398
795.672	762.706
796.666	795.297
797.662	706.948
798.658	760.198
799.653	849.769
800.647	801.293
801.642	815.993
802.636	823.067
803.631	816.068
804.624	798.817
805.617	806.708
806.61	782.07
807.602	781.594
808.595	775.499
809.587	746.162
810.58	755.81
811.572	758.08
812.564	730.783
813.554	768.438
814.546	783.902
815.536	800.296
816.528	821.282
817.518	832.057
818.507	819.7
819.499	890.597
820.488	960.538
821.477	944.444
822.466	1013.26
823.455	1100.33
824.444	1131.82
825.431	1219.5
826.42	1333.92
827.408	1376.6
828.395	1463.71
829.383	1608.95
830.369	1703.45
831.356	1859.29
832.342	1964.9
833.33	2115.11
834.315	2234.77
835.301	2478.58
836.287	2676.95
837.27	2840.2
838.256	2969.12
839.241	3150.63
840.226	3106.18
841.209	3084.46
842.194	3012.05
843.177	2955.23
844.16	2739.58
845.145	2613.16
846.127	2495.99
847.11	2365.02
848.092	2267.05
849.074	2235.14
850.056	2213.17
851.039	2265.47
852.018	2231.11
853	2283.02
853.982	2390.07
854.962	2454.95
855.941	2451.19
856.923	2458.85
857.902	2432.84
858.881	2346.32
859.86	2247.8
860.839	2014.68
861.818	1911.94
862.797	1836.54
863.776	1786.67
864.754	1686.91
865.733	1602.75
866.709	1589.5
867.687	1527.57
868.664	1503.5
869.642	1509.95
870.618	1461.31
871.594	1378.68
872.569	1414.86
873.545	1312.92
874.521	1372.13
875.496	1347.46
876.471	1312.56
877.447	1290.44
878.42	1296.77
879.395	1303.94
880.37	1274.21
881.343	1199.39
882.315	1174.43
883.29	1209.48
884.262	1273.2
885.235	1165.49
886.207	1211.64
887.179	1183.01
888.151	1138.63
889.123	1188.23
890.095	1158.6
891.065	1170.5
892.037	1227.61
893.009	1226.68
893.978	1225.75
894.948	1263.57
895.919	1316.24
896.888	1346.9
897.857	1357.39
898.826	1435.26
899.795	1494.58
900.764	1568.47
901.732	1638.38
902.701	1725.57
903.668	1851.34
904.636	1911.58
905.604	1980.25
906.57	2041.8
907.538	2101.82
908.504	2173.25
909.47	2145.39
910.436	2128.79
911.402	2115.95
912.367	2120.59
913.333	2131.52
914.298	2012.79
915.264	1955.76
916.229	1882
917.192	1856.38
918.157	1751.34
919.12	1679.73
920.084	1640.58
921.047	1600.46
922.01	1537.97
922.972	1468.8
923.935	1452.35
924.897	1385.78
925.859	1308.11
926.821	1288.93
927.783	1268.9
928.743	1196.86
929.705	1216.68
930.667	1171.4
931.626	1133.48
932.586	1133.68
933.547	1094.92
934.506	1083.26
935.466	1074.5
936.425	1017.37
937.384	1002.06
938.343	1019.28
939.301	1002.85
940.26	1015.29
941.217	1017.48
942.175	1044.04
943.132	1023.07
944.09	1046.1
945.046	1036.45
946.002	1064.18
946.96	1099.37
947.916	998.645
948.872	1054.3
949.828	1039.61
950.783	1086.76
951.737	1064.4
952.692	1047.54
953.647	1076.54
954.601	1103.6
955.556	1071.59
956.509	1064.14
957.464	1103.83
958.417	1089.28
959.369	1088.86
960.322	1094.89
961.275	1125.07
962.227	1140.83
963.179	1135.68
964.132	1171.84
965.082	1236.32
966.034	1219.38
966.984	1212.11
967.936	1289.55
968.885	1290.83
969.837	1366.16
970.787	1370.66
971.736	1420.94
972.686	1396.82
973.635	1474.16
974.584	1496.19
975.533	1534.34
976.48	1626.13
977.429	1665.43
978.378	1595.89
979.325	1629.58
980.273	1623.82
981.22	1678.08
982.166	1654.34
983.113	1611.66
984.061	1564.09
985.007	1535.08
985.953	1537.82
986.897	1516.23
987.843	1506.04
988.789	1452.13
989.734	1434.01
990.678	1351.48
991.623	1331.62
992.567	1291.09
993.51	1231.72
994.453	1206.81
995.398	1176.23
996.341	1196.06
997.284	1178.6
998.227	1134.17
999.168	1107.56
1000.11	1141.61
1001.05	1123.52
1001.99	1068.26
1002.94	1054.09
1003.88	1035.38
1004.82	1008.4
1005.76	1029.97
1006.7	1088.87
1007.64	1062.94
1008.58	1035
1009.52	1073.98
1010.46	1036.37
1011.4	1065.77
1012.34	1074.76
1013.27	1069.08
1014.21	1079.53
1015.15	1090.26
1016.09	1074.1
1017.03	1119.51
1017.96	1083.58
1018.9	1066.09
1019.84	1087.65
1020.77	1087.66
1021.71	1080.25
1022.65	1115.99
1023.58	1118.34
1024.52	1144.31
1025.45	1117.12
1026.39	1162.02
1027.32	1126.18
1028.26	1129.48
1029.19	1170.12
1030.12	1164.69
1031.06	1153.66
1031.99	1140.91
1032.92	1179.11
1033.86	1166.78
1034.79	1210.99
1035.72	1143.13
1036.65	1188.15
1037.59	1158.56
1038.52	1177.88
1039.45	1185.82
1040.38	1187.16
1041.31	1214
1042.24	1241.77
1043.17	1262.87
1044.1	1240.43
1045.03	1269.05
1045.96	1266.57
1046.89	1340.01
1047.82	1341.82
1048.75	1327.74
1049.68	1335.56
1050.61	1379.42
1051.53	1384.16
1052.46	1385.72
1053.39	1460.17
1054.32	1432.62
1055.24	1553.33
1056.17	1537.18
1057.1	1606.81
1058.02	1662.4
1058.95	1702.92
1059.88	1736.8
1060.8	1702.06
1061.73	1687.24
1062.65	1635.28
1063.58	1647.25
1064.5	1624
1065.43	1627.38
1066.35	1576.07
1067.27	1652.13
1068.2	1679.91
1069.12	1687.22
1070.04	1765.85
1070.97	1785.64
1071.89	1774.53
1072.81	1783.05
1073.73	1826.25
1074.65	1762.03
1075.58	1785.22
1076.5	1782.36
1077.42	1738.19
1078.34	1691.89
1079.26	1639.81
1080.18	1654.35
1081.1	1590.96
1082.02	1510.52
1082.94	1498.53
1083.86	1382.02
1084.78	1389.97
1085.7	1378.02
1086.61	1321.55
1087.53	1266.16
1088.45	1236.47
1089.37	1216.27
1090.28	1270.91
1091.2	1290.33
1092.12	1239.5
1093.03	1238.89
1093.95	1284.73
1094.87	1329.74
1095.78	1338.92
1096.7	1348.22
1097.61	1394.49
1098.53	1405.73
1099.44	1438.65
1100.36	1441.19
1101.27	1489.04
1102.19	1496.11
1103.1	1471.93
1104.01	1544.18
1104.93	1541.82
1105.84	1606.73
1106.75	1624.65
1107.67	1657.03
1108.58	1635.75
1109.49	1708.12
1110.4	1653.57
1111.31	1738.7
1112.22	1775.3
1113.14	1815.5
1114.05	1838.67
1114.96	1840.27
1115.87	1862.87
1116.78	1964.11
1117.69	2041.72
1118.6	2074.7
1119.51	2136.66
1120.42	2203.04
1121.32	2290.11
1122.23	2311.31
1123.14	2281.19
1124.05	2294.38
1124.96	2223.19
1125.86	2225.21
1126.77	2123.96
1127.68	2137.81
1128.58	2106.41
1129.49	2104.59
1130.4	2071.8
1131.3	2067.15
1132.21	1993.35
1133.11	2099.92
1134.02	2099.93
1134.92	2145.01
1135.83	2205.7
1136.73	2203.04
1137.64	2179.43
1138.54	2143.21
1139.44	2075.39
1140.35	2020.7
1141.25	1950.8
1142.15	1929.49
1143.06	1847.47
1143.96	1749.31
1144.86	1772.88
1145.76	1699.2
1146.66	1613.86
1147.57	1496.85
1148.47	1441.62
1149.37	1418.72
1150.27	1351.05
1151.17	1300.58
1152.07	1206.31
1152.97	1183.5
1153.87	1139.69
1154.77	1073.87
1155.67	1030.84
1156.57	1007.76
1157.46	940.858
1158.36	895.938
1159.26	903.53
1160.16	832.155
1161.05	794.171
1161.95	809.524
1162.85	802.823
1163.75	764.471
1164.64	733.581
1165.54	717.843
1166.44	693.549
1167.33	704.566
1168.23	674.817
1169.12	709.873
1170.02	657.506
1170.91	673.625
1171.81	671.633
1172.7	627.732
1173.59	643.679
1174.49	604.424
1175.38	632.593
1176.27	628.386
1177.17	616.54
1178.06	584.775
1178.95	648.843
1179.84	617.22
1180.74	623.619
1181.63	627.253
1182.52	626.161
1183.41	618.383
1184.3	638.908
1185.19	623.347
1186.08	615.299
1186.97	633.71
1187.86	621.882
1188.75	608.203
1189.64	646.441
1190.53	631.816
1191.42	640.772
1192.31	668.597
1193.2	652.225
1194.09	654.812
1194.97	696.113
1195.86	660.284
1196.75	682.79
1197.64	706.166
1198.52	711.6
1199.41	723.604
1200.29	713.999
1201.18	753.376
1202.07	749.518
1202.95	760.695
1203.84	765.198
1204.72	786.5
1205.61	728.732
1206.49	764.938
1207.38	757.065
1208.26	770.043
1209.14	787.948
1210.03	763.79
1210.91	772.61
1211.79	756.017
1212.68	759.959
1213.56	760.864
1214.44	767.191
1215.32	750.792
1216.21	768.191
1217.09	773.438
1217.97	794.832
1218.85	790.181
1219.73	805.531
1220.61	812.661
1221.49	803.927
1222.37	891.277
1223.25	930.548
1224.13	979.071
1225.01	1076.44
1225.89	1132.13
1226.77	1194.35
1227.65	1205.72
1228.52	1285.27
1229.4	1223.51
1230.28	1216.74
1231.16	1205.38
1232.03	1241.38
1232.91	1233.79
1233.79	1251.66
1234.66	1225.73
1235.54	1221.42
1236.42	1169.49
1237.29	1137.38
1238.17	1109.05
1239.04	1045.63
1239.92	1037.35
1240.79	978.785
1241.67	976.327
1242.54	937.751
1243.41	941.031
1244.29	914.819
1245.16	941.963
1246.03	943.422
1246.91	932.465
1247.78	947.181
1248.65	932.176
1249.52	924.64
1250.4	944.667
1251.27	943.632
1252.14	948.355
1253.01	946.479
1253.88	985.763
1254.75	967.787
1255.62	1010.93
1256.49	1001.42
1257.36	999.421
1258.23	1003.96
1259.1	1042.79
1259.97	1036.64
1260.84	1014.27
1261.71	1038.73
1262.57	1052.76
1263.44	1072.6
1264.31	1132.58
1265.18	1131.52
1266.05	1160.96
1266.91	1134.06
1267.78	1249.19
1268.65	1334.63
1269.51	1368.46
1270.38	1471.77
1271.24	1567.33
1272.11	1653.22
1272.97	1765.62
1273.84	1809.38
1274.7	1872.14
1275.57	1930.12
1276.43	1964.32
1277.3	1955.6
1278.16	1942.13
1279.02	1928.81
1279.89	1849.9
1280.75	1762.21
1281.61	1701.74
1282.48	1640.54
1283.34	1571.93
1284.2	1497.62
1285.06	1403.27
1285.92	1316.76
1286.78	1302.41
1287.65	1217.84
1288.51	1182.49
1289.37	1101.81
1290.23	1098.26
1291.09	1071
1291.95	1045.79
1292.81	1002.72
1293.67	991.51
1294.52	960.569
1295.38	935.094
1296.24	931.079
1297.1	926.842
1297.96	932.131
1298.81	915.271
1299.67	898.752
1300.53	886.189
1301.39	913.803
1302.24	904.56
1303.1	877.008
1303.95	867.935
1304.81	848.288
1305.67	885.865
1306.52	862.452
1307.38	871.1
1308.23	891.602
1309.09	873.354
1309.94	892.09
1310.8	906.579
1311.65	890.416
1312.5	886.77
1313.35	890.921
1314.21	902.138
1315.06	913.141
1315.91	970.008
1316.77	969.473
1317.62	976.623
1318.47	975.76
1319.32	1031.61
1320.17	1035.52
1321.02	1066.78
1321.87	1078.04
1322.73	1111.71
1323.57	1131.8
1324.43	1163.44
1325.28	1200.91
1326.13	1212.9
1326.97	1245.14
1327.82	1250.01
1328.67	1274.71
1329.52	1301.02
1330.37	1317.98
1331.22	1335.55
1332.06	1337.73
1332.91	1400.18
1333.76	1425.49
1334.61	1396.89
1335.45	1405.65
1336.3	1432.83
1337.15	1471.02
1337.99	1473.15
1338.84	1461.68
1339.68	1462.14
1340.53	1495.8
1341.37	1509.56
1342.22	1513.61
1343.06	1505.51
1343.91	1518.96
1344.75	1526.22
1345.6	1539.08
1346.44	1554.23
1347.28	1555.23
1348.12	1546.83
1348.97	1541.16
1349.81	1570.61
1350.65	1533.63
1351.49	1583.3
1352.33	1576.62
1353.18	1566.85
1354.02	1553.38
1354.86	1555.17
1355.7	1547.14
1356.54	1564.63
1357.38	1601.36
1358.22	1580.19
1359.06	1578.11
1359.9	1613.18
1360.74	1595.01
1361.58	1587.76
1362.42	1565.09
1363.25	1547.59
1364.09	1569.36
1364.93	1562.03
1365.77	1534.58
1366.6	1557.04
1367.19	1601.34
1368.1	1580.93
1369.01	1513.16
1369.92	1524.03
1370.83	1527.87
1371.74	1522.71
1372.65	1526.28
1373.56	1465.82
1374.47	1498.79
1375.37	1495.31
1376.28	1463.24
1377.19	1450.73
1378.1	1425.37
1379	1414.69
1379.91	1417.74
1380.82	1407.04
1381.72	1385.51
1382.63	1373.68
1383.54	1352.88
1384.44	1368.12
1385.35	1340.24
1386.25	1350.44
1387.16	1364.56
1388.06	1372.92
1388.97	1332.74
1389.87	1322.84
1390.78	1385.87
1391.68	1400.34
1392.59	1355.65
1393.49	1364.29
1394.39	1299.24
1395.3	1320.27
1396.2	1269.62
1397.1	1172.64
1398	1109.66
1398.91	1110.5
1399.81	1046
1400.71	1050.97
1401.61	1030
1402.52	977.287
1403.42	960.1
1404.32	969.726
1405.22	926.585
1406.12	927.619
1407.02	953.637
1407.92	877.43
1408.82	948.653
1409.72	888.987
1410.62	891.489
1411.52	896.826
1412.42	887.769
1413.32	924.449
1414.21	905.708
1415.11	856.442
1416.01	872.942
1416.91	858.97
1417.81	866.95
1418.71	811.314
1419.6	871.835
1420.5	825.089
1421.4	850.728
1422.29	840.314
1423.19	819.41
1424.09	816.477
1424.98	829.594
1425.88	865.433
1426.77	836.587
1427.67	824.882
1428.56	830.34
1429.46	827.313
1430.35	849.054
1431.25	830.015
1432.14	832.917
1433.04	881.552
1433.93	848.544
1434.82	929.779
1435.72	890.236
1436.61	926.9
1437.5	948.373
1438.39	967.963
1439.29	1028.6
1440.18	1078.73
1441.07	1078.15
1441.96	1103.29
1442.85	1091.13
1443.75	1144.11
1444.64	1151.35
1445.53	1161.68
1446.42	1175.97
1447.31	1232.48
1448.2	1192.82
1449.09	1175.95
1449.98	1223.28
1450.87	1233.07
1451.76	1271.8
1452.65	1263.66
1453.54	1270.28
1454.43	1292.58
1455.31	1289.91
1456.2	1290.91
1457.09	1296.37
1457.98	1286.92
1458.87	1339.04
1459.75	1353.43
1460.64	1328.42
1461.53	1375.38
1462.41	1417.94
1463.3	1428.77
1464.19	1528.7
1465.07	1580.82
1465.96	1645.1
1466.85	1619.72
1467.73	1643.71
1468.61	1594.03
1469.5	1608.59
1470.38	1573.85
1471.27	1576.07
1472.15	1562.73
1473.04	1591.96
1473.92	1642.39
1474.8	1729.57
1475.69	1686.59
1476.57	1723.39
1477.45	1678.89
1478.34	1694.9
1479.22	1634.29
1480.1	1591.99
1480.98	1626.09
1481.86	1622.66
1482.75	1550.63
1483.63	1529.78
1484.51	1503.07
1485.39	1415.56
1486.27	1231.67
1487.15	1098.58
1488.03	974.413
1488.91	899.623
1489.79	803.418
1490.67	777.714
1491.55	696.805
1492.43	687.443
1493.31	638.559
1494.19	620.669
1495.07	625.982
1495.94	579.292
1496.82	573.053
1497.7	572.542
1498.58	573.896
1499.45	551.206
1500.33	521.829
1501.21	519.356
1502.09	536.062
1502.96	503.97
1503.84	517.837
1504.72	527.862
1505.59	500.626
1506.47	511.563
1507.34	495.775
1508.22	492.39
1509.09	475.717
1509.97	485.734
1510.84	491.042
1511.72	518.222
1512.59	497.925
1513.46	476.663
1514.34	493.273
1515.21	460.543
1516.08	500.666
1516.96	484.931
1517.83	446.582
1518.7	495.095
1519.57	498.337
1520.45	463.967
1521.32	483.334
1522.19	448.201
1523.06	454.521
1523.93	482.5
1524.8	451.279
1525.67	474.526
1526.54	467.656
1527.41	460.741
1528.28	462.25
1529.16	465.638
1530.02	479.375
1530.89	477.246
1531.76	458.335
1532.63	462.892
1533.5	444.997
1534.37	459.872
1535.24	468.164
1536.11	473.616
1536.97	450.964
1537.84	452.67
1538.71	444.12
1539.57	479.635
1540.44	456.244
1541.31	465.687
1542.18	477.98
1543.04	488.398
1543.91	458.428
1544.77	440.567
1545.64	455.472
1546.5	472.216
1547.37	479.602
1548.24	446.734
1549.1	444.96
1549.96	460.245
1550.83	470.029
1551.69	459.156
1552.56	434.067
1553.42	433.363
1554.28	449.537
1555.15	445.806
1556.01	431.672
1556.87	458.257
1557.73	450.937
1558.6	455.085
1559.46	464.04
1560.32	457.783
1561.18	457.112
1562.04	440.153
1562.9	455.442
1563.77	448.833
1564.63	467.023
1565.49	454.835
1566.35	462.759
1567.21	429.718
1568.07	462.604
1568.93	455.354
1569.79	461.455
1570.64	470.379
1571.5	448.537
1572.36	437.188
1573.22	446.964
1574.08	473.13
1574.94	466.651
1575.8	451.531
1576.65	462.446
1577.51	447.306
1578.37	448.533
1579.22	469.055
1580.08	465.377
1580.94	447.156
1581.79	484.159
1582.65	451.437
1583.51	437.143
1584.36	444.219
1585.22	460.055
1586.07	460.319
1586.93	457.621
1587.78	476.319
1588.63	460.867
1589.49	443.401
1590.34	451.238
1591.2	456.08
1592.05	474.514
1592.9	451.897
1593.76	477.093
1594.61	450.612
1595.46	475.94
1596.32	482.84
1597.17	500.591
1598.02	492.988
1598.87	471.662
1599.72	494.285
1600.58	490.389
1601.43	489.311
1602.28	503.783
1603.13	465.319
1603.98	491.386
1604.83	449
1605.68	516.123
1606.53	488.528
1607.38	480.547
1608.23	518.499
1609.08	510.524
1609.93	490.754
1610.77	477.727
1611.62	482.196
1612.47	490.541
1613.32	483.335
1614.17	502.505
1615.01	492.548
1615.86	470.964
1616.71	514.576
1617.55	491.956
1618.4	510.102
1619.25	501.897
1620.09	503.351
1620.94	479.557
1621.79	483.942
1622.63	500.006
1623.48	498.693
1624.32	512.935
1625.17	478.826
1626.01	491.202
1626.86	502.612
1627.7	487.894
1628.54	507.016
1629.39	510.63
1630.23	489.07
1631.07	496.459
1631.92	488.345
1632.76	506.262
1633.6	507.765
1634.45	494.84
1635.29	493.528
1636.13	507.66
1636.97	530.463
1637.81	523.426
1638.66	529.856
1639.5	523.796
1640.34	525.468
1641.18	533.926
1642.02	509.777
1642.86	529.881
1643.7	538.478
1644.54	532.646
1645.38	530.633
1646.22	540.12
1647.06	557.284
1647.89	519.671
1648.73	546.517
1649.57	534.036
1650.41	555.322
1651.25	544.957
1652.09	530.769
1652.92	559.904
1653.76	515.684
1654.6	544.62
1655.43	553.224
1656.27	541.568
1657.11	548.331
1657.94	554.286
1658.78	564.269
1659.62	534.708
1660.45	537.021
1661.29	541.17
1662.12	533.555
1662.96	542.302
1663.79	532.599
1664.62	546.225
1665.46	523.112
1666.29	524.38
1667.13	522.839
1667.96	519.396
1668.79	538.347
1669.63	541.691
1670.46	530.342
1671.29	518.91
1672.12	526.953
1672.96	512.458
1673.79	501.833
1674.62	505.878
1675.45	509.961
1676.28	519.005
1677.11	483.988
1677.95	507.865
1678.78	512.136
1679.61	485.875
1680.44	490.003
1681.27	484.186
1682.1	469.433
1682.93	492.087
1683.75	456.654
1684.58	500.118
1685.41	465.763
1686.24	482.725
1687.07	465.147
1687.9	468.287
1688.73	464.488
1689.55	511.123
1690.38	456.809
1691.21	456.872
1692.04	442.015
1692.86	436.984
1693.69	465.573
1694.52	454.521
1695.34	463.319
1696.17	438.525
1696.99	450.485
1697.82	433.781
1698.64	438.916
1699.47	418.214
1700.29	450.069
1701.12	424.22
1701.94	445.967
1702.77	418.963
1703.59	424.706
1704.41	421.5
1705.24	425.254
1706.06	430.021
1706.88	428.857
1707.71	427.713
1708.53	421.619
1709.35	411.553
1710.17	421.308
1711	421.106
1711.82	411.94
1712.64	433.467
1713.46	414.349
1714.28	421.009
1715.1	412.861
1715.92	392.885
1716.74	411.535
1717.56	432.129
1718.38	440.757
1719.2	418.613
1720.02	402.334
1720.84	407.758
1721.66	429.984
1722.48	417.813
1723.3	408.749
1724.11	423.429
1724.93	411.524
1725.75	402.493
1726.57	405.153
1727.39	389.97
1728.2	391.454
1729.02	404.721
1729.84	418.026
1730.65	404.913
1731.47	393.83
1732.29	418.038
1733.1	415.742
1733.92	381.097
1734.73	416.879
1735.55	423.288
1736.36	425.811
1737.18	388.356
1737.99	401.681
1738.81	396.457
1739.62	414.584
1740.43	404.42
1741.25	397.177
1742.06	384.131
1742.87	409.016
1743.69	401.872
1744.5	386.993
1745.31	385.71
1746.13	380.552
1746.94	408.348
1747.75	400.318
1748.56	382.652
1749.37	388.252
1750.18	393.863
1750.99	381.083
1751.81	406.98
1752.61	380.644
1753.42	414.263
1754.24	412.142
1755.04	392.666
1755.85	402.196
1756.66	397.209
1757.47	379.606
1758.28	383.192
1759.09	390.587
1759.9	387.362
1760.71	395.753
1761.52	396.504
1762.32	387.695
1763.13	418.452
1763.94	390.427
1764.74	382.623
1765.55	385.4
1766.36	393.962
1767.17	373.637
1767.97	373.611
1768.78	388.111
1769.58	383.356
1770.39	378.593
1771.19	390.217
1772	383.454
1772.8	398.891
1773.61	378.573
1774.41	382.434
1775.22	369.874
1776.02	386.341
1776.83	382.493
1777.63	395.102
1778.43	397.081
1779.23	393.284
1780.04	382.749
1780.84	393.599
1781.64	408.388
1782.44	389.194
1783.25	401.085
1784.05	381.813
1784.85	390.738
1785.65	396.736
1786.45	364.694
1787.25	389.235
1788.05	356.184
1788.86	383.694
1789.65	383.844
1790.46	370.274
1791.25	346.876
1792.05	392.033
1792.85	376.456
1793.65	379.525
1794.45	351.225
1795.25	366.162
1796.05	382.153
1796.85	373.588
1797.64	372.886
1798.44	374.124
1799.24	500.71
1800.04	502.923
1800.83	359.755
1801.63	382.581
1802.43	386.618
1803.22	396.597
1804.02	364.98
1804.82	391.79
1805.61	365.071
1806.41	358.152
1807.2	366.104
1808	393.92
1808.79	388.024
1809.59	362.283
1810.38	382.251
1811.18	363.446
1811.97	377.41
1812.76	387.326
1813.56	366.315
1814.35	376.093
1815.14	376.905
1815.94	369.803
1816.73	373.721
1817.52	383.688
1818.31	367.82
1819.1	389.769
1819.9	346.914
1820.69	392.63
1821.48	365.56
1822.27	356.396
1823.06	395.033
1823.85	377.936
1824.64	360.859
1825.43	342.781
1826.22	379.409
1827.01	386.15
1827.8	382.939
1828.59	384.723
1829.38	368.652
1830.17	365.534
1830.96	400.183
1831.74	381.118
1832.53	376.899
1833.32	364.679
1834.11	360.367
1834.89	368.93
1835.68	370.542
1836.47	380.084
1837.26	371.81
1838.04	360.585
1838.83	372.107
1839.61	371.738
1840.4	366.398
1841.19	349.191
1841.97	385.203
1842.76	347.305
1843.54	348.856
1844.33	350.461
1845.11	369.818
1845.89	376.444
1846.68	390.946
1847.46	366.168
1848.25	372.784
1849.03	384.281
1849.81	374.201
1850.6	369.049
1851.38	363.926
1852.16	347.06
1852.94	367.406
1853.72	359.314
1854.51	351.188
1855.29	348.9
1856.07	346.59
1856.85	383.333
1857.63	356.589
1858.41	334.765
1859.19	374.38
1859.97	363.33
1860.75	365.966
1861.53	369.631
1862.31	357.775
1863.09	355.685
1863.87	382.78
1864.65	389.399
1865.43	384.275
1866.21	366.446
1866.99	381.6
1867.76	355.947
1868.54	363.32
1869.32	351.354
1870.1	369.508
1870.87	361.578
1871.65	355.646
1872.43	337.144
1873.2	345.756
1873.98	354.34
1874.76	380.33
1875.53	350.145
1876.31	372.288
1877.08	346.064
1877.86	365.409
1878.63	355.724
1879.41	352.812
1880.18	354.713
1880.96	330.399
1881.73	347.75
1882.5	352.5
1883.28	357.279
1884.05	342.699
1884.82	359.185
1885.6	349.485
1886.37	367.919
1887.14	348.471
1887.91	356.19
1888.68	328.944
1889.46	341.541
1890.23	324.062
1891	367.885
1891.77	362.212
1892.54	374.138
1893.31	358.849
1894.08	364.052
1894.85	349.699
1895.62	367.522
1896.39	346.111
1897.16	330.438
1897.93	332.295
1898.7	354.682
1899.47	359.492
1900.24	350.694
1901.01	341.023
1901.77	341.24
1902.54	334.628
1903.31	336.823
1904.08	325.2
1904.84	357.8
1905.61	346.086
1906.38	338.278
1907.14	339.328
1907.91	350.249
1908.68	346.401
1909.44	361.335
1910.21	335.807
1910.97	351.8
1911.74	332.207
1912.51	327.442
1913.27	332.574
1914.03	360.511
1914.8	356.689
1915.56	334.947
1916.33	349.922
1917.09	351.952
1917.85	343.014
1918.62	335.043
1919.38	320.092
1920.14	348.937
1920.9	325.059
1921.67	293.242
1922.43	322.255
1923.19	351.369
1923.95	348.613
1924.71	354.846
1925.47	341.035
1926.24	310.113
1927	345.172
1927.76	337.105
1928.52	335.991
1929.28	336.848
1930.04	330.68
1930.8	333.521
1931.56	348.383
1932.32	350.254
1933.08	336.151
1933.83	369.156
1934.59	363.167
1935.35	339.157
1936.11	355.195
1936.87	349.113
1937.62	331.91
1938.38	349.704
1939.14	358.428
1939.89	347.133
1940.65	339.899
1941.41	327.721
1942.16	344.591
1942.92	313.423
1943.68	341.22
1944.43	348.92
1945.19	348.539
1945.94	332.138
1946.7	343.676
1947.45	334.291
1948.21	332.921
1948.96	333.582
1949.71	336.265
1950.47	354.875
1951.22	306.908
1951.98	348.387
1952.73	338.19
1953.48	311.098
1954.23	365.313
1954.99	344.054
1955.74	349.495
1956.49	327.2
1957.24	345.465
1957.99	340.07
1958.75	325.891
1959.5	337.428
1960.25	371.654
1961	343.787
1961.75	352.315
1962.5	322.407
1963.25	342.625
1964	331.376
1964.75	379.022
1965.5	349.167
1966.25	346.78
1967	324.787
1967.74	335.034
1968.49	334.453
1969.24	345.535
1969.99	332.258
1970.74	360.89
1971.48	333.211
1972.23	335.774
1972.98	360.738
1973.73	344.002
1974.47	324.332
1975.22	342.412
1975.96	350.701
1976.71	341.5
1977.46	331.329
1978.2	328.928
1978.95	330.456
1979.69	323.395
1980.44	339.561
1981.18	334.577
1981.93	360.445
1982.67	345.796
1983.41	344.557
1984.16	353.808
1984.9	312.954
1985.64	323.046
1986.39	334.074
1987.13	330.74
1987.87	325.562
1988.61	322.374
1989.36	345.083
1990.1	364.939
1990.84	350.362
1991.58	333.883
1992.32	338.449
1993.06	323.922
1993.81	315.178
1994.55	339.948
1995.29	337.073
1996.03	311.305
1996.77	344.879
1997.51	323.921
1998.24	331.66
1998.98	319.243
1999.72	328.827
2000.46	343.183
2001.2	331.638
2001.94	346.004
2002.68	305.707
2003.41	335.491
2004.15	324.983
2004.89	336.57
2005.63	318.356
2006.36	308.761
2007.1	319.345
2007.84	318.385
2008.57	315.517
2009.31	323.278
2010.05	284.84
2010.78	332.23
2011.52	318.915
2012.25	320.074
2012.99	309.61
2013.72	315.536
2014.46	304.001
2015.19	312.762
2015.92	298.276
2016.66	317.736
2017.39	340.189
2018.13	313.231
2018.86	315.437
2019.59	322.545
2020.32	288.751
2021.06	320.208
2021.79	295.838
2022.52	313.004
2023.25	291.674
2023.98	333.992
2024.72	314.678
2025.45	321.155
2026.18	309.965
2026.91	294.318
2027.64	312.524
2028.37	312.797
2029.1	315.248
2029.83	298.992
2030.56	283.364
2031.29	292.731
2032.02	307.792
2032.75	312.164
2033.47	316.443
2034.2	326.495
2034.93	304.554
2035.66	289.061
2036.39	308.761
2037.11	302.056
2037.84	312.298
2038.57	300.732
2039.3	314.6
2040.02	319.6
2040.75	303.241
2041.47	316.087
2042.2	321.157
2042.93	312.71
2043.65	311.846
2044.38	308.373
2045.1	304.126
2045.83	307.38
2046.55	301.317
2047.28	302.609
2048	307.323
2048.73	320.75
2049.45	309.399
2050.17	311.367
2050.9	313.587
2051.62	327.318
2052.34	300.648
2053.07	322.153
2053.79	322.184
2054.51	314.024
2055.23	320.742
2055.95	310.493
2056.68	303.18
2057.4	308.321
2058.12	314.649
2058.84	317.131
2059.56	322.875
2060.28	318.419
2061	317.226
2061.72	296.524
2062.44	312.99
2063.16	314.748
2063.88	308.681
2064.6	307.255
2065.32	328.047
2066.03	315.382
2066.75	318.995
2067.47	319.024
2068.19	325.745
2068.91	323.037
2069.62	317.432
2070.34	316.238
2071.06	317.025
2071.77	316.295
2072.49	326.01
2073.21	326.158
2073.92	318.44
2074.64	314.311
2075.36	317.843
2076.07	316.309
2076.79	313.463
2077.5	312.289
2078.22	321.934
2078.93	323.729
2079.64	310.548
2080.36	309.221
2081.07	312.177
2081.79	306.281
2082.5	310.219
2083.21	307.53
2083.93	317.73
2084.64	326.111
2085.35	332.174
2086.07	319.265
2086.78	315.513
2087.49	319.837
2088.2	306.623
2088.91	312.072
2089.62	314.594
2090.33	311.764
2091.04	314.096
2091.76	321.741
2092.47	333.013
2093.18	313.053
2093.89	331.446
2094.6	322.087
2095.3	305.835
2096.01	318.072
2096.72	314.756
2097.43	320.117
2098.14	317.962
2098.85	314.258
2099.56	315.018
2100.09	306.088
2100.87	333.634
2101.65	338.451
2102.43	326.475
2103.21	315.475
2103.99	303.451
2104.77	313.082
2105.55	309.821
2106.32	312.435
2107.1	315.048
2107.88	327.537
2108.66	335.187
2109.44	320.344
2110.22	332.061
2110.99	305.485
2111.77	334.766
2112.55	308.998
2113.33	306.691
2114.1	328.826
2114.88	341.197
2115.66	327.294
2116.43	328.157
2117.21	304.692
2117.99	315.409
2118.76	309.499
2119.54	325.987
2120.31	340.469
2121.09	314.94
2121.86	298.21
2122.64	323.401
2123.41	322.299
2124.19	333.876
2124.96	321.143
2125.74	339.61
2126.51	334.768
2127.28	317.302
2128.06	307.633
2128.83	335.957
2129.61	321.359
2130.38	331.099
2131.15	326.2
2131.92	325.209
2132.7	294.983
2133.47	314.517
2134.24	307.723
2135.01	327.273
2135.78	320.466
2136.55	326.35
2137.33	325.416
2138.1	298.129
2138.87	307.996
2139.64	318.888
2140.41	321.023
2141.18	320.258
2141.95	323.436
2142.72	324.662
2143.49	320.956
2144.26	318.184
2145.03	322.254
2145.8	325.325
2146.57	312.66
2147.33	313.817
2148.1	316.998
2148.87	307.383
2149.64	310.593
2150.41	300.918
2151.17	326.819
2151.94	317.067
2152.71	292.44
2153.48	309.466
2154.24	322.592
2155.01	299.009
2155.78	337.07
2156.54	307.487
2157.31	306.733
2158.08	323.916
2158.84	305.147
2159.61	312.298
2160.37	299.423
2161.14	301.514
2161.9	334.629
2162.67	316.742
2163.43	302.898
2164.2	304.14
2164.96	321.5
2165.72	343.937
2166.49	314.044
2167.25	311.224
2168.01	304.292
2168.78	292.255
2169.54	328.61
2170.3	310.532
2171.07	299.557
2171.83	319.942
2172.59	322.194
2173.35	294.084
2174.11	313.499
2174.88	322.736
2175.64	309.601
2176.4	311.62
2177.16	286.279
2177.92	318.761
2178.68	326.963
2179.44	330.153
2180.2	331.349
2180.96	309.183
2181.72	300.189
2182.48	333.881
2183.24	322.783
2184	317.749
2184.76	308.612
2185.52	310.653
2186.28	324.907
2187.04	297.428
2187.79	323.919
2188.55	320.895
2189.31	327.039
2190.07	307.719
2190.83	318.952
2191.58	323.051
2192.34	337.331
2193.1	297.59
2193.85	324.042
2194.61	314.787
2195.37	323.808
2196.12	323.619
2196.88	323.409
2197.63	339.472
2198.39	323.064
2199.15	321.957
2199.9	304.656
2200.66	336.099
2201.41	328.94
2202.16	312.599
2202.92	319.54
2203.67	304.141
2204.43	326.24
2205.18	313.941
2205.93	327.017
2206.69	311.819
2207.44	302.726
2208.19	302.737
2208.95	334.086
2209.7	309.718
2210.45	299.481
2211.2	319.556
2211.95	282.015
2212.71	309.145
2213.46	293.859
2214.21	300.779
2214.96	318.768
2215.71	297.414
2216.46	316.34
2217.21	299.996
2217.96	315.822
2218.71	341.647
2219.46	320.281
2220.21	313.018
2220.96	316.832
2221.71	292.655
2222.46	310.566
2223.21	324.46
2223.96	313.31
2224.71	315.121
2225.46	329.874
2226.21	325.629
2226.95	315.426
2227.7	317.225
2228.45	333.992
2229.2	310.944
2229.94	307.823
2230.69	316.641
2231.44	313.521
2232.18	318.349
2232.93	324.156
2233.68	296.19
2234.42	301.958
2235.17	329.504
2235.92	320.357
2236.66	303.323
2237.41	303.158
2238.15	313.905
2238.9	328.623
2239.64	333.46
2240.38	322.485
2241.13	331.253
2241.87	319.274
2242.62	306.31
2243.36	303.217
2244.1	314.912
2244.85	297.044
2245.59	335.329
2246.33	319.448
2247.08	330.154
2247.82	327.082
2248.56	321.047
2249.3	339.564
2250.05	313.839
2250.79	328.383
2251.53	307.606
2252.27	330.027
2253.01	295.617
2253.75	328.895
2254.49	320.059
2255.23	323.009
2255.97	326.948
2256.71	330.877
2257.45	300.469
2258.19	321.978
2258.93	313.068
2259.67	329.612
2260.41	321.676
2261.15	328.469
2261.89	329.449
2262.63	324.619
2263.36	311.996
2264.1	322.905
2264.84	315.185
2265.58	327.046
2266.32	336.906
2267.05	323.178
2267.79	304.513
2268.53	322.133
2269.26	300.519
2270	327.969
2270.74	300.525
2271.48	326.095
2272.21	309.517
2272.95	316.526
2273.68	333.392
2274.42	317.845
2275.15	334.742
2275.89	314.236
2276.62	309.441
2277.36	324.319
2278.09	327.353
2278.83	320.51
2279.56	314.637
2280.29	327.489
2281.03	315.691
2281.76	323.627
2282.49	326.656
2283.23	320.842
2283.96	327.903
2284.69	307.34
2285.42	299.613
2286.16	319.556
2286.89	315.715
2287.62	299.938
2288.35	322.742
2289.08	328.721
2289.81	297.098
2290.55	328.935
2291.28	322.19
2292.01	300.589
2292.74	313.74
2293.47	302.049
2294.2	308.225
2294.93	326.316
2295.66	323.451
2296.39	301.601
2297.11	292.663
2297.85	309.632
2298.57	298.718
2299.3	319.757
2300.03	291.975
2300.76	308.124
2301.49	281.333
2302.22	302.473
2302.94	284.591
2303.67	293.685
2304.4	303.781
2305.12	304.893
2305.85	314.05
2306.58	319.227
2307.31	317.388
2308.03	322.55
2308.76	305.594
2309.48	284.579
2310.21	288.656
2310.93	295.757
2311.66	268.706
2312.38	316.075
2313.11	283.009
2313.83	295.206
2314.56	281.206
2315.28	300.411
2316.01	302.475
2316.73	281.364
2317.45	298.565
2318.18	287.565
2318.9	281.615
2319.62	301.898
2320.35	290.881
2321.07	276.805
2321.79	273.818
2322.52	309.219
2323.24	290.076
2323.96	279.023
2324.68	303.357
2325.4	260.95
2326.12	260.994
2326.84	241.798
2327.56	232.706
2328.29	226.65
2329.01	215.543
2329.73	227.733
2330.45	245.006
2331.17	272.423
2331.89	251.203
2332.61	267.45
2333.32	290.768
2334.04	288.729
2334.76	295.809
2335.48	305.941
2336.2	272.512
2336.92	285.726
2337.64	276.648
2338.35	258.435
2339.07	270.634
2339.79	282.821
2340.51	279.789
2341.23	279.816
2341.94	274.8
2342.66	263.721
2343.37	266.87
2344.09	284.235
2344.81	288.353
2345.52	276.143
2346.24	262.858
2346.95	286.111
2347.67	289.041
2348.38	278.816
2349.1	286.929
2349.82	276.835
2350.53	278.966
2351.24	276.023
2351.96	292.362
2352.67	275.106
2353.39	274.063
2354.1	272.986
2354.81	276.977
2355.53	251.517
2356.24	281.946
2356.95	291.067
2357.66	259.589
2358.38	292.115
2359.09	254.568
2359.8	287.139
2360.51	285.186
2361.22	294.44
2361.94	275.234
2362.65	291.652
2363.36	257.153
2364.07	279.664
2364.78	273.61
2365.49	242.024
2366.2	270.544
2366.91	274.577
2367.62	286.762
2368.33	265.335
2369.04	277.557
2369.75	260.245
2370.46	266.374
2371.16	279.634
2371.87	265.37
2372.58	264.353
2373.29	261.301
2374	276.605
2374.71	266.427
2375.41	272.558
2376.12	274.606
2376.83	284.811
2377.53	268.512
2378.24	273.642
2378.95	259.405
2379.65	282.92
2380.36	287.038
2381.07	280.924
2381.77	253.355
2382.48	270.691
2383.18	275.806
2383.89	275.864
2384.59	286.18
2385.3	279.155
2386	268.017
2386.71	259.888
2387.41	268.056
2388.12	267.987
2388.82	274.026
2389.52	260.663
2390.23	304.551
2390.93	267.778
2391.63	284.15
2392.34	260.665
2393.04	263.716
2393.74	265.716
2394.44	283.028
2395.15	260.526
2395.85	270.754
2396.55	260.59
2397.25	286.202
2397.95	288.294
2398.65	305.667
2399.35	282.094
2400.05	298.334
2400.75	293.1
2401.45	278.699
2402.15	274.547
2402.85	287.788
2403.55	302.092
2404.25	266.417
2404.95	291.998
2405.65	301.249
2406.35	298.231
2407.05	273.741
2407.75	280.906
2408.44	281.941
2409.14	295.248
2409.84	287.107
2410.54	281.007
2411.24	290.223
2411.93	268.742
2412.63	271.761
2413.33	255.335
2414.02	281.804
2414.72	298.04
2415.42	281.607
2416.11	271.32
2416.81	282.478
2417.5	273.253
2418.2	291.592
2418.9	291.592
2419.59	263.037
2420.28	277.307
2420.98	293.575
2421.67	283.281
2422.37	266.848
2423.06	293.207
2423.75	279.87
2424.45	249.292
2425.14	264.592
2425.84	294.207
2426.53	265.782
2427.22	304.597
2427.91	269.976
2428.61	265.878
2429.3	281.089
2429.99	289.103
2430.68	287.902
2431.37	276.507
2432.07	278.344
2432.76	264.967
2433.45	285.154
2434.14	267.827
2434.83	273.898
2435.52	282.026
2436.21	265.785
2436.9	274.886
2437.59	286.975
2438.28	267.565
2438.97	256.26
2439.66	277.386
2440.35	282.316
2441.04	257.925
2441.72	265.955
2442.41	283.092
2443.1	248.632
2443.79	299.099
2444.48	287.865
2445.16	271.587
2445.85	282.604
2446.54	263.363
2447.23	293.621
2447.91	262.31
2448.6	283.487
2449.29	282.44
2449.97	264.219
2450.66	283.328
2451.34	274.19
2452.03	281.211
2452.72	273.121
2453.4	286.215
2454.09	303.321
2454.77	302.23
2455.46	275.896
2456.14	284.799
2456.82	271.541
2457.51	300.564
2458.19	278.335
2458.88	266.225
2459.56	301.408
2460.24	287.364
2460.92	308.523
2461.61	283.421
2462.29	287.472
2462.97	283.458
2463.66	297.524
2464.34	303.509
2465.02	308.449
2465.7	303.305
2466.38	271.025
2467.06	325.141
2467.75	301.944
2468.42	278.799
2469.11	303.878
2469.79	294.872
2470.47	293.921
2471.15	285.947
2471.83	314.122
2472.51	303.099
2473.19	301.085
2473.86	284.98
2474.54	304.018
2475.22	312.008
2475.9	303.95
2476.58	290.905
2477.26	315.054
2477.94	276.953
2478.61	282.053
2479.29	276.09
2479.97	323.399
2480.65	292.253
2481.32	306.345
2482	282.216
2482.68	299.335
2483.35	296.346
2484.03	293.358
2484.71	290.355
2485.38	277.262
2486.06	298.354
2486.73	279.182
2487.41	268.066
2488.08	291.169
2488.76	295.201
2489.43	282.175
2490.11	326.533
2490.78	311.546
2491.45	310.645
2492.13	314.764
2492.8	295.687
2493.48	294.728
2494.15	311.912
2494.82	261.557
2495.49	312.07
2496.17	299.08
2496.84	293.174
2497.51	298.383
2498.18	313.688
2498.86	299.633
2499.53	289.561
2500.2	311.816
2500.87	285.502
2501.54	310.8
2502.21	282.533
2502.88	313.016
2503.55	283.814
2504.22	290.058
2504.89	328.736
2505.56	311.593
2506.23	314.686
2506.9	296.446
2507.57	315.765
2508.24	298.576
2508.91	334.229
2509.58	317.088
2510.25	306.011
2510.91	294.889
2511.58	322.374
2512.25	318.32
2512.92	321.394
2513.59	302.118
2514.25	326.62
2514.92	295.17
2515.59	320.73
2516.25	335.086
2516.92	300.51
2517.59	294.433
2518.25	320.955
2518.92	293.445
2519.58	308.752
2520.25	317.961
2520.91	328.221
2521.58	323.222
2522.24	325.4
2522.91	304.119
2523.57	313.481
2524.24	301.375
2524.9	307.652
2525.56	313.913
2526.23	309.922
2526.89	330.498
2527.55	298.822
2528.22	301.956
2528.88	308.141
2529.54	296.869
2530.21	307.097
2530.87	323.468
2531.53	314.242
2532.19	285.592
2532.85	291.853
2533.51	293.039
2534.18	299.375
2534.84	291.307
2535.5	320.17
2536.16	326.345
2536.82	304.695
2537.48	333.356
2538.14	307.572
2538.8	293.135
2539.46	309.564
2540.12	340.44
2540.78	316.934
2541.44	305.767
2542.09	304.87
2542.75	332.752
2543.41	315.316
2544.07	326.629
2544.73	330.668
2545.39	303.791
2546.04	329.327
2546.7	302.434
2547.36	320.773
2548.02	326.828
2548.67	324.727
2549.33	342.176
2549.98	324.758
2550.64	327.877
2551.3	347.423
2551.95	340.274
2552.61	341.341
2553.26	309.539
2553.92	321.894
2554.57	342.439
2555.23	361.902
2555.88	361.779
2556.54	357.498
2557.19	359.353
2557.85	340.715
2558.5	340.579
2559.15	345.62
2559.81	337.391
2560.46	355.834
2561.11	358.919
2561.77	360.961
2562.42	362.961
2563.07	360.81
2563.72	365.776
2564.37	350.245
2565.03	359.279
2565.68	361.192
2566.33	348.86
2566.98	368.281
2567.63	356.054
2568.28	353.023
2568.93	378.575
2569.58	343.742
2570.23	381.429
2570.88	340.419
2571.53	361.755
2572.18	377.022
2572.83	351.5
2573.48	378.078
2574.13	346.442
2574.78	358.683
2575.43	364.755
2576.07	350.378
2576.72	335.995
2577.37	352.231
2578.02	343.986
2578.67	362.258
2579.31	353.996
2579.96	338.577
2580.61	354.722
2581.26	383.058
2581.9	339.133
2582.55	358.364
2583.19	338.998
2583.84	325.794
2584.49	347.215
2585.13	321.817
2585.78	336.06
2586.42	350.223
2587.07	349.04
2587.71	342.718
2588.36	319.116
2589	327.024
2589.65	352.207
2590.29	365.257
2590.93	362.138
2591.58	348.933
2592.22	335.765
2592.86	343.915
2593.51	322.682
2594.15	349.131
2594.79	348.206
2595.43	341.183
2596.07	305.709
2596.72	339.225
2597.36	355.437
2598	359.42
2598.64	355.257
2599.28	336.895
2599.92	340.877
2600.56	353.011
2601.2	331.72
2601.85	335.803
2602.49	359.158
2603.13	321.634
2603.76	313.496
2604.4	347.934
2605.04	337.738
2605.68	335.664
2606.32	350.835
2606.96	319.374
2607.6	333.516
2608.24	339.52
2608.88	312.066
2609.51	346.396
2610.15	327.067
2610.79	348.283
2611.43	347.287
2612.06	355.461
2612.7	328.224
2613.34	317.192
2613.97	366.971
2614.61	312.308
2615.25	359.03
2615.88	337.783
2616.52	333.776
2617.15	323.684
2617.79	357.251
2618.42	319.763
2619.06	352.341
2619.69	347.334
2620.33	356.531
2620.96	382.982
2621.6	376.89
2622.23	369.773
2622.86	353.518
2623.5	350.498
2624.13	364.789
2624.76	354.699
2625.4	359.863
2626.03	350.769
2626.66	363.015
2627.29	362.015
2627.93	380.346
2628.56	389.537
2629.19	372.292
2629.82	361.177
2630.45	397.942
2631.08	376.651
2631.71	386.925
2632.34	347.237
2632.98	417.632
2633.61	384.054
2634.24	392.303
2634.87	388.35
2635.5	388.499
2636.12	418.267
2636.75	380.622
2637.38	394.033
2638.01	416.633
2638.64	416.728
2639.27	402.482
2639.9	427.082
2640.53	403.577
2641.15	426.089
2641.78	434.269
2642.41	424.041
2643.04	433.279
2643.66	411.854
2644.29	439.586
2644.92	413.08
2645.54	436.74
2646.17	415.305
2646.8	440.954
2647.42	471.692
2648.05	456.297
2648.67	435.776
2649.3	442.933
2649.92	441.925
2650.55	453.253
2651.17	436.954
2651.8	456.565
2652.42	463.902
2653.05	468.165
2653.67	458.037
2654.29	460.182
2654.92	472.546
2655.54	470.496
2656.16	455.078
2656.79	470.468
2657.41	496.515
2658.03	452.855
2658.65	461.68
2659.27	492.294
2659.9	459.144
2660.52	465.139
2661.14	468.891
2661.76	463.85
2662.38	478.942
2663	467.138
2663.62	489.761
2664.24	493.045
2664.86	486.136
2665.48	466.625
2666.1	488.652
2666.72	461.911
2667.34	489.965
2667.96	481.059
2668.58	466.688
2669.2	493.148
2669.82	477.198
2670.44	476.501
2671.05	481.068
2671.67	476.527
2672.29	505.265
2672.91	504.133
2673.53	496.428
2674.14	513.509
2674.76	509.255
2675.38	528.927
2675.99	524.354
2676.61	553.36
2677.23	552.786
2677.84	551.993
2678.46	584.213
2679.07	623.684
2679.69	633.499
2680.3	658.835
2680.92	684.051
2681.53	710.559
2682.15	728.46
2682.76	753.778
2683.38	753.539
2683.99	734.991
2684.61	758.082
2685.22	735.641
2685.83	713.336
2686.44	728.252
2687.06	724.578
2687.67	735.294
2688.28	737.48
2688.9	709.565
2689.51	728.608
2690.12	737.141
2690.73	742.93
2691.34	749.837
2691.96	731.933
2692.57	732.259
2693.18	761.851
2693.79	742.849
2694.4	755.474
2695.01	736.396
2695.62	744.629
2696.23	745.983
2696.84	749.971
2697.45	766.792
2698.06	745.04
2698.67	757.093
2699.28	758.641
2699.88	747.788
2700.49	754.721
2701.1	754.611
2701.71	760.747
2702.32	762.363
2702.93	749.442
2703.53	758.724
2704.14	764.763
2704.75	752.784
2705.36	750.72
2705.96	754.384
2706.57	755.482
2707.17	758.523
2707.78	756.274
2708.39	755.115
2708.99	780.893
2709.6	787.132
2710.2	775.101
2710.81	789.32
2711.41	797.192
2712.02	794.599
2712.62	797.332
2713.23	807.323
2713.83	822.57
2714.44	822.59
2715.04	809.341
2715.64	843.306
2716.25	813.654
2716.85	812.303
2717.45	819.739
2718.05	827.466
2718.66	839.207
2719.26	842.849
2719.86	843.336
2720.46	857.133
2721.06	857.037
2721.67	853.874
2722.27	867.032
2722.87	857.065
2723.47	861.629
2724.07	867.124
2724.67	878.924
2725.27	891.488
2725.71	890.204
2726.38	898.183
2727.06	899.913
2727.73	898.495
2728.4	905.179
2729.07	877.351
2729.74	878.111
2730.42	897.327
2731.09	929.934
2731.76	906.822
2732.43	903.109
2733.1	945.195
2733.77	946.572
2734.44	944.804
2735.11	914.394
2735.78	935.766
2736.45	933.6
2737.12	948.633
2737.79	940.198
2738.46	968.365
2739.13	978.261
2739.8	969.964
2740.47	962.842
2741.14	982.332
2741.81	986.729
2742.47	987.152
2743.14	954.007
2743.81	970.685
2744.48	976.09
2745.15	986.515
2745.81	976.521
2746.48	931.878
2747.15	972.893
2747.81	988.462
2748.48	1006.05
2749.15	999.071
2749.81	1020.52
2750.48	1007.14
2751.15	1028.37
2751.81	1033.31
2752.48	1022.11
2753.14	991.766
2753.81	977.943
2754.47	949.928
2755.14	933.051
2755.8	955.838
2756.47	940.608
2757.13	927.26
2757.8	900.574
2758.46	896.431
2759.13	904.688
2759.79	902.875
2760.45	914.441
2761.12	877.911
2761.78	890.345
2762.44	927.179
2763.1	916.833
2763.77	903.407
2764.43	909.51
2765.09	923.967
2765.76	912.012
2766.42	919.639
2767.08	946.803
2767.74	961.667
2768.4	973.378
2769.06	988.057
2769.72	1001.61
2770.38	1010.99
2771.05	1018.29
2771.71	1038.99
2772.37	1048.48
2773.03	1106.34
2773.69	1169.45
2774.35	1153.46
2775.01	1210.35
2775.67	1260.96
2776.33	1317.6
2776.99	1382.4
2777.64	1416.36
2778.3	1449.39
2778.96	1517.5
2779.62	1518.79
2780.28	1578.67
2780.94	1617.84
2781.59	1621.91
2782.25	1561.15
2782.91	1579.75
2783.57	1574.89
2784.22	1531.15
2784.88	1542.1
2785.54	1581.87
2786.2	1515.27
2786.85	1494.64
2787.51	1524.12
2788.16	1527.6
2788.82	1542.42
2789.48	1534.85
2790.13	1581.21
2790.79	1554.88
2791.44	1614.23
2792.1	1596.33
2792.75	1641
2793.41	1665.71
2794.06	1681.83
2794.72	1696.68
2795.37	1721.75
2796.02	1692.31
2796.68	1757.71
2797.33	1748.17
2797.98	1810.84
2798.64	1820.17
2799.29	1821.39
2799.94	1833.99
2800.6	1895.02
2801.25	1900.49
2801.9	1883.31
2802.55	1957.72
2803.21	1957.9
2803.86	1943.51
2804.51	2018.56
2805.16	2050.24
2805.81	2024.22
2806.46	2080.59
2807.11	2115.37
2807.77	2105.9
2808.42	2154
2809.07	2177.26
2809.72	2218.87
2810.37	2210.96
2811.02	2267.79
2811.67	2338.12
2812.32	2348.04
2812.97	2408.59
2813.61	2414.92
2814.26	2412.14
2814.91	2438.15
2815.56	2452.79
2816.21	2519.75
2816.86	2567.02
2817.51	2537.02
2818.15	2648.68
2818.8	2632.71
2819.45	2684.45
2820.1	2718.75
2820.74	2724.56
2821.39	2760.55
2822.04	2801.01
2822.69	2851.87
2823.33	2809.07
2823.98	2901.44
2824.63	2913.15
2825.27	2953.23
2825.92	2983.97
2826.56	3049.79
2827.21	3023.66
2827.85	3096.48
2828.5	3124.48
2829.14	3136.31
2829.79	3143.18
2830.43	3223.08
2831.08	3189.11
2831.72	3165.35
2832.37	3154.77
2833.01	3239.5
2833.65	3264.34
2834.3	3294
2834.94	3318.25
2835.58	3229.28
2836.23	3343.56
2836.87	3364.31
2837.51	3380.06
2838.16	3368.44
2838.8	3342.89
2839.44	3422.48
2840.08	3442.69
2840.72	3481.28
2841.36	3467.1
2842.01	3516.25
2842.65	3418.32
2843.29	3499.12
2843.93	3553.35
2844.57	3564.59
2845.21	3513.27
2845.85	3575.96
2846.49	3611.05
2847.13	3545.76
2847.77	3580.54
2848.41	3627.03
2849.05	3643.83
2849.69	3670.6
2850.33	3619.55
2850.97	3572.8
2851.61	3540.8
2852.24	3641.14
2852.88	3668.72
2853.52	3731.92
2854.16	3664.56
2854.8	3743.77
2855.43	3726.6
2856.07	3757.43
2856.71	3753.77
2857.35	3805.12
2857.98	3719.54
2858.62	3802.92
2859.26	3833.48
2859.89	3876.04
2860.53	3879.86
2861.16	3938.07
2861.8	3937.05
2862.44	4032.24
2863.07	4065.21
2863.71	4089.86
2864.34	4143.57
2864.98	4165.7
2865.61	4230.37
2866.25	4285.85
2866.88	4322.65
2867.52	4413.78
2868.15	4400.49
2868.78	4524.13
2869.42	4571.53
2870.05	4581.07
2870.69	4725.17
2871.32	4725.5
2871.95	4776.84
2872.58	4921.31
2873.22	5117.33
2873.85	5137.36
2874.48	5235.39
2875.11	5338.36
2875.75	5450.78
2876.38	5481.06
2877.01	5604.15
2877.64	5728.1
2878.27	5822.7
2878.9	5840.89
2879.53	5940.73
2880.16	6013.04
2880.79	6128.1
2881.42	6302.41
2882.05	6413.81
2882.68	6439.89
2883.31	6532.71
2883.94	6595.25
2884.57	6699.47
2885.2	6731.13
2885.83	6799.91
2886.46	6879.18
2887.09	6902.67
2887.72	7061.37
2888.35	7062.68
2888.97	7144.51
2889.6	7163.04
2890.23	7213.82
2890.86	7160.68
2891.49	7130.38
2892.11	7134.71
2892.74	7252.17
2893.37	7292.22
2893.99	7318.52
2894.62	7390.19
2895.25	7318
2895.87	7335.72
2896.5	7395.44
2897.12	7363.91
2897.75	7433.8
2898.38	7514.51
2899	7442.2
2899.63	7526.92
2900.25	7581.52
2900.88	7631.64
2901.5	7645.2
2902.12	7722.02
2902.75	7669.52
2903.37	7690.95
2904	7767.39
2904.62	7726.69
2905.25	7751.95
2905.87	7759.95
2906.49	7720.05
2907.11	7719.33
2907.74	7677.3
2908.36	7651.09
2908.98	7623.22
2909.6	7560.27
2910.23	7593.24
2910.85	7554.86
2911.47	7474.16
2912.09	7398.25
2912.71	7227.41
2913.33	7166.57
2913.96	7131.85
2914.58	7042.43
2915.2	6939.34
2915.82	6862.51
2916.44	6769.01
2917.06	6588.53
2917.68	6524.7
2918.3	6439.73
2918.92	6406.81
2919.54	6258.79
2920.16	6262.39
2920.77	6172.29
2921.39	6071.9
2922.01	6081.25
2922.63	6021.13
2923.25	5973.23
2923.87	6026.25
2924.48	5979.24
2925.1	5937.62
2925.72	5959.34
2926.34	5985.04
2926.95	5932.32
2927.57	5820.39
2928.19	5954.29
2928.8	5971.32
2929.42	5935.11
2930.04	5952.11
2930.65	5961.16
2931.27	5972.51
2931.89	6018.68
2932.5	6065.34
2933.12	6065.84
2933.73	6091.71
2934.35	6116.9
2934.96	6160.15
2935.58	6262.1
2936.19	6259.68
2936.81	6285.72
2937.42	6334.04
2938.03	6378.46
2938.65	6476.08
2939.26	6467.55
2939.88	6462.05
2940.49	6495.96
2941.1	6470.56
2941.71	6526.48
2942.33	6492.69
2942.94	6450.96
2943.55	6449.01
2944.17	6393.59
2944.78	6449.49
2945.39	6437.32
2946	6334.25
2946.61	6410.16
2947.22	6323.19
2947.83	6373.04
2948.45	6314.89
2949.06	6281.21
2949.67	6181.76
2950.28	6155.71
2950.89	6179.42
2951.5	6151.84
2952.11	5986.9
2952.72	5985.99
2953.33	5828.82
2953.94	5837.28
2954.54	5685.32
2955.15	5689.38
2955.76	5568.52
2956.37	5535.24
2956.98	5466.77
2957.59	5370.9
2958.2	5332.55
2958.8	5168.49
2959.41	5125.4
2960.02	5133.52
2960.63	5080.96
2961.23	4924.42
2961.84	4834.64
2962.45	4765.5
2963.05	4605.05
2963.66	4660.76
2964.27	4531.96
2964.87	4470
2965.48	4420.11
2966.08	4357.09
2966.69	4179.44
2967.29	4128.93
2967.9	4075.55
2968.5	4014.3
2969.11	3937.34
2969.71	3869.92
2970.32	3774.33
2970.92	3705.2
2971.53	3663.26
2972.13	3534.87
2972.74	3473.82
2973.34	3433.54
2973.94	3388.46
2974.54	3317.43
2975.15	3237.43
2975.75	3144.72
2976.35	3118.39
2976.96	3034.13
2977.56	2969.63
2978.16	2925.64
2978.76	2840.5
2979.36	2729.67
2979.97	2739.96
2980.57	2682.71
2981.17	2647.97
2981.77	2562.67
2982.37	2508.72
2982.97	2496.41
2983.57	2382.43
2984.17	2379.25
2984.77	2307.84
2985.37	2244.15
2985.97	2221.94
2986.57	2158.09
2987.17	2151.67
2987.77	2055.95
2988.37	2009.11
2988.97	1986.54
2989.57	1900.17
2990.17	1907.94
2990.76	1869.61
2991.36	1818.08
2991.96	1804.6
2992.56	1705.19
2993.16	1676.44
2993.75	1682.37
2994.35	1630.78
2994.95	1533.03
2995.54	1548.87
2996.14	1497.34
2996.74	1472.65
2997.33	1422.63
2997.93	1429.02
2998.52	1377.16
2999.12	1352.89
2999.72	1337.8
3000.31	1280.7
3000.91	1277.85
3001.5	1239.16
3002.1	1223.98
3002.69	1185.16
3003.29	1211.78
3003.88	1136.91
3004.47	1123.49
3005.07	1125.52
3005.66	1083.7
3006.26	1058.47
3006.85	1050.8
3007.44	1052.41
3008.04	1052.93
3008.63	1032.75
3009.22	992.833
3009.81	962.996
3010.41	989.528
3011	935.002
3011.59	913.43
3012.18	904.301
3012.77	916.819
3013.36	854.413
3013.96	856.657
3014.55	869.144
3015.14	848.774
3015.73	837.711
3016.32	807.191
3016.91	825.035
3017.5	807.881
3018.09	800.91
3018.68	799.989
3019.27	782.513
3019.86	788.711
3020.45	774.398
3021.04	784.914
3021.63	764.622
3022.22	757.74
3022.8	778.648
3023.39	729.334
3023.98	736.664
3024.57	723.328
3025.16	729.598
3025.74	724.532
3026.33	707.073
3026.92	717.434
3027.5	690.573
3028.09	687.393
3028.68	693.486
3029.26	677.953
3029.85	712.043
3030.44	708.075
3031.02	694.912
3031.61	689.011
3032.19	691.342
3032.78	641.918
3033.37	679.215
3033.95	644.081
3034.54	647.159
3035.12	658.506
3035.71	664.707
3036.29	625.445
3036.87	653.378
3037.46	685.449
3038.04	663.78
3038.63	683.507
3039.21	683.665
3039.79	624.943
3040.38	652.141
3040.96	651.423
3041.54	640.287
3042.12	655.967
3042.71	655.955
3043.29	686.881
3043.87	660.746
3044.45	636.693
3045.03	630.312
3045.62	648.878
3046.2	661.355
3046.78	636.663
3047.36	635.808
3047.94	639.079
3048.52	655.764
3049.1	648.56
3049.68	657.874
3050.26	648.507
3050.84	686.77
3051.42	654.598
3052	666.961
3052.58	648.261
3053.16	653.39
3053.74	664.761
3054.32	650.3
3054.89	647.295
3055.47	662.999
3056.05	655.96
3056.63	664.464
3057.21	650.113
3057.78	662.63
3058.36	661.569
3058.94	669.757
3059.52	684.125
3060.09	688.141
3060.67	667.346
3061.25	691.174
3061.82	712.976
3062.4	707.842
3062.97	703.705
3063.55	663.241
3064.13	679.725
3064.7	680.664
3065.28	699.251
3065.85	657.82
3066.43	676.513
3067	672.417
3067.58	657.903
3068.15	689.907
3068.72	677.261
3069.3	660.419
3069.87	689.115
3070.45	675.456
3071.02	698.113
3071.59	682.62
3072.17	669.262
3072.74	672.451
3073.31	719.028
3073.89	665.169
3074.46	682.613
3075.03	658.672
3075.6	693.713
3076.17	684.393
3076.74	676.21
3077.32	672.241
3077.89	698.296
3078.46	697.435
3079.03	695.47
3079.6	669.607
3080.17	698.498
3080.74	698.333
3081.31	704.323
3081.88	674.105
3082.45	678.014
3083.02	702.601
3083.59	716.859
3084.16	671.228
3084.73	679.305
3085.3	688.425
3085.87	684.171
3086.43	688.243
3087	683.117
3087.57	703.859
3088.14	700.899
3088.71	697.913
3089.28	685.57
3089.84	695.863
3090.41	678.231
3090.98	684.321
3091.54	708.983
3092.11	718.162
3092.68	669.562
3093.24	713.795
3093.81	728.1
3094.38	736.223
3094.94	737.15
3095.51	714.39
3096.07	726.684
3096.64	744.114
3097.2	719.272
3097.77	712.982
3098.33	733.516
3098.9	712.906
3099.46	751.085
3100.03	726.458
3100.59	742.006
3101.15	739.989
3101.72	720.386
3102.28	740.915
3102.84	711.946
3103.41	746.832
3103.97	745.648
3104.53	761.96
3105.1	780.317
3105.66	772.942
3106.22	751.185
3106.78	741.812
3107.34	756.13
3107.91	766.356
3108.47	763.23
3109.03	743.68
3109.59	747.842
3110.15	735.619
3110.71	779.032
3111.27	775.155
3111.83	756.828
3112.39	781.647
3112.95	776.462
3113.51	792.773
3114.07	780.195
3114.63	756.323
3115.19	768.543
3115.75	797.313
3116.31	777.796
3116.87	778.863
3117.43	777.826
3117.98	811.69
3118.54	791.985
3119.1	791.787
3119.66	797.767
3120.22	795.57
3120.77	836.607
3121.33	798.561
3121.89	801.646
3122.44	809.845
3123	815.926
3123.56	802.407
3124.11	842.244
3124.67	825.561
3125.23	808.918
3125.78	842.647
3126.34	813.868
3126.89	812.896
3127.45	846.897
3128	837.821
3128.56	859.542
3129.11	855.553
3129.67	818.635
3130.22	845.328
3130.78	843.188
3131.33	847.146
3131.88	860.294
3132.44	869.313
3132.99	840.374
3133.54	850.472
3134.1	857.549
3134.65	871.865
3135.2	859.565
3135.76	845.244
3136.31	865.808
3136.86	884.315
3137.41	885.361
3137.96	858.685
3138.51	897.642
3139.07	898.624
3139.62	893.446
3140.17	911.863
3140.72	898.498
3141.27	884.123
3141.82	872.83
3142.37	897.421
3142.92	886.084
3143.47	945.488
3144.02	897.222
3144.57	870.54
3145.12	932.121
3145.67	906.631
3146.22	904.795
3146.77	908.111
3147.32	893.95
3147.86	926.928
3148.41	946.464
3148.96	935.102
3149.51	928.793
