401.058	2252.33
402.149	2346.78
403.243	2385.16
404.332	2337.34
405.424	2284.75
406.515	2241.66
407.606	2159.2
408.697	2117.5
409.785	2017.72
410.876	1902.14
411.967	1939.46
413.055	1852.71
414.143	1839.69
415.233	1765.63
416.321	1774.52
417.409	1796.3
418.499	1777.2
419.586	1855.77
420.673	1895.62
421.761	1968.24
422.848	1996.88
423.935	2085.92
425.02	2168.67
426.106	2233.89
427.193	2361.57
428.278	2457.54
429.364	2429.86
430.45	2536.53
431.534	2685.66
432.618	2657.91
433.704	2685.04
434.788	2731.09
435.871	2808.67
436.955	2776.94
438.038	2747.84
439.123	2695.78
440.204	2634.82
441.287	2472.31
442.37	2396.84
443.452	2291.31
444.535	2211.44
445.615	2040.57
446.698	1928.98
447.78	1851.04
448.86	1713.71
449.939	1593.1
451.021	1495.83
452.101	1468.16
453.18	1406.26
454.262	1376.58
455.341	1327.04
456.42	1260.42
457.499	1235.34
458.578	1260.38
459.654	1191.86
460.733	1281.35
461.811	1253.1
462.89	1167.26
463.966	1163.14
465.044	1174.79
466.12	1171.52
467.197	1208.23
468.273	1139.57
469.349	1173.99
470.426	1158.61
471.501	1203.35
472.576	1189.23
473.651	1221.61
474.726	1225.39
475.801	1213.69
476.876	1240.3
477.95	1249.36
479.022	1285.25
480.097	1258.8
481.171	1310.91
482.243	1331.3
483.317	1402.45
484.388	1425.39
485.46	1511.09
486.533	1594.72
487.605	1614.47
488.676	1669.14
489.747	1763.35
490.818	1764.71
491.889	1874.01
492.959	1855.8
494.03	2010.63
495.1	1988.08
496.171	2123.3
497.239	2098.29
498.309	2173.85
499.379	2093.25
500.446	2151.17
501.514	2078.43
502.584	2134.35
503.651	2072.68
504.718	2107.46
505.788	2125.07
506.855	2129
507.921	2054.17
508.988	2089.14
510.055	2221.2
511.119	2176.64
512.186	2211.93
513.252	2278.61
514.318	2321.67
515.382	2422.71
516.448	2503.78
517.512	2615.41
518.577	2593.26
519.641	2632.99
520.704	2694.27
521.768	2780.75
522.833	2884.93
523.896	2891.13
524.959	2985.42
526.021	2936.68
527.084	3034.11
528.144	3032.13
529.207	3179.82
530.269	3185.66
531.331	3257.18
532.391	3260.56
533.453	3330.6
534.513	3333.42
535.572	3319.19
536.634	3272.5
537.693	3143.87
538.752	3161.35
539.812	3088.44
540.87	3014.95
541.929	2823.94
542.988	2758.2
544.047	2660.04
545.105	2585.74
546.164	2440.57
547.22	2326.96
548.278	2185.36
549.336	2156.23
550.392	2043.91
551.448	1974.74
552.505	1875.2
553.561	1880.41
554.616	1794.51
555.671	1711.39
556.728	1638.28
557.783	1646.77
558.836	1557.11
559.891	1457.04
560.946	1475.91
562	1426.18
563.055	1440.72
564.107	1370.29
565.161	1362.14
566.213	1405.84
567.267	1341.18
568.318	1291.3
569.37	1284.88
570.424	1298.8
571.475	1258.3
572.526	1274.16
573.577	1307.55
574.628	1256.16
575.679	1296.03
576.73	1296.35
577.781	1347.42
578.829	1301.98
579.88	1306.36
580.93	1287.8
581.978	1229.66
583.026	1239.53
584.076	1235.53
585.124	1202.07
586.172	1224.67
587.221	1295.94
588.269	1258.71
589.316	1282.92
590.363	1330.86
591.41	1292.46
592.457	1314.69
593.502	1304.2
594.549	1305.13
595.595	1333.12
596.64	1206.41
597.686	1233.87
598.73	1150
599.776	1162.17
600.82	1094.05
601.864	1090.11
602.908	1076.16
603.953	1038.63
604.997	1048.34
606.04	1018.75
607.083	988.259
608.125	1095.81
609.168	1020.62
610.211	1003.21
611.253	1034.5
612.294	1024.26
613.336	1029.78
614.377	1038.15
615.419	1017.03
616.459	1001.37
617.499	1043.71
618.539	1008.45
619.579	1016.51
620.619	1031.96
621.658	1005.07
622.698	1006.84
623.737	1023.42
624.776	993.957
625.815	985.755
626.852	1026.52
627.891	997.241
628.928	975.36
629.966	947.875
631.003	953.482
632.041	960.722
633.077	964.978
634.114	931.281
635.15	944.669
636.185	880.716
637.221	899.026
638.257	840.949
639.292	887.136
640.328	857.627
641.361	854.693
642.396	868.138
643.431	836.228
644.464	777.564
645.497	785.263
646.532	805.039
647.564	779.931
648.597	792.693
649.629	763.235
650.663	790.761
651.695	804.388
652.727	789.376
653.757	793.55
654.789	783.891
655.821	828.419
656.852	859.247
657.882	806.715
658.913	804.747
659.942	828.502
660.973	830.198
662.002	817.121
663.031	835.152
664.06	856.038
665.09	847.861
666.119	819.835
667.147	860.888
668.175	827.703
669.201	844.031
670.229	827.925
671.257	796.787
672.285	834.482
673.311	815.066
674.338	820.634
675.363	820.874
676.389	805.601
677.416	820.768
678.441	768.498
679.466	790.742
680.491	841.401
681.515	786.764
682.54	811.471
683.565	786.481
684.589	805.933
685.613	853.246
686.635	814.849
687.659	892.856
688.681	938.574
689.705	873.305
690.727	935.583
691.75	920.109
692.772	948.08
693.793	943.594
694.814	981.618
695.835	1005.65
696.856	1023.09
697.877	1016.36
698.898	1063.3
699.918	1058.4
700.937	1049.85
701.957	1081.14
702.978	1103.19
703.996	1062.31
705.016	1050.06
706.034	1015.58
707.052	995.872
708.069	1042.73
709.087	998.111
710.107	959.109
711.124	984.864
712.139	944.15
713.156	912.704
714.173	891.398
715.19	870.007
716.205	855.877
717.222	869.308
718.238	876.136
719.253	810.024
720.267	811.288
721.283	826.421
722.297	822.272
723.311	822.796
724.325	811.42
725.339	823.12
726.353	815.593
727.366	863.351
728.38	836.662
729.391	816.4
730.404	828.244
731.417	836.25
732.428	821.102
733.441	839.854
734.452	843.875
735.463	828.707
736.475	815.541
737.486	817.236
738.496	810.814
739.506	809.968
740.516	796.265
741.526	761.378
742.534	785.141
743.544	768.443
744.554	747.128
745.561	760.692
746.571	739.436
747.578	735.662
748.587	727.353
749.594	689.733
750.601	679.671
751.608	704.522
752.615	752.391
753.621	670.893
754.628	716.168
755.634	690.785
756.641	699.464
757.647	689.793
758.651	694.872
759.657	687.057
760.663	698.578
761.666	671.291
762.67	683.616
763.676	681.997
764.679	669.179
765.682	689.533
766.686	646.032
767.689	702.361
768.692	664.477
769.694	672.052
770.697	668.733
771.698	666.513
772.7	683.846
773.703	691.877
774.703	677.445
775.703	687.833
776.705	697.063
777.705	720.087
778.705	712.46
779.705	682.659
780.705	728.239
781.704	686.617
782.704	686.832
783.703	716.761
784.702	752.195
785.701	740.11
786.698	740.081
787.697	777.291
788.694	746.655
789.693	770.979
790.689	800.91
791.686	850.35
792.682	827.06
793.68	860.468
794.676	878.004
795.672	913.28
796.666	973.829
797.662	952.587
798.658	997.535
799.653	1000.51
800.647	1038.72
801.642	1045.01
802.636	1011.96
803.631	1028.15
804.624	1026.63
805.617	1005.59
806.61	971.57
807.602	964.507
808.595	950.893
809.587	929.814
810.58	928.23
811.572	917.437
812.564	955.867
813.554	923.989
814.546	932.941
815.536	955.79
816.528	1027.65
817.518	1048.55
818.507	1026.89
819.499	1078.32
820.488	1129.73
821.477	1190.31
822.466	1266.42
823.455	1355.22
824.444	1405.01
825.431	1469.47
826.42	1592.97
827.408	1678.85
828.395	1811.04
829.383	1964.54
830.369	2127.12
831.356	2288.36
832.342	2444.35
833.33	2642.04
834.315	2861.46
835.301	3050.77
836.287	3251.74
837.27	3435.17
838.256	3600.92
839.241	3624.65
840.226	3732.76
841.209	3708.37
842.194	3671.84
843.177	3551.69
844.16	3337.95
845.145	3171.21
846.127	3077.15
847.11	2894.83
848.092	2785.95
849.074	2777.11
850.056	2768.99
851.039	2768.86
852.018	2805.26
853	2805.6
853.982	2879.46
854.962	2947.96
855.941	2901.02
856.923	2933.58
857.902	2904.96
858.881	2782.74
859.86	2721.22
860.839	2479.06
861.818	2400.38
862.797	2303.85
863.776	2210.69
864.754	2112.73
865.733	2034.03
866.709	2022.55
867.687	1944.01
868.664	1903.37
869.642	1869.35
870.618	1835.5
871.594	1779.66
872.569	1740.44
873.545	1720.56
874.521	1685.91
875.496	1695.4
876.471	1659.63
877.447	1641.23
878.42	1599.64
879.395	1600.33
880.37	1525.43
881.343	1533.52
882.315	1504.88
883.29	1462.57
884.262	1506.06
885.235	1509.01
886.207	1486.07
887.179	1473.12
888.151	1461.92
889.123	1505.05
890.095	1502.14
891.065	1491
892.037	1536.16
893.009	1595.16
893.978	1526.97
894.948	1603.55
895.919	1616.62
896.888	1710.08
897.857	1830.46
898.826	1866.03
899.795	1979.92
900.764	2020.62
901.732	2172.64
902.701	2284.63
903.668	2440.68
904.636	2497.07
905.604	2593.3
906.57	2731.33
907.538	2776.66
908.504	2849.18
909.47	2823.42
910.436	2836.67
911.402	2910.08
912.367	2819.94
913.333	2799.73
914.298	2671.94
915.264	2592.86
916.229	2574.69
917.192	2469.65
918.157	2358.31
919.12	2264.72
920.084	2208.23
921.047	2170.22
922.01	1993.03
922.972	1979.62
923.935	1874.27
924.897	1785.53
925.859	1748.76
926.821	1711.17
927.783	1663.44
928.743	1554.42
929.705	1524.2
930.667	1463.21
931.626	1449.52
932.586	1440.5
933.547	1347.93
934.506	1368.01
935.466	1349.18
936.425	1308.05
937.384	1309.69
938.343	1283.26
939.301	1294.92
940.26	1296.27
941.217	1279.92
942.175	1271.12
943.132	1276.45
944.09	1275.34
945.046	1293.9
946.002	1331.16
946.96	1319.68
947.916	1298.71
948.872	1379.8
949.828	1301.48
950.783	1312.12
951.737	1354.56
952.692	1326.48
953.647	1353.6
954.601	1332.8
955.556	1319.56
956.509	1345.93
957.464	1356.62
958.417	1366.61
959.369	1369.16
960.322	1421.37
961.275	1392.39
962.227	1442.9
963.179	1481.83
964.132	1455.88
965.082	1507.17
966.034	1550.36
966.984	1559.15
967.936	1601.95
968.885	1658.8
969.837	1672.13
970.787	1755.58
971.736	1796.37
972.686	1798.42
973.635	1876.56
974.584	1939.8
975.533	1978.82
976.48	2003.01
977.429	2054.52
978.378	2107.93
979.325	2157.58
980.273	2162.14
981.22	2135.67
982.166	2142.85
983.113	2145.1
984.061	2065.46
985.007	2102.77
985.953	2013.38
986.897	1970.92
987.843	1932.45
988.789	1851.28
989.734	1833.09
990.678	1760.83
991.623	1723.17
992.567	1627.41
993.51	1617.48
994.453	1548.51
995.398	1506.57
996.341	1499.18
997.284	1499.3
998.227	1384.82
999.168	1409.39
1000.11	1408.87
1001.05	1418.68
1001.99	1338.22
1002.94	1303.54
1003.88	1306.25
1004.82	1348.24
1005.76	1333.55
1006.7	1331.03
1007.64	1321.94
1008.58	1376.06
1009.52	1351.65
1010.46	1356.84
1011.4	1361.94
1012.34	1372.73
1013.27	1332.59
1014.21	1385.04
1015.15	1367.03
1016.09	1367.85
1017.03	1383.57
1017.96	1427.13
1018.9	1403.22
1019.84	1397.75
1020.77	1391.25
1021.71	1373.61
1022.65	1426.25
1023.58	1441.85
1024.52	1495.18
1025.45	1461.72
1026.39	1496.59
1027.32	1475.05
1028.26	1480.4
1029.19	1490.19
1030.12	1530.83
1031.06	1494.55
1031.99	1534.54
1032.92	1510.01
1033.86	1551.53
1034.79	1526.41
1035.72	1518.15
1036.65	1550.23
1037.59	1494.43
1038.52	1511.07
1039.45	1557.85
1040.38	1522.51
1041.31	1573.1
1042.24	1640.68
1043.17	1617.49
1044.1	1606.49
1045.03	1658.85
1045.96	1652.73
1046.89	1700.8
1047.82	1741.69
1048.75	1754.49
1049.68	1789.27
1050.61	1778.45
1051.53	1771.13
1052.46	1816.61
1053.39	1836.02
1054.32	1883.63
1055.24	1950.16
1056.17	1939.73
1057.1	1957.13
1058.02	2072.77
1058.95	2120.11
1059.88	2117.01
1060.8	2120.5
1061.73	2099.14
1062.65	2059.7
1063.58	2043.22
1064.5	2091.68
1065.43	2056.11
1066.35	2053.55
1067.27	2119.07
1068.2	2168.58
1069.12	2248.97
1070.04	2287.19
1070.97	2360.93
1071.89	2348.71
1072.81	2320.14
1073.73	2370.14
1074.65	2330.85
1075.58	2400.84
1076.5	2306.59
1077.42	2276.63
1078.34	2274.92
1079.26	2264.51
1080.18	2186.58
1081.1	2057.41
1082.02	2011.05
1082.94	1952.35
1083.86	1883.19
1084.78	1833.99
1085.7	1716.53
1086.61	1743.49
1087.53	1699.42
1088.45	1670.61
1089.37	1634.23
1090.28	1667.92
1091.2	1657.84
1092.12	1625.83
1093.03	1683.8
1093.95	1686.89
1094.87	1761.14
1095.78	1736.19
1096.7	1791.86
1097.61	1872.2
1098.53	1867.33
1099.44	1831.15
1100.36	1939.61
1101.27	1971.28
1102.19	1969.73
1103.1	2046.58
1104.01	2027.92
1104.93	2068.93
1105.84	2088.42
1106.75	2126.21
1107.67	2143.58
1108.58	2209.43
1109.49	2200.67
1110.4	2188.8
1111.31	2269.24
1112.22	2287.81
1113.14	2382.76
1114.05	2365.18
1114.96	2455.57
1115.87	2423.36
1116.78	2528.43
1117.69	2612.72
1118.6	2653.26
1119.51	2706.63
1120.42	2765.29
1121.32	2841.8
1122.23	2876.14
1123.14	2843.24
1124.05	2903.91
1124.96	2877.62
1125.86	2826.29
1126.77	2759.7
1127.68	2682.06
1128.58	2708.74
1129.49	2621.61
1130.4	2607.69
1131.3	2582.95
1132.21	2568.67
1133.11	2614.5
1134.02	2638.22
1134.92	2610.49
1135.83	2697.95
1136.73	2648.13
1137.64	2548.81
1138.54	2535.54
1139.44	2469.74
1140.35	2411.34
1141.25	2357.7
1142.15	2327.97
1143.06	2285.11
1143.96	2151.94
1144.86	2094.79
1145.76	2060.28
1146.66	1971.22
1147.57	1901.91
1148.47	1841.94
1149.37	1765.72
1150.27	1677.11
1151.17	1630.48
1152.07	1542.92
1152.97	1503.96
1153.87	1395.37
1154.77	1354.35
1155.67	1307.5
1156.57	1182.44
1157.46	1191.74
1158.36	1110.62
1159.26	1065.83
1160.16	987.819
1161.05	971.802
1161.95	976.713
1162.85	986.237
1163.75	908.783
1164.64	890.235
1165.54	843.952
1166.44	815.795
1167.33	850.556
1168.23	825.538
1169.12	821.599
1170.02	777.803
1170.91	787.278
1171.81	772.928
1172.7	745.193
1173.59	798.208
1174.49	757.967
1175.38	751.883
1176.27	751.431
1177.17	756.615
1178.06	714.348
1178.95	751.815
1179.84	736.276
1180.74	703.809
1181.63	725.445
1182.52	726.247
1183.41	726.039
1184.3	719.082
1185.19	704.44
1186.08	735.136
1186.97	713.786
1187.86	770.886
1188.75	732.588
1189.64	779.262
1190.53	764.575
1191.42	744.25
1192.31	753.194
1193.2	757.517
1194.09	776.096
1194.97	815.516
1195.86	795.704
1196.75	818.217
1197.64	820.88
1198.52	836.656
1199.41	845.823
1200.29	823.039
1201.18	864.298
1202.07	858.565
1202.95	832.119
1203.84	896.817
1204.72	881.421
1205.61	862.159
1206.49	874.831
1207.38	897.923
1208.26	912.774
1209.14	876.239
1210.03	904.737
1210.91	882.615
1211.79	872.665
1212.68	902.052
1213.56	890.742
1214.44	921.508
1215.32	900.357
1216.21	894.203
1217.09	890.96
1217.97	945.221
1218.85	903.021
1219.73	918.429
1220.61	940.691
1221.49	957.487
1222.37	999.748
1223.25	1039.1
1224.13	1095.23
1225.01	1183.2
1225.89	1254
1226.77	1300.2
1227.65	1311.58
1228.52	1375.13
1229.4	1357.8
1230.28	1329.38
1231.16	1363.51
1232.03	1351.37
1232.91	1317.35
1233.79	1361.82
1234.66	1365.36
1235.54	1290.89
1236.42	1306.38
1237.29	1231.59
1238.17	1205.18
1239.04	1179.77
1239.92	1122.14
1240.79	1090.23
1241.67	1104.94
1242.54	1097.82
1243.41	1051.7
1244.29	1066.5
1245.16	1058.48
1246.03	1062.87
1246.91	1087.27
1247.78	1046.72
1248.65	1040.35
1249.52	1077.71
1250.4	1099.67
1251.27	1046.12
1252.14	1116.74
1253.01	1096.75
1253.88	1143.71
1254.75	1111.45
1255.62	1124.06
1256.49	1157.58
1257.36	1126.91
1258.23	1168.71
1259.1	1188.4
1259.97	1202.27
1260.84	1190.37
1261.71	1218.61
1262.57	1246.93
1263.44	1232.41
1264.31	1292.39
1265.18	1298.96
1266.05	1309.33
1266.91	1357.78
1267.78	1408.03
1268.65	1472.46
1269.51	1529.15
1270.38	1623.84
1271.24	1671.72
1272.11	1790.91
1272.97	1867.09
1273.84	1921.28
1274.7	1948.82
1275.57	2035.33
1276.43	2079.54
1277.3	2053.14
1278.16	1998.56
1279.02	2010.04
1279.89	1882.12
1280.75	1910.29
1281.61	1855.51
1282.48	1739.75
1283.34	1669.35
1284.2	1599
1285.06	1501.78
1285.92	1421.65
1286.78	1398.76
1287.65	1308.58
1288.51	1278.79
1289.37	1243.19
1290.23	1207.35
1291.09	1144.41
1291.95	1140.44
1292.81	1138.68
1293.67	1088.73
1294.52	1081.44
1295.38	1037.59
1296.24	1043.04
1297.1	1007.19
1297.96	1023.31
1298.81	1032.16
1299.67	1013.35
1300.53	977.35
1301.39	993.355
1302.24	1004.18
1303.1	984.007
1303.95	978.565
1304.81	961.845
1305.67	992.107
1306.52	994.756
1307.38	1007.01
1308.23	977.764
1309.09	985.937
1309.94	995.199
1310.8	1027.66
1311.65	1029.35
1312.5	1046.38
1313.35	1052.93
1314.21	1063.14
1315.06	1075.52
1315.91	1113.59
1316.77	1102.63
1317.62	1175.91
1318.47	1181.52
1319.32	1196.78
1320.17	1228.91
1321.02	1260.08
1321.87	1310.54
1322.73	1345.38
1323.57	1380.02
1324.43	1419.63
1325.28	1434.62
1326.13	1476.7
1326.97	1514.9
1327.82	1568.95
1328.67	1603.76
1329.52	1626.36
1330.37	1639.02
1331.22	1701.61
1332.06	1703.01
1332.91	1726.43
1333.76	1732.36
1334.61	1756.41
1335.45	1772.04
1336.3	1797.62
1337.15	1813.75
1337.99	1830.11
1338.84	1860.83
1339.68	1843.91
1340.53	1858.86
1341.37	1865.31
1342.22	1875.13
1343.06	1882.83
1343.91	1921.7
1344.75	1932.37
1345.6	1934.45
1346.44	1940.03
1347.28	1964.97
1348.12	1985.43
1348.97	1987.35
1349.81	1951.93
1350.65	1961.4
1351.49	1941.12
1352.33	1918.67
1353.18	1962.28
1354.02	1976.77
1354.86	1963.88
1355.7	1970.72
1356.54	1959.14
1357.38	1990.36
1358.22	2001.98
1359.06	2010.17
1359.9	1986.99
1360.74	1981.93
1361.58	2000.33
1362.42	1957.31
1363.25	1956.78
1364.09	1947.05
1364.93	1937.72
1365.77	1932.14
1366.6	1933.71
1367.19	1949.89
1368.1	1991.57
1369.01	1922.9
1369.92	1970.25
1370.83	1911.1
1371.74	1880.31
1372.65	1883.83
1373.56	1860.69
1374.47	1858.15
1375.37	1832.94
1376.28	1860.73
1377.19	1914.89
1378.1	1865.72
1379	1793.94
1379.91	1768.33
1380.82	1763.32
1381.72	1729.81
1382.63	1718.72
1383.54	1705.47
1384.44	1690.07
1385.35	1640.36
1386.25	1657.06
1387.16	1702.06
1388.06	1628.32
1388.97	1681.3
1389.87	1681.82
1390.78	1644.54
1391.68	1660.77
1392.59	1620.75
1393.49	1657.32
1394.39	1577.52
1395.3	1553.8
1396.2	1500.99
1397.1	1419.23
1398	1351.17
1398.91	1327.71
1399.81	1278.44
1400.71	1222.63
1401.61	1237.14
1402.52	1217.92
1403.42	1164.05
1404.32	1169.66
1405.22	1148.39
1406.12	1159.77
1407.02	1119.58
1407.92	1105.45
1408.82	1118.26
1409.72	1068.1
1410.62	1073.42
1411.52	1055.78
1412.42	1050.49
1413.32	1075.64
1414.21	1056.81
1415.11	975.053
1416.01	1039.1
1416.91	1013.61
1417.81	1042.43
1418.71	1006.69
1419.6	988.263
1420.5	975.737
1421.4	993.794
1422.29	922.561
1423.19	972.054
1424.09	949.163
1424.98	977.487
1425.88	981.925
1426.77	946.401
1427.67	973.638
1428.56	960.076
1429.46	926.643
1430.35	944.592
1431.25	970.225
1432.14	972.215
1433.04	1008.55
1433.93	974.656
1434.82	1043.6
1435.72	1024.14
1436.61	1055.18
1437.5	1078.66
1438.39	1081.17
1439.29	1127.57
1440.18	1167.26
1441.07	1185.85
1441.96	1210.08
1442.85	1230.49
1443.75	1241.43
1444.64	1290.87
1445.53	1323.36
1446.42	1348.35
1447.31	1373.33
1448.2	1371.24
1449.09	1386.18
1449.98	1379.75
1450.87	1456.88
1451.76	1467.8
1452.65	1423.21
1453.54	1454.03
1454.43	1486.17
1455.31	1519.41
1456.2	1515.79
1457.09	1542.66
1457.98	1546.81
1458.87	1555.45
1459.75	1600.78
1460.64	1564.23
1461.53	1594.87
1462.41	1600.82
1463.3	1608.92
1464.19	1694.46
1465.07	1753.47
1465.96	1789.66
1466.85	1823.48
1467.73	1745.56
1468.61	1748.28
1469.5	1720.17
1470.38	1676.72
1471.27	1698.4
1472.15	1678.29
1473.04	1648.31
1473.92	1723.02
1474.8	1747.07
1475.69	1779.85
1476.57	1749.65
1477.45	1715.84
1478.34	1741.6
1479.22	1708.23
1480.1	1691.25
1480.98	1659.24
1481.86	1631.5
1482.75	1618.74
1483.63	1590.07
1484.51	1488.62
1485.39	1434.08
1486.27	1275.37
1487.15	1149.05
1488.03	1025.86
1488.91	888.136
1489.79	819.041
1490.67	780.758
1491.55	746.246
1492.43	698.217
1493.31	669.593
1494.19	654.579
1495.07	627.11
1495.94	604.504
1496.82	591.516
1497.7	575.606
1498.58	598.104
1499.45	558.113
1500.33	536.408
1501.21	513.799
1502.09	515.192
1502.96	518.524
1503.84	518.042
1504.72	525.206
1505.59	540.934
1506.47	506.058
1507.34	537.928
1508.22	497.377
1509.09	522.562
1509.97	520.191
1510.84	512.183
1511.72	508.021
1512.59	491.531
1513.46	498.732
1514.34	508.695
1515.21	481.638
1516.08	483.904
1516.96	500.32
1517.83	487.445
1518.7	484.055
1519.57	485.425
1520.45	506.617
1521.32	477.036
1522.19	453.197
1523.06	483.964
1523.93	470.588
1524.8	472.263
1525.67	473.905
1526.54	463.285
1527.41	475.148
1528.28	477.591
1529.16	467.852
1530.02	471.287
1530.89	499.14
1531.76	491.47
1532.63	468.876
1533.5	463.163
1534.37	467.743
1535.24	478.852
1536.11	479.627
1536.97	461.662
1537.84	488.648
1538.71	457.639
1539.57	446.353
1540.44	474.466
1541.31	448.324
1542.18	481.239
1543.04	508.548
1543.91	467.336
1544.77	485.14
1545.64	482.224
1546.5	469.888
1547.37	474.466
1548.24	453.805
1549.1	466.127
1549.96	453.249
1550.83	463.035
1551.69	446.514
1552.56	442.166
1553.42	444.31
1554.28	447.28
1555.15	450.169
1556.01	436.99
1556.87	421.038
1557.73	459.12
1558.6	486.025
1559.46	467.521
1560.32	478.372
1561.18	448.265
1562.04	439.869
1562.9	454.216
1563.77	467.603
1564.63	451.528
1565.49	440.291
1566.35	477.782
1567.21	463.868
1568.07	451.869
1568.93	458.975
1569.79	442.092
1570.64	467.314
1571.5	463.717
1572.36	451.427
1573.22	461.222
1574.08	473.942
1574.94	474.212
1575.8	454.291
1576.65	465.218
1577.51	462.642
1578.37	455.195
1579.22	452.524
1580.08	444.973
1580.94	469.353
1581.79	450.181
1582.65	475.625
1583.51	453.598
1584.36	454.869
1585.22	464.891
1586.07	463.223
1586.93	468.329
1587.78	471.449
1588.63	478.431
1589.49	481.47
1590.34	479.569
1591.2	464.901
1592.05	456.011
1592.9	448.044
1593.76	479.102
1594.61	457.506
1595.46	489.675
1596.32	500.495
1597.17	467.464
1598.02	475.49
1598.87	471.769
1599.72	459.167
1600.58	501.282
1601.43	503.148
1602.28	476.514
1603.13	492.859
1603.98	493.491
1604.83	496.073
1605.68	509.445
1606.53	505.301
1607.38	497.325
1608.23	482.546
1609.08	496.065
1609.93	505.593
1610.77	498.42
1611.62	511.658
1612.47	500.497
1613.32	484.526
1614.17	492.992
1615.01	487.911
1615.86	520.835
1616.71	521.631
1617.55	511.662
1618.4	491.882
1619.25	506.044
1620.09	505.558
1620.94	516.696
1621.79	522.998
1622.63	532.26
1623.48	529
1624.32	514.196
1625.17	495.579
1626.01	489.572
1626.86	502.924
1627.7	515.298
1628.54	484.132
1629.39	523.531
1630.23	502.939
1631.07	519.022
1631.92	520.554
1632.76	513.371
1633.6	517.768
1634.45	522.188
1635.29	540.133
1636.13	526.331
1636.97	525.072
1637.81	529.589
1638.66	528.329
1639.5	546.31
1640.34	529.721
1641.18	544.913
1642.02	552.483
1642.86	519.74
1643.7	541.799
1644.54	536.937
1645.38	532.046
1646.22	538.657
1647.06	536.604
1647.89	553.787
1648.73	572.953
1649.57	568.179
1650.41	538.505
1651.25	554.126
1652.09	530.322
1652.92	549.827
1653.76	541.289
1654.6	583.741
1655.43	564.383
1656.27	534.407
1657.11	561.438
1657.94	567.408
1658.78	544.562
1659.62	548.839
1660.45	533.751
1661.29	557.28
1662.12	571.001
1662.96	549.716
1663.79	532.265
1664.62	536.201
1665.46	535.409
1666.29	556.118
1667.13	535.176
1667.96	534.676
1668.79	541.962
1669.63	524.84
1670.46	513.485
1671.29	551.868
1672.12	536.481
1672.96	522.979
1673.79	528.023
1674.62	494.887
1675.45	515.625
1676.28	503.117
1677.11	504.393
1677.95	508.659
1678.78	495.251
1679.61	521.113
1680.44	500.668
1681.27	492.894
1682.1	482.091
1682.93	456.486
1683.75	490.028
1684.58	492.109
1685.41	489.323
1686.24	477.685
1687.07	468.014
1687.9	475.117
1688.73	479.242
1689.55	484.338
1690.38	466.645
1691.21	459.787
1692.04	442.958
1692.86	472.606
1693.69	440.776
1694.52	431.714
1695.34	432.596
1696.17	435.542
1696.99	429.67
1697.82	410.978
1698.64	434.96
1699.47	428.165
1700.29	432.219
1701.12	444.129
1701.94	415.212
1702.77	437.89
1703.59	429.731
1704.41	383.835
1705.24	400.51
1706.06	420.175
1706.88	418.027
1707.71	434.751
1708.53	420.727
1709.35	423.564
1710.17	408.526
1711	425.193
1711.82	401.161
1712.64	405.851
1713.46	385.76
1714.28	418.185
1715.1	417.964
1715.92	416.8
1716.74	389.928
1717.56	414.491
1718.38	415.219
1719.2	401.994
1720.02	406.476
1720.84	405.981
1721.66	393.708
1722.48	403.241
1723.3	395.172
1724.11	417.74
1724.93	407.813
1725.75	399.774
1726.57	399.488
1727.39	399.074
1728.2	408.42
1729.02	377.481
1729.84	404.553
1730.65	393.415
1731.47	399.989
1732.29	410.483
1733.1	381.755
1733.92	387.265
1734.73	433.805
1735.55	406.005
1736.36	403.664
1737.18	406.242
1737.99	394.203
1738.81	402.637
1739.62	384.723
1740.43	403.79
1741.25	406.279
1742.06	378.654
1742.87	423.945
1743.69	393.502
1744.5	371.842
1745.31	374.452
1746.13	375.121
1746.94	380.645
1747.75	384.254
1748.56	386.928
1749.37	387.695
1750.18	363.317
1750.99	371.834
1751.81	394.838
1752.61	378.181
1753.42	404.075
1754.24	389.4
1755.04	361.235
1755.85	408.459
1756.66	377.392
1757.47	375.255
1758.28	372.091
1759.09	396.869
1759.9	380.144
1760.71	387.58
1761.52	381.594
1762.32	367.01
1763.13	392.954
1763.94	381.321
1764.74	370.631
1765.55	384.019
1766.36	379.093
1767.17	383.839
1767.97	368.395
1768.78	346.245
1769.58	360.779
1770.39	377.256
1771.19	387.92
1772	377.299
1772.8	383.079
1773.61	355.032
1774.41	375.331
1775.22	368.58
1776.02	390.859
1776.83	366.695
1777.63	354.133
1778.43	372.57
1779.23	371.676
1780.04	384.407
1780.84	374.889
1781.64	368.305
1782.44	359.777
1783.25	339.548
1784.05	358.206
1784.85	373.943
1785.65	365.314
1786.45	368.378
1787.25	375.358
1788.05	348.167
1788.86	353.197
1789.65	386.592
1790.46	349.541
1791.25	341.808
1792.05	352.674
1792.85	355.711
1793.65	376.434
1794.45	350.103
1795.25	359.152
1796.05	369.243
1796.85	371.503
1797.64	384.606
1798.44	369.092
1799.24	347.577
1800.04	387.239
1800.83	375.498
1801.63	353.829
1802.43	354.89
1803.22	371.793
1804.02	342.152
1804.82	352.113
1805.61	343.231
1806.41	364.08
1807.2	354.184
1808	338.335
1808.79	356.252
1809.59	365.271
1810.38	376.303
1811.18	364.465
1811.97	366.498
1812.76	353.533
1813.56	336.51
1814.35	355.253
1815.14	367.018
1815.94	353.956
1816.73	374.79
1817.52	333.02
1818.31	355.963
1819.1	364.968
1819.9	356.98
1820.69	367.838
1821.48	353.727
1822.27	357.518
1823.06	361.316
1823.85	356.177
1824.64	355.034
1825.43	339.95
1826.22	367.63
1827.01	361.45
1827.8	381.125
1828.59	353.091
1829.38	378.781
1830.17	349.826
1830.96	342.737
1831.74	360.459
1832.53	356.254
1833.32	360.931
1834.11	369.528
1834.89	355.283
1835.68	379.705
1836.47	351.612
1837.26	372.067
1838.04	347.989
1838.83	347.662
1839.61	341.388
1840.4	362.732
1841.19	334.685
1841.97	346.08
1842.76	339.731
1843.54	336.376
1844.33	345.861
1845.11	345.575
1845.89	350.253
1846.68	356.914
1847.46	346.877
1848.25	337.807
1849.03	366.981
1849.81	356.915
1850.6	332.174
1851.38	355.483
1852.16	335.688
1852.94	370.733
1853.72	335.238
1854.51	385.837
1855.29	340.509
1856.07	357.756
1856.85	358.366
1857.63	352.14
1858.41	339.102
1859.19	347.535
1859.97	342.351
1860.75	337.215
1861.53	322.403
1862.31	352.407
1863.09	328.917
1863.87	355.049
1864.65	353.899
1865.43	360.464
1866.21	363.063
1866.99	344.235
1867.76	340.938
1868.54	357.056
1869.32	323.779
1870.1	330.325
1870.87	341.782
1871.65	347.48
1872.43	347.39
1873.2	333.73
1873.98	311.325
1874.76	334.422
1875.53	340.081
1876.31	338.991
1877.08	336.982
1877.86	331.147
1878.63	312.738
1879.41	352.468
1880.18	334.987
1880.96	338.795
1881.73	337.731
1882.5	360.911
1883.28	337.576
1884.05	353.067
1884.82	331.725
1885.6	346.287
1886.37	355.019
1887.14	324.895
1887.91	361.751
1888.68	347.141
1889.46	324.774
1890.23	321.874
1891	340.422
1891.77	319.168
1892.54	350.541
1893.31	335.234
1894.08	357.011
1894.85	359.27
1895.62	339.944
1896.39	331.245
1897.16	355.71
1897.93	344.849
1898.7	367.243
1899.47	301.577
1900.24	319.207
1901.01	359.498
1901.77	333.257
1902.54	325.663
1903.31	331.787
1904.08	310.333
1904.84	340.961
1905.61	330.23
1906.38	314.539
1907.14	316.57
1907.91	325.515
1908.68	320.674
1909.44	325.724
1910.21	320.929
1910.97	344.828
1911.74	318.308
1912.51	327.407
1913.27	313.711
1914.03	328.743
1914.8	344.762
1915.56	340.901
1916.33	348.929
1917.09	316.167
1917.85	326.121
1918.62	342.029
1919.38	310.17
1920.14	347.978
1920.9	323.112
1921.67	310.229
1922.43	325.304
1923.19	326.491
1923.95	318.726
1924.71	328.937
1925.47	343.123
1926.24	300.198
1927	318.237
1927.76	306.167
1928.52	298.05
1929.28	341.978
1930.04	335.816
1930.8	315.638
1931.56	304.482
1932.32	318.374
1933.08	315.288
1933.83	334.278
1934.59	334.294
1935.35	317.293
1936.11	325.314
1936.87	316.228
1937.62	313.069
1938.38	318.854
1939.14	329.602
1939.89	328.337
1940.65	323.118
1941.41	333.963
1942.16	320.824
1942.92	328.682
1943.68	329.479
1944.43	325.196
1945.19	324.839
1945.94	328.428
1946.7	317.04
1947.45	305.691
1948.21	297.379
1948.96	318.966
1949.71	325.642
1950.47	324.381
1951.22	334.07
1951.98	310.978
1952.73	322.649
1953.48	309.467
1954.23	327.985
1954.99	338.475
1955.74	330.07
1956.49	331.537
1957.24	306.343
1957.99	329.611
1958.75	338.129
1959.5	316.153
1960.25	337.586
1961	349.137
1961.75	336.999
1962.5	321.863
1963.25	327.348
1964	338.703
1964.75	336.317
1965.5	347.675
1966.25	316.893
1967	336.034
1967.74	328.682
1968.49	323.235
1969.24	344.09
1969.99	332.77
1970.74	326.4
1971.48	336.652
1972.23	318.83
1972.98	329.251
1973.73	327.086
1974.47	322.947
1975.22	354.605
1975.96	339.649
1976.71	328.532
1977.46	347.376
1978.2	331.45
1978.95	318.512
1979.69	329.785
1980.44	339.209
1981.18	347.726
1981.93	316.742
1982.67	314.634
1983.41	337.493
1984.16	364.081
1984.9	329.957
1985.64	341.959
1986.39	326.108
1987.13	341.004
1987.87	332.952
1988.61	310.619
1989.36	320.899
1990.1	359.904
1990.84	328.121
1991.58	317.392
1992.32	331.529
1993.06	321.79
1993.81	310.187
1994.55	318.715
1995.29	333.05
1996.03	299.635
1996.77	324.596
1997.51	331.401
1998.24	333.403
1998.98	305.659
1999.72	317.164
2000.46	290.289
2001.2	323.82
2001.94	332.435
2002.68	309.414
2003.41	323.846
2004.15	306.616
2004.89	326.85
2005.63	317.29
2006.36	307.702
2007.1	310.596
2007.84	290.393
2008.57	300.037
2009.31	291.424
2010.05	290.559
2010.78	313.848
2011.52	290.872
2012.25	291.047
2012.99	313.439
2013.72	306.798
2014.46	288.488
2015.19	297.249
2015.92	282.762
2016.66	316.762
2017.39	316.908
2018.13	291.878
2018.86	295.039
2019.59	308.942
2020.32	299.495
2021.06	287.081
2021.79	310.101
2022.52	311.695
2023.25	319.513
2023.98	315.62
2024.72	329.146
2025.45	293.561
2026.18	297.136
2026.91	298.371
2027.64	322.332
2028.37	319.152
2029.1	312.093
2029.83	308.696
2030.56	301.287
2031.29	300.59
2032.02	303.801
2032.75	325.797
2033.47	306.482
2034.2	312.094
2034.93	317.943
2035.66	300.793
2036.39	299.827
2037.11	314.79
2037.84	310.371
2038.57	299.83
2039.3	292.935
2040.02	308.789
2040.75	309.348
2041.47	292.338
2042.2	312.348
2042.93	300.547
2043.65	299.697
2044.38	301.349
2045.1	299.403
2045.83	306.899
2046.55	290.865
2047.28	307.54
2048	309.545
2048.73	313.541
2049.45	315.74
2050.17	295.125
2050.9	304.941
2051.62	316.915
2052.34	300.695
2053.07	320.814
2053.79	329.382
2054.51	304.46
2055.23	315.99
2055.95	298.677
2056.68	303.182
2057.4	296.004
2058.12	318.965
2058.84	323.958
2059.56	317.318
2060.28	291.536
2061	308.803
2061.72	306.763
2062.44	323.525
2063.16	327.056
2063.88	301.734
2064.6	312.198
2065.32	312.285
2066.03	314.388
2066.75	312.979
2067.47	323.025
2068.19	330.297
2068.91	323.311
2069.62	328.581
2070.34	297.51
2071.06	308.667
2071.77	320.149
2072.49	307.766
2073.21	305.399
2073.92	314.706
2074.64	316.218
2075.36	323.499
2076.07	319.116
2076.79	307.31
2077.5	321.874
2078.22	319.761
2078.93	316.126
2079.64	313.712
2080.36	309.386
2081.07	312.365
2081.79	317.106
2082.5	311.599
2083.21	314.252
2083.93	333.379
2084.64	311.124
2085.35	323.378
2086.07	320.7
2086.78	311.108
2087.49	319.18
2088.2	322.156
2088.91	319.087
2089.62	318.691
2090.33	320.444
2091.04	313.635
2091.76	322.499
2092.47	324.481
2093.18	309.642
2093.89	307.315
2094.6	332.31
2095.3	328.429
2096.01	326.065
2096.72	321.695
2097.43	317.411
2098.14	308.446
2098.85	316.115
2099.56	336.658
2100.3	318.118
2101.08	332.823
2101.86	329.745
2102.64	326.658
2103.42	334.402
2104.2	316.417
2104.98	347.703
2105.76	329.605
2106.54	327.266
2107.32	331.846
2108.1	323.724
2108.88	333.394
2109.66	337.251
2110.44	340.139
2111.22	318.43
2112	329.007
2112.78	342.406
2113.56	333.184
2114.33	331.818
2115.11	328.61
2115.89	341.15
2116.67	326.449
2117.44	303.002
2118.22	331.279
2119	307.773
2119.77	330.09
2120.55	351.386
2121.33	330.728
2122.1	318.872
2122.88	342.117
2123.65	323.493
2124.43	324.38
2125.2	324.333
2125.98	331.155
2126.75	337.051
2127.53	336.16
2128.3	338.189
2129.08	332.388
2129.85	325.571
2130.63	333.35
2131.4	334.301
2132.17	344.053
2132.95	311.897
2133.72	327.546
2134.49	340.273
2135.27	335.428
2136.04	323.743
2136.81	302.296
2137.58	323.836
2138.35	333.699
2139.13	313.303
2139.9	334.006
2140.67	344.994
2141.44	341.331
2142.21	326.894
2142.98	335.967
2143.75	334.214
2144.52	349.127
2145.29	320.739
2146.06	321.847
2146.83	337.765
2147.6	321.235
2148.37	345.175
2149.14	320.786
2149.91	341.793
2150.68	327.168
2151.45	338.219
2152.22	341.356
2152.99	322.708
2153.75	319.948
2154.52	330.141
2155.29	314.53
2156.06	337.697
2156.82	323.047
2157.59	308.339
2158.36	334.489
2159.12	294.726
2159.89	307.846
2160.66	321.95
2161.42	321.049
2162.19	315.159
2162.95	308.31
2163.72	320.568
2164.49	317.856
2165.25	314.17
2166.02	319.494
2166.78	300.601
2167.55	313.832
2168.31	329.035
2169.07	302.878
2169.84	325.134
2170.6	327.273
2171.36	319.38
2172.13	312.533
2172.89	329.972
2173.65	310.964
2174.42	335.411
2175.18	322.301
2175.94	352.718
2176.7	339.52
2177.47	317.186
2178.23	326.329
2178.99	341.626
2179.75	334.653
2180.51	308.387
2181.27	336.96
2182.03	329.94
2182.79	350.343
2183.56	313.728
2184.32	312.688
2185.07	320.787
2185.84	328.877
2186.6	340.027
2187.35	312.505
2188.11	337.009
2188.87	323.845
2189.63	346.323
2190.39	318.89
2191.15	324.047
2191.91	317.99
2192.67	332.296
2193.42	338.419
2194.18	344.493
2194.94	331.153
2195.7	317.768
2196.45	313.521
2197.21	356.048
2197.97	348.789
2198.72	325.359
2199.48	355.805
2200.24	321.299
2200.99	327.384
2201.75	331.388
2202.5	332.28
2203.26	311.835
2204.01	332.943
2204.77	334.827
2205.52	312.496
2206.28	349.96
2207.03	338.888
2207.79	353.115
2208.54	327.832
2209.29	346.01
2210.05	316.579
2210.8	335.68
2211.55	349.697
2212.31	309.151
2213.06	313.085
2213.81	296.825
2214.56	342.098
2215.32	345.962
2216.07	315.538
2216.82	334.456
2217.57	331.186
2218.32	335.956
2219.07	350.752
2219.83	344.48
2220.58	331.259
2221.33	349.169
2222.08	324.051
2222.83	330.989
2223.58	330.884
2224.33	327.726
2225.08	358.496
2225.83	351.268
2226.58	345.06
2227.32	331.917
2228.07	323.81
2228.82	328.675
2229.57	322.598
2230.32	335.428
2231.07	335.319
2231.82	332.225
2232.56	338.067
2233.31	334.947
2234.06	319.891
2234.8	326.645
2235.55	335.369
2236.3	324.291
2237.04	322.164
2237.79	319.093
2238.54	313.09
2239.28	336.755
2240.03	331.745
2240.77	333.636
2241.52	345.383
2242.26	322.57
2243.01	327.397
2243.75	354.895
2244.5	342.954
2245.24	333.982
2245.99	354.566
2246.73	333.802
2247.47	348.478
2248.22	329.69
2248.96	341.365
2249.7	326.475
2250.45	328.282
2251.19	336.971
2251.93	353.527
2252.67	355.418
2253.42	335.795
2254.16	314.258
2254.9	333.911
2255.64	343.771
2256.38	325.193
2257.12	324.233
2257.87	343.819
2258.61	343.759
2259.35	337.793
2260.09	337.716
2260.83	335.719
2261.57	345.548
2262.31	345.662
2263.05	356.6
2263.79	312.701
2264.53	350.109
2265.26	339.464
2266	341.511
2266.74	356.274
2267.48	350.397
2268.22	358.238
2268.96	342.535
2269.69	339.61
2270.43	335.744
2271.17	319.177
2271.91	366.428
2272.64	350.926
2273.38	339.36
2274.12	348.433
2274.85	327.025
2275.59	341.986
2276.33	333.305
2277.06	345.268
2277.8	332.576
2278.53	333.655
2279.27	334.719
2280	322.958
2280.74	327.958
2281.47	327.054
2282.21	343.93
2282.94	316.454
2283.68	342.313
2284.41	347.49
2285.14	323.029
2285.88	320.273
2286.61	343.183
2287.34	320.516
2288.08	323.544
2288.81	334.497
2289.54	322.722
2290.27	325.876
2291.01	340.989
2291.74	330.376
2292.47	342.6
2293.2	341.907
2293.93	315.322
2294.66	334.435
2295.39	338.576
2296.12	347.646
2296.85	323.797
2297.58	334.815
2298.32	331.911
2299.05	321.097
2299.77	333.273
2300.5	344.506
2301.23	350.753
2301.96	308.998
2302.69	307.148
2303.42	323.278
2304.15	332.415
2304.88	336.583
2305.61	341.782
2306.33	304.928
2307.06	318.166
2307.79	339.418
2308.52	323.5
2309.24	310.555
2309.97	332.746
2310.7	309.751
2311.42	316.921
2312.15	315.08
2312.88	334.369
2313.6	312.41
2314.33	316.574
2315.05	312.65
2315.78	302.648
2316.5	326.919
2317.23	316.96
2317.95	305.001
2318.68	317.258
2319.4	309.335
2320.13	328.637
2320.85	327.731
2321.58	315.694
2322.3	325.877
2323.02	311.828
2323.74	306.89
2324.47	300.945
2325.19	305.097
2325.91	281.919
2326.64	291.082
2327.36	272.918
2328.08	240.594
2328.8	242.695
2329.52	234.698
2330.24	235.815
2330.97	257.184
2331.69	303.872
2332.41	277.586
2333.13	301.94
2333.85	297.897
2334.57	320.209
2335.29	318.218
2336.01	320.312
2336.73	303.17
2337.45	284.002
2338.17	299.294
2338.88	296.314
2339.6	320.704
2340.32	304.521
2341.04	314.74
2341.76	299.636
2342.48	292.679
2343.2	296.907
2343.91	299.083
2344.63	314.402
2345.35	299.145
2346.06	299.062
2346.78	298.945
2347.5	297.84
2348.21	296.804
2348.93	330.364
2349.65	310.206
2350.36	310.381
2351.08	287.176
2351.79	282.194
2352.51	300.524
2353.22	309.654
2353.94	306.55
2354.65	292.268
2355.37	309.506
2356.08	284.114
2356.8	305.479
2357.51	298.43
2358.22	308.665
2358.94	323.995
2359.65	305.823
2360.36	313.071
2361.08	292.896
2361.79	312.401
2362.5	306.488
2363.21	338.239
2363.93	279.292
2364.64	303.825
2365.35	285.496
2366.06	329.309
2366.77	317.045
2367.48	294.608
2368.19	336.406
2368.91	306.903
2369.62	291.682
2370.33	282.569
2371.04	304.018
2371.75	319.344
2372.46	288.806
2373.17	313.317
2373.87	313.375
2374.58	322.611
2375.29	303.293
2376	319.649
2376.71	316.636
2377.42	325.876
2378.13	288.226
2378.83	319.949
2379.54	307.804
2380.25	309.91
2380.96	306.875
2381.66	316.067
2382.37	316.085
2383.08	320.236
2383.78	319.352
2384.49	319.548
2385.2	320.777
2385.9	326.047
2386.61	311.791
2387.31	345.5
2388.02	350.506
2388.72	346.306
2389.43	330.926
2390.13	306.432
2390.84	313.665
2391.54	319.883
2392.25	331.176
2392.95	334.235
2393.65	302.517
2394.36	289.208
2395.06	315.79
2395.77	331.203
2396.47	309.892
2397.17	322.284
2397.87	338.716
2398.57	329.505
2399.28	334.527
2399.98	311.921
2400.68	336.321
2401.38	319.907
2402.08	322.96
2402.79	325.053
2403.49	329.233
2404.19	327.312
2404.89	303.952
2405.59	323.45
2406.29	334.759
2406.99	332.767
2407.69	332.811
2408.39	355.342
2409.09	337.024
2409.79	332.002
2410.49	342.302
2411.18	309.633
2411.88	344.382
2412.58	316.726
2413.28	322.775
2413.98	324.727
2414.67	336.896
2415.37	353.163
2416.07	339.844
2416.77	340.839
2417.46	313.307
2418.16	322.527
2418.86	336.867
2419.55	343.04
2420.25	324.689
2420.95	336.869
2421.64	329.606
2422.34	349.84
2423.03	326.282
2423.73	337.449
2424.42	325.296
2425.12	318.32
2425.81	332.769
2426.51	326.828
2427.2	310.641
2427.89	342.273
2428.59	343.24
2429.28	328.841
2429.97	302.169
2430.67	331.5
2431.36	335.345
2432.05	321.932
2432.75	346.19
2433.44	326.835
2434.13	319.756
2434.82	311.711
2435.51	334.122
2436.21	305.731
2436.9	316.85
2437.59	356.301
2438.28	340.894
2438.97	313.329
2439.66	347.652
2440.35	335.399
2441.04	345.491
2441.73	330.298
2442.42	325.214
2443.11	314.03
2443.8	324.045
2444.49	340.114
2445.18	361.232
2445.87	353.095
2446.56	336.95
2447.24	319.826
2447.93	336.015
2448.62	320.878
2449.31	331.957
2450	347.044
2450.68	330.851
2451.37	344.953
2452.06	334.881
2452.75	342.985
2453.43	348.051
2454.12	324.827
2454.8	315.653
2455.49	357.807
2456.18	334.433
2456.86	338.28
2457.55	327.112
2458.23	324.082
2458.92	328.157
2459.6	334.288
2460.29	336.408
2460.97	343.549
2461.66	357.71
2462.34	335.638
2463.02	356.786
2463.71	363.809
2464.39	341.618
2465.07	361.627
2465.76	358.482
2466.44	370.403
2467.12	346.196
2467.8	350.178
2468.49	370.272
2469.17	377.379
2469.85	359.433
2470.53	362.582
2471.21	355.668
2471.9	340.688
2472.58	364.831
2473.26	364.823
2473.94	356.75
2474.62	339.641
2475.3	373.782
2475.98	373.82
2476.66	369.901
2477.34	359.998
2478.02	362.165
2478.69	340.203
2479.38	344.33
2480.05	354.445
2480.73	351.469
2481.41	353.515
2482.09	354.57
2482.77	331.508
2483.44	352.719
2484.12	366.876
2484.8	342.763
2485.48	362.875
2486.15	346.726
2486.83	343.656
2487.51	352.692
2488.18	322.56
2488.86	330.711
2489.54	343.946
2490.21	382.366
2490.89	388.589
2491.56	374.651
2492.24	361.677
2492.91	364.789
2493.59	345.717
2494.26	355.891
2494.94	382.241
2495.61	365.292
2496.29	333.23
2496.96	342.562
2497.63	367.033
2498.31	363.169
2498.98	373.362
2499.65	378.43
2500.33	370.317
2501	355.151
2501.67	369.402
2502.34	362.513
2503.01	350.642
2503.69	348.901
2504.36	358.266
2505.03	352.329
2505.7	386.888
2506.37	386.92
2507.04	368.706
2507.71	353.584
2508.38	385.229
2509.05	380.367
2509.72	372.434
2510.39	379.673
2511.06	375.661
2511.73	363.484
2512.4	375.726
2513.07	378.866
2513.74	363.75
2514.41	376.135
2515.08	381.408
2515.75	398.886
2516.41	380.668
2517.08	361.384
2517.75	374.681
2518.42	373.7
2519.08	355.394
2519.75	371.773
2520.42	380.036
2521.08	362.855
2521.75	387.542
2522.42	364.316
2523.08	373.763
2523.75	375.042
2524.41	385.481
2525.08	360.078
2525.74	374.548
2526.41	363.42
2527.07	347.154
2527.74	379.016
2528.4	357.578
2529.07	375.033
2529.73	368.872
2530.4	360.65
2531.06	395.511
2531.72	363.835
2532.39	370.186
2533.05	360.216
2533.71	347.167
2534.38	363.842
2535.04	350.628
2535.7	371.198
2536.36	384.463
2537.02	389.454
2537.69	365.686
2538.35	375.907
2539.01	376.974
2539.67	341.185
2540.33	384.536
2540.99	399.169
2541.65	390.16
2542.31	396.518
2542.97	360.62
2543.63	412.079
2544.29	384.214
2544.95	376.849
2545.61	379.719
2546.27	389.782
2546.93	396.807
2547.59	374.129
2548.24	393.647
2548.9	397.833
2549.56	386.656
2550.22	376.502
2550.88	397.126
2551.53	423.9
2552.19	396.257
2552.85	418.942
2553.5	394.373
2554.16	391.33
2554.82	433.421
2555.47	385.017
2556.13	415.636
2556.79	410.274
2557.44	419.302
2558.1	428.404
2558.75	435.515
2559.41	388.419
2560.06	426.409
2560.72	412.156
2561.37	408.114
2562.02	427.571
2562.68	438.744
2563.33	444.712
2563.99	422.993
2564.64	442.229
2565.29	415.503
2565.95	427.759
2566.6	423.746
2567.25	418.769
2567.9	434.222
2568.56	431.196
2569.21	434.197
2569.86	454.488
2570.51	459.401
2571.16	417.402
2571.81	414.323
2572.47	444.021
2573.12	440.061
2573.77	446.291
2574.42	413.644
2575.07	396.241
2575.72	409.422
2576.37	438.924
2577.02	426.587
2577.67	446.931
2578.32	449.932
2578.96	419.265
2579.61	417.106
2580.26	414.903
2580.91	418.791
2581.56	421.685
2582.21	438.915
2582.85	426.714
2583.5	423.781
2584.15	415.799
2584.8	429.161
2585.44	411.892
2586.09	412.819
2586.74	393.278
2587.38	400.115
2588.03	411.014
2588.68	378.264
2589.32	407.55
2589.97	403.415
2590.61	419.641
2591.26	396.372
2591.9	405.585
2592.55	441.182
2593.19	436.252
2593.84	431.34
2594.48	400.054
2595.13	398.167
2595.77	413.489
2596.41	400.334
2597.06	396.245
2597.7	418.487
2598.34	426.485
2598.99	418.254
2599.63	398.922
2600.27	424.286
2600.91	431.467
2601.55	419.414
2602.2	415.46
2602.84	394.212
2603.48	421.589
2604.12	403.282
2604.76	428.581
2605.4	429.567
2606.04	410.305
2606.68	396.126
2607.32	426.521
2607.96	418.349
2608.6	418.232
2609.24	425.204
2609.88	413.977
2610.52	423.097
2611.16	410.031
2611.8	427.424
2612.44	425.628
2613.08	407.614
2613.72	418.941
2614.35	426.177
2614.99	427.289
2615.63	438.539
2616.27	422.392
2616.9	429.601
2617.54	434.806
2618.18	421.754
2618.81	450.335
2619.45	427.106
2620.09	436.336
2620.72	438.421
2621.36	456.733
2621.99	454.712
2622.63	455.765
2623.26	451.782
2623.9	453.952
2624.53	470.386
2625.17	472.582
2625.8	474.742
2626.44	442.252
2627.07	457.547
2627.7	488.102
2628.34	440.338
2628.97	479.137
2629.6	475.24
2630.24	471.355
2630.87	486.816
2631.5	498.167
2632.14	486.041
2632.77	505.501
2633.4	490.319
2634.03	524.121
2634.66	500.902
2635.29	524.628
2635.93	506.52
2636.56	517.967
2637.19	535.536
2637.82	512.203
2638.45	536.87
2639.08	534.941
2639.71	526.838
2640.34	558.604
2640.97	539.187
2641.6	529.992
2642.23	565.833
2642.85	553.639
2643.48	545.597
2644.11	553.977
2644.74	553.17
2645.37	534.925
2646	580.12
2646.63	557.645
2647.25	578.137
2647.88	582.204
2648.51	615.989
2649.13	578.096
2649.76	596.609
2650.39	581.38
2651.01	606.178
2651.64	605.404
2652.27	611.843
2652.89	579.278
2653.52	624.633
2654.14	618.619
2654.77	600.196
2655.39	627.916
2656.02	600.171
2656.64	619.685
2657.27	605.326
2657.89	618.893
2658.51	607.281
2659.14	628.105
2659.76	594.162
2660.39	610.009
2661.01	642.261
2661.63	631.68
2662.25	603.444
2662.88	611.865
2663.5	602.419
2664.12	641.362
2664.74	646.499
2665.36	643.142
2665.99	609.333
2666.61	649.563
2667.23	609.142
2667.85	627.677
2668.47	626.353
2669.09	640.549
2669.71	628.143
2670.33	659.926
2670.95	609.113
2671.57	653.924
2672.19	667.33
2672.81	670.135
2673.43	642.867
2674.05	658.875
2674.67	649.8
2675.29	664.746
2675.9	675.065
2676.52	671.401
2677.14	686.188
2677.76	704.391
2678.38	715.463
2678.99	748.061
2679.61	755.022
2680.23	801.774
2680.84	814.262
2681.46	825.15
2682.08	858.224
2682.69	864.598
2683.31	906.159
2683.92	910.082
2684.54	893.876
2685.15	874.95
2685.77	879.836
2686.38	871.424
2687	862.618
2687.61	847.063
2688.23	847.866
2688.84	881.124
2689.46	865.674
2690.07	885.677
2690.68	895.123
2691.3	883.543
2691.91	881.008
2692.52	907.042
2693.14	889.746
2693.75	888.843
2694.36	897.272
2694.97	918.402
2695.59	930.972
2696.2	897.962
2696.81	905.577
2697.42	869.838
2698.03	904.802
2698.64	911.555
2699.25	906.598
2699.86	911.026
2700.47	895.562
2701.08	918.748
2701.69	917.509
2702.3	908.685
2702.91	878.699
2703.52	912.643
2704.13	925.548
2704.74	929.402
2705.35	923.781
2705.96	915.501
2706.56	917.738
2707.17	946.115
2707.78	956.222
2708.39	939.072
2709	937.666
2709.6	946.874
2710.21	959.956
2710.82	977.855
2711.42	952.125
2712.03	963.975
2712.64	963.66
2713.24	969.115
2713.85	983.123
2714.45	993.325
2715.06	1008.88
2715.67	991.742
2716.27	1013.17
2716.88	998.061
2717.48	1000.3
2718.09	999.791
2718.69	999.262
2719.29	1013.86
2719.9	1029.41
2720.5	1024.11
2721.1	1027.7
2721.71	1036.84
2722.31	1043.38
2722.91	1070.14
2723.52	1061.91
2724.12	1057.85
2724.72	1065.27
2725.32	1074.94
2725.92	1088.06
2726.53	1080.88
2727.13	1060.79
2727.73	1081.81
2728.33	1106.69
2728.93	1126.08
2729.53	1104.07
2730.13	1107.87
2730.73	1107.77
2731.33	1113.31
2731.93	1115.46
2732.53	1125.62
2733.13	1122.6
2733.73	1131.97
2734.33	1154.9
2734.93	1151.09
2735.53	1158.06
2736.13	1156.54
2736.45	1158.17
2737.12	1169.09
2737.79	1136.18
2738.46	1179.55
2739.13	1193.47
2739.8	1191.25
2740.47	1192.27
2741.14	1216.9
2741.81	1208.18
2742.47	1178.19
2743.14	1220.48
2743.81	1209.79
2744.48	1178.62
2745.15	1179.94
2745.81	1195.48
2746.48	1212.06
2747.15	1197.09
2747.81	1204.58
2748.48	1222.24
2749.15	1256.12
2749.81	1216.37
2750.48	1211.15
2751.15	1259.89
2751.81	1249.52
2752.48	1219.98
2753.14	1196.84
2753.81	1203.55
2754.47	1206.32
2755.14	1169.16
2755.8	1163.43
2756.47	1167.66
2757.13	1137.96
2757.8	1171.55
2758.46	1143.91
2759.13	1133.81
2759.79	1146.38
2760.45	1134.54
2761.12	1154.36
2761.78	1130.02
2762.44	1138.23
2763.1	1155.49
2763.77	1125.68
2764.43	1155.31
2765.09	1167.78
2765.76	1154.9
2766.42	1145.27
2767.08	1180.78
2767.74	1182.47
2768.4	1195.32
2769.06	1239.84
2769.72	1237.05
2770.38	1245.45
2771.05	1263.07
2771.71	1297.16
2772.37	1333.42
2773.03	1329.78
2773.69	1411.49
2774.35	1437.75
2775.01	1424.84
2775.67	1516.64
2776.33	1569.2
2776.99	1607.27
2777.64	1663.88
2778.3	1681.52
2778.96	1767.17
2779.62	1788.07
2780.28	1867.55
2780.94	1834.71
2781.59	1887.16
2782.25	1829.49
2782.91	1842.97
2783.57	1825.83
2784.22	1847.05
2784.88	1807.68
2785.54	1771.33
2786.2	1758.4
2786.85	1788.27
2787.51	1781.63
2788.16	1781.93
2788.82	1829.6
2789.48	1843.59
2790.13	1854.97
2790.79	1826.67
2791.44	1893.38
2792.1	1872.5
2792.75	1907.99
2793.41	1939.92
2794.06	1917.86
2794.72	1961.49
2795.37	1980.28
2796.02	2006.35
2796.68	1996.56
2797.33	2066.21
2797.98	2023.94
2798.64	2059.02
2799.29	2093.2
2799.94	2136.74
2800.6	2125.79
2801.25	2184.85
2801.9	2195.53
2802.55	2211.31
2803.21	2242.42
2803.86	2243.49
2804.51	2294.86
2805.16	2281.21
2805.81	2334.45
2806.46	2377.41
2807.11	2414.24
2807.77	2403.73
2808.42	2409.61
2809.07	2442.1
2809.72	2522.73
2810.37	2583.63
2811.02	2600.27
2811.67	2638.66
2812.32	2651.64
2812.97	2672.12
2813.61	2692.87
2814.26	2739.47
2814.91	2741.91
2815.56	2800.79
2816.21	2863.67
2816.86	2851.33
2817.51	2884.03
2818.15	2945.29
2818.8	2937.5
2819.45	2991.22
2820.1	3056.29
2820.74	3063.1
2821.39	3052.89
2822.04	3127.3
2822.69	3166.94
2823.33	3226.94
2823.98	3179.59
2824.63	3316.57
2825.27	3318.53
2825.92	3331.69
2826.56	3397.43
2827.21	3422.56
2827.85	3476.92
2828.5	3507.03
2829.14	3509.7
2829.79	3506.41
2830.43	3603.89
2831.08	3571.07
2831.72	3615.23
2832.37	3563.68
2833.01	3604.29
2833.65	3633.27
2834.3	3734.87
2834.94	3751.89
2835.58	3702.92
2836.23	3756.5
2836.87	3824.41
2837.51	3809.28
2838.16	3837.67
2838.8	3890.17
2839.44	3832.27
2840.08	3942.95
2840.72	3945.7
2841.36	3937.73
2842.01	3989.96
2842.65	3921.78
2843.29	4017.94
2843.93	4009.52
2844.57	4035.14
2845.21	3991.03
2845.85	4072.23
2846.49	4122.77
2847.13	4085.28
2847.77	4134.6
2848.41	4173.08
2849.05	4248.71
2849.69	4185.17
2850.33	4157.84
2850.97	4187.14
2851.61	4152.9
2852.24	4138.94
2852.88	4233.15
2853.52	4310.67
2854.16	4324.55
2854.8	4254.98
2855.43	4327.44
2856.07	4359.48
2856.71	4378.53
2857.35	4334.24
2857.98	4455.34
2858.62	4466.78
2859.26	4480
2859.89	4539.27
2860.53	4590.75
2861.16	4539.09
2861.8	4678.33
2862.44	4771.56
2863.07	4781.88
2863.71	4816.83
2864.34	4843.8
2864.98	4996.88
2865.61	5022.56
2866.25	5086.46
2866.88	5108.98
2867.52	5199.17
2868.15	5268.4
2868.78	5367.3
2869.42	5449.76
2870.05	5542.88
2870.69	5628.37
2871.32	5739.36
2871.95	5833.41
2872.58	5887.5
2873.22	6046.72
2873.85	6185.83
2874.48	6290.27
2875.11	6417.15
2875.75	6594.86
2876.38	6614.06
2877.01	6820.34
2877.64	6908.72
2878.27	7033.05
2878.9	7114.19
2879.53	7207.54
2880.16	7376.92
2880.79	7559.88
2881.42	7585.03
2882.05	7727.66
2882.68	7920.84
2883.31	7980.57
2883.94	8115.04
2884.57	8206.35
2885.2	8373.9
2885.83	8388.65
2886.46	8513.7
2887.09	8583.88
2887.72	8652.63
2888.35	8804.21
2888.97	8881
2889.6	8898.7
2890.23	8990.57
2890.86	9057.04
2891.49	9103.99
2892.11	9077.18
2892.74	9190.45
2893.37	9255.18
2893.99	9270.35
2894.62	9366.23
2895.25	9401.91
2895.87	9489.21
2896.5	9384.71
2897.12	9516.43
2897.75	9472.37
2898.38	9596.91
2899	9644.6
2899.63	9729.6
2900.25	9815.69
2900.88	9911.86
2901.5	9921.23
2902.12	9865.12
2902.75	9860.04
2903.37	9954.23
2904	9990.41
2904.62	10010.1
2905.25	10030.8
2905.87	10004.7
2906.49	9993.46
2907.11	9957.18
2907.74	9966.56
2908.36	9875.32
2908.98	9846.55
2909.6	9780.78
2910.23	9856.18
2910.85	9794.13
2911.47	9677.05
2912.09	9545.72
2912.71	9471.62
2913.33	9468.57
2913.96	9433.84
2914.58	9223.63
2915.2	9177.2
2915.82	9010.02
2916.44	8988.98
2917.06	8894.67
2917.68	8690.22
2918.3	8626.3
2918.92	8547.06
2919.54	8390.31
2920.16	8415.4
2920.77	8299.47
2921.39	8161.77
2922.01	8223.17
2922.63	8132.53
2923.25	8109.94
2923.87	8099.21
2924.48	8119.41
2925.1	8028.25
2925.72	8096.69
2926.34	8053.71
2926.95	8079.14
2927.57	8065.43
2928.19	8013.77
2928.8	8053.97
2929.42	8067.19
2930.04	8074.86
2930.65	8091.13
2931.27	8173.3
2931.89	8111.9
2932.5	8150.36
2933.12	8189.73
2933.73	8270.23
2934.35	8268.57
2934.96	8339.47
2935.58	8444.03
2936.19	8509.06
2936.81	8492.92
2937.42	8650.68
2938.03	8604.06
2938.65	8654.49
2939.26	8657.05
2939.88	8731.15
2940.49	8722.06
2941.1	8827.52
2941.71	8781.79
2942.33	8825.91
2942.94	8667.87
2943.55	8711.41
2944.17	8722.52
2944.78	8708.61
2945.39	8725.33
2946	8684.3
2946.61	8648.53
2947.22	8642.49
2947.83	8661.11
2948.45	8543.73
2949.06	8557.76
2949.67	8474.35
2950.28	8462.72
2950.89	8527.4
2951.5	8335.1
2952.11	8230.9
2952.72	8189.5
2953.33	8020.31
2953.94	7890.65
2954.54	7894.89
2955.15	7772.17
2955.76	7694.15
2956.37	7650.73
2956.98	7432.43
2957.59	7474.52
2958.2	7318.91
2958.8	7248.68
2959.41	7117.45
2960.02	7017.65
2960.63	6899.31
2961.23	6782.09
2961.84	6697.34
2962.45	6591.93
2963.05	6485.07
2963.66	6328.8
2964.27	6260.38
2964.87	6153.07
2965.48	6027.19
2966.08	5997.45
2966.69	5935.46
2967.29	5777.79
2967.9	5657.13
2968.5	5540.72
2969.11	5504.26
2969.71	5412.56
2970.32	5225.06
2970.92	5169.23
2971.53	5121.23
2972.13	4967.22
2972.74	4841.24
2973.34	4809.75
2973.94	4707.39
2974.54	4579.02
2975.15	4592.7
2975.75	4360.92
2976.35	4349.72
2976.96	4255.17
2977.56	4166.11
2978.16	4110.89
2978.76	3993.98
2979.36	3925.2
2979.97	3787.81
2980.57	3809.64
2981.17	3638.53
2981.77	3640.38
2982.37	3555.42
2982.97	3467.85
2983.57	3380.03
2984.17	3327.23
2984.77	3223.79
2985.37	3173.35
2985.97	3062.2
2986.57	3009.89
2987.17	2917.72
2987.77	2893.98
2988.37	2836.01
2988.97	2771.42
2989.57	2701.34
2990.17	2639.28
2990.76	2627.43
2991.36	2540.96
2991.96	2456.77
2992.56	2399.34
2993.16	2375.68
2993.75	2313.96
2994.35	2230.51
2994.95	2156.11
2995.54	2166.64
2996.14	2058.72
2996.74	2091.25
2997.33	2013.67
2997.93	1970.06
2998.52	1928.57
2999.12	1848.16
2999.72	1837.27
3000.31	1782.32
3000.91	1756.03
3001.5	1738.94
3002.1	1722.83
3002.69	1670.74
3003.29	1659.47
3003.88	1598.92
3004.47	1602.88
3005.07	1561.91
3005.66	1529.4
3006.26	1515.6
3006.85	1462.05
3007.44	1445.45
3008.04	1421.56
3008.63	1402.54
3009.22	1387.32
3009.81	1376.98
3010.41	1367.54
3011	1318.11
3011.59	1297.57
3012.18	1274.13
3012.77	1258
3013.36	1185.43
3013.96	1200.09
3014.55	1200.33
3015.14	1212.92
3015.73	1170.12
3016.32	1160.31
3016.91	1176.27
3017.5	1132.52
3018.09	1094.78
3018.68	1102.15
3019.27	1108.38
3019.86	1089.9
3020.45	1100.35
3021.04	1067.72
3021.63	1054.77
3022.22	1042.88
3022.8	1038.13
3023.39	1022.93
3023.98	1022.07
3024.57	1008.78
3025.16	1024.38
3025.74	1026.6
3026.33	988.546
3026.92	986.553
3027.5	976.212
3028.09	952.373
3028.68	957.411
3029.26	988.302
3029.85	945.038
3030.44	947.332
3031.02	975.57
3031.61	946.05
3032.19	944.364
3032.78	968.407
3033.37	919.966
3033.95	931.369
3034.54	942.722
3035.12	930.3
3035.71	935.484
3036.29	927.253
3036.87	909.73
3037.46	941.827
3038.04	928.46
3038.63	913.082
3039.21	909.173
3039.79	910.552
3040.38	898.569
3040.96	928.019
3041.54	901.47
3042.12	911.005
3042.71	919.293
3043.29	931.527
3043.87	910.497
3044.45	903.963
3045.03	885.107
3045.62	924.36
3046.2	934.807
3046.78	886.386
3047.36	901.15
3047.94	906.577
3048.52	948.185
3049.1	906.833
3049.68	909.944
3050.26	933.722
3050.84	928.473
3051.42	912.863
3052	923.146
3052.58	921.005
3053.16	921.988
3053.74	926.119
3054.32	927.219
3054.89	935.664
3055.47	917.276
3056.05	898.938
3056.63	922.048
3057.21	927.476
3057.78	934.856
3058.36	936.911
3058.94	936.777
3059.52	938.666
3060.09	940.577
3060.67	946.711
3061.25	966.408
3061.82	943.686
3062.4	957.236
3062.97	952.08
3063.55	949.954
3064.13	976.774
3064.7	921.746
3065.28	940.328
3065.85	948.634
3066.43	949.753
3067	964.34
3067.58	942.586
3068.15	948.663
3068.72	956.66
3069.3	979.049
3069.87	950.722
3070.45	962.856
3071.02	963.771
3071.59	962.779
3072.17	959.817
3072.74	947.541
3073.31	978.627
3073.89	939.24
3074.46	955.608
3075.03	968.84
3075.6	963.528
3076.17	977.995
3076.74	974.002
3077.32	958.746
3077.89	983.865
3078.46	962.399
3079.03	1002.92
3079.6	985.354
3080.17	992.492
3080.74	982.963
3081.31	963.025
3081.88	966.851
3082.45	976.879
3083.02	1003.46
3083.59	1002.15
3084.16	1000.86
3084.73	1007.83
3085.3	999.335
3085.87	1005.36
3086.43	991.88
3087	1008.45
3087.57	1008.62
3088.14	1010.9
3088.71	1025.52
3089.28	994.635
3089.84	1008.03
3090.41	967.664
3090.98	1037.72
3091.54	1005.58
3092.11	1062.19
3092.68	990.859
3093.24	1003.08
3093.81	1034.87
3094.38	1005.84
3094.94	1022.21
3095.51	1023.14
3096.07	994.191
3096.64	1042.52
3097.2	1072.26
3097.77	1045.33
3098.33	1045.24
3098.9	1033.92
3099.46	1071.11
3100.03	1063.03
3100.59	1063.18
3101.15	1078.71
3101.72	1033.35
3102.28	1060.04
3102.84	1080.49
3103.41	1092.66
3103.97	1057.44
3104.53	1120.03
3105.1	1103.32
3105.66	1084.57
3106.22	1071
3106.78	1115.09
3107.34	1094.41
3107.91	1111.82
3108.47	1101.49
3109.03	1116.93
3109.59	1094.39
3110.15	1106.93
3110.71	1116.49
3111.27	1109.65
3111.83	1160.41
3112.39	1117.34
3112.95	1152.31
3113.51	1134.59
3114.07	1147.66
3114.63	1136.05
3115.19	1115.3
3115.75	1144.07
3116.31	1165.73
3116.87	1142.14
3117.43	1189.48
3117.98	1142.04
3118.54	1156.22
3119.1	1165.21
3119.66	1164.94
3120.22	1159.62
3120.77	1190.36
3121.33	1165.68
3121.89	1195.5
3122.44	1192.4
3123	1204.62
3123.56	1162.27
3124.11	1202.03
3124.67	1212.97
3125.23	1208.56
3125.78	1215.55
3126.34	1192.93
3126.89	1239.21
3127.45	1200.41
3128	1201.69
3128.56	1257.38
3129.11	1231.89
3129.67	1185.77
3130.22	1214.53
3130.78	1241.12
3131.33	1263.51
3131.88	1284.79
3132.44	1264.98
3132.99	1209.28
3133.54	1242.92
3134.1	1228.42
3134.65	1251.97
3135.2	1267.38
3135.76	1263.35
3136.31	1281.91
3136.86	1260.44
3137.41	1287.16
3137.96	1253.31
3138.51	1315.87
3139.07	1297.36
3139.62	1297.3
3140.17	1298.28
3140.72	1286.97
3141.27	1306.45
3141.82	1326.96
3142.37	1327.96
3142.92	1293.03
3143.47	1367.8
3144.02	1334.89
3144.57	1302.06
3145.12	1308.31
3145.67	1341.36
3146.22	1339.64
3146.77	1323.59
3147.32	1357.78
3147.86	1380.58
3148.41	1409.38
3148.96	1351.81
3149.51	1381.37
