401.058	1646.15
402.149	1625.73
403.243	1638.34
404.332	1716.93
405.424	1604.65
406.515	1593.44
407.606	1553.12
408.697	1475.37
409.785	1409.12
410.876	1329.82
411.967	1321.82
413.055	1295.81
414.143	1264.92
415.233	1209.58
416.321	1267.96
417.409	1225.58
418.499	1237.26
419.586	1298.22
420.673	1346.31
421.761	1415.9
422.848	1422.9
423.935	1494.83
425.02	1574.25
426.106	1593.69
427.193	1685.83
428.278	1747.29
429.364	1815.89
430.45	1868.78
431.534	1886.91
432.618	1901.76
433.704	1966.69
434.788	1953.93
435.871	2049.79
436.955	1994.98
438.038	1997.98
439.123	1935.73
440.204	1864.48
441.287	1770.61
442.37	1748.03
443.452	1674.15
444.535	1550.33
445.615	1413.1
446.698	1386.17
447.78	1282.19
448.86	1097.6
449.939	1121.99
451.021	1041.15
452.101	984.475
453.18	959.283
454.262	960.845
455.341	887.03
456.42	843.557
457.499	833.342
458.578	832.414
459.654	748.995
460.733	801.218
461.811	769.986
462.89	696.005
463.966	744.68
465.044	837.102
466.12	841.162
467.197	746.485
468.273	818.363
469.349	785.748
470.426	779.853
471.501	813.716
472.576	772.078
473.651	821.555
474.726	803.347
475.801	766.803
476.876	787.957
477.95	806.385
479.022	859.076
480.097	847.631
481.171	849.945
482.243	894.737
483.317	926.449
484.388	939.597
485.46	1044.18
486.533	1077.45
487.605	1121.67
488.676	1163
489.747	1170.22
490.818	1218.07
491.889	1306.55
492.959	1335.46
494.03	1394.86
495.1	1413.82
496.171	1430.77
497.239	1466.73
498.309	1514.32
499.379	1497.52
500.446	1489.05
501.514	1511.94
502.584	1456.45
503.651	1439.74
504.718	1469.95
505.788	1489.34
506.855	1536.22
507.921	1472.32
508.988	1542.97
510.055	1550.45
511.119	1593.73
512.186	1606.92
513.252	1680.75
514.318	1665.84
515.382	1745.49
516.448	1817.06
517.512	1867.7
518.577	1925.92
519.641	1931.12
520.704	2033.2
521.768	2017.7
522.833	2141.43
523.896	2128.54
524.959	2164.14
526.021	2171.46
527.084	2230.91
528.144	2278.9
529.207	2450.68
530.269	2384.36
531.331	2448.19
532.391	2542.59
533.453	2563.74
534.513	2580.55
535.572	2485.72
536.634	2491.37
537.693	2387.49
538.752	2306.24
539.812	2262.95
540.87	2252.49
541.929	2099.23
542.988	2045.03
544.047	1983.53
545.105	1935.74
546.164	1757.53
547.22	1709.22
548.278	1591.14
549.336	1531.53
550.392	1462.51
551.448	1439.36
552.505	1348.42
553.561	1253.11
554.616	1241.83
555.671	1225.86
556.728	1145.44
557.783	1168.16
558.836	1129.12
559.891	1054.59
560.946	1028.4
562	1024.59
563.055	1017.25
564.107	936.916
565.161	990.133
566.213	926.681
567.267	944.641
568.318	895.961
569.37	905.529
570.424	885.548
571.475	902.539
572.526	914.933
573.577	926.416
574.628	921.316
575.679	951.244
576.73	966.471
577.781	938.522
578.829	996.262
579.88	953.789
580.93	926.083
581.978	896.527
583.026	857.73
584.076	897.978
585.124	849.002
586.172	863.455
587.221	925.666
588.269	937.276
589.316	924.926
590.363	949.208
591.41	931.23
592.457	914.249
593.502	949.718
594.549	951.577
595.595	901.505
596.64	825.919
597.686	871.494
598.73	829.702
599.776	801.391
600.82	841.758
601.864	755.198
602.908	752.34
603.953	753.374
604.997	764.787
606.04	739.604
607.083	719.029
608.125	779.415
609.168	686.598
610.211	743.856
611.253	727.223
612.294	724.404
613.336	715.182
614.377	737.378
615.419	718.088
616.459	724.574
617.499	739.279
618.539	707.784
619.579	707.623
620.619	769.261
621.658	686.177
622.698	726.706
623.737	696.282
624.776	736.899
625.815	708.395
626.852	691.924
627.891	719.789
628.928	685.844
629.966	677.697
631.003	668.522
632.041	710.909
633.077	683.886
634.114	648.496
635.15	633.437
636.185	680.262
637.221	631.306
638.257	583.378
639.292	612.03
640.328	608.357
641.361	628.542
642.396	623.665
643.431	558.762
644.464	526.108
645.497	607.624
646.532	583.374
647.564	570.311
648.597	553.694
649.629	561.038
650.663	581.238
651.695	579.294
652.727	590.117
653.757	557.664
654.789	569.281
655.821	609.356
656.852	606.349
657.882	572.248
658.913	571.249
659.942	561.107
660.973	611.466
662.002	580.128
663.031	596.428
664.06	612.8
665.09	632.115
666.119	617.756
667.147	656.822
668.175	612.429
669.201	601.916
670.229	612.378
671.257	598.702
672.285	619.853
673.311	605.077
674.338	642.871
675.363	602.55
676.389	601.008
677.416	625.303
678.441	629.244
679.466	572.139
680.491	586.852
681.515	586.718
682.54	605.034
683.565	595.761
684.589	630.891
685.613	631.1
686.635	641.552
687.659	683.458
688.681	671.782
689.705	675.771
690.727	708.393
691.75	711.38
692.772	713.401
693.793	728.338
694.814	751.548
695.835	745.046
696.856	745.872
697.877	777.187
698.898	804.763
699.918	786.066
700.937	802.574
701.957	789.505
702.978	801.434
703.996	772.642
705.016	769.722
706.034	776.015
707.052	755.469
708.069	784.85
709.087	776.354
710.107	727.247
711.124	726.249
712.139	738.235
713.156	669.848
714.173	679.066
715.19	658.648
716.205	674.163
717.222	640.608
718.238	678.056
719.253	672.059
720.267	618.138
721.283	651.841
722.297	638.602
723.311	600.573
724.325	628.871
725.339	625.008
726.353	667.211
727.366	607.378
728.38	639.579
729.391	602.779
730.404	632.147
731.417	636.555
732.428	622.45
733.441	584.387
734.452	589.513
735.463	612.134
736.475	602.738
737.486	611.824
738.496	633.859
739.506	636.685
740.516	588.107
741.526	591.788
742.534	596.316
743.544	572.336
744.554	540.08
745.561	566.556
746.571	553.611
747.578	533.369
748.587	539.764
749.594	552.614
750.601	521.462
751.608	577.51
752.615	536.337
753.621	523.654
754.628	551.431
755.634	521.384
756.641	513.42
757.647	512.844
758.651	507.68
759.657	543.072
760.663	501.928
761.666	468.075
762.67	497.862
763.676	500.814
764.679	482.43
765.682	535.145
766.686	515.708
767.689	546.184
768.692	514.783
769.694	490.888
770.697	539.302
771.698	493.451
772.7	522.68
773.703	511.089
774.703	516.06
775.703	524.564
776.705	493.874
777.705	517.898
778.705	549.348
779.705	510.294
780.705	557.73
781.704	556.034
782.704	516.252
783.703	560.1
784.702	582.509
785.701	549.045
786.698	576.014
787.697	568.586
788.694	559.346
789.693	565.037
790.689	607.977
791.686	658.341
792.682	645.312
793.68	650.829
794.676	642.349
795.672	708.391
796.666	736.361
797.662	732.785
798.658	787.01
799.653	774.123
800.647	797.439
801.642	810.319
802.636	779.254
803.631	818.872
804.624	826.792
805.617	761.245
806.61	808.258
807.602	762.288
808.595	759.968
809.587	740.901
810.58	717.213
811.572	735.313
812.564	747.918
813.554	749.488
814.546	784.449
815.536	765.706
816.528	816.366
817.518	836.441
818.507	836.154
819.499	870.101
820.488	935.471
821.477	993.369
822.466	1022.48
823.455	1154.85
824.444	1161.44
825.431	1231.63
826.42	1328.58
827.408	1411.84
828.395	1533.07
829.383	1663.61
830.369	1783.93
831.356	1927.82
832.342	2044.49
833.33	2219.52
834.315	2389.68
835.301	2632.54
836.287	2883.23
837.27	2991.44
838.256	3170.91
839.241	3283.64
840.226	3340.29
841.209	3279.14
842.194	3235.25
843.177	3114.19
844.16	2946.36
845.145	2787.86
846.127	2642.27
847.11	2490.23
848.092	2357.38
849.074	2298.85
850.056	2351.42
851.039	2371.57
852.018	2380.46
853	2419.52
853.982	2527.5
854.962	2563
855.941	2642.01
856.923	2578.95
857.902	2528.18
858.881	2397.57
859.86	2301.87
860.839	2091.81
861.818	1991.89
862.797	1851.15
863.776	1781.07
864.754	1675.83
865.733	1631.3
866.709	1582.2
867.687	1555.27
868.664	1489.84
869.642	1478.84
870.618	1453.24
871.594	1373.42
872.569	1395.82
873.545	1305.88
874.521	1319.99
875.496	1340.49
876.471	1281.66
877.447	1253.13
878.42	1234.62
879.395	1219.72
880.37	1183.6
881.343	1141.08
882.315	1171.44
883.29	1132.81
884.262	1162.45
885.235	1201.33
886.207	1126.76
887.179	1127.67
888.151	1112.82
889.123	1163.4
890.095	1142.1
891.065	1147.59
892.037	1166.03
893.009	1181.73
893.978	1210.33
894.948	1226.99
895.919	1265.86
896.888	1318.68
897.857	1313.51
898.826	1392.32
899.795	1515.37
900.764	1565.29
901.732	1626.02
902.701	1788
903.668	1882.43
904.636	1867.09
905.604	2033.55
906.57	2050.88
907.538	2084.2
908.504	2171.35
909.47	2209.94
910.436	2128.79
911.402	2222.18
912.367	2130.82
913.333	2133.47
914.298	2072.09
915.264	1950.39
916.229	1892.38
917.192	1936.18
918.157	1718.32
919.12	1682.82
920.084	1671.48
921.047	1619.37
922.01	1519.85
922.972	1456.28
923.935	1452.84
924.897	1353.85
925.859	1304.96
926.821	1285.82
927.783	1256.53
928.743	1186.39
929.705	1172.8
930.667	1132.19
931.626	1136.11
932.586	1113.11
933.547	1037.19
934.506	1025.53
935.466	998.16
936.425	1012.71
937.384	999.297
938.343	1000.7
939.301	983.362
940.26	992.088
941.217	984.04
942.175	1042.36
943.132	997.133
944.09	993.065
945.046	1027.36
946.002	1048.57
946.96	1028.52
947.916	963.4
948.872	1036.88
949.828	1000.66
950.783	1037.51
951.737	1028.31
952.692	1006.8
953.647	1037.71
954.601	1006.65
955.556	1051.62
956.509	967.26
957.464	1018.22
958.417	1049.67
959.369	1037.98
960.322	1033.68
961.275	1088.33
962.227	1064.66
963.179	1094.35
964.132	1147.48
965.082	1152.85
966.034	1178.21
966.984	1131.51
967.936	1207.07
968.885	1251.61
969.837	1306.28
970.787	1300.49
971.736	1378.09
972.686	1317.39
973.635	1418.29
974.584	1441.32
975.533	1447.61
976.48	1546.02
977.429	1550.64
978.378	1599.4
979.325	1636.88
980.273	1555.15
981.22	1587.87
982.166	1575.44
983.113	1606.01
984.061	1556.61
985.007	1520.16
985.953	1546.39
986.897	1514.54
987.843	1431.41
988.789	1399.09
989.734	1367
990.678	1357.47
991.623	1360.1
992.567	1263.51
993.51	1256.53
994.453	1175.61
995.398	1199.26
996.341	1183.67
997.284	1133.61
998.227	1134.01
999.168	1106.52
1000.11	1147.14
1001.05	1094.63
1001.99	1077.61
1002.94	1039.26
1003.88	992.653
1004.82	998.314
1005.76	1059.04
1006.7	1041.57
1007.64	1053.88
1008.58	1053.02
1009.52	1075.26
1010.46	1092.67
1011.4	1083.91
1012.34	1051.03
1013.27	1050.98
1014.21	1067.98
1015.15	1088.98
1016.09	1091.51
1017.03	1081.89
1017.96	1070.25
1018.9	1129.37
1019.84	1065.98
1020.77	1132.35
1021.71	1092.28
1022.65	1160.76
1023.58	1137.92
1024.52	1160.19
1025.45	1122.73
1026.39	1150.79
1027.32	1140.28
1028.26	1165.2
1029.19	1180.55
1030.12	1174.21
1031.06	1191.38
1031.99	1184.31
1032.92	1212.23
1033.86	1177.37
1034.79	1181.14
1035.72	1224.43
1036.65	1192.24
1037.59	1189.08
1038.52	1205.61
1039.45	1204.16
1040.38	1233.87
1041.31	1235.25
1042.24	1293.29
1043.17	1315.39
1044.1	1307.18
1045.03	1329.23
1045.96	1299.37
1046.89	1345.41
1047.82	1395.54
1048.75	1405.22
1049.68	1415.03
1050.61	1410.55
1051.53	1448.59
1052.46	1434.05
1053.39	1508.54
1054.32	1504.81
1055.24	1591.33
1056.17	1583.78
1057.1	1702.92
1058.02	1718.61
1058.95	1751.57
1059.88	1796.92
1060.8	1783.19
1061.73	1795.1
1062.65	1726.05
1063.58	1703.76
1064.5	1686.29
1065.43	1700.22
1066.35	1734.84
1067.27	1732.69
1068.2	1794.81
1069.12	1812.59
1070.04	1856.91
1070.97	1861.46
1071.89	1854.19
1072.81	1841.82
1073.73	1903.15
1074.65	1874.21
1075.58	1857.47
1076.5	1842.27
1077.42	1880.02
1078.34	1755.67
1079.26	1715.99
1080.18	1697.27
1081.1	1656.73
1082.02	1582.02
1082.94	1558.66
1083.86	1475.43
1084.78	1476.75
1085.7	1362.29
1086.61	1364.72
1087.53	1338.78
1088.45	1300.58
1089.37	1271.88
1090.28	1263.97
1091.2	1294.81
1092.12	1299
1093.03	1275.68
1093.95	1370.81
1094.87	1346.73
1095.78	1345.54
1096.7	1412.62
1097.61	1429.59
1098.53	1454.12
1099.44	1500.33
1100.36	1542.65
1101.27	1526.19
1102.19	1571.14
1103.1	1597.09
1104.01	1618.31
1104.93	1640.55
1105.84	1673.36
1106.75	1700.78
1107.67	1714.31
1108.58	1720.5
1109.49	1779.68
1110.4	1765.85
1111.31	1792.39
1112.22	1847.93
1113.14	1925.04
1114.05	1883.01
1114.96	1998.08
1115.87	1998.04
1116.78	2080.42
1117.69	2098.52
1118.6	2192.04
1119.51	2258.75
1120.42	2419.64
1121.32	2441.51
1122.23	2424.01
1123.14	2467.62
1124.05	2450.67
1124.96	2446.76
1125.86	2297.56
1126.77	2285.44
1127.68	2285.2
1128.58	2189.39
1129.49	2185.72
1130.4	2143.48
1131.3	2136.01
1132.21	2130.47
1133.11	2157.47
1134.02	2185.95
1134.92	2219.71
1135.83	2281.41
1136.73	2292.1
1137.64	2241.98
1138.54	2277.04
1139.44	2204.54
1140.35	2104.31
1141.25	2070.58
1142.15	2052.18
1143.06	1972.15
1143.96	1846.48
1144.86	1871.07
1145.76	1785.08
1146.66	1683.6
1147.57	1596.17
1148.47	1558.13
1149.37	1452.39
1150.27	1406.68
1151.17	1311.47
1152.07	1244.87
1152.97	1242.11
1153.87	1193.58
1154.77	1083.96
1155.67	1028.59
1156.57	1001.74
1157.46	936.791
1158.36	929.068
1159.26	867.155
1160.16	881.567
1161.05	838.863
1161.95	800.875
1162.85	794.212
1163.75	740.657
1164.64	704.113
1165.54	725.589
1166.44	683.266
1167.33	675.314
1168.23	682.715
1169.12	679.772
1170.02	677.852
1170.91	655.967
1171.81	625.484
1172.7	652.006
1173.59	620.455
1174.49	645.893
1175.38	630.392
1176.27	636.69
1177.17	599.271
1178.06	628.286
1178.95	610.849
1179.84	637.108
1180.74	583.856
1181.63	602.698
1182.52	612.074
1183.41	602.451
1184.3	636.29
1185.19	608.484
1186.08	591.046
1186.97	606.698
1187.86	645.959
1188.75	616.276
1189.64	658.343
1190.53	628.682
1191.42	623.561
1192.31	661.816
1193.2	665.275
1194.09	646.254
1194.97	689.481
1195.86	686.643
1196.75	659.294
1197.64	696.838
1198.52	709.849
1199.41	722.842
1200.29	731.159
1201.18	704.726
1202.07	712.199
1202.95	735.649
1203.84	764.656
1204.72	765.324
1205.61	737.695
1206.49	772.074
1207.38	754.861
1208.26	789.481
1209.14	786.763
1210.03	751.358
1210.91	766.774
1211.79	775.596
1212.68	779.575
1213.56	775.816
1214.44	772.782
1215.32	757.376
1216.21	760.732
1217.09	782.006
1217.97	785.599
1218.85	782.861
1219.73	794.474
1220.61	813.839
1221.49	834.3
1222.37	883.059
1223.25	884.627
1224.13	1020.88
1225.01	1083.38
1225.89	1147.6
1226.77	1224.96
1227.65	1291.11
1228.52	1285.76
1229.4	1245.74
1230.28	1291.92
1231.16	1246.59
1232.03	1294.94
1232.91	1231.52
1233.79	1272.15
1234.66	1270.92
1235.54	1233.44
1236.42	1209.07
1237.29	1166.57
1238.17	1125.93
1239.04	1097.68
1239.92	1041.95
1240.79	994.818
1241.67	965.771
1242.54	990.948
1243.41	928.609
1244.29	923.362
1245.16	921.95
1246.03	951.064
1246.91	947.763
1247.78	908.116
1248.65	930.356
1249.52	938.132
1250.4	944.83
1251.27	923.785
1252.14	958.149
1253.01	938.167
1253.88	992.765
1254.75	955.716
1255.62	990.291
1256.49	980.819
1257.36	1004.66
1258.23	1038.87
1259.1	1030.92
1259.97	1050.62
1260.84	1068.39
1261.71	1045.17
1262.57	1095.51
1263.44	1092.49
1264.31	1162.05
1265.18	1172.48
1266.05	1187.65
1266.91	1245.69
1267.78	1289.32
1268.65	1319.49
1269.51	1433.45
1270.38	1529.18
1271.24	1646.67
1272.11	1772.58
1272.97	1787.9
1273.84	1928.75
1274.7	1969.64
1275.57	1978.22
1276.43	2047.43
1277.3	2089.05
1278.16	2011.21
1279.02	2001.97
1279.89	1885.12
1280.75	1831.8
1281.61	1781.91
1282.48	1719.14
1283.34	1637.26
1284.2	1511.18
1285.06	1461.7
1285.92	1355.45
1286.78	1313.29
1287.65	1232.71
1288.51	1226.03
1289.37	1176.16
1290.23	1099.82
1291.09	1078.51
1291.95	1034.21
1292.81	1056.23
1293.67	998.365
1294.52	999.799
1295.38	977.482
1296.24	938.26
1297.1	910.38
1297.96	942.273
1298.81	898.077
1299.67	898.932
1300.53	906.64
1301.39	891.703
1302.24	893.422
1303.1	854.457
1303.95	875.122
1304.81	874.399
1305.67	868.905
1306.52	869.797
1307.38	897.595
1308.23	873.053
1309.09	880.987
1309.94	854.765
1310.8	872.945
1311.65	868.493
1312.5	894.265
1313.35	922.685
1314.21	927.673
1315.06	912.981
1315.91	925.575
1316.77	957.195
1317.62	971.334
1318.47	983.589
1319.32	1037.7
1320.17	1045.5
1321.02	1075.01
1321.87	1099.98
1322.73	1101.22
1323.57	1122.44
1324.43	1170.26
1325.28	1217.75
1326.13	1222.5
1326.97	1251.66
1327.82	1275.17
1328.67	1306.26
1329.52	1330.86
1330.37	1342.85
1331.22	1379.49
1332.06	1381.12
1332.91	1414.13
1333.76	1435.85
1334.61	1442.82
1335.45	1465.21
1336.3	1478.49
1337.15	1488.77
1337.99	1480.07
1338.84	1505.06
1339.68	1516.4
1340.53	1539.6
1341.37	1555.52
1342.22	1569.43
1343.06	1569.07
1343.91	1578.01
1344.75	1579.35
1345.6	1572.89
1346.44	1590.12
1347.28	1597.7
1348.12	1591.95
1348.97	1590.07
1349.81	1591.25
1350.65	1581.89
1351.49	1589.91
1352.33	1591.01
1353.18	1581.51
1354.02	1603.31
1354.86	1617.53
1355.7	1606.06
1356.54	1602.63
1357.38	1593.88
1358.22	1597.05
1359.06	1615.38
1359.9	1615.76
1360.74	1624.97
1361.58	1630.38
1362.42	1611.33
1363.25	1595.33
1364.09	1607.89
1364.93	1609.7
1365.77	1596.54
1366.6	1585.5
1367.19	1580.18
1368.1	1616.89
1369.01	1532.43
1369.92	1562.05
1370.83	1574.79
1371.74	1553.91
1372.65	1549.64
1373.56	1553.17
1374.47	1501.54
1375.37	1507.93
1376.28	1469.98
1377.19	1487.97
1378.1	1435.11
1379	1447.03
1379.91	1440.28
1380.82	1404.09
1381.72	1373.77
1382.63	1389.39
1383.54	1393.07
1384.44	1377
1385.35	1360.85
1386.25	1369.09
1387.16	1353
1388.06	1368.21
1388.97	1398.08
1389.87	1395.93
1390.78	1422.02
1391.68	1402.52
1392.59	1411.19
1393.49	1396.56
1394.39	1346.03
1395.3	1332.21
1396.2	1262.23
1397.1	1136.31
1398	1113.89
1398.91	1068.49
1399.81	1060.86
1400.71	1051.41
1401.61	1050.66
1402.52	985.464
1403.42	972.133
1404.32	954.905
1405.22	959.725
1406.12	949.258
1407.02	928.39
1407.92	910.567
1408.82	903.41
1409.72	864.816
1410.62	907.485
1411.52	854.586
1412.42	880.901
1413.32	898.528
1414.21	860.754
1415.11	849.666
1416.01	841.431
1416.91	812.275
1417.81	837.433
1418.71	826.531
1419.6	792.017
1420.5	854.628
1421.4	820.417
1422.29	832.859
1423.19	792.975
1424.09	814.807
1424.98	815.597
1425.88	827.704
1426.77	819.812
1427.67	809.095
1428.56	824.091
1429.46	834.4
1430.35	793.477
1431.25	831.48
1432.14	854.381
1433.04	869.794
1433.93	911.012
1434.82	906.683
1435.72	924.309
1436.61	953.423
1437.5	994.035
1438.39	1025.16
1439.29	1015.23
1440.18	1089.28
1441.07	1122.2
1441.96	1117.77
1442.85	1137.21
1443.75	1164.42
1444.64	1175.55
1445.53	1215.66
1446.42	1221.42
1447.31	1263.62
1448.2	1261.5
1449.09	1239.9
1449.98	1263.26
1450.87	1274.06
1451.76	1303.23
1452.65	1286.49
1453.54	1291.25
1454.43	1343.51
1455.31	1302.35
1456.2	1289.89
1457.09	1322.46
1457.98	1348.82
1458.87	1366.19
1459.75	1354.51
1460.64	1371.12
1461.53	1406.54
1462.41	1454.02
1463.3	1472.68
1464.19	1564.94
1465.07	1635.57
1465.96	1672.73
1466.85	1727.93
1467.73	1690.81
1468.61	1684.83
1469.5	1616.95
1470.38	1606.52
1471.27	1611.71
1472.15	1625.6
1473.04	1657.8
1473.92	1720.89
1474.8	1765.37
1475.69	1758.35
1476.57	1770.91
1477.45	1775.02
1478.34	1760.02
1479.22	1676.16
1480.1	1684.48
1480.98	1644.73
1481.86	1623.82
1482.75	1611.09
1483.63	1596.03
1484.51	1539.22
1485.39	1406.15
1486.27	1266.85
1487.15	1120.23
1488.03	949.623
1488.91	861.317
1489.79	789.354
1490.67	745.307
1491.55	677.981
1492.43	654.173
1493.31	634.29
1494.19	582.678
1495.07	591.898
1495.94	542.366
1496.82	543.879
1497.7	533.797
1498.58	527.519
1499.45	492.412
1500.33	508.2
1501.21	477.969
1502.09	479.413
1502.96	468.442
1503.84	460.371
1504.72	459.957
1505.59	455.711
1506.47	438.096
1507.34	436.692
1508.22	422.91
1509.09	437.715
1509.97	438.28
1510.84	439.845
1511.72	468.981
1512.59	450.637
1513.46	442.711
1514.34	436.626
1515.21	433.327
1516.08	432.823
1516.96	426.633
1517.83	428.957
1518.7	430.359
1519.57	401.647
1520.45	439.872
1521.32	428.234
1522.19	421.371
1523.06	431.493
1523.93	436.015
1524.8	428.33
1525.67	421.558
1526.54	451.362
1527.41	424.777
1528.28	407.577
1529.16	422.275
1530.02	402.333
1530.89	409.628
1531.76	407.62
1532.63	430.946
1533.5	430.882
1534.37	422.381
1535.24	426.966
1536.11	421.222
1536.97	420.148
1537.84	391.938
1538.71	420.871
1539.57	408.676
1540.44	420.891
1541.31	410.688
1542.18	420.186
1543.04	436.247
1543.91	410.993
1544.77	406.299
1545.64	400.598
1546.5	401.433
1547.37	403.228
1548.24	416.368
1549.1	398.662
1549.96	416.775
1550.83	419.036
1551.69	404.388
1552.56	381.176
1553.42	391.801
1554.28	395.721
1555.15	413.74
1556.01	402.472
1556.87	378.972
1557.73	409.487
1558.6	390.905
1559.46	418.805
1560.32	390.708
1561.18	405.233
1562.04	383.532
1562.9	402.647
1563.77	396.059
1564.63	407.601
1565.49	390.653
1566.35	419.552
1567.21	387.469
1568.07	418.445
1568.93	397.794
1569.79	408.676
1570.64	417.601
1571.5	404.404
1572.36	416.124
1573.22	404.786
1574.08	410.769
1574.94	419.689
1575.8	396.866
1576.65	368.233
1577.51	390.705
1578.37	420.918
1579.22	419.224
1580.08	407.817
1580.94	401.224
1581.79	391.731
1582.65	395.834
1583.51	413.568
1584.36	424.556
1585.22	411.251
1586.07	417.361
1586.93	404.938
1587.78	406.103
1588.63	426.735
1589.49	421.979
1590.34	423.02
1591.2	410.326
1592.05	401.467
1592.9	418.911
1593.76	417.8
1594.61	421.608
1595.46	405.981
1596.32	436.329
1597.17	429.672
1598.02	403.492
1598.87	418.347
1599.72	416.52
1600.58	449.844
1601.43	432.159
1602.28	443.743
1603.13	423.926
1603.98	441.243
1604.83	432.149
1605.68	462.184
1606.53	456.127
1607.38	417.91
1608.23	458.832
1609.08	448.947
1609.93	430.204
1610.77	437.731
1611.62	424.703
1612.47	459.429
1613.32	434.741
1614.17	435.466
1615.01	431.4
1615.86	412.78
1616.71	437.948
1617.55	450.404
1618.4	445.265
1619.25	440.047
1620.09	446.434
1620.94	444.06
1621.79	455.289
1622.63	448.148
1623.48	450.766
1624.32	473.773
1625.17	424.222
1626.01	442.451
1626.86	441.328
1627.7	439.233
1628.54	471.94
1629.39	451.429
1630.23	470.516
1631.07	450.899
1631.92	475.668
1632.76	474.328
1633.6	457.563
1634.45	501.555
1635.29	442.481
1636.13	467.258
1636.97	464.124
1637.81	474.463
1638.66	475.175
1639.5	454.747
1640.34	471.851
1641.18	470.744
1642.02	478.346
1642.86	468.694
1643.7	498.468
1644.54	465.756
1645.38	472.429
1646.22	513.678
1647.06	494.353
1647.89	479.848
1648.73	506.729
1649.57	479.856
1650.41	509.817
1651.25	476.365
1652.09	516.114
1652.92	495.163
1653.76	472.17
1654.6	508.851
1655.43	507.846
1656.27	494.296
1657.11	500.123
1657.94	507.061
1658.78	488.067
1659.62	503.93
1660.45	488.837
1661.29	497.838
1662.12	498.966
1662.96	505.805
1663.79	514.556
1664.62	466.146
1665.46	493.491
1666.29	487.982
1667.13	459.231
1667.96	492.746
1668.79	502.946
1669.63	506.301
1670.46	489.108
1671.29	473.781
1672.12	489.657
1672.96	475.184
1673.79	457.732
1674.62	463.755
1675.45	476.672
1676.28	486.718
1677.11	457.605
1677.95	476.593
1678.78	443.536
1679.61	477.26
1680.44	467.647
1681.27	451.03
1682.1	438.277
1682.93	459.979
1683.75	427.532
1684.58	423.703
1685.41	433.735
1686.24	424.068
1687.07	431.187
1687.9	415.57
1688.73	431.56
1689.55	417.864
1690.38	391.264
1691.21	388.37
1692.04	399.289
1692.86	398.256
1693.69	400.139
1694.52	409.93
1695.34	389.052
1696.17	386.078
1696.99	381.209
1697.82	392.271
1698.64	397.42
1699.47	374.75
1700.29	396.692
1701.12	382.793
1701.94	377.752
1702.77	356.756
1703.59	386.386
1704.41	374.29
1705.24	388.019
1706.06	358.093
1706.88	372.853
1707.71	363.813
1708.53	370.659
1709.35	372.539
1710.17	400.191
1711	363.335
1711.82	375.043
1712.64	328.238
1713.46	339.909
1714.28	361.487
1715.1	370.221
1715.92	360.186
1716.74	362.052
1717.56	351.026
1718.38	365.655
1719.2	370.283
1720.02	344.202
1720.84	349.714
1721.66	359.204
1722.48	356.961
1723.3	355.827
1724.11	367.587
1724.93	360.643
1725.75	354.61
1726.57	349.449
1727.39	348.118
1728.2	362.453
1729.02	351.228
1729.84	349.889
1730.65	348.62
1731.47	339.558
1732.29	378.524
1733.1	359.635
1733.92	320.169
1734.73	358.964
1735.55	361.542
1736.36	357.307
1737.18	366.772
1737.99	349.907
1738.81	345.723
1739.62	344.436
1740.43	343.12
1741.25	322.342
1742.06	338.544
1742.87	370.292
1743.69	355.44
1744.5	373.607
1745.31	336.487
1746.13	320.729
1746.94	338.901
1747.75	337.715
1748.56	347.209
1749.37	355.758
1750.18	326.579
1750.99	348.677
1751.81	355.276
1752.61	343.494
1753.42	359.761
1754.24	353.821
1755.04	330.522
1755.85	350.722
1756.66	330.319
1757.47	342.713
1758.28	328.971
1759.09	339.327
1759.9	322.663
1760.71	340.759
1761.52	340.596
1762.32	321.227
1763.13	329.849
1763.94	353.905
1764.74	335.533
1765.55	345.096
1766.36	331.524
1767.17	329.549
1767.97	337.266
1768.78	320.923
1769.58	329.687
1770.39	323.973
1771.19	323.058
1772	350.13
1772.8	345.305
1773.61	326.945
1774.41	316.328
1775.22	321.195
1776.02	330.911
1776.83	328.05
1777.63	324.219
1778.43	337.833
1779.23	333.078
1780.04	339.999
1780.84	329.51
1781.64	344.285
1782.44	324.104
1783.25	335.008
1784.05	310.857
1784.85	325.619
1785.65	335.512
1786.45	339.564
1787.25	315.319
1788.05	336.959
1788.86	320.508
1789.65	326.524
1790.46	319.809
1791.25	301.317
1792.05	328.85
1792.85	329.944
1793.65	326.157
1794.45	329.273
1795.25	323.596
1796.05	325.815
1796.85	330.031
1797.64	348.051
1798.44	322.668
1799.24	312.994
1800.04	332.902
1800.83	330.059
1801.63	340.049
1802.43	319.364
1803.22	284.796
1804.02	313.587
1804.82	333.477
1805.61	304.79
1806.41	335.574
1807.2	305.856
1808	322.771
1808.79	316.883
1809.59	318.96
1810.38	324.034
1811.18	322.143
1811.97	316.232
1812.76	312.243
1813.56	297.24
1814.35	321.989
1815.14	327.822
1815.94	307.831
1816.73	312.773
1817.52	322.758
1818.31	333.781
1819.1	320.897
1819.9	311.933
1820.69	317.84
1821.48	307.751
1822.27	320.546
1823.06	354.249
1823.85	298.374
1824.64	316.18
1825.43	297.151
1826.22	329.845
1827.01	301.823
1827.8	329.501
1828.59	331.335
1829.38	333.201
1830.17	317.201
1830.96	344.933
1831.74	330.884
1832.53	304.864
1833.32	324.491
1834.11	316.271
1834.89	328.868
1835.68	325.589
1836.47	297.562
1837.26	327.978
1838.04	299.011
1838.83	337.3
1839.61	332.052
1840.4	308.022
1841.19	319.507
1841.97	331.933
1842.76	325.628
1843.54	309.527
1844.33	299.401
1845.11	293.274
1845.89	319.609
1846.68	313.545
1847.46	307.478
1848.25	303.36
1849.03	325.713
1849.81	319.616
1850.6	330.204
1851.38	296.713
1852.16	318.107
1852.94	316.954
1853.72	325.562
1854.51	309.662
1855.29	323.083
1856.07	326.692
1856.85	315.636
1857.63	309.471
1858.41	284.791
1859.19	303.036
1859.97	327.129
1860.75	293.798
1861.53	315.041
1862.31	326.587
1863.09	303.131
1863.87	334.16
1864.65	314.562
1865.43	325.062
1866.21	323.825
1866.99	301.171
1867.76	309.585
1868.54	313.15
1869.32	287.684
1870.1	310.743
1870.87	294.144
1871.65	312.466
1872.43	304.656
1873.2	311.367
1873.98	319.022
1874.76	298.566
1875.53	311.039
1876.31	296.424
1877.08	298.315
1877.86	320.592
1878.63	291.552
1879.41	293.505
1880.18	324.514
1880.96	310.899
1881.73	304.048
1882.5	327.257
1883.28	310.736
1884.05	302.973
1884.82	303.961
1885.6	307.868
1886.37	292.351
1887.14	294.285
1887.91	303.003
1888.68	280.642
1889.46	279.664
1890.23	306.906
1891	308.944
1891.77	321.754
1892.54	299.59
1893.31	301.807
1894.08	299.171
1894.85	303.349
1895.62	292.803
1896.39	305.635
1897.16	288.03
1897.93	294.818
1898.7	328.013
1899.47	311.321
1900.24	305.481
1901.01	295.817
1901.77	281.316
1902.54	306.096
1903.31	290.609
1904.08	287.836
1904.84	321.43
1905.61	293.976
1906.38	309.823
1907.14	290.196
1907.91	270.555
1908.68	292.354
1909.44	297.415
1910.21	296.58
1910.97	280.932
1911.74	317.729
1912.51	292.186
1913.27	258.661
1914.03	292.53
1914.8	305.574
1915.56	268.938
1916.33	310.749
1917.09	281.978
1917.85	295.928
1918.62	283.007
1919.38	279.026
1920.14	317.851
1920.9	281.054
1921.67	283.122
1922.43	289.235
1923.19	262.483
1923.95	281.649
1924.71	286.854
1925.47	291.03
1926.24	277.13
1927	284.175
1927.76	291.158
1928.52	278.064
1929.28	307.003
1930.04	307.886
1930.8	287.742
1931.56	286.631
1932.32	280.535
1933.08	298.499
1933.83	285.474
1934.59	318.556
1935.35	278.532
1936.11	280.556
1936.87	300.565
1937.62	270.378
1938.38	299.254
1939.14	281.001
1939.89	289.801
1940.65	298.635
1941.41	288.503
1942.16	279.401
1942.92	281.291
1943.68	300.135
1944.43	317.891
1945.19	287.606
1945.94	279.283
1946.7	290.909
1947.45	288.582
1948.21	284.3
1948.96	284.036
1949.71	298.719
1950.47	302.475
1951.22	271.461
1951.98	284.186
1952.73	279.021
1953.48	296.659
1954.23	309.268
1954.99	306.927
1955.74	320.369
1956.49	289.25
1957.24	306.613
1957.99	301.296
1958.75	281.268
1959.5	293.854
1960.25	297.592
1961	321.012
1961.75	301.049
1962.5	285.975
1963.25	288.578
1964	297.057
1964.75	317.306
1965.5	307.148
1966.25	299.941
1967	282.928
1967.74	304.994
1968.49	289.853
1969.24	305.917
1969.99	280.082
1970.74	285.48
1971.48	275.402
1972.23	271.247
1972.98	289.485
1973.73	308.711
1974.47	281.337
1975.22	335.346
1975.96	299.138
1976.71	290.999
1977.46	289.623
1978.2	295.031
1978.95	302.417
1979.69	299.269
1980.44	303.915
1981.18	301.866
1981.93	298.865
1982.67	298.72
1983.41	294.652
1984.16	287.619
1984.9	280.524
1985.64	303.181
1986.39	309.477
1987.13	293.747
1987.87	293.43
1988.61	277.854
1989.36	309.236
1990.1	299.484
1990.84	291.662
1991.58	300.099
1992.32	304.714
1993.06	303.614
1993.81	277.709
1994.55	288.175
1995.29	293.926
1996.03	277.737
1996.77	301.756
1997.51	291.339
1998.24	300.053
1998.98	282.865
1999.72	291.515
2000.46	274.253
2001.2	287.668
2001.94	300.141
2002.68	281.936
2003.41	299.265
2004.15	275.328
2004.89	290.77
2005.63	278.337
2006.36	266.839
2007.1	283.216
2007.84	282.279
2008.57	277.507
2009.31	258.316
2010.05	268.058
2010.78	264.35
2011.52	279.967
2012.25	289.819
2012.99	282.262
2013.72	278.527
2014.46	258.292
2015.19	272.878
2015.92	265.189
2016.66	288.542
2017.39	299.365
2018.13	259.778
2018.86	276.536
2019.59	282.654
2020.32	262.482
2021.06	260.778
2021.79	268.575
2022.52	278.038
2023.25	260.604
2023.98	275.746
2024.72	279.486
2025.45	268.584
2026.18	271.395
2026.91	281.08
2027.64	290.793
2028.37	286.498
2029.1	289.782
2029.83	270.576
2030.56	264.597
2031.29	275.498
2032.02	271.838
2032.75	287.27
2033.47	264.304
2034.2	305.609
2034.93	280.876
2035.66	257.428
2036.39	272.579
2037.11	258.077
2037.84	284.291
2038.57	277.196
2039.3	274.963
2040.02	284.032
2040.75	259.937
2041.47	268.606
2042.2	258.242
2042.93	269.758
2043.65	279.307
2044.38	265.586
2045.1	275.826
2045.83	272.606
2046.55	277.346
2047.28	273.25
2048	273.339
2048.73	274.249
2049.45	276.034
2050.17	271.548
2050.9	291.884
2051.62	278.152
2052.34	264.137
2053.07	292.202
2053.79	278.818
2054.51	264.725
2055.23	289.927
2055.95	284.73
2056.68	266.649
2057.4	276.266
2058.12	274.224
2058.84	287.541
2059.56	275.92
2060.28	275.423
2061	280.583
2061.72	265.868
2062.44	288.038
2063.16	275.04
2063.88	288.408
2064.6	284.548
2065.32	297.595
2066.03	299.059
2066.75	279.188
2067.47	277.253
2068.19	279.145
2068.91	290.111
2069.62	292.891
2070.34	286.541
2071.06	272.489
2071.77	277.64
2072.49	288.369
2073.21	279.089
2073.92	261.975
2074.64	278.529
2075.36	290.371
2076.07	285.94
2076.79	272.589
2077.5	280.518
2078.22	286.356
2078.93	296.698
2079.64	277.908
2080.36	268.104
2081.07	280.605
2081.79	294.922
2082.5	292.284
2083.21	276.258
2083.93	275.824
2084.64	272.792
2085.35	268.192
2086.07	273.488
2086.78	296.612
2087.49	298.76
2088.2	272.864
2088.91	269.036
2089.62	278.266
2090.33	289.347
2091.04	280.595
2091.76	275.634
2092.47	285.9
2093.18	273.548
2093.89	270.966
2094.6	287.896
2095.3	282.524
2096.01	310.678
2096.72	301.007
2097.43	279.531
2098.14	276.598
2098.85	287.343
2099.56	286.847
2100.09	267.328
2100.87	291.927
2101.65	293.797
2102.43	274.923
2103.21	271.848
2103.99	273.671
2104.77	288.26
2105.55	275.167
2106.32	280.773
2107.1	264.735
2107.88	303.8
2108.66	304.593
2109.44	261.293
2110.22	307.382
2110.99	265.111
2111.77	272.83
2112.55	270.642
2113.33	299.712
2114.1	271.975
2114.88	274.633
2115.66	302.763
2116.43	295.829
2117.21	281.158
2117.99	287.977
2118.76	285.981
2119.54	253.684
2120.31	289.662
2121.09	276.837
2121.86	284.495
2122.64	294.109
2123.41	286.203
2124.19	289.033
2124.96	282.154
2125.74	270.447
2126.51	297.736
2127.28	303.646
2128.06	298.855
2128.83	298.917
2129.61	281.396
2130.38	306.742
2131.15	283.323
2131.92	289.164
2132.7	292.102
2133.47	285.305
2134.24	289.248
2135.01	283.427
2135.78	285.406
2136.55	298.126
2137.33	308.914
2138.1	272.839
2138.87	291.502
2139.64	300.44
2140.41	294.744
2141.18	303.766
2141.95	290.274
2142.72	284.613
2143.49	285.797
2144.26	287.928
2145.03	298.876
2145.8	275.376
2146.57	284.357
2147.33	263.828
2148.1	283.743
2148.87	282.995
2149.64	281.254
2150.41	281.458
2151.17	289.54
2151.94	279.777
2152.71	294.782
2153.48	278.099
2154.24	270.363
2155.01	282.517
2155.78	295.704
2156.54	299.952
2157.31	275.28
2158.08	290.452
2158.84	258.687
2159.61	248.83
2160.37	271.926
2161.14	261.012
2161.9	265.096
2162.67	280.226
2163.43	277.39
2164.2	282.634
2164.96	278.893
2165.72	296.268
2166.49	274.391
2167.25	281.626
2168.01	284.768
2168.78	262.651
2169.54	268.748
2170.3	289
2171.07	272.975
2171.83	289.311
2172.59	286.493
2173.35	266.462
2174.11	293.972
2174.88	280.913
2175.64	265.749
2176.4	273.855
2177.16	276.93
2177.92	287.13
2178.68	301.439
2179.44	288.408
2180.2	278.44
2180.96	288.79
2181.72	298.118
2182.48	298.27
2183.24	275.997
2184	297.446
2184.76	294.442
2185.52	269.026
2186.28	279.234
2187.04	262.981
2187.79	291.533
2188.55	295.662
2189.31	280.444
2190.07	289.667
2190.83	286.664
2191.58	297.921
2192.34	276.566
2193.1	287.798
2193.85	287.79
2194.61	298.941
2195.37	290.689
2196.12	301.736
2196.88	322.916
2197.63	273.976
2198.39	272.859
2199.15	291.083
2199.9	287.01
2200.66	288.029
2201.41	289.025
2202.16	256.489
2202.92	285.794
2203.67	287.67
2204.43	290.561
2205.18	274.256
2205.93	280.285
2206.69	283.332
2207.44	300.579
2208.19	283.412
2208.95	289.489
2209.7	272.241
2210.45	270.137
2211.2	289.241
2211.95	271.948
2212.71	289.01
2213.46	279.816
2214.21	291.813
2214.96	309.833
2215.71	278.433
2216.46	280.28
2217.21	297.19
2217.96	321.083
2218.71	283.664
2219.46	284.447
2220.21	288.263
2220.96	281.099
2221.71	298.018
2222.46	286.926
2223.21	283.847
2223.96	291.744
2224.71	283.599
2225.46	294.405
2226.21	301.191
2226.95	285.048
2227.7	301.839
2228.45	276.811
2229.2	299.607
2229.94	299.503
2230.69	268.568
2231.44	324.147
2232.18	298.194
2232.93	301.058
2233.68	288.019
2234.42	298.778
2235.17	310.492
2235.92	313.269
2236.66	290.326
2237.41	288.216
2238.15	266.366
2238.9	293.978
2239.64	298.853
2240.38	289.891
2241.13	287.836
2241.87	281.824
2242.62	292.581
2243.36	306.284
2244.1	317.019
2244.85	283.412
2245.59	266.581
2246.33	300.959
2247.08	295.954
2247.82	299.807
2248.56	296.76
2249.3	280.919
2250.05	292.577
2250.79	299.307
2251.53	313.89
2252.27	301.033
2253.01	287.245
2253.75	295.068
2254.49	310.764
2255.23	283.357
2255.97	315.748
2256.71	301.079
2257.45	296.186
2258.19	307.923
2258.93	283.367
2259.67	305.825
2260.41	309.674
2261.15	323.35
2261.89	281.281
2262.63	307.804
2263.36	286.387
2264.1	304.174
2264.84	277.844
2265.58	308.359
2266.32	308.433
2267.05	292.77
2267.79	287.87
2268.53	297.672
2269.26	305.513
2270	310.432
2270.74	293.805
2271.48	299.779
2272.21	297.943
2272.95	304.975
2273.68	309.091
2274.42	289.625
2275.15	292.761
2275.89	291.948
2276.62	295.051
2277.36	304.042
2278.09	290.345
2278.83	305.209
2279.56	304.29
2280.29	296.463
2281.03	290.606
2281.76	298.566
2282.49	297.671
2283.23	294.836
2283.96	276.237
2284.69	292.231
2285.42	285.513
2286.16	281.732
2286.89	298.689
2287.62	312.638
2288.35	278.041
2289.08	289.984
2289.81	288.097
2290.55	299.146
2291.28	293.402
2292.01	290.667
2292.74	282.976
2293.47	297.14
2294.2	279.46
2294.93	291.588
2295.66	286.745
2296.39	299.787
2297.11	286.892
2297.85	286.945
2298.57	286.024
2299.3	294.122
2300.03	281.322
2300.76	285.511
2301.49	277.717
2302.22	290.887
2302.94	305.036
2303.67	299.156
2304.4	277.253
2305.12	297.408
2305.85	275.531
2306.58	277.706
2307.31	286.906
2308.03	279.034
2308.76	260.08
2309.48	284.276
2310.21	271.303
2310.93	277.422
2311.66	263.461
2312.38	294.765
2313.11	260.711
2313.83	272.926
2314.56	262.975
2315.28	276.159
2316.01	278.246
2316.73	277.313
2317.45	264.3
2318.18	260.375
2318.9	257.468
2319.62	291.9
2320.35	262.734
2321.07	258.778
2321.79	258.847
2322.52	252.851
2323.24	256.965
2323.96	249.974
2324.68	258.151
2325.4	238.01
2326.12	234.031
2326.84	221.941
2327.56	197.698
2328.29	205.833
2329.01	177.545
2329.73	222.149
2330.45	213.119
2331.17	234.475
2331.89	238.606
2332.61	264
2333.32	278.224
2334.04	268.106
2334.76	244.809
2335.48	249.901
2336.2	263.12
2336.92	242.907
2337.64	265.282
2338.35	241.009
2339.07	247.147
2339.79	271.534
2340.51	235.051
2341.23	263.509
2341.94	249.383
2342.66	272.843
2343.37	262.819
2344.09	277.162
2344.81	266.06
2345.52	254.895
2346.24	253.837
2346.95	267.981
2347.67	273.993
2348.38	259.74
2349.1	259.761
2349.82	278.115
2350.53	233.553
2351.24	262.118
2351.96	280.514
2352.67	240.919
2353.39	228.725
2354.1	240.898
2354.81	244.926
2355.53	193.091
2356.24	233.713
2356.95	272.317
2357.66	238.834
2358.38	262.244
2359.09	244.023
2359.8	250.197
2360.51	264.524
2361.22	265.661
2361.94	247.487
2362.65	231.34
2363.36	249.803
2364.07	259.09
2364.78	247.962
2365.49	258.197
2366.2	269.416
2366.91	247.998
2367.62	279.576
2368.33	278.558
2369.04	248.012
2369.75	218.497
2370.46	249.109
2371.16	246.089
2371.87	264.467
2372.58	242.073
2373.29	245.164
2374	284.96
2374.71	253.401
2375.41	274.853
2376.12	241.241
2376.83	264.729
2377.53	241.316
2378.24	244.431
2378.95	254.7
2379.65	247.628
2380.36	253.81
2381.07	257.929
2381.77	265.09
2382.48	262.041
2383.18	271.267
2383.89	250.932
2384.59	243.901
2385.3	262.429
2386	249.266
2386.71	248.319
2387.41	255.492
2388.12	277.947
2388.82	265.615
2389.52	256.37
2390.23	266.576
2390.93	274.779
2391.63	265.637
2392.34	254.44
2393.04	240.149
2393.74	274.873
2394.44	241.139
2395.15	274.844
2395.85	270.801
2396.55	289.272
2397.25	259.733
2397.95	257.758
2398.65	288.447
2399.35	281.259
2400.05	296.506
2400.75	266.795
2401.45	271.827
2402.15	265.665
2402.85	240.158
2403.55	271.834
2404.25	267.823
2404.95	274.033
2405.65	257.775
2406.35	276.228
2407.05	236.439
2407.75	283.473
2408.44	271.254
2409.14	279.478
2409.84	258.076
2410.54	262.22
2411.24	291.909
2411.93	264.322
2412.63	269.415
2413.33	276.52
2414.02	249.896
2414.72	274.34
2415.42	265.09
2416.11	284.428
2416.81	238.483
2417.5	261.933
2418.2	285.401
2418.9	274.209
2419.59	258.942
2420.28	262.019
2420.98	259.961
2421.67	276.215
2422.37	259.815
2423.06	277.04
2423.75	274.938
2424.45	256.606
2425.14	260.734
2425.84	288.338
2426.53	251.784
2427.22	283.486
2427.91	289.671
2428.61	277.444
2429.3	253.951
2429.99	260.989
2430.68	279.18
2431.37	265.788
2432.07	284.943
2432.76	274.64
2433.45	280.638
2434.14	257.25
2434.83	248.125
2435.52	269.475
2436.21	262.398
2436.9	265.438
2437.59	256.251
2438.28	238.915
2438.97	274.281
2439.66	272.128
2440.35	283.165
2441.04	247.672
2441.72	275.969
2442.41	273.913
2443.1	260.723
2443.79	264.709
2444.48	277.772
2445.16	265.569
2445.85	251.372
2446.54	258.416
2447.23	267.503
2447.91	276.601
2448.6	286.702
2449.29	271.552
2449.97	271.527
2450.66	270.485
2451.34	281.553
2452.03	312.807
2452.72	272.471
2453.4	293.661
2454.09	283.569
2454.77	273.44
2455.46	278.386
2456.14	270.199
2456.82	294.216
2457.51	301.13
2458.19	279.936
2458.88	279.917
2459.56	299.045
2460.24	281.006
2460.92	304.202
2461.61	279.127
2462.29	289.24
2462.97	300.344
2463.66	289.289
2464.34	312.402
2465.02	315.358
2465.7	295.165
2466.38	288.035
2467.06	291.963
2467.75	307.958
2468.42	310.938
2469.11	299.912
2469.79	291.936
2470.47	314.104
2471.15	302.145
2471.83	297.202
2472.51	316.343
2473.19	286.228
2473.86	295.266
2474.54	309.31
2475.22	310.297
2475.9	306.285
2476.58	293.267
2477.26	294.343
2477.94	305.494
2478.61	273.442
2479.29	318.776
2479.97	304.781
2480.65	280.7
2481.32	282.75
2482	271.723
2482.68	277.803
2483.35	296.972
2484.03	291.999
2484.71	290.03
2485.38	310.173
2486.06	285.006
2486.73	287.997
2487.41	276.909
2488.08	297.022
2488.76	294.042
2489.43	316.251
2490.11	314.357
2490.78	295.363
2491.45	277.361
2492.13	295.599
2492.8	283.598
2493.48	284.679
2494.15	290.798
2494.82	310.043
2495.49	285.952
2496.17	297.197
2496.84	303.431
2497.51	294.525
2498.18	298.732
2498.86	304.924
2499.53	301.961
2500.2	310.082
2500.87	282.785
2501.54	305.076
2502.21	301.118
2502.88	294.179
2503.55	292.338
2504.22	291.517
2504.89	307.908
2505.56	317.161
2506.23	301.003
2506.9	304.101
2507.57	327.508
2508.24	314.41
2508.91	298.293
2509.58	314.694
2510.25	321.939
2510.91	312.881
2511.58	325.142
2512.25	307.895
2512.92	315.064
2513.59	333.453
2514.25	336.621
2514.92	312.327
2515.59	334.863
2516.25	323.781
2516.92	293.304
2517.59	307.637
2518.25	318.898
2518.92	320.977
2519.58	331.217
2520.25	305.789
2520.91	330.351
2521.58	327.418
2522.24	325.541
2522.91	302.241
2523.57	330.02
2524.24	311.812
2524.9	317.096
2525.56	296.775
2526.23	299.97
2526.89	327.737
2527.55	299.16
2528.22	301.296
2528.88	310.582
2529.54	304.463
2530.21	329.068
2530.87	319.845
2531.53	305.522
2532.19	288.173
2532.85	322.15
2533.51	314.142
2534.18	307.166
2534.84	291.933
2535.5	319.794
2536.16	332.164
2536.82	337.262
2537.48	343.342
2538.14	306.288
2538.8	314.471
2539.46	300.124
2540.12	346.43
2540.78	349.666
2541.44	324.147
2542.09	316.083
2542.75	317.243
2543.41	337.908
2544.07	331.754
2544.73	316.273
2545.39	311.031
2546.04	333.512
2546.7	336.441
2547.36	343.501
2548.02	331.103
2548.67	321.846
2549.33	334.191
2549.98	336.302
2550.64	363.062
2551.3	354.917
2551.95	359.092
2552.61	325.268
2553.26	364.37
2553.92	352.102
2554.57	359.32
2555.23	337.72
2555.88	341.744
2556.54	368.297
2557.19	354.792
2557.85	332.087
2558.5	358.632
2559.15	356.527
2559.81	378.037
2560.46	370.895
2561.11	363.762
2561.77	367.882
2562.42	375.033
2563.07	361.643
2563.72	346.166
2564.37	354.211
2565.03	390.889
2565.68	382.598
2566.33	380.514
2566.98	384.631
2567.63	371.411
2568.28	372.498
2568.93	374.563
2569.58	379.627
2570.23	354.999
2570.88	373.276
2571.53	375.231
2572.18	397.672
2572.83	386.473
2573.48	368.152
2574.13	379.434
2574.78	371.279
2575.43	386.568
2576.07	379.361
2576.72	391.535
2577.37	381.26
2578.02	377.119
2578.67	366.859
2579.31	356.588
2579.96	367.697
2580.61	383.861
2581.26	367.417
2581.9	364.239
2582.55	366.198
2583.19	364.154
2583.84	350.98
2584.49	362.256
2585.13	350.118
2585.78	336.909
2586.42	323.63
2587.07	343.85
2587.71	352.811
2588.36	356.658
2589	339.203
2589.65	358.327
2590.29	355.184
2590.93	372.372
2591.58	364.263
2592.22	356.193
2592.86	336.997
2593.51	340.127
2594.15	339.217
2594.79	344.403
2595.43	352.629
2596.07	326.319
2596.72	346.666
2597.36	331.436
2598	346.62
2598.64	361.769
2599.28	340.394
2599.92	347.448
2600.56	349.469
2601.2	370.798
2601.85	341.444
2602.49	340.483
2603.13	345.588
2603.76	351.678
2604.4	355.715
2605.04	362.786
2605.68	362.766
2606.32	350.591
2606.96	353.625
2607.6	333.331
2608.24	364.699
2608.88	361.581
2609.51	374.66
2610.15	346.243
2610.79	358.375
2611.43	354.37
2612.06	347.381
2612.7	352.582
2613.34	354.758
2613.97	364.023
2614.61	345.891
2615.25	356.13
2615.88	372.447
2616.52	372.531
2617.15	377.697
2617.79	355.467
2618.42	351.513
2619.06	362.795
2619.69	330.384
2620.33	380.251
2620.96	381.324
2621.6	371.195
2622.23	398.66
2622.86	385.483
2623.5	394.692
2624.13	380.55
2624.76	373.539
2625.4	373.648
2626.03	393.07
2626.66	399.243
2627.29	376.902
2627.93	389.156
2628.56	387.179
2629.19	415.768
2629.82	398.58
2630.45	412.973
2631.08	424.315
2631.71	407.109
2632.34	385.799
2632.98	406.271
2633.61	379.854
2634.24	413.626
2634.87	395.42
2635.5	441.53
2636.12	425.389
2636.75	418.42
2637.38	426.757
2638.01	433.035
2638.64	449.521
2639.27	430.193
2639.9	443.57
2640.53	412.932
2641.15	465.142
2641.78	434.472
2642.41	438.596
2643.04	460.141
2643.66	461.261
2644.29	447.061
2644.92	468.708
2645.54	473.971
2646.17	462.814
2646.8	469.028
2647.42	502.868
2648.05	454.714
2648.67	482.374
2649.3	488.534
2649.92	467.065
2650.55	488.67
2651.17	479.579
2651.8	509.481
2652.42	508.656
2653.05	490.386
2653.67	501.843
2654.29	488.623
2654.92	519.499
2655.54	463.059
2656.16	489.766
2656.79	488.757
2657.41	508.671
2658.03	488.424
2658.65	490.244
2659.27	502.117
2659.9	505.125
2660.52	471.744
2661.14	497.962
2661.76	506.032
2662.38	490.52
2663	523.811
2663.62	487.518
2664.24	518.163
2664.86	529.438
2665.48	502.431
2666.1	522.515
2666.72	508.279
2667.34	514.975
2667.96	521.018
2668.58	505.705
2669.2	528.08
2669.82	498.673
2670.44	504.481
2671.05	511.345
2671.67	512.566
2672.29	527.276
2672.91	526.689
2673.53	520.698
2674.14	560.283
2674.76	528.618
2675.38	570.668
2675.99	557.922
2676.61	587.396
2677.23	589.866
2677.84	598.735
2678.46	629.778
2679.07	655.607
2679.69	692.108
2680.3	725.853
2680.92	757.077
2681.53	770.473
2682.15	797.497
2682.76	833.174
2683.38	827.005
2683.99	849.314
2684.61	835.297
2685.22	825.704
2685.83	804.135
2686.44	808.748
2687.06	808.193
2687.67	796.498
2688.28	805.279
2688.9	793.419
2689.51	800.903
2690.12	826.324
2690.73	806.2
2691.34	819.786
2691.96	822.09
2692.57	826.064
2693.18	832.942
2693.79	852.8
2694.4	845.135
2695.01	843.834
2695.62	842.334
2696.23	826.477
2696.84	844.723
2697.45	846.106
2698.06	833.961
2698.67	827.574
2699.28	827.049
2699.88	833.139
2700.49	829.831
2701.1	825.336
2701.71	840.165
2702.32	832.808
2702.93	816.757
2703.53	828.126
2704.14	861.729
2704.75	834.262
2705.36	844.954
2705.96	850.082
2706.57	866.317
2707.17	858.313
2707.78	863.397
2708.39	854.537
2708.99	861.031
2709.6	871.155
2710.2	862.24
2710.81	880.014
2711.41	880.27
2712.02	887.458
2712.62	898.018
2713.23	908.277
2713.83	921.249
2714.44	923.075
2715.04	911.822
2715.64	916.082
2716.25	911.88
2716.85	943.618
2717.45	916.082
2718.05	932.746
2718.66	948.023
2719.26	950.613
2719.86	951.527
2720.46	950.53
2721.06	963.362
2721.67	990.784
2722.27	984.891
2722.87	967.95
2723.47	961.056
2724.07	978.784
2724.67	1003.49
2725.27	1009.45
2725.71	1000.95
2726.38	1019.09
2727.06	1009.6
2727.73	1007.12
2728.4	991.387
2729.07	1006.21
2729.74	1046.57
2730.42	1018.03
2731.09	1020.18
2731.76	1056.05
2732.43	1072.74
2733.1	1010.14
2733.77	1071.59
2734.44	1063.76
2735.11	1083.26
2735.78	1031.35
2736.45	1084.14
2737.12	1062.51
2737.79	1078.46
2738.46	1098.45
2739.13	1131.7
2739.8	1100.01
2740.47	1108.14
2741.14	1093.1
2741.81	1089.41
2742.47	1108.2
2743.14	1081.23
2743.81	1112.23
2744.48	1089.17
2745.15	1109.82
2745.81	1077.44
2746.48	1111.32
2747.15	1123.84
2747.81	1109.89
2748.48	1139.76
2749.15	1144.03
2749.81	1154.27
2750.48	1139.86
2751.15	1113.14
2751.81	1130.32
2752.48	1150.74
2753.14	1130.64
2753.81	1118.93
2754.47	1057.32
2755.14	1083.42
2755.8	1081.74
2756.47	1073.68
2757.13	1001.06
2757.8	1023.42
2758.46	1022.35
2759.13	1015.3
2759.79	1006.37
2760.45	997.529
2761.12	1007.07
2761.78	1008.28
2762.44	1032.85
2763.1	1021.47
2763.77	1011.11
2764.43	1033.58
2765.09	1055.23
2765.76	1048.45
2766.42	1048.99
2767.08	1062.92
2767.74	1069.66
2768.4	1130.65
2769.06	1091.03
2769.72	1135.39
2770.38	1143.77
2771.05	1169.58
2771.71	1187.23
2772.37	1192.66
2773.03	1242.36
2773.69	1289.1
2774.35	1348.2
2775.01	1371.24
2775.67	1433.19
2776.33	1485.74
2776.99	1522.78
2777.64	1603.03
2778.3	1661.8
2778.96	1749.5
2779.62	1771.42
2780.28	1792.24
2780.94	1845.83
2781.59	1896.21
2782.25	1859.12
2782.91	1799.53
2783.57	1796.79
2784.22	1806.66
2784.88	1754.91
2785.54	1805.08
2786.2	1779.78
2786.85	1795.22
2787.51	1800.93
2788.16	1786.8
2788.82	1777.84
2789.48	1842.27
2790.13	1832.04
2790.79	1823.28
2791.44	1875.56
2792.1	1846.43
2792.75	1924.15
2793.41	1913.83
2794.06	1935.04
2794.72	1966.29
2795.37	1987.14
2796.02	2011.14
2796.68	2045.59
2797.33	2056.59
2797.98	2096.62
2798.64	2089.51
2799.29	2102.08
2799.94	2179.57
2800.6	2173.76
2801.25	2220.47
2801.9	2181.74
2802.55	2239.72
2803.21	2277
2803.86	2311.03
2804.51	2362.39
2805.16	2350.79
2805.81	2415.33
2806.46	2442.84
2807.11	2455.98
2807.77	2456.78
2808.42	2577.9
2809.07	2532.16
2809.72	2583.96
2810.37	2681.86
2811.02	2711.82
2811.67	2715.24
2812.32	2728.19
2812.97	2776.41
2813.61	2870.12
2814.26	2876.65
2814.91	2830.79
2815.56	2917.43
2816.21	2933.03
2816.86	2986.47
2817.51	3035.6
2818.15	3079.37
2818.8	3100.3
2819.45	3139.6
2820.1	3162.52
2820.74	3172.39
2821.39	3219.69
2822.04	3259.19
2822.69	3349.19
2823.33	3392.76
2823.98	3463.55
2824.63	3444.33
2825.27	3479.11
2825.92	3538.39
2826.56	3580.46
2827.21	3639.41
2827.85	3636.31
2828.5	3734.15
2829.14	3708.12
2829.79	3752.09
2830.43	3703.82
2831.08	3731.62
2831.72	3774.8
2832.37	3810.61
2833.01	3844.07
2833.65	3915.19
2834.3	3887.28
2834.94	3897.08
2835.58	3894.3
2836.23	3999.2
2836.87	4000.29
2837.51	3968.69
2838.16	3979.61
2838.8	3983.86
2839.44	4024.53
2840.08	4072.61
2840.72	4093.85
2841.36	4076.64
2842.01	4110.37
2842.65	4117.15
2843.29	4116.75
2843.93	4153.5
2844.57	4081.56
2845.21	4193.54
2845.85	4206.95
2846.49	4239
2847.13	4240.56
2847.77	4217.99
2848.41	4274.99
2849.05	4372.24
2849.69	4293.31
2850.33	4269.07
2850.97	4215.04
2851.61	4220.88
2852.24	4289.1
2852.88	4300.04
2853.52	4400.15
2854.16	4379.11
2854.8	4324.96
2855.43	4360.42
2856.07	4383.22
2856.71	4406.37
2857.35	4496.8
2857.98	4443.07
2858.62	4487.4
2859.26	4495.48
2859.89	4547.55
2860.53	4587.7
2861.16	4645.18
2861.8	4639.21
2862.44	4720.07
2863.07	4754.08
2863.71	4827.13
2864.34	4882.94
2864.98	4852.62
2865.61	4926.71
2866.25	5053.45
2866.88	5098.65
2867.52	5180.58
2868.15	5219.9
2868.78	5320.85
2869.42	5372.38
2870.05	5487.14
2870.69	5547.87
2871.32	5596.93
2871.95	5631.07
2872.58	5831.66
2873.22	5892.75
2873.85	6045.23
2874.48	6121.74
2875.11	6242.4
2875.75	6334.29
2876.38	6453.7
2877.01	6595.79
2877.64	6660.25
2878.27	6809.27
2878.9	6888.18
2879.53	7038.4
2880.16	7077.02
2880.79	7266.1
2881.42	7344.12
2882.05	7442.1
2882.68	7540.85
2883.31	7542.43
2883.94	7715.21
2884.57	7845.82
2885.2	7897.85
2885.83	7980.9
2886.46	8030.78
2887.09	8098.61
2887.72	8179.67
2888.35	8250.97
2888.97	8302.71
2889.6	8375.54
2890.23	8327.66
2890.86	8338.6
2891.49	8353.84
2892.11	8367.27
2892.74	8418.56
2893.37	8424.54
2893.99	8474.03
2894.62	8551.03
2895.25	8605.41
2895.87	8536.76
2896.5	8635.71
2897.12	8582.9
2897.75	8639.85
2898.38	8666.64
2899	8730.83
2899.63	8736.09
2900.25	8921.68
2900.88	8905.77
2901.5	8897.34
2902.12	8964.79
2902.75	8948.08
2903.37	8989.68
2904	9025.6
2904.62	9030.36
2905.25	9123.12
2905.87	9069.54
2906.49	9002.54
2907.11	8946.28
2907.74	8975.6
2908.36	9006.05
2908.98	8973.03
2909.6	8863.05
2910.23	8857.45
2910.85	8793.09
2911.47	8709.45
2912.09	8592.72
2912.71	8565.82
2913.33	8464.04
2913.96	8373.66
2914.58	8217.01
2915.2	8118.1
2915.82	8007.65
2916.44	7891.04
2917.06	7765.2
2917.68	7658.37
2918.3	7502.02
2918.92	7438.59
2919.54	7349.2
2920.16	7297.94
2920.77	7266.29
2921.39	7165.6
2922.01	7104.48
2922.63	7017.04
2923.25	7004.86
2923.87	7003.46
2924.48	6900.89
2925.1	6925.25
2925.72	6918.43
2926.34	6892.52
2926.95	6959.09
2927.57	6939.24
2928.19	6925.35
2928.8	6925.67
2929.42	7022.64
2930.04	6946.42
2930.65	6947.03
2931.27	6983.33
2931.89	7029.16
2932.5	7081.69
2933.12	7088.03
2933.73	7107.23
2934.35	7278.5
2934.96	7216.89
2935.58	7245.42
2936.19	7359.83
2936.81	7308.37
2937.42	7403.58
2938.03	7493.89
2938.65	7542.33
2939.26	7531.52
2939.88	7582.01
2940.49	7614.25
2941.1	7578.69
2941.71	7563
2942.33	7547.39
2942.94	7541.75
2943.55	7578.16
2944.17	7473.78
2944.78	7533.81
2945.39	7473.66
2946	7441.17
2946.61	7444.09
2947.22	7431.91
2947.83	7369.42
2948.45	7316.5
2949.06	7269.24
2949.67	7227.76
2950.28	7206.37
2950.89	7234.55
2951.5	7092
2952.11	6915.02
2952.72	6900.18
2953.33	6802.86
2953.94	6728.29
2954.54	6690.19
2955.15	6573.91
2955.76	6477.63
2956.37	6395.36
2956.98	6337.93
2957.59	6207.65
2958.2	6113.3
2958.8	5986.36
2959.41	5895.62
2960.02	5895.3
2960.63	5772.21
2961.23	5720.64
2961.84	5584.96
2962.45	5500.9
2963.05	5446.19
2963.66	5343.93
2964.27	5227.33
2964.87	5195.23
2965.48	5033.16
2966.08	5021.78
2966.69	4875.15
2967.29	4765.91
2967.9	4679.44
2968.5	4644.75
2969.11	4570.6
2969.71	4442.23
2970.32	4344.45
2970.92	4223.86
2971.53	4222.08
2972.13	4113.28
2972.74	4006.93
2973.34	3992.18
2973.94	3846.07
2974.54	3763.46
2975.15	3712.96
2975.75	3671.35
2976.35	3563.88
2976.96	3448.84
2977.56	3438.73
2978.16	3373.22
2978.76	3269.63
2979.36	3195.73
2979.97	3147.57
2980.57	3073.94
2981.17	3036.15
2981.77	2979.56
2982.37	2903.98
2982.97	2864.86
2983.57	2798.86
2984.17	2705.36
2984.77	2622.59
2985.37	2600.86
2985.97	2554.13
2986.57	2487.32
2987.17	2419.56
2987.77	2319.82
2988.37	2269.96
2988.97	2274.05
2989.57	2179.44
2990.17	2125.68
2990.76	2124.19
2991.36	2061.36
2991.96	2036.6
2992.56	1952.55
2993.16	1922.77
2993.75	1884.65
2994.35	1835.07
2994.95	1752.61
2995.54	1782.71
2996.14	1701.47
2996.74	1694.15
2997.33	1600.18
2997.93	1619.9
2998.52	1550.7
2999.12	1494.77
2999.72	1484.82
3000.31	1461.54
3000.91	1415.74
3001.5	1424.18
3002.1	1380.36
3002.69	1339.51
3003.29	1352.82
3003.88	1300.48
3004.47	1286.03
3005.07	1247.11
3005.66	1235.02
3006.26	1181.16
3006.85	1177.66
3007.44	1161.92
3008.04	1144.04
3008.63	1100.29
3009.22	1101.45
3009.81	1071.61
3010.41	1052.98
3011	1055.92
3011.59	1021.01
3012.18	1024.22
3012.77	987.503
3013.36	983.652
3013.96	1016.75
3014.55	959.421
3015.14	968.875
3015.73	932.163
3016.32	923.28
3016.91	902.099
3017.5	912.77
3018.09	874.959
3018.68	888.471
3019.27	880.272
3019.86	886.483
3020.45	872.192
3021.04	837.427
3021.63	850.138
3022.22	842.273
3022.8	825.067
3023.39	806.719
3023.98	812.006
3024.57	773.926
3025.16	784.338
3025.74	777.225
3026.33	781.455
3026.92	760.866
3027.5	786.651
3028.09	761.796
3028.68	746.218
3029.26	774.024
3029.85	762.728
3030.44	759.814
3031.02	751.841
3031.61	747.008
3032.19	742.138
3032.78	744.415
3033.37	737.286
3033.95	709.398
3034.54	746.594
3035.12	726.938
3035.71	736.249
3036.29	710.435
3036.87	699.1
3037.46	727.047
3038.04	715.728
3038.63	724.098
3039.21	723.241
3039.79	722.477
3040.38	708.33
3040.96	723.182
3041.54	715.192
3042.12	712.246
3042.71	723.64
3043.29	732.805
3043.87	713.911
3044.45	707.444
3045.03	722.786
3045.62	714.448
3046.2	711.416
3046.78	686.745
3047.36	713.87
3047.94	717.171
3048.52	706.947
3049.1	710.115
3049.68	740.156
3050.26	719.398
3050.84	726.591
3051.42	723.423
3052	715.077
3052.58	720.197
3053.16	705.658
3053.74	706.683
3054.32	747.11
3054.89	746.2
3055.47	752.617
3056.05	715.567
3056.63	717.881
3057.21	764.722
3057.78	719.196
3058.36	729.547
3058.94	735.66
3059.52	724.112
3060.09	747.818
3060.67	746.713
3061.25	770.549
3061.82	747.809
3062.4	746.832
3062.97	697.106
3063.55	735.404
3064.13	751.888
3064.7	753.861
3065.28	749.663
3065.85	753.818
3066.43	744.558
3067	732.188
3067.58	745.654
3068.15	709.288
3068.72	745.313
3069.3	742.942
3069.87	721.95
3070.45	774.486
3071.02	753.703
3071.59	743.392
3072.17	737.291
3072.74	759.118
3073.31	741.569
3073.89	745.643
3074.46	755.84
3075.03	725.687
3075.6	761.76
3076.17	720.401
3076.74	726.707
3077.32	738.272
3077.89	761.251
3078.46	740.757
3079.03	767.784
3079.6	745.035
3080.17	768.752
3080.74	772.718
3081.31	754.907
3081.88	742.256
3082.45	763.721
3083.02	767.627
3083.59	762.251
3084.16	769.278
3084.73	751.53
3085.3	745.16
3085.87	757.414
3086.43	753.235
3087	806.935
3087.57	783.331
3088.14	775.234
3088.71	783.625
3089.28	756.843
3089.84	767.142
3090.41	746.414
3090.98	769.016
3091.54	774.067
3092.11	802.849
3092.68	772.814
3093.24	781.969
3093.81	778.74
3094.38	789.956
3094.94	798.101
3095.51	770.189
3096.07	755.688
3096.64	810.224
3097.2	825.568
3097.77	811.029
3098.33	803.747
3098.9	752.241
3099.46	796.614
3100.03	775.094
3100.59	778.291
3101.15	798.958
3101.72	815.432
3102.28	797.833
3102.84	809.044
3103.41	828.47
3103.97	815.95
3104.53	810.632
3105.1	849.575
3105.66	822.64
3106.22	848.216
3106.78	836.779
3107.34	817.149
3107.91	829.436
3108.47	822.202
3109.03	830.431
3109.59	840.78
3110.15	848.129
3110.71	826.75
3111.27	846.572
3111.83	862.252
3112.39	872.678
3112.95	879.854
3113.51	873.504
3114.07	886.643
3114.63	851.432
3115.19	885.251
3115.75	865.674
3116.31	863.658
3116.87	868.854
3117.43	886.344
3117.98	853.338
3118.54	903.573
3119.1	883.819
3119.66	890.814
3120.22	855.72
3120.77	881.343
3121.33	847.417
3121.89	892.648
3122.44	881.327
3123	876.106
3123.56	875.94
3124.11	892.142
3124.67	904.203
3125.23	906.026
3125.78	899.72
3126.34	902.762
3126.89	894.621
3127.45	919.406
3128	904.193
3128.56	897.181
3129.11	938.398
3129.67	906.63
3130.22	944.629
3130.78	903.462
3131.33	945.411
3131.88	966.758
3132.44	951.126
3132.99	947.829
3133.54	943.553
3134.1	932.164
3134.65	958.795
3135.2	954.71
3135.76	937.325
3136.31	978.42
3136.86	952.829
3137.41	978.508
3137.96	966.203
3138.51	964.131
3139.07	956.913
3139.62	1015.34
3140.17	1000.94
3140.72	965.012
3141.27	958.85
3141.82	1000.9
3142.37	997.803
3142.92	981.342
3143.47	1015.11
3144.02	988.381
3144.57	982.214
3145.12	987.412
3145.67	993.734
3146.22	1022.7
3146.77	957.31
3147.32	985.249
3147.86	1025.44
3148.41	1069.62
3148.96	1033.62
3149.51	1034.49
