401.058	1363.9
402.149	1386.19
403.243	1396.07
404.332	1375.61
405.424	1318.31
406.515	1298.81
407.606	1225.73
408.697	1164.17
409.785	1108.42
410.876	1092.19
411.967	1017.74
413.055	990.102
414.143	963.268
415.233	882.163
416.321	924.231
417.409	950.274
418.499	918.682
419.586	992.092
420.673	1056.24
421.761	1025.26
422.848	1091.61
423.935	1156.26
425.02	1223.74
426.106	1274.6
427.193	1332.7
428.278	1438.48
429.364	1445.53
430.45	1494.89
431.534	1531.51
432.618	1540.86
433.704	1590.11
434.788	1584.55
435.871	1672.87
436.955	1653.72
438.038	1635.41
439.123	1575.74
440.204	1532.78
441.287	1434.96
442.37	1402.78
443.452	1305.4
444.535	1177.41
445.615	1109.92
446.698	1017.11
447.78	931.359
448.86	813.123
449.939	762.391
451.021	674.757
452.101	664.919
453.18	615.261
454.262	587.721
455.341	525.678
456.42	519.132
457.499	461.461
458.578	498.444
459.654	457.541
460.733	455.692
461.811	472.48
462.89	386.143
463.966	388.979
465.044	445.763
466.12	437.432
467.197	410.449
468.273	440.209
469.349	423.298
470.426	453.717
471.501	477.44
472.576	419.23
473.651	442.866
474.726	508.321
475.801	459.708
476.876	482.654
477.95	463.892
479.022	498.898
480.097	522.679
481.171	538.933
482.243	561.574
483.317	567.486
484.388	584.471
485.46	693.816
486.533	741.095
487.605	744.89
488.676	822.377
489.747	837.139
490.818	878.666
491.889	942.384
492.959	974.059
494.03	1070.18
495.1	1033.95
496.171	1119.8
497.239	1204.45
498.309	1183.28
499.379	1174.86
500.446	1211.38
501.514	1184.88
502.584	1197.1
503.651	1181.22
504.718	1214.96
505.788	1171.96
506.855	1186.64
507.921	1140.88
508.988	1216.86
510.055	1208.62
511.119	1245.31
512.186	1318.76
513.252	1393.29
514.318	1383.64
515.382	1433.69
516.448	1552.69
517.512	1580.11
518.577	1637.11
519.641	1670.47
520.704	1658.98
521.768	1750.8
522.833	1833.58
523.896	1830.45
524.959	1955.35
526.021	1950.46
527.084	2000.52
528.144	1990.15
529.207	2167.37
530.269	2143.42
531.331	2167.27
532.391	2211.38
533.453	2244.12
534.513	2290.14
535.572	2207.9
536.634	2208.57
537.693	2131.4
538.752	2117.85
539.812	2080.92
540.87	1959.57
541.929	1853.51
542.988	1786.89
544.047	1704.51
545.105	1694.65
546.164	1533
547.22	1493.87
548.278	1350.5
549.336	1310.48
550.392	1270.38
551.448	1217.36
552.505	1172.04
553.561	1099.93
554.616	1078.28
555.671	1013.75
556.728	973.316
557.783	981.081
558.836	950.423
559.891	880.569
560.946	921.282
562	822.808
563.055	838.664
564.107	809.263
565.161	808.704
566.213	787.786
567.267	807.54
568.318	763.434
569.37	796.05
570.424	763.077
571.475	777.237
572.526	796.947
573.577	819.421
574.628	816.087
575.679	843.171
576.73	824.25
577.781	864.323
578.829	848.342
579.88	893.167
580.93	815.665
581.978	765.76
583.026	751.691
584.076	751.376
585.124	761.147
586.172	761.71
587.221	761.34
588.269	788.49
589.316	801.78
590.363	798.461
591.41	803.363
592.457	821.15
593.502	795.108
594.549	787.672
595.595	792.44
596.64	748.791
597.686	711.559
598.73	722.859
599.776	695.324
600.82	696.056
601.864	678.312
602.908	638.587
603.953	653.267
604.997	632.336
606.04	631.791
607.083	624.836
608.125	687.817
609.168	613.29
610.211	995.954
611.253	712.686
612.294	637.816
613.336	634.004
614.377	640.392
615.419	625.582
616.459	653.161
617.499	672.36
618.539	628.758
619.579	620.186
620.619	648.517
621.658	604.968
622.698	623.248
623.737	626.816
624.776	653.475
625.815	651.588
626.852	620.228
627.891	632.271
628.928	614.8
629.966	582.512
631.003	611.994
632.041	617.325
633.077	626.206
634.114	575.944
635.15	580.154
636.185	607.5
637.221	568.569
638.257	590.605
639.292	571.179
640.328	555.393
641.361	569.927
642.396	559.409
643.431	557.064
644.464	517.827
645.497	512.71
646.532	499.409
647.564	504.631
648.597	523.755
649.629	523.622
650.663	544.621
651.695	544.395
652.727	595.541
653.757	543.66
654.789	522.091
655.821	567.562
656.852	572.696
657.882	576.085
658.913	592.391
659.942	554.61
660.973	565.41
662.002	574.3
663.031	587.722
664.06	609.47
665.09	599.334
666.119	616.038
667.147	630.223
668.175	580.199
669.201	594.396
670.229	604.752
671.257	554.139
672.285	569.646
673.311	571.32
674.338	571.246
675.363	536.315
676.389	577.023
677.416	575.384
678.441	561.669
679.466	555.183
680.491	586.382
681.515	561.215
682.54	576.643
683.565	577.394
684.589	640.08
685.613	598.658
686.635	608.066
687.659	617.517
688.681	637.129
689.705	676.138
690.727	692.925
691.75	708.754
692.772	620.868
693.793	698.634
694.814	737.467
695.835	718.806
696.856	730.622
697.877	744.224
698.898	780.934
699.918	781.55
700.937	766.471
701.957	750.507
702.978	768.792
703.996	802.784
705.016	811.759
706.034	757.806
707.052	735.287
708.069	725.721
709.087	732.82
710.107	750.128
711.124	709.273
712.139	690.644
713.156	681.278
714.173	676.514
715.19	635.645
716.205	627.017
717.222	659.834
718.238	631.601
719.253	621.801
720.267	612.936
721.283	637.288
722.297	635.89
723.311	608.772
724.325	615.771
725.339	622.821
726.353	631.784
727.366	625.182
728.38	632.429
729.391	594.59
730.404	628.435
731.417	652.947
732.428	641.456
733.441	582.108
734.452	647.697
735.463	590.302
736.475	600.966
737.486	609.928
738.496	588.723
739.506	620.792
740.516	603.303
741.526	575.659
742.534	591.08
743.544	569.727
744.554	545.603
745.561	549.933
746.571	557.045
747.578	549.521
748.587	553.962
749.594	514.408
750.601	530.843
751.608	529.888
752.615	534.486
753.621	526.288
754.628	523.649
755.634	498.085
756.641	499.209
757.647	518.782
758.651	505.243
759.657	532.247
760.663	498.385
761.666	499.515
762.67	492.276
763.676	536.703
764.679	492.34
765.682	499.646
766.686	484.711
767.689	506.746
768.692	507.583
769.694	525.198
770.697	498.58
771.698	487.809
772.7	467.812
773.703	478.364
774.703	481.363
775.703	493.466
776.705	515.613
777.705	565.514
778.705	500.237
779.705	475.923
780.705	555.752
781.704	540.011
782.704	448.062
783.703	552.226
784.702	553.129
785.701	578.147
786.698	552.907
787.697	582.572
788.694	543.446
789.693	533.202
790.689	625.365
791.686	605.786
792.682	615.916
793.68	633.416
794.676	672.296
795.672	715.869
796.666	726.034
797.662	714.895
798.658	728.949
799.653	782.099
800.647	785.727
801.642	770.529
802.636	771.009
803.631	769.526
804.624	795.937
805.617	741.422
806.61	767.85
807.602	754.277
808.595	725.813
809.587	732.604
810.58	674.453
811.572	726.728
812.564	725.297
813.554	741.559
814.546	761.572
815.536	746.406
816.528	783.054
817.518	872.401
818.507	791.492
819.499	840.113
820.488	921.999
821.477	927.084
822.466	1076.19
823.455	1160.36
824.444	1203.71
825.431	1282.94
826.42	1348.37
827.408	1452.68
828.395	1554.42
829.383	1658.13
830.369	1791.21
831.356	1933.12
832.342	2076.32
833.33	2212.55
834.315	2418.39
835.301	2697.81
836.287	2879.51
837.27	3085.81
838.256	3216.53
839.241	3417.31
840.226	3434.38
841.209	3365.78
842.194	3349.35
843.177	3211.64
844.16	2972.96
845.145	2819.86
846.127	2602.48
847.11	2462.27
848.092	2409.3
849.074	2369.06
850.056	2319.43
851.039	2341.3
852.018	2331.67
853	2482.79
853.982	2619.12
854.962	2641.61
855.941	2667.19
856.923	2660.1
857.902	2580.74
858.881	2475.81
859.86	2325.75
860.839	2198.45
861.818	1976.9
862.797	1885.77
863.776	1801.75
864.754	1672.44
865.733	1617.66
866.709	1580.39
867.687	1464.07
868.664	1411.4
869.642	1438.93
870.618	1387.44
871.594	1330.51
872.569	1303.99
873.545	1257.21
874.521	1253.69
875.496	1258.41
876.471	1229.87
877.447	1168.96
878.42	1170.61
879.395	1182.31
880.37	1157.13
881.343	1086.84
882.315	1134.59
883.29	1082.02
884.262	1151.17
885.235	1068.26
886.207	1058.09
887.179	1065.33
888.151	1057.74
889.123	1048.28
890.095	1023.18
891.065	1096.75
892.037	1062.54
893.009	1113.14
893.978	1109.36
894.948	1151.7
895.919	1193.21
896.888	1250.53
897.857	1273.83
898.826	1335
899.795	1426.53
900.764	1489.26
901.732	1526.79
902.701	1626.84
903.668	1721.18
904.636	1790.59
905.604	1882.25
906.57	1869.05
907.538	2018.41
908.504	2061.17
909.47	2073.79
910.436	2022.02
911.402	2087.56
912.367	2045.01
913.333	1988.38
914.298	1925
915.264	1842.93
916.229	1725.6
917.192	1729.48
918.157	1641.92
919.12	1571.13
920.084	1558.72
921.047	1469.41
922.01	1415.14
922.972	1346.81
923.935	1364.56
924.897	1257.1
925.859	1209.01
926.821	1151.7
927.783	1138.97
928.743	1152.25
929.705	1065.18
930.667	1060.67
931.626	1047.74
932.586	1062.72
933.547	1022.02
934.506	973.98
935.466	982.788
936.425	935.787
937.384	952.992
938.343	878.773
939.301	976.933
940.26	992.09
941.217	954.081
942.175	979.612
943.132	977.243
944.09	1004.87
945.046	980.162
946.002	986.283
946.96	1037.29
947.916	989.885
948.872	1012.67
949.828	1007.28
950.783	1009.32
951.737	1008.46
952.692	1022.48
953.647	1062.66
954.601	1065.24
955.556	1080.06
956.509	1021.87
957.464	1090.58
958.417	1046.85
959.369	1104.6
960.322	1078.62
961.275	1071.13
962.227	1107.48
963.179	1111.65
964.132	1124.24
965.082	1168.92
966.034	1216.7
966.984	1181.18
967.936	1256.66
968.885	1305.81
969.837	1319.02
970.787	1373.26
971.736	1420.63
972.686	1420.84
973.635	1474.6
974.584	1486.2
975.533	1543.98
976.48	1623.49
977.429	1569.79
978.378	1563.05
979.325	1665.18
980.273	1649.95
981.22	1660.02
982.166	1677.48
983.113	1594.37
984.061	1529.83
985.007	1581.35
985.953	1525.87
986.897	1504.18
987.843	1453.66
988.789	1436.15
989.734	1408.59
990.678	1382.1
991.623	1340.65
992.567	1284.13
993.51	1245.22
994.453	1267.86
995.398	1221.27
996.341	1228.85
997.284	1182.35
998.227	1170.46
999.168	1193.14
1000.11	1153.45
1001.05	1157.63
1001.99	1157.22
1002.94	1062.86
1003.88	1060.83
1004.82	1063.59
1005.76	1127.95
1006.7	1055.42
1007.64	1066.7
1008.58	1095.54
1009.52	1077.58
1010.46	1091.12
1011.4	1093.4
1012.34	1108.82
1013.27	1108.64
1014.21	1097.61
1015.15	1126
1016.09	1104.22
1017.03	1117.86
1017.96	1133.23
1018.9	1136.23
1019.84	1105.43
1020.77	1118.44
1021.71	1166.08
1022.65	1147.57
1023.58	1160.16
1024.52	1174.9
1025.45	1176.71
1026.39	1213.18
1027.32	1235.47
1028.26	1211.56
1029.19	1253.1
1030.12	1235.42
1031.06	1241.24
1031.99	1251
1032.92	1225.31
1033.86	1196.98
1034.79	1211.06
1035.72	1243.01
1036.65	1258.83
1037.59	1223.57
1038.52	1229.64
1039.45	1246.05
1040.38	1262.45
1041.31	1289.26
1042.24	1275.42
1043.17	1298.36
1044.1	1359.06
1045.03	1342.25
1045.96	1318.92
1046.89	1396.11
1047.82	1397.91
1048.75	1415.12
1049.68	1385.04
1050.61	1435.55
1051.53	1445.04
1052.46	1485.56
1053.39	1495.3
1054.32	1584.65
1055.24	1627.3
1056.17	1603.46
1057.1	1699.68
1058.02	1781.87
1058.95	1838.55
1059.88	1851.47
1060.8	1846.23
1061.73	1820.91
1062.65	1739.38
1063.58	1693.17
1064.5	1739.51
1065.43	1727.6
1066.35	1740.17
1067.27	1782.73
1068.2	1814.16
1069.12	1869.88
1070.04	1876.82
1070.97	1854.55
1071.89	1865.22
1072.81	1925.04
1073.73	1890.16
1074.65	1867.79
1075.58	1889.03
1076.5	1847.05
1077.42	1850.39
1078.34	1765.89
1079.26	1726.05
1080.18	1675.79
1081.1	1683.6
1082.02	1577.37
1082.94	1521.55
1083.86	1515.13
1084.78	1425.12
1085.7	1413.06
1086.61	1347.95
1087.53	1369.32
1088.45	1312.01
1089.37	1298.35
1090.28	1302.62
1091.2	1320.03
1092.12	1327.85
1093.03	1356.46
1093.95	1378.49
1094.87	1364.69
1095.78	1425.83
1096.7	1417.06
1097.61	1474.61
1098.53	1459.26
1099.44	1492.09
1100.36	1541.85
1101.27	1564.99
1102.19	1613.56
1103.1	1611.94
1104.01	1653.8
1104.93	1659.83
1105.84	1713.29
1106.75	1712.25
1107.67	1784.27
1108.58	1780.93
1109.49	1805.05
1110.4	1769.37
1111.31	1874.3
1112.22	1889.04
1113.14	1970.73
1114.05	1985.27
1114.96	2050.09
1115.87	2092.47
1116.78	2127.48
1117.69	2173.83
1118.6	2295.59
1119.51	2338.52
1120.42	2399.08
1121.32	2520.94
1122.23	2553.35
1123.14	2531.67
1124.05	2556.24
1124.96	2526.82
1125.86	2451.48
1126.77	2424.31
1127.68	2336.89
1128.58	2296.98
1129.49	2296.05
1130.4	2221.4
1131.3	2240.29
1132.21	2245.93
1133.11	2317.3
1134.02	2339.03
1134.92	2384.12
1135.83	2397.46
1136.73	2414.78
1137.64	2411.16
1138.54	2374.98
1139.44	2328.06
1140.35	2295.21
1141.25	2191.11
1142.15	2142.24
1143.06	2102.09
1143.96	2016.36
1144.86	1946.71
1145.76	1929.22
1146.66	1887.68
1147.57	1714.45
1148.47	1618.19
1149.37	1539.96
1150.27	1559.87
1151.17	1426.44
1152.07	1368.32
1152.97	1327.35
1153.87	1223.43
1154.77	1215.68
1155.67	1159.21
1156.57	1070.28
1157.46	1093.79
1158.36	1025.92
1159.26	979.133
1160.16	930.57
1161.05	923.998
1161.95	932.637
1162.85	884.873
1163.75	865.48
1164.64	860.173
1165.54	803.306
1166.44	856.898
1167.33	810.657
1168.23	790.298
1169.12	824.31
1170.02	812.764
1170.91	769.842
1171.81	758.256
1172.7	760.858
1173.59	752.916
1174.49	790.522
1175.38	714.948
1176.27	770.424
1177.17	718.52
1178.06	721.681
1178.95	738.16
1179.84	738.624
1180.74	723.107
1181.63	736.117
1182.52	730.191
1183.41	709.043
1184.3	760.683
1185.19	757.255
1186.08	724.418
1186.97	736.026
1187.86	759.918
1188.75	761.151
1189.64	802.963
1190.53	776.817
1191.42	778.035
1192.31	788.72
1193.2	766.545
1194.09	780.31
1194.97	821.519
1195.86	816.684
1196.75	811.805
1197.64	861.438
1198.52	847.93
1199.41	863.578
1200.29	851.04
1201.18	872.448
1202.07	902.372
1202.95	879.595
1203.84	906.564
1204.72	886.354
1205.61	901.744
1206.49	910.52
1207.38	933.486
1208.26	914.431
1209.14	952.953
1210.03	909.078
1210.91	918.87
1211.79	917.349
1212.68	933.512
1213.56	919.296
1214.44	930.198
1215.32	955.937
1216.21	942.115
1217.09	944.374
1217.97	988.194
1218.85	974.105
1219.73	997.009
1220.61	1005.18
1221.49	1006.95
1222.37	1044.52
1223.25	1178.15
1224.13	1176.75
1225.01	1289.21
1225.89	1355.21
1226.77	1405.1
1227.65	1524
1228.52	1458.2
1229.4	1532.47
1230.28	1504.13
1231.16	1480.68
1232.03	1480.91
1232.91	1477.28
1233.79	1491.48
1234.66	1464.69
1235.54	1497.42
1236.42	1435.07
1237.29	1399.15
1238.17	1352.76
1239.04	1271.29
1239.92	1253.52
1240.79	1233.96
1241.67	1200.19
1242.54	1148.36
1243.41	1159.31
1244.29	1161.73
1245.16	1135.62
1246.03	1097.11
1246.91	1123.4
1247.78	1094.26
1248.65	1134.62
1249.52	1132.78
1250.4	1147.01
1251.27	1137.3
1252.14	1165.82
1253.01	1150.53
1253.88	1156.36
1254.75	1159.38
1255.62	1183.39
1256.49	1148.02
1257.36	1209.97
1258.23	1208.66
1259.1	1233.96
1259.97	1224.79
1260.84	1228.99
1261.71	1259.02
1262.57	1310.14
1263.44	1270.7
1264.31	1343.94
1265.18	1362.83
1266.05	1338.76
1266.91	1462.47
1267.78	1514.51
1268.65	1583.58
1269.51	1687.78
1270.38	1789.93
1271.24	1899.55
1272.11	1974.72
1272.97	2097.33
1273.84	2224.54
1274.7	2301.25
1275.57	2316.14
1276.43	2391.56
1277.3	2339.33
1278.16	2336.25
1279.02	2316.21
1279.89	2254.14
1280.75	2189.08
1281.61	2112.04
1282.48	2031.81
1283.34	1935.25
1284.2	1871.42
1285.06	1710.74
1285.92	1701.77
1286.78	1583.53
1287.65	1484.35
1288.51	1434.56
1289.37	1402.46
1290.23	1328.93
1291.09	1326.02
1291.95	1280.98
1292.81	1266.99
1293.67	1229.61
1294.52	1215.73
1295.38	1222.49
1296.24	1172.56
1297.1	1137.72
1297.96	1131.62
1298.81	1118.73
1299.67	1128.87
1300.53	1108.79
1301.39	1109.37
1302.24	1117.77
1303.1	1099.87
1303.95	1091.63
1304.81	1109.3
1305.67	1084.24
1306.52	1108.4
1307.38	1095.74
1308.23	1100.72
1309.09	1078.94
1309.94	1105.34
1310.8	1106.62
1311.65	1106.61
1312.5	1110.36
1313.35	1131.17
1314.21	1135.52
1315.06	1124.03
1315.91	1161.83
1316.77	1153.79
1317.62	1177.8
1318.47	1180.79
1319.32	1224.99
1320.17	1247.13
1321.02	1294.75
1321.87	1301.08
1322.73	1310.35
1323.57	1343.47
1324.43	1371.47
1325.28	1411.68
1326.13	1438.84
1326.97	1432.47
1327.82	1457.36
1328.67	1491.16
1329.52	1518.84
1330.37	1564.72
1331.22	1587.4
1332.06	1589.9
1332.91	1611.47
1333.76	1624.31
1334.61	1608.2
1335.45	1612.23
1336.3	1654.35
1337.15	1702.75
1337.99	1691.06
1338.84	1670.75
1339.68	1677.09
1340.53	1733.83
1341.37	1723.43
1342.22	1722.33
1343.06	1737.96
1343.91	1737.2
1344.75	1735.05
1345.6	1746.06
1346.44	1767.94
1347.28	1760.29
1348.12	1745.45
1348.97	1741.83
1349.81	1765.2
1350.65	1766.67
1351.49	1751.13
1352.33	1754.44
1353.18	1785.42
1354.02	1802.39
1354.86	1799.44
1355.7	1789.36
1356.54	1791.46
1357.38	1802.46
1358.22	1816.9
1359.06	1836.42
1359.9	1807.13
1360.74	1830.65
1361.58	1815.58
1362.42	1822.77
1363.25	1780.84
1364.09	1767.68
1364.93	1774.54
1365.77	1764.1
1366.6	1760.26
1367.19	1774.53
1368.1	1783.6
1369.01	1744.34
1369.92	1763.03
1370.83	1745.15
1371.74	1732.02
1372.65	1748.29
1373.56	1718.21
1374.47	1715.64
1375.37	1681.54
1376.28	1695.55
1377.19	1675.03
1378.1	1641.63
1379	1565
1379.91	1608.14
1380.82	1592.37
1381.72	1583.42
1382.63	1576.29
1383.54	1587.57
1384.44	1551.71
1385.35	1589.02
1386.25	1536.48
1387.16	1574.73
1388.06	1561.43
1388.97	1574.53
1389.87	1580.92
1390.78	1624.28
1391.68	1616.2
1392.59	1617.86
1393.49	1610.76
1394.39	1603.57
1395.3	1533.34
1396.2	1424.43
1397.1	1421.89
1398	1369.23
1398.91	1296.54
1399.81	1258.8
1400.71	1256.84
1401.61	1225.1
1402.52	1208.72
1403.42	1175.93
1404.32	1163.25
1405.22	1128.51
1406.12	1138.9
1407.02	1121.65
1407.92	1094.06
1408.82	1090.56
1409.72	1093.86
1410.62	1064.71
1411.52	1073.74
1412.42	1084.6
1413.32	1064.82
1414.21	1096.49
1415.11	1050.86
1416.01	1037.65
1416.91	1067.3
1417.81	1023.74
1418.71	1012.66
1419.6	1020.78
1420.5	1044.29
1421.4	1048.01
1422.29	981.456
1423.19	1021.36
1424.09	1036.43
1424.98	1034.24
1425.88	1027.18
1426.77	1039.1
1427.67	1043.43
1428.56	1016.48
1429.46	1016.22
1430.35	1051.18
1431.25	1056.79
1432.14	1110.03
1433.04	1075.02
1433.93	1077.2
1434.82	1154.67
1435.72	1163.74
1436.61	1203.35
1437.5	1215.39
1438.39	1240.79
1439.29	1297.7
1440.18	1321.14
1441.07	1359.77
1441.96	1387.81
1442.85	1428.27
1443.75	1421.98
1444.64	1436
1445.53	1433.04
1446.42	1458.02
1447.31	1479.15
1448.2	1449.17
1449.09	1489.03
1449.98	1456.59
1450.87	1495.19
1451.76	1498.34
1452.65	1542.19
1453.54	1526.78
1454.43	1540.56
1455.31	1552.52
1456.2	1616.43
1457.09	1583.34
1457.98	1577.75
1458.87	1562.14
1459.75	1614.15
1460.64	1634.56
1461.53	1652.57
1462.41	1667.18
1463.3	1761.46
1464.19	1823.74
1465.07	1925.42
1465.96	1970.29
1466.85	2034.11
1467.73	2072.53
1468.61	2007.24
1469.5	1970.33
1470.38	1924.9
1471.27	1897.04
1472.15	1973.99
1473.04	2002.24
1473.92	2048.71
1474.8	2122.2
1475.69	2150
1476.57	2116.81
1477.45	2170.4
1478.34	2063.11
1479.22	2102.7
1480.1	2021.59
1480.98	2045.94
1481.86	2001.5
1482.75	2010.8
1483.63	1971.05
1484.51	1880.83
1485.39	1795.88
1486.27	1623.36
1487.15	1434.9
1488.03	1278.68
1488.91	1162.14
1489.79	1084.18
1490.67	999.248
1491.55	979.007
1492.43	897.888
1493.31	897.03
1494.19	849.974
1495.07	847.379
1495.94	822.653
1496.82	760.37
1497.7	752.931
1498.58	794.442
1499.45	743.653
1500.33	746.66
1501.21	720.928
1502.09	739.322
1502.96	708.926
1503.84	727.359
1504.72	708.507
1505.59	714.483
1506.47	693.708
1507.34	713.917
1508.22	712.188
1509.09	689.568
1509.97	687.962
1510.84	694.986
1511.72	682.113
1512.59	686.344
1513.46	681.031
1514.34	699.325
1515.21	671.089
1516.08	684.458
1516.96	688.32
1517.83	677.081
1518.7	695.137
1519.57	688.723
1520.45	684.275
1521.32	670.51
1522.19	663.433
1523.06	665.851
1523.93	675.852
1524.8	668.01
1525.67	667.641
1526.54	637.152
1527.41	645.1
1528.28	668.949
1529.16	673.093
1530.02	653.876
1530.89	660.991
1531.76	655.092
1532.63	658.634
1533.5	666.893
1534.37	662.028
1535.24	649.634
1536.11	648.437
1536.97	652.838
1537.84	646.958
1538.71	646.755
1539.57	650.388
1540.44	671.917
1541.31	659.823
1542.18	681.504
1543.04	690.06
1543.91	633.814
1544.77	676.897
1545.64	650.444
1546.5	631.448
1547.37	635.005
1548.24	669.656
1549.1	627.541
1549.96	657.929
1550.83	673.484
1551.69	642.983
1552.56	640.635
1553.42	618.313
1554.28	647.729
1555.15	613.763
1556.01	625.125
1556.87	650.786
1557.73	650.163
1558.6	631.701
1559.46	657.851
1560.32	644.123
1561.18	656.838
1562.04	619.947
1562.9	641.893
1563.77	659.07
1564.63	639.189
1565.49	651.814
1566.35	646.479
1567.21	621.191
1568.07	649.433
1568.93	634.652
1569.79	643.728
1570.64	636.426
1571.5	636.703
1572.36	642.687
1573.22	651.554
1574.08	660.469
1574.94	664.647
1575.8	656.365
1576.65	620.128
1577.51	661.044
1578.37	663.336
1579.22	628.817
1580.08	656.128
1580.94	656.345
1581.79	690.502
1582.65	647.188
1583.51	663.065
1584.36	643.061
1585.22	652.186
1586.07	684.643
1586.93	654.761
1587.78	639.396
1588.63	658.085
1589.49	654.29
1590.34	631.865
1591.2	640.566
1592.05	650.141
1592.9	658.663
1593.76	681.805
1594.61	656.216
1595.46	656.124
1596.32	680.591
1597.17	684.7
1598.02	668.342
1598.87	710.631
1599.72	680.441
1600.58	666.729
1601.43	674.393
1602.28	688.756
1603.13	704.943
1603.98	690.726
1604.83	698.021
1605.68	710.258
1606.53	696.216
1607.38	699.859
1608.23	703.545
1609.08	668.136
1609.93	679.494
1610.77	697.535
1611.62	686.195
1612.47	682.643
1613.32	733.697
1614.17	700.124
1615.01	686.158
1615.86	670.317
1616.71	696.313
1617.55	702.759
1618.4	698.375
1619.25	670.548
1620.09	707.735
1620.94	690.503
1621.79	692.726
1622.63	707.623
1623.48	688.711
1624.32	692.169
1625.17	697.627
1626.01	681.827
1626.86	699.902
1627.7	714.095
1628.54	687.64
1629.39	718.203
1630.23	691.664
1631.07	703.718
1631.92	703.14
1632.76	696.734
1633.6	706.727
1634.45	727.348
1635.29	725.853
1636.13	709.011
1636.97	695.096
1637.81	750.466
1638.66	745.201
1639.5	739.957
1640.34	729.966
1641.18	701.803
1642.02	723.703
1642.86	743.748
1643.7	726.342
1644.54	700.267
1645.38	730.87
1646.22	756.622
1647.06	755.438
1647.89	737.932
1648.73	722.424
1649.57	737.795
1650.41	773.524
1651.25	724.711
1652.09	779.921
1652.92	773.473
1653.76	737.951
1654.6	753.358
1655.43	768.654
1656.27	801.308
1657.11	792.617
1657.94	768.694
1658.78	765.241
1659.62	760.933
1660.45	748.856
1661.29	756.955
1662.12	725.136
1662.96	764.876
1663.79	749.325
1664.62	746.453
1665.46	770.917
1666.29	761.619
1667.13	745.651
1667.96	748.209
1668.79	760.506
1669.63	758.14
1670.46	734.214
1671.29	735.558
1672.12	760.282
1672.96	769.312
1673.79	741.123
1674.62	707.027
1675.45	725.838
1676.28	711.423
1677.11	725.53
1677.95	712.23
1678.78	709.728
1679.61	720.921
1680.44	702.485
1681.27	678.957
1682.1	715.395
1682.93	669.076
1683.75	673.039
1684.58	699.763
1685.41	686.158
1686.24	693.313
1687.07	677.772
1687.9	658.236
1688.73	650.515
1689.55	688.268
1690.38	669.598
1691.21	659.764
1692.04	651.817
1692.86	658.616
1693.69	633.628
1694.52	655.172
1695.34	622.296
1696.17	638.073
1696.99	641.12
1697.82	632.386
1698.64	652.46
1699.47	630.818
1700.29	656.729
1701.12	618.927
1701.94	648.55
1702.77	602.566
1703.59	636.993
1704.41	625.713
1705.24	616.44
1706.06	589.337
1706.88	634.717
1707.71	617.605
1708.53	611.425
1709.35	609.206
1710.17	622.831
1711	640.365
1711.82	596.358
1712.64	601.882
1713.46	587.573
1714.28	609.939
1715.1	582.856
1715.92	613.259
1716.74	618.947
1717.56	587.974
1718.38	630.103
1719.2	607.764
1720.02	609.027
1720.84	597.409
1721.66	592.787
1722.48	556.807
1723.3	613.647
1724.11	610.526
1724.93	618.268
1725.75	592.389
1726.57	587.013
1727.39	594.249
1728.2	583.672
1729.02	597.668
1729.84	592.103
1730.65	584.698
1731.47	584.242
1732.29	599.474
1733.1	609.738
1733.92	588.593
1734.73	599.697
1735.55	590.259
1736.36	580.876
1737.18	608.642
1737.99	594.46
1738.81	597.822
1739.62	586.516
1740.43	606.324
1741.25	603.711
1742.06	585.579
1742.87	613.171
1743.69	601.954
1744.5	599.508
1745.31	599.981
1746.13	577.195
1746.94	605.791
1747.75	591.796
1748.56	573.994
1749.37	602.702
1750.18	579.166
1750.99	600.129
1751.81	603.648
1752.61	608.121
1753.42	575.879
1754.24	588.153
1755.04	586.947
1755.85	582.866
1756.66	577.785
1757.47	569.721
1758.28	576.049
1759.09	565.895
1759.9	598.183
1760.71	593.874
1761.52	559.805
1762.32	575.006
1763.13	577.752
1763.94	560.273
1764.74	568.791
1765.55	558.962
1766.36	575.16
1767.17	610.69
1767.97	597.146
1768.78	558.603
1769.58	558.679
1770.39	567.441
1771.19	580.994
1772	585.806
1772.8	562.561
1773.61	580.87
1774.41	567.31
1775.22	558.607
1776.02	578.936
1776.83	552.82
1777.63	531.528
1778.43	561.576
1779.23	576.196
1780.04	569.578
1780.84	597.961
1781.64	586.628
1782.44	553.908
1783.25	585.32
1784.05	548.592
1784.85	555.613
1785.65	549.948
1786.45	564.758
1787.25	563.98
1788.05	537.815
1788.86	553.65
1789.65	554.82
1790.46	548.137
1791.25	541.418
1792.05	553.294
1792.85	548.519
1793.65	534.946
1794.45	547.922
1795.25	518.74
1796.05	559.399
1796.85	535.196
1797.64	585.843
1798.44	572.416
1799.24	550.989
1800.04	575.891
1800.83	566.156
1801.63	564.287
1802.43	535.683
1803.22	551.604
1804.02	545.742
1804.82	565.624
1805.61	543.86
1806.41	561.726
1807.2	544.874
1808	550.85
1808.79	551.9
1809.59	556.965
1810.38	539.197
1811.18	544.27
1811.97	551.269
1812.76	550.202
1813.56	548.021
1814.35	535.809
1815.14	567.354
1815.94	540.272
1816.73	561.051
1817.52	532.199
1818.31	549.178
1819.1	561.168
1819.9	545.176
1820.69	556.952
1821.48	570.617
1822.27	559.338
1823.06	569.98
1823.85	525.906
1824.64	554.523
1825.43	559.233
1826.22	550.966
1827.01	554.6
1827.8	542.315
1828.59	538.021
1829.38	551.677
1830.17	537.54
1830.96	556.199
1831.74	554.92
1832.53	541.626
1833.32	556.058
1834.11	553.536
1834.89	548.009
1835.68	513.745
1836.47	530.048
1837.26	565.155
1838.04	539.887
1838.83	546.278
1839.61	529.908
1840.4	542.139
1841.19	524.702
1841.97	540.761
1842.76	542.019
1843.54	562.016
1844.33	516.211
1845.11	505.931
1845.89	518.326
1846.68	568.06
1847.46	530.389
1848.25	531.962
1849.03	554.106
1849.81	568.392
1850.6	522.909
1851.38	574.495
1852.16	533.989
1852.94	535.596
1853.72	545.962
1854.51	539.622
1855.29	537.143
1856.07	539.515
1856.85	543.818
1857.63	522.736
1858.41	546.55
1859.19	524.55
1859.97	525.024
1860.75	513.879
1861.53	532.995
1862.31	522.01
1863.09	522.75
1863.87	527.377
1864.65	551.403
1865.43	552.949
1866.21	547.581
1866.99	501.341
1867.76	542.475
1868.54	541.873
1869.32	551.045
1870.1	539.012
1870.87	522.26
1871.65	536.591
1872.43	523.836
1873.2	520.753
1873.98	535.064
1874.76	548.365
1875.53	519.052
1876.31	511.094
1877.08	519.674
1877.86	520.583
1878.63	521.533
1879.41	503.091
1880.18	528.218
1880.96	514.512
1881.73	522.1
1882.5	542.298
1883.28	521.814
1884.05	518.836
1884.82	531.422
1885.6	519.764
1886.37	514.876
1887.14	513.837
1887.91	526.368
1888.68	526.276
1889.46	519.416
1890.23	510.676
1891	533.135
1891.77	531.409
1892.54	533.687
1893.31	507.783
1894.08	528.713
1894.85	491.027
1895.62	530.429
1896.39	503.176
1897.16	530.547
1897.93	493.181
1898.7	519.403
1899.47	533.942
1900.24	499.672
1901.01	537.066
1901.77	530.533
1902.54	499.51
1903.31	500.818
1904.08	483.364
1904.84	534.705
1905.61	513.178
1906.38	505.386
1907.14	507.436
1907.91	505.556
1908.68	489.888
1909.44	503.861
1910.21	508.015
1910.97	517.157
1911.74	516.444
1912.51	519.697
1913.27	500.141
1914.03	485.48
1914.8	521.39
1915.56	491.733
1916.33	488.83
1917.09	496.815
1917.85	509.737
1918.62	485.824
1919.38	500.693
1920.14	519.563
1920.9	492.689
1921.67	505.719
1922.43	509.89
1923.19	492.207
1923.95	516.486
1924.71	506.822
1925.47	515.08
1926.24	499.214
1927	524.26
1927.76	483.1
1928.52	499.94
1929.28	498.704
1930.04	522.478
1930.8	497.184
1931.56	509.95
1932.32	523.751
1933.08	506.583
1933.83	513.52
1934.59	483.472
1935.35	480.482
1936.11	522.556
1936.87	510.407
1937.62	502.127
1938.38	494.732
1939.14	505.31
1939.89	500.876
1940.65	501.521
1941.41	509.253
1942.16	490.016
1942.92	492.769
1943.68	503.436
1944.43	478.985
1945.19	489.414
1945.94	477.797
1946.7	483.135
1947.45	509.418
1948.21	488.918
1948.96	492.385
1949.71	490.924
1950.47	510.377
1951.22	490.09
1951.98	507.578
1952.73	506.173
1953.48	516.629
1954.23	490.286
1954.99	497.57
1955.74	491.871
1956.49	499.976
1957.24	520.924
1957.99	511.328
1958.75	509.763
1959.5	510.283
1960.25	511.842
1961	520.272
1961.75	493.178
1962.5	489.634
1963.25	497.824
1964	505.982
1964.75	524.938
1965.5	514.48
1966.25	512.846
1967	505.285
1967.74	516.216
1968.49	488.948
1969.24	514.341
1969.99	504.633
1970.74	489.204
1971.48	501.149
1972.23	514.199
1972.98	506.976
1973.73	502.725
1974.47	477.086
1975.22	510.492
1975.96	494.34
1976.71	522.634
1977.46	491.883
1978.2	503.714
1978.95	500.189
1979.69	515.127
1980.44	508.984
1981.18	504.864
1981.93	513.292
1982.67	486.97
1983.41	495.218
1984.16	482.142
1984.9	472.81
1985.64	498.008
1986.39	507.799
1987.13	481.201
1987.87	490.189
1988.61	500.226
1989.36	495.026
1990.1	481.267
1990.84	504.835
1991.58	453.807
1992.32	471.644
1993.06	470.391
1993.81	470.161
1994.55	495.828
1995.29	486.239
1996.03	472.907
1996.77	481.627
1997.51	466.432
1998.24	464.603
1998.98	453.136
1999.72	478.034
2000.46	477.012
2001.2	489.405
2001.94	488.39
2002.68	454.788
2003.41	499.927
2004.15	465.419
2004.89	499.109
2005.63	450.139
2006.36	442.452
2007.1	428.964
2007.84	439.52
2008.57	481.878
2009.31	458.836
2010.05	461.864
2010.78	464.001
2011.52	458.465
2012.25	482.875
2012.99	462.816
2013.72	461.047
2014.46	460.178
2015.19	454.421
2015.92	439.936
2016.66	456.504
2017.39	476.089
2018.13	459.882
2018.86	459.279
2019.59	434.394
2020.32	424.065
2021.06	443.919
2021.79	454.504
2022.52	464.902
2023.25	452.269
2023.98	462.61
2024.72	445.322
2025.45	457.125
2026.18	462.467
2026.91	435.922
2027.64	455.601
2028.37	458.228
2029.1	462.925
2029.83	459.52
2030.56	457.713
2031.29	435.843
2032.02	431.242
2032.75	453.78
2033.47	450.321
2034.2	463.929
2034.93	429.863
2035.66	443.332
2036.39	471.778
2037.11	459.284
2037.84	467.727
2038.57	445.583
2039.3	451.865
2040.02	457.319
2040.75	438.837
2041.47	462.107
2042.2	477.125
2042.93	460.165
2043.65	456.3
2044.38	451.483
2045.1	447.268
2045.83	438.003
2046.55	454.623
2047.28	453.052
2048	435.703
2048.73	459.862
2049.45	452.213
2050.17	477.846
2050.9	456.387
2051.62	467.628
2052.34	459.941
2053.07	464
2053.79	457.666
2054.51	476.622
2055.23	456.343
2055.95	474.961
2056.68	457.433
2057.4	453.142
2058.12	449.929
2058.84	470.58
2059.56	468.864
2060.28	453.968
2061	455.482
2061.72	453.219
2062.44	459.676
2063.16	467.352
2063.88	441.752
2064.6	475.74
2065.32	469.474
2066.03	460.926
2066.75	461.395
2067.47	465.02
2068.19	466.885
2068.91	471.899
2069.62	456.612
2070.34	458.922
2071.06	462.569
2071.77	451.488
2072.49	474.516
2073.21	452.749
2073.92	444.926
2074.64	451.188
2075.36	462.009
2076.07	474.28
2076.79	461.28
2077.5	465.491
2078.22	484.121
2078.93	470.963
2079.64	450.312
2080.36	458.547
2081.07	439.211
2081.79	443.754
2082.5	452.558
2083.21	457.115
2083.93	465.253
2084.64	470.549
2085.35	479.149
2086.07	452.4
2086.78	453.005
2087.49	466.592
2088.2	461.56
2088.91	455.258
2089.62	463.281
2090.33	461.95
2091.04	464.484
2091.76	465.195
2092.47	452.221
2093.18	455.935
2093.89	453.328
2094.6	472.994
2095.3	456.05
2096.01	459.049
2096.72	464.211
2097.43	450.729
2098.14	453.657
2098.85	472.119
2099.56	469.566
2100.09	444.72
2100.87	449.461
2101.65	485.858
2102.43	467.897
2103.21	457.824
2103.99	465.462
2104.77	445.372
2105.55	475.491
2106.32	446.42
2107.1	465.607
2107.88	472.063
2108.66	479.62
2109.44	466.686
2110.22	453.83
2110.99	458.628
2111.77	450.55
2112.55	465.856
2113.33	462.392
2114.1	453.047
2114.88	459.43
2115.66	444.467
2116.43	457.974
2117.21	454.012
2117.99	453.977
2118.76	454.872
2119.54	455.693
2120.31	462.307
2121.09	472.789
2121.86	463.774
2122.64	464.531
2123.41	437.071
2124.19	488.527
2124.96	466.993
2125.74	458.181
2126.51	483.527
2127.28	432.965
2128.06	481.783
2128.83	472.12
2129.61	444.851
2130.38	495.534
2131.15	463.316
2131.92	472.065
2132.7	443.789
2133.47	451.625
2134.24	458.503
2135.01	459.52
2135.78	463.454
2136.55	479.108
2137.33	448.89
2138.1	432.368
2138.87	465.729
2139.64	468.861
2140.41	458.35
2141.18	492.933
2141.95	443.289
2142.72	451.463
2143.49	458.638
2144.26	460.849
2145.03	453.17
2145.8	446.44
2146.57	453.509
2147.33	457.692
2148.1	474.774
2148.87	446.525
2149.64	451.815
2150.41	449.155
2151.17	453.356
2151.94	430.777
2152.71	453.765
2153.48	448.068
2154.24	444.407
2155.01	439.794
2155.78	463.047
2156.54	448.499
2157.31	434.89
2158.08	460.137
2158.84	452.43
2159.61	436.667
2160.37	434.831
2161.14	430.955
2161.9	425.071
2162.67	440.25
2163.43	461.542
2164.2	454.881
2164.96	455.304
2165.72	441.665
2166.49	443.043
2167.25	443.319
2168.01	453.566
2168.78	429.456
2169.54	448.681
2170.3	431.634
2171.07	440.891
2171.83	437.106
2172.59	469.768
2173.35	437.709
2174.11	446.058
2174.88	434.052
2175.64	455.392
2176.4	430.027
2177.16	426.987
2177.92	460.491
2178.68	449.45
2179.44	431.369
2180.2	449.871
2180.96	456.215
2181.72	440.169
2182.48	452.546
2183.24	455.719
2184	459.859
2184.76	464.975
2185.52	430.365
2186.28	451.737
2187.04	463.958
2187.79	447.689
2188.55	458.924
2189.31	471.185
2190.07	434.556
2190.83	433.566
2191.58	482.493
2192.34	459.074
2193.1	451.929
2193.85	458.997
2194.61	471.087
2195.37	469.852
2196.12	460.414
2196.88	477.396
2197.63	440.524
2198.39	441.329
2199.15	457.441
2199.9	434.024
2200.66	446.161
2201.41	465.366
2202.16	448.973
2202.92	453.811
2203.67	428.191
2204.43	458.312
2205.18	431.774
2205.93	453.922
2206.69	435.671
2207.44	449.854
2208.19	453.911
2208.95	449.819
2209.7	429.461
2210.45	450.524
2211.2	450.303
2211.95	429.867
2212.71	460.959
2213.46	432.474
2214.21	459.497
2214.96	453.197
2215.71	431.756
2216.46	436.487
2217.21	447.209
2217.96	473.96
2218.71	474.533
2219.46	461.074
2220.21	463.721
2220.96	459.422
2221.71	449.191
2222.46	455.027
2223.21	438.847
2223.96	442.64
2224.71	439.369
2225.46	445.04
2226.21	447.689
2226.95	458.332
2227.7	475.982
2228.45	431.91
2229.2	422.748
2229.94	469.322
2230.69	437.286
2231.44	484.806
2232.18	466.698
2232.93	475.408
2233.68	450.331
2234.42	450.046
2235.17	459.643
2235.92	443.465
2236.66	436.244
2237.41	439.958
2238.15	438.775
2238.9	456.409
2239.64	450.33
2240.38	438.321
2241.13	463.826
2241.87	440.93
2242.62	446.652
2243.36	441.519
2244.1	455.118
2244.85	439.154
2245.59	442.906
2246.33	432.883
2247.08	446.493
2247.82	451.241
2248.56	464.814
2249.3	451.806
2250.05	447.622
2250.79	473.864
2251.53	462.813
2252.27	438.091
2253.01	466.382
2253.75	431.014
2254.49	437.847
2255.23	424.13
2255.97	447.67
2256.71	448.652
2257.45	453.518
2258.19	453.431
2258.93	440.557
2259.67	471.744
2260.41	460.819
2261.15	467.579
2261.89	436.244
2262.63	468.637
2263.36	453.117
2264.1	463.094
2264.84	444.632
2265.58	448.674
2266.32	476.203
2267.05	438.923
2267.79	434.957
2268.53	463.344
2269.26	453.477
2270	466.201
2270.74	429.93
2271.48	461.404
2272.21	444.86
2272.95	455.847
2273.68	441.332
2274.42	455.329
2275.15	450.646
2275.89	437.078
2276.62	447.096
2277.36	440.335
2278.09	456.198
2278.83	456.269
2279.56	447.447
2280.29	453.403
2281.03	444.569
2281.76	449.555
2282.49	474.307
2283.23	459.651
2283.96	448.004
2284.69	411.688
2285.42	426.755
2286.16	423.998
2286.89	420.183
2287.62	446
2288.35	446.037
2289.08	433.204
2289.81	417.446
2290.55	462.206
2291.28	455.531
2292.01	423.099
2292.74	446.269
2293.47	436.658
2294.2	439.931
2294.93	434.187
2295.66	424.379
2296.39	437.414
2297.11	448.414
2297.85	437.482
2298.57	428.576
2299.3	442.666
2300.03	449.858
2300.76	454.111
2301.49	436.392
2302.22	417.616
2302.94	414.773
2303.67	439.908
2304.4	433.024
2305.12	456.204
2305.85	437.369
2306.58	421.548
2307.31	408.717
2308.03	427.959
2308.76	432.112
2309.48	433.216
2310.21	427.27
2310.93	420.327
2311.66	404.363
2312.38	429.651
2313.11	393.605
2313.83	413.891
2314.56	390.859
2315.28	410.08
2316.01	412.152
2316.73	427.33
2317.45	409.276
2318.18	402.334
2318.9	410.54
2319.62	419.757
2320.35	435.015
2321.07	404.805
2321.79	414.961
2322.52	381.677
2323.24	403.967
2323.96	395.963
2324.68	409.195
2325.4	402.201
2326.12	380.006
2326.84	373.968
2327.56	340.592
2328.29	355.786
2329.01	332.543
2329.73	340.698
2330.45	364.069
2331.17	386.445
2331.89	367.268
2332.61	410.884
2333.32	407.847
2334.04	409.85
2334.76	415.902
2335.48	393.592
2336.2	388.54
2336.92	388.583
2337.64	394.723
2338.35	405.931
2339.07	403.937
2339.79	411.051
2340.51	420.191
2341.23	380.653
2341.94	407.111
2342.66	393.022
2343.37	392.149
2344.09	411.581
2344.81	393.353
2345.52	396.375
2346.24	387.115
2346.95	397.107
2347.67	383.741
2348.38	407.994
2349.1	394.78
2349.82	423.28
2350.53	374.671
2351.24	393.093
2351.96	407.423
2352.67	390.169
2353.39	372.843
2354.1	397.143
2354.81	411.254
2355.53	360.361
2356.24	365.373
2356.95	381.59
2357.66	405.964
2358.38	409.039
2359.09	376.581
2359.8	394.942
2360.51	399.108
2361.22	380.935
2361.94	406.525
2362.65	375.148
2363.36	388.548
2364.07	386.642
2364.78	403.028
2365.49	373.48
2366.2	357.132
2366.91	359.105
2367.62	412.028
2368.33	417.075
2369.04	399.737
2369.75	383.44
2370.46	383.454
2371.16	386.519
2371.87	371.23
2372.58	405.88
2373.29	379.38
2374	382.449
2374.71	382.463
2375.41	389.611
2376.12	395.734
2376.83	389.62
2377.53	378.417
2378.24	393.752
2378.95	384.628
2379.65	395.911
2380.36	405.138
2381.07	386.773
2381.77	396.954
2382.48	403.049
2383.18	397.955
2383.89	382.716
2384.59	404.298
2385.3	374.834
2386	387.238
2386.71	379.125
2387.41	398.528
2388.12	412.731
2388.82	412.58
2389.52	388.951
2390.23	389.908
2390.93	420.552
2391.63	373.584
2392.34	366.445
2393.04	384.809
2393.74	388.824
2394.44	391.804
2395.15	383.582
2395.85	398.915
2396.55	423.505
2397.25	402.14
2397.95	375.621
2398.65	412.406
2399.35	414.352
2400.05	398.866
2400.75	402.772
2401.45	397.509
2402.15	404.546
2402.85	380.011
2403.55	396.353
2404.25	438.26
2404.95	409.758
2405.65	385.323
2406.35	411.931
2407.05	394.594
2407.75	436.493
2408.44	408.921
2409.14	406.902
2409.84	377.303
2410.54	392.669
2411.24	384.505
2411.93	378.344
2412.63	372.138
2413.33	404.722
2414.02	396.404
2414.72	417.695
2415.42	403.256
2416.11	417.415
2416.81	387.725
2417.5	421.316
2418.2	388.639
2418.9	421.27
2419.59	366.189
2420.28	407.987
2420.98	424.225
2421.67	374.119
2422.37	388.208
2423.06	400.244
2423.75	383.809
2424.45	382.734
2425.14	383.786
2425.84	408.335
2426.53	402.36
2427.22	431.015
2427.91	416.795
2428.61	397.387
2429.3	354.457
2429.99	397.065
2430.68	384.591
2431.37	358.88
2432.07	392.164
2432.76	384.805
2433.45	410.008
2434.14	354.069
2434.83	403.773
2435.52	395.654
2436.21	369.254
2436.9	356.004
2437.59	389.369
2438.28	395.256
2438.97	405.154
2439.66	386.681
2440.35	382.44
2441.04	386.345
2441.72	391.299
2442.41	376.029
2443.1	380.98
2443.79	379.833
2444.48	380.688
2445.16	404.773
2445.85	358.177
2446.54	402.519
2447.23	398.431
2447.91	381.239
2448.6	392.305
2449.29	390.226
2449.97	363.902
2450.66	384.998
2451.34	413.153
2452.03	408.044
2452.72	402.962
2453.4	406.965
2454.09	420.014
2454.77	390.657
2455.46	405.59
2456.14	387.221
2456.82	375.906
2457.51	382.739
2458.19	406.722
2458.88	410.666
2459.56	399.599
2460.24	402.648
2460.92	420.798
2461.61	415.819
2462.29	383.662
2462.97	408.816
2463.66	417.837
2464.34	411.724
2465.02	422.659
2465.7	421.484
2466.38	425.313
2467.06	422.117
2467.75	414.942
2468.42	408.831
2469.11	410.812
2469.79	414.855
2470.47	433.998
2471.15	419.016
2471.83	440.174
2472.51	434.177
2473.19	417.084
2473.86	401.963
2474.54	439.054
2475.22	436.974
2475.9	411.827
2476.58	407.815
2477.26	431.974
2477.94	393.892
2478.61	400.021
2479.29	390.057
2479.97	406.205
2480.65	402.211
2481.32	416.299
2482	404.235
2482.68	409.282
2483.35	393.217
2484.03	411.36
2484.71	419.425
2485.38	414.37
2486.06	397.201
2486.73	413.211
2487.41	381.947
2488.08	400.002
2488.76	400.005
2489.43	418.173
2490.11	424.323
2490.78	437.548
2491.45	413.518
2492.13	387.433
2492.8	399.601
2493.48	412.761
2494.15	428.947
2494.82	403.817
2495.49	379.718
2496.17	390.966
2496.84	409.331
2497.51	406.51
2498.18	415.791
2498.86	429.066
2499.53	408.89
2500.2	407.87
2500.87	420.994
2501.54	410.883
2502.21	423.101
2502.88	380.746
2503.55	395.125
2504.22	404.466
2504.89	431.019
2505.56	406.797
2506.23	411.925
2506.9	422.101
2507.57	423.156
2508.24	440.502
2508.91	443.694
2509.58	418.458
2510.25	407.404
2510.91	414.596
2511.58	427.848
2512.25	439.045
2512.92	445.171
2513.59	442.183
2514.25	442.291
2514.92	421.05
2515.59	439.515
2516.25	438.616
2516.92	408.129
2517.59	422.441
2518.25	440.808
2518.92	428.586
2519.58	415.348
2520.25	415.383
2520.91	431.771
2521.58	415.572
2522.24	426.965
2522.91	424.108
2523.57	418.198
2524.24	426.587
2524.9	422.683
2525.56	431.027
2526.23	395.325
2526.89	428.206
2527.55	412.939
2528.22	415.063
2528.88	439.701
2529.54	424.323
2530.21	434.534
2530.87	423.214
2531.53	428.327
2532.19	418.14
2532.85	410.086
2533.51	416.459
2534.18	417.726
2534.84	419.983
2535.5	420.097
2536.16	431.405
2536.82	437.472
2537.48	444.506
2538.14	426.893
2538.8	421.666
2539.46	407.283
2540.12	414.548
2540.78	456.817
2541.44	437.481
2542.09	398.577
2542.75	462.492
2543.41	446.1
2544.07	440.936
2544.73	457.288
2545.39	431.378
2546.04	431.142
2546.7	453.496
2547.36	441.977
2548.02	458.25
2548.67	467.412
2549.33	464.326
2549.98	432.54
2550.64	447.983
2551.3	458.293
2551.95	468.605
2552.61	427.568
2553.26	456.374
2553.92	429.695
2554.57	450.231
2555.23	456.314
2555.88	452.043
2556.54	484.662
2557.19	489.517
2557.85	457.475
2558.5	477.782
2559.15	458.192
2559.81	501.169
2560.46	450.962
2561.11	483.753
2561.77	510.375
2562.42	488.785
2563.07	480.444
2563.72	497.638
2564.37	470.777
2565.03	511.449
2565.68	511.253
2566.33	480.488
2566.98	513.189
2567.63	496.881
2568.28	481.586
2568.93	505.082
2569.58	494.748
2570.23	502.739
2570.88	498.446
2571.53	493.174
2572.18	471.66
2572.83	501.265
2573.48	491.086
2574.13	494.17
2574.78	463.507
2575.43	496.102
2576.07	476.581
2576.72	481.547
2577.37	466.108
2578.02	496.588
2578.67	453.628
2579.31	487.131
2579.96	453.31
2580.61	480.6
2581.26	512.94
2581.9	480.146
2582.55	477.963
2583.19	468.749
2583.84	435.198
2584.49	443.399
2585.13	476.016
2585.78	470.91
2586.42	453.49
2587.07	487.846
2587.71	443.822
2588.36	441.469
2589	457.408
2589.65	474.398
2590.29	443.795
2590.93	460.926
2591.58	462.91
2592.22	429.463
2592.86	440.655
2593.51	449.854
2594.15	456.036
2594.79	445.997
2595.43	458.272
2596.07	440.065
2596.72	438.047
2597.36	451.196
2598	448.046
2598.64	446.892
2599.28	451.826
2599.92	446.647
2600.56	425.298
2601.2	457.745
2601.85	442.561
2602.49	440.558
2603.13	447.656
2603.76	418.201
2604.4	459.715
2605.04	456.591
2605.68	423.061
2606.32	437.2
2606.96	462.489
2607.6	438.087
2608.24	428.859
2608.88	438.851
2609.51	465.031
2610.15	433.513
2610.79	464.83
2611.43	457.756
2612.06	436.578
2612.7	455.954
2613.34	466.241
2613.97	452.192
2614.61	448.247
2615.25	448.329
2615.88	467.669
2616.52	491.071
2617.15	454.611
2617.79	442.513
2618.42	433.467
2619.06	456.921
2619.69	454.975
2620.33	478.405
2620.96	477.417
2621.6	461.154
2622.23	487.566
2622.86	462.157
2623.5	480.484
2624.13	474.453
2624.76	463.361
2625.4	466.506
2626.03	472.682
2626.66	505.284
2627.29	493.088
2627.93	471.726
2628.56	480.914
2629.19	483.016
2629.82	491.263
2630.45	489.35
2631.08	508.827
2631.71	500.777
2632.34	489.641
2632.98	521.307
2633.61	480.599
2634.24	502.12
2634.87	500.233
2635.5	527.977
2636.12	501.624
2636.75	494.649
2637.38	503.998
2638.01	518.441
2638.64	534.911
2639.27	534.996
2639.9	519.706
2640.53	545.305
2641.15	564.741
2641.78	524.825
2642.41	551.421
2643.04	544.287
2643.66	522.869
2644.29	571.09
2644.92	546.658
2645.54	568.293
2646.17	563.264
2646.8	577.647
2647.42	555.097
2648.05	588.866
2648.67	557.058
2649.3	567.276
2649.92	574.459
2650.55	588.87
2651.17	572.592
2651.8	569.677
2652.42	602.685
2653.05	585.439
2653.67	625.628
2654.29	569.28
2654.92	616.555
2655.54	591.908
2656.16	598.038
2656.79	594.935
2657.41	595.348
2658.03	575.073
2658.65	574.299
2659.27	583.578
2659.9	618.169
2660.52	605.692
2661.14	587.399
2661.76	599.81
2662.38	590.659
2663	590.363
2663.62	623.489
2664.24	614.331
2664.86	597.472
2665.48	603.69
2666.1	592.6
2666.72	594.763
2667.34	621.237
2667.96	612.171
2668.58	583.292
2669.2	625.791
2669.82	583
2670.44	617.65
2671.05	596.637
2671.67	616.934
2672.29	631.29
2672.91	639.563
2673.53	633.476
2674.14	651.865
2674.76	650.11
2675.38	646.276
2675.99	665.612
2676.61	698.926
2677.23	699.744
2677.84	718.427
2678.46	740.394
2679.07	779.454
2679.69	788.457
2680.3	831.591
2680.92	873.252
2681.53	889.661
2682.15	945.453
2682.76	954.349
2683.38	955.795
2683.99	975.614
2684.61	975.066
2685.22	944.412
2685.83	940.475
2686.44	923.294
2687.06	934.314
2687.67	919.971
2688.28	911.291
2688.9	917.364
2689.51	936.562
2690.12	939.854
2690.73	944.422
2691.34	942.116
2691.96	949.547
2692.57	943.208
2693.18	965.266
2693.79	951.911
2694.4	965.425
2695.01	958.517
2695.62	964.484
2696.23	965.384
2696.84	965.577
2697.45	988.785
2698.06	960.901
2698.67	960.064
2699.28	937.157
2699.88	952.422
2700.49	944.46
2701.1	942.565
2701.71	930.786
2702.32	941.981
2702.93	943.519
2703.53	957.834
2704.14	959.132
2704.75	968.992
2705.36	966.024
2705.96	983.668
2706.57	980.185
2707.17	979.826
2707.78	988.485
2708.39	975.018
2708.99	984.176
2709.6	987.097
2710.2	993.876
2710.81	1016.21
2711.41	1015.8
2712.02	1013.55
2712.62	1021.69
2713.23	1022.72
2713.83	1039.86
2714.44	1040.24
2715.04	1020.87
2715.64	1017.85
2716.25	1051.18
2716.85	1066.16
2717.45	1069.05
2718.05	1057.98
2718.66	1063.4
2719.26	1071.09
2719.86	1074.57
2720.46	1081.39
2721.06	1093.18
2721.67	1116.64
2722.27	1108.19
2722.87	1106.69
2723.47	1108
2724.07	1104.51
2724.67	1116.58
2725.27	1137.87
2725.71	1142.65
2726.38	1135.31
2727.06	1125.77
2727.73	1160.87
2728.4	1144.04
2729.07	1128.31
2729.74	1158.46
2730.42	1181.72
2731.09	1155.43
2731.76	1164.9
2732.43	1180.61
2733.1	1157.72
2733.77	1195.81
2734.44	1173.76
2735.11	1188.17
2735.78	1208.53
2736.45	1199.2
2737.12	1219.25
2737.79	1205.65
2738.46	1208.31
2739.13	1196.79
2739.8	1240.3
2740.47	1217.93
2741.14	1217.13
2741.81	1226.7
2742.47	1237.4
2743.14	1202.33
2743.81	1181.44
2744.48	1230.71
2745.15	1234.07
2745.81	1222.09
2746.48	1180.55
2747.15	1224.69
2747.81	1225.04
2748.48	1239.63
2749.15	1245.95
2749.81	1278.62
2750.48	1274.4
2751.15	1281.3
2751.81	1268.87
2752.48	1272.98
2753.14	1224.33
2753.81	1221.85
2754.47	1218.49
2755.14	1179.27
2755.8	1186.81
2756.47	1205.34
2757.13	1172.56
2757.8	1158.1
2758.46	1126.36
2759.13	1130.55
2759.79	1106.31
2760.45	1095.45
2761.12	1142.86
2761.78	1126.69
2762.44	1149.21
2763.1	1156.23
2763.77	1127.42
2764.43	1126.36
2765.09	1122.44
2765.76	1159.67
2766.42	1184.83
2767.08	1171.18
2767.74	1197.44
2768.4	1229.77
2769.06	1224.02
2769.72	1278.66
2770.38	1259.35
2771.05	1308.76
2771.71	1323.35
2772.37	1354.47
2773.03	1366.22
2773.69	1443.82
2774.35	1497.83
2775.01	1541.46
2775.67	1559.22
2776.33	1648.8
2776.99	1738.28
2777.64	1791.79
2778.3	1883.47
2778.96	1948.56
2779.62	2017.84
2780.28	2035.59
2780.94	2022.3
2781.59	2069.59
2782.25	2040.71
2782.91	2035.67
2783.57	2016.49
2784.22	2021.28
2784.88	1972.7
2785.54	1996.16
2786.2	1950.28
2786.85	1967.77
2787.51	1981.67
2788.16	1949.95
2788.82	1981.08
2789.48	2005.31
2790.13	2020.8
2790.79	1953.41
2791.44	2086.06
2792.1	2070.4
2792.75	2099.73
2793.41	2160.51
2794.06	2120.87
2794.72	2200.46
2795.37	2167.67
2796.02	2257.47
2796.68	2176.6
2797.33	2285.31
2797.98	2311.95
2798.64	2335.7
2799.29	2344.18
2799.94	2417.57
2800.6	2414.89
2801.25	2432.81
2801.9	2465.14
2802.55	2481.97
2803.21	2554.28
2803.86	2562.56
2804.51	2608.74
2805.16	2604.31
2805.81	2664.7
2806.46	2715.84
2807.11	2726.88
2807.77	2758.53
2808.42	2843.59
2809.07	2882.16
2809.72	2898.89
2810.37	2915.45
2811.02	3001.86
2811.67	3011.36
2812.32	3064.34
2812.97	3041.65
2813.61	3153.86
2814.26	3157.34
2814.91	3196.81
2815.56	3254.7
2816.21	3305.26
2816.86	3336.08
2817.51	3387.23
2818.15	3378.52
2818.8	3412.75
2819.45	3481.76
2820.1	3531.29
2820.74	3539.05
2821.39	3595.59
2822.04	3622.82
2822.69	3731.36
2823.33	3736.96
2823.98	3754.31
2824.63	3801.79
2825.27	3856.97
2825.92	3917.14
2826.56	3965.25
2827.21	3984.12
2827.85	4038.46
2828.5	4108.63
2829.14	4119.6
2829.79	4101.03
2830.43	4126.78
2831.08	4124.91
2831.72	4194.9
2832.37	4212.31
2833.01	4194.42
2833.65	4266.58
2834.3	4334.23
2834.94	4338.83
2835.58	4355.48
2836.23	4372.96
2836.87	4358.55
2837.51	4321.74
2838.16	4415.77
2838.8	4417.97
2839.44	4481.3
2840.08	4476.05
2840.72	4510.71
2841.36	4493.52
2842.01	4591.93
2842.65	4520.59
2843.29	4574.58
2843.93	4603.08
2844.57	4613.28
2845.21	4589.7
2845.85	4594.9
2846.49	4648.52
2847.13	4606.98
2847.77	4687.23
2848.41	4711.51
2849.05	4721.52
2849.69	4720.84
2850.33	4750.12
2850.97	4661.06
2851.61	4629.74
2852.24	4707.04
2852.88	4705.51
2853.52	4848.7
2854.16	4799.96
2854.8	4781.9
2855.43	4776.4
2856.07	4835.29
2856.71	4815.3
2857.35	4819.33
2857.98	4857.09
2858.62	4892.17
2859.26	4897.23
2859.89	4947.38
2860.53	5031.97
2861.16	5043.28
2861.8	5033.29
2862.44	5120.36
2863.07	5185.26
2863.71	5238.73
2864.34	5276.01
2864.98	5355.97
2865.61	5380.67
2866.25	5519.87
2866.88	5531.11
2867.52	5594.52
2868.15	5689.52
2868.78	5700.76
2869.42	5800.73
2870.05	5830.97
2870.69	6052.61
2871.32	6069.84
2871.95	6052.55
2872.58	6285.32
2873.22	6396.13
2873.85	6497.1
2874.48	6654.27
2875.11	6742.96
2875.75	6824.58
2876.38	6995.79
2877.01	7100.85
2877.64	7136.59
2878.27	7297.27
2878.9	7437.61
2879.53	7486.56
2880.16	7623.91
2880.79	7776.85
2881.42	7814.48
2882.05	7942.57
2882.68	8051.7
2883.31	8151.89
2883.94	8219.96
2884.57	8344.51
2885.2	8405.11
2885.83	8524.86
2886.46	8541.8
2887.09	8620.3
2887.72	8624.5
2888.35	8682.33
2888.97	8696.61
2889.6	8833.02
2890.23	8760.24
2890.86	8849.53
2891.49	8868.18
2892.11	8799.47
2892.74	8881.25
2893.37	8867.54
2893.99	8965.15
2894.62	8893.84
2895.25	8893.93
2895.87	8927.77
2896.5	8884.69
2897.12	9121.78
2897.75	9122.49
2898.38	8959.95
2899	9022.11
2899.63	9136.35
2900.25	9205.66
2900.88	9215.92
2901.5	9253.57
2902.12	9325.23
2902.75	9251.97
2903.37	9309.34
2904	9339.04
2904.62	9440.35
2905.25	9309.82
2905.87	9334.96
2906.49	9301.56
2907.11	9313.5
2907.74	9313.43
2908.36	9280.93
2908.98	9206.99
2909.6	9150.56
2910.23	9186.99
2910.85	9042.9
2911.47	9046.44
2912.09	8933.94
2912.71	8792.57
2913.33	8791.61
2913.96	8614.05
2914.58	8508.85
2915.2	8347.97
2915.82	8303.66
2916.44	8189.14
2917.06	7980.34
2917.68	7880.86
2918.3	7736.06
2918.92	7695.71
2919.54	7611.52
2920.16	7481.46
2920.77	7371.05
2921.39	7345.85
2922.01	7300.42
2922.63	7159.47
2923.25	7178.76
2923.87	7198.35
2924.48	7129.34
2925.1	7115.91
2925.72	7159.38
2926.34	7151.22
2926.95	7163.22
2927.57	7146.48
2928.19	7113.71
2928.8	7105.65
2929.42	7139.74
2930.04	7141.07
2930.65	7185.68
2931.27	7130.77
2931.89	7182.83
2932.5	7241.56
2933.12	7264.57
2933.73	7349.61
2934.35	7300.13
2934.96	7412.06
2935.58	7507.43
2936.19	7530.86
2936.81	7586.97
2937.42	7609.02
2938.03	7651.26
2938.65	7701.76
2939.26	7737.9
2939.88	7736.12
2940.49	7752.62
2941.1	7760.74
2941.71	7788.68
2942.33	7748.99
2942.94	7618.36
2943.55	7617.28
2944.17	7606.57
2944.78	7625.99
2945.39	7650.11
2946	7680
2946.61	7528.92
2947.22	7546.9
2947.83	7491.67
2948.45	7509.48
2949.06	7480.92
2949.67	7359.31
2950.28	7354.48
2950.89	7290.11
2951.5	7197.34
2952.11	7097.02
2952.72	7010.56
2953.33	6936
2953.94	6848.97
2954.54	6753.86
2955.15	6669.68
2955.76	6530.91
2956.37	6475.52
2956.98	6404.6
2957.59	6356
2958.2	6175.78
2958.8	6133.61
2959.41	5972.54
2960.02	5933.96
2960.63	5841.85
2961.23	5790.23
2961.84	5657.59
2962.45	5522.95
2963.05	5470.29
2963.66	5393.76
2964.27	5228.73
2964.87	5234.73
2965.48	5085.03
2966.08	5040.68
2966.69	4978.54
2967.29	4855.89
2967.9	4734.37
2968.5	4596.67
2969.11	4558.57
2969.71	4507.36
2970.32	4358.13
2970.92	4347.59
2971.53	4287.18
2972.13	4173.23
2972.74	4081.26
2973.34	3993.47
2973.94	3956.3
2974.54	3802.74
2975.15	3804.56
2975.75	3689.03
2976.35	3593.86
2976.96	3630.62
2977.56	3409.2
2978.16	3389.84
2978.76	3322.15
2979.36	3207.21
2979.97	3226.74
2980.57	3150.03
2981.17	3054.79
2981.77	2985.88
2982.37	2920.55
2982.97	2908.07
2983.57	2788.76
2984.17	2771.05
2984.77	2718.97
2985.37	2642.96
2985.97	2602.37
2986.57	2536.59
2987.17	2424.78
2987.77	2371.16
2988.37	2332.57
2988.97	2303.85
2989.57	2236.9
2990.17	2229.23
2990.76	2164.19
2991.36	2071.65
2991.96	2118.57
2992.56	2014.03
2993.16	1979.12
2993.75	1895.93
2994.35	1900.6
2994.95	1857
2995.54	1849.2
2996.14	1756.69
2996.74	1729.93
2997.33	1695.26
2997.93	1619.87
2998.52	1665.24
2999.12	1591.93
2999.72	1556.41
3000.31	1517.78
3000.91	1496.55
3001.5	1452.77
3002.1	1454.01
3002.69	1376.29
3003.29	1382.42
3003.88	1374.11
3004.47	1311.51
3005.07	1320.71
3005.66	1244.1
3006.26	1258.88
3006.85	1240.04
3007.44	1225.35
3008.04	1196.2
3008.63	1189.41
3009.22	1155.68
3009.81	1139.17
3010.41	1137.97
3011	1116.26
3011.59	1068.01
3012.18	1070.19
3012.77	1063.24
3013.36	1030.65
3013.96	1059.64
3014.55	1018.75
3015.14	999.437
3015.73	997.669
3016.32	951.79
3016.91	956.328
3017.5	980.391
3018.09	928.181
3018.68	932.427
3019.27	955.107
3019.86	884.097
3020.45	907.895
3021.04	891.672
3021.63	878.637
3022.22	857.375
3022.8	862.854
3023.39	862.042
3023.98	849.792
3024.57	831.311
3025.16	845.849
3025.74	838.736
3026.33	829.549
3026.92	823.405
3027.5	813.056
3028.09	797.478
3028.68	802.525
3029.26	802.461
3029.85	820.05
3030.44	789.276
3031.02	813.311
3031.61	816.759
3032.19	791.242
3032.78	776.988
3033.37	781.226
3033.95	762.635
3034.54	781.215
3035.12	780.155
3035.71	750.181
3036.29	757.437
3036.87	768.837
3037.46	778.172
3038.04	766.849
3038.63	783.488
3039.21	794.013
3039.79	765.334
3040.38	766.724
3040.96	769.17
3041.54	775.693
3042.12	747.885
3042.71	772.74
3043.29	788.102
3043.87	757.791
3044.45	751.3
3045.03	773.867
3045.62	753.099
3046.2	770.761
3046.78	731.604
3047.36	758.734
3047.94	748.575
3048.52	774.603
3049.1	727.008
3049.68	750.826
3050.26	755.956
3050.84	761.067
3051.42	765.137
3052	770.242
3052.58	763.959
3053.16	755.622
3053.74	778.38
3054.32	757.715
3054.89	758.87
3055.47	791.178
3056.05	775.892
3056.63	766.816
3057.21	765.97
3057.78	775.392
3058.36	789.881
3058.94	788.72
3059.52	797.882
3060.09	799.806
3060.67	787.29
3061.25	788.323
3061.82	790.445
3062.4	781.173
3062.97	797.763
3063.55	786.308
3064.13	789.308
3064.7	806.807
3065.28	755.984
3065.85	774.634
3066.43	781.942
3067	812.043
3067.58	785.097
3068.15	766.326
3068.72	786.794
3069.3	799.925
3069.87	764.417
3070.45	768.32
3071.02	813.717
3071.59	768.237
3072.17	766.27
3072.74	777.748
3073.31	775.709
3073.89	774.6
3074.46	769.271
3075.03	777.364
3075.6	776.205
3076.17	775.155
3076.74	774.223
3077.32	764.075
3077.89	763.262
3078.46	797.599
3079.03	760.466
3079.6	788.418
3080.17	784.184
3080.74	771.587
3081.31	755.838
3081.88	772.126
3082.45	785.306
3083.02	804.696
3083.59	783.809
3084.16	778.431
3084.73	786.481
3085.3	774.935
3085.87	777.889
3086.43	796.401
3087	817.077
3087.57	789.338
3088.14	801.879
3088.71	800.975
3089.28	770.056
3089.84	782.412
3090.41	767.869
3090.98	800.781
3091.54	784.149
3092.11	827.367
3092.68	799.383
3093.24	782.741
3093.81	804.253
3094.38	813.396
3094.94	807.097
3095.51	800.824
3096.07	812.08
3096.64	813.011
3097.2	789.191
3097.77	835.436
3098.33	818.873
3098.9	816.807
3099.46	824.089
3100.03	803.595
3100.59	823.277
3101.15	825.389
3101.72	794.448
3102.28	821.153
3102.84	815.869
3103.41	821.895
3103.97	834.085
3104.53	796.838
3105.1	858.423
3105.66	824.275
3106.22	809.712
3106.78	845.6
3107.34	867.109
3107.91	854.698
3108.47	828.941
3109.03	811.448
3109.59	837.218
3110.15	819.868
3110.71	861.246
3111.27	834.749
3111.83	866.893
3112.39	872.163
3112.95	861.826
3113.51	881.21
3114.07	890.222
3114.63	850.888
3115.19	884.699
3115.75	850.711
3116.31	909.386
3116.87	871.365
3117.43	867.243
3117.98	887.725
3118.54	879.319
3119.1	887.328
3119.66	917.959
3120.22	847.905
3120.77	900.244
3121.33	873.503
3121.89	908.449
3122.44	870.4
3123	884.697
3123.56	893.769
3124.11	907.904
3124.67	926.114
3125.23	898.154
3125.78	896.974
3126.34	904.114
3126.89	938.046
3127.45	921.769
3128	887.041
3128.56	948.822
3129.11	920.198
3129.67	944.914
3130.22	924.359
3130.78	937.618
3131.33	968.258
3131.88	978.3
3132.44	938.026
3132.99	950.116
3133.54	938.651
3134.1	936.487
3134.65	987.727
3135.2	955.94
3135.76	951.883
3136.31	972.454
3136.86	967.373
3137.41	985.863
3137.96	944.826
3138.51	966.342
3139.07	951.935
3139.62	957.013
3140.17	987.737
3140.72	968.218
3141.27	984.612
3141.82	956.91
3142.37	965.09
3142.92	954.776
3143.47	1024.43
3144.02	980.261
3144.57	989.467
3145.12	974.15
3145.67	1009.18
3146.22	1029.94
3146.77	1019.95
3147.32	1010.95
3147.86	1037.78
3148.41	1018.32
3148.96	1022.35
3149.51	1030.39
