401.058	2849.98
402.149	2959.01
403.243	2958.02
404.332	3028.59
405.424	2998.8
406.515	2908.72
407.606	2920.61
408.697	2866.83
409.785	2765.37
410.876	2747.61
411.967	2710.86
413.055	2673.7
414.143	2687.52
415.233	2642.84
416.321	2675.3
417.409	2647.93
418.499	2694.12
419.586	2719.22
420.673	2751.32
421.761	2830.3
422.848	2830.42
423.935	2881.93
425.02	3013.11
426.106	3045.58
427.193	3100.88
428.278	3175.13
429.364	3268.37
430.45	3313.68
431.534	3324.44
432.618	3346.01
433.704	3429.06
434.788	3496.25
435.871	3422.33
436.955	3402.61
438.038	3446.18
439.123	3358.34
440.204	3325.1
441.287	3284.34
442.37	3138.59
443.452	3124.07
444.535	2984.12
445.615	2880.34
446.698	2815.4
447.78	2734.04
448.86	2639.44
449.939	2502.46
451.021	2457.47
452.101	2422.15
453.18	2346.15
454.262	2410.74
455.341	2332.89
456.42	2259.01
457.499	2277.54
458.578	2259.9
459.654	2259.28
460.733	2232.12
461.811	2282.33
462.89	2223.02
463.966	2232.43
465.044	2233.39
466.12	2201.71
467.197	2247.16
468.273	2231.83
469.349	2205.7
470.426	2233.69
471.501	2258.13
472.576	2229.13
473.651	2270.82
474.726	2238.61
475.801	2238.54
476.876	2257.49
477.95	2295.16
479.022	2334.55
480.097	2313.28
481.171	2381.5
482.243	2376.16
483.317	2418.77
484.388	2482.53
485.46	2508.24
486.533	2522.72
487.605	2590.5
488.676	2652.53
489.747	2673.1
490.818	2711.47
491.889	2754.91
492.959	2828.28
494.03	2824.78
495.1	2906.76
496.171	2914.9
497.239	2888.52
498.309	2945.16
499.379	2892.35
500.446	2939.56
501.514	2848.93
502.584	2895.39
503.651	2851.87
504.718	2885.74
505.788	2886.02
506.855	2882.73
507.921	2862.9
508.988	2886.03
510.055	2919.26
511.119	2959.05
512.186	2956.03
513.252	2943.2
514.318	3016.77
515.382	3106.18
516.448	3114.17
517.512	3217.86
518.577	3242.04
519.641	3282.27
520.704	3300.85
521.768	3335.38
522.833	3362.61
523.896	3416.29
524.959	3425.92
526.021	3527.05
527.084	3567.23
528.144	3581.84
529.207	3671.24
530.269	3716.85
531.331	3761.74
532.391	3734.01
533.453	3839.72
534.513	3787.44
535.572	3782.02
536.634	3724.51
537.693	3628.61
538.752	3620.14
539.812	3533.34
540.87	3426.47
541.929	3346.44
542.988	3274.58
544.047	3172.21
545.105	3052.6
546.164	3000.12
547.22	2917.4
548.278	2854.07
549.336	2775.11
550.392	2709.97
551.448	2584.49
552.505	2570.45
553.561	2466.49
554.616	2431.77
555.671	2384.9
556.728	2360.06
557.783	2327.2
558.836	2252.83
559.891	2205.06
560.946	2130.27
562	2154.09
563.055	2133.72
564.107	2102.66
565.161	2083.94
566.213	2052.29
567.267	2051.06
568.318	2012.74
569.37	1963.34
570.424	2007.28
571.475	1968.18
572.526	1971.64
573.577	1960.39
574.628	2010
575.679	2033.83
576.73	1989.62
577.781	2026.63
578.829	1996.66
579.88	1946.65
580.93	1939.04
581.978	1929.56
583.026	1918.14
584.076	1879.02
585.124	1899.61
586.172	1887.07
587.221	1863.48
588.269	1904.12
589.316	1883.05
590.363	1930.65
591.41	1904.73
592.457	1894.55
593.502	1914.11
594.549	1884.8
595.595	1857.98
596.64	1836.2
597.686	1774.11
598.73	1814.56
599.776	1704.64
600.82	1723.77
601.864	1703.14
602.908	1696.45
603.953	1653.5
604.997	1640.52
606.04	1627.03
607.083	1671.63
608.125	1600.84
609.168	1607.9
610.211	1604.39
611.253	1638.41
612.294	1623.52
613.336	1614.27
614.377	1610.7
615.419	1599.78
616.459	1630.27
617.499	1635.66
618.539	1597.52
619.579	1629.42
620.619	1593.1
621.658	1560.59
622.698	1580.76
623.737	1584.44
624.776	1575.29
625.815	1593.9
626.852	1556.36
627.891	1570.59
628.928	1547.02
629.966	1526.13
631.003	1566.88
632.041	1549.1
633.077	1505.14
634.114	1500.71
635.15	1504.61
636.185	1477.36
637.221	1484.53
638.257	1446.76
639.292	1450.58
640.328	1423.85
641.361	1408.83
642.396	1434.02
643.431	1403.59
644.464	1361.07
645.497	1370.19
646.532	1352.85
647.564	1327.57
648.597	1322.79
649.629	1340.22
650.663	1340.13
651.695	1338.03
652.727	1325.58
653.757	1338.67
654.789	1350.74
655.821	1337.14
656.852	1332.88
657.882	1334.34
658.913	1369.9
659.942	1343.16
660.973	1353.95
662.002	1341.65
663.031	1333.83
664.06	1355.52
665.09	1369.39
666.119	1343.46
667.147	1365.66
668.175	1376.15
669.201	1318.44
670.229	1341.25
671.257	1384.79
672.285	1362.62
673.311	1325.67
674.338	1300.89
675.363	1324.3
676.389	1322.18
677.416	1342.23
678.441	1316.92
679.466	1331.87
680.491	1332.65
681.515	1330.48
682.54	1311.72
683.565	1330.03
684.589	1335.71
685.613	1343.51
686.635	1385.67
687.659	1354.03
688.681	1363.92
689.705	1396.86
690.727	1424.16
691.75	1435.66
692.772	1424.87
693.793	1448.23
694.814	1439.06
695.835	1485.29
696.856	1509.13
697.877	1520.81
698.898	1498.18
699.918	1527.41
700.937	1527.09
701.957	1550.89
702.978	1520.13
703.996	1524.51
705.016	1486.27
706.034	1533.97
707.052	1514.12
708.069	1512.76
709.087	1504.99
710.107	1463.12
711.124	1474.03
712.139	1420.35
713.156	1443.41
714.173	1396.21
715.19	1410.78
716.205	1366.93
717.222	1390.27
718.238	1403.23
719.253	1366.27
720.267	1367.15
721.283	1330.34
722.297	1354.47
723.311	1351.06
724.325	1339.48
725.339	1338.14
726.353	1360.88
727.366	1335.92
728.38	1365.35
729.391	1386.48
730.404	1353.18
731.417	1361.94
732.428	1341.01
733.441	1349.33
734.452	1346.58
735.463	1339.39
736.475	1345.31
737.486	1340.5
738.496	1368.03
739.506	1332.38
740.516	1336.16
741.526	1329.74
742.534	1339.67
743.544	1341.22
744.554	1331.69
745.561	1326.77
746.571	1316.42
747.578	1313.5
748.587	1309.76
749.594	1296.92
750.601	1296.08
751.608	1313.68
752.615	1293.77
753.621	1285.9
754.628	1291.94
755.634	1324.77
756.641	1316.36
757.647	1283.17
758.651	1289.6
759.657	1284.06
760.663	1322.74
761.666	1328.15
762.67	1331.57
763.676	1299.7
764.679	1341.55
765.682	1324.06
766.686	1329.53
767.689	1334.99
768.692	1326.73
769.694	1329.89
770.697	1315.86
771.698	1355.89
772.7	1366.49
773.703	1364.01
774.703	1354.66
775.703	1350.38
776.705	1360.51
777.705	1368.52
778.705	1414.61
779.705	1378.26
780.705	1387.71
781.704	1424.34
782.704	1431.33
783.703	1417.77
784.702	1444.95
785.701	1458.01
786.698	1479.38
787.697	1447.78
788.694	1501.9
789.693	1501.25
790.689	1490.38
791.686	1546.44
792.682	1575.31
793.68	1593.74
794.676	1588.83
795.672	1623.11
796.666	1646.45
797.662	1679.36
798.658	1717.98
799.653	1734.15
800.647	1757.46
801.642	1741.24
802.636	1680.89
803.631	1728.38
804.624	1692.96
805.617	1700.39
806.61	1695.76
807.602	1670.64
808.595	1651.03
809.587	1640.62
810.58	1658.96
811.572	1629.18
812.564	1646.87
813.554	1639.74
814.546	1694.77
815.536	1699.81
816.528	1692.76
817.518	1695.85
818.507	1729.46
819.499	1761.24
820.488	1844.79
821.477	1841.33
822.466	1911.6
823.455	1963.99
824.444	2067.79
825.431	2083.82
826.42	2182.96
827.408	2293.44
828.395	2367.43
829.383	2495.04
830.369	2584.76
831.356	2730.16
832.342	2909.8
833.33	3067.58
834.315	3309.62
835.301	3534.45
836.287	3673.74
837.27	3854.37
838.256	3979.77
839.241	4138.53
840.226	4090.59
841.209	4084.59
842.194	4048.05
843.177	3937.08
844.16	3734.38
845.145	3583.29
846.127	3349.58
847.11	3233.49
848.092	3140.27
849.074	3089.16
850.056	3115.97
851.039	3112.13
852.018	3142.94
853	3248.91
853.982	3268.42
854.962	3371.76
855.941	3369.83
856.923	3335.32
857.902	3293.91
858.881	3138.7
859.86	2988.94
860.839	2862.84
861.818	2717
862.797	2637.05
863.776	2581.6
864.754	2464.22
865.733	2426.84
866.709	2343.47
867.687	2275.89
868.664	2281.22
869.642	2277.56
870.618	2208.75
871.594	2175.98
872.569	2150.64
873.545	2085.7
874.521	2110.99
875.496	2069.86
876.471	2059.92
877.447	2018.46
878.42	2015.54
879.395	2006.02
880.37	1994.61
881.343	1987.88
882.315	1979.48
883.29	1950.08
884.262	1965.96
885.235	1918.27
886.207	1966.32
887.179	1932.15
888.151	1953.15
889.123	1983.31
890.095	1954.52
891.065	1989.44
892.037	2000.47
893.009	2044.72
893.978	2034.6
894.948	2109.34
895.919	2141.81
896.888	2184.64
897.857	2229.49
898.826	2288.22
899.795	2406.79
900.764	2465.03
901.732	2558.83
902.701	2717.74
903.668	2757.39
904.636	2846.85
905.604	2876.58
906.57	3016.41
907.538	3041.44
908.504	3066.96
909.47	3085.53
910.436	3110.88
911.402	3149.31
912.367	3048.17
913.333	3014.16
914.298	3028.78
915.264	2885
916.229	2835.4
917.192	2772.94
918.157	2679.23
919.12	2622.75
920.084	2587.69
921.047	2494.23
922.01	2407.02
922.972	2342.72
923.935	2270.79
924.897	2231.25
925.859	2234.44
926.821	2153.35
927.783	2059.33
928.743	2056.27
929.705	2025.26
930.667	2049.83
931.626	1978.63
932.586	1912.07
933.547	1884.7
934.506	1886.39
935.466	1860.38
936.425	1861.44
937.384	1781.39
938.343	1767.28
939.301	1832.28
940.26	1788.08
941.217	1804.55
942.175	1763.29
943.132	1782.88
944.09	1792.35
945.046	1792.52
946.002	1787.95
946.96	1785.12
947.916	1822.44
948.872	1806.24
949.828	1855.57
950.783	1762.24
951.737	1774.71
952.692	1789.8
953.647	1771.85
954.601	1770.69
955.556	1805.25
956.509	1780.98
957.464	1712.93
958.417	1778.47
959.369	1752.09
960.322	1766.83
961.275	1766.08
962.227	1801.47
963.179	1817.7
964.132	1856.41
965.082	1845.59
966.034	1854.95
966.984	1897.61
967.936	1909.5
968.885	1931.64
969.837	1978.82
970.787	2049.99
971.736	2039.9
972.686	2045.58
973.635	2093.54
974.584	2121.94
975.533	2148.69
976.48	2185.97
977.429	2211.16
978.378	2216.67
979.325	2203.4
980.273	2248.28
981.22	2246.17
982.166	2209.2
983.113	2203.89
984.061	2210.47
985.007	2176.42
985.953	2175
986.897	2130.54
987.843	2068.55
988.789	2006
989.734	2005.52
990.678	1926.66
991.623	1928.22
992.567	1866.98
993.51	1830.77
994.453	1799.04
995.398	1790.55
996.341	1780.17
997.284	1732.54
998.227	1755.92
999.168	1701.08
1000.11	1715.34
1001.05	1697.08
1001.99	1664.97
1002.94	1643.25
1003.88	1608.67
1004.82	1626.44
1005.76	1653.7
1006.7	1620.49
1007.64	1631.93
1008.58	1666.48
1009.52	1637.35
1010.46	1667.59
1011.4	1676.28
1012.34	1645.06
1013.27	1682.18
1014.21	1662.02
1015.15	1711.23
1016.09	1707.58
1017.03	1666.57
1017.96	1730.78
1018.9	1716.27
1019.84	1672.52
1020.77	1689.36
1021.71	1724.97
1022.65	1689.85
1023.58	1769.11
1024.52	1760.9
1025.45	1779.14
1026.39	1771.14
1027.32	1756.33
1028.26	1740.21
1029.19	1791.35
1030.12	1804.81
1031.06	1796.73
1031.99	1780.46
1032.92	1792.71
1033.86	1832.54
1034.79	1781.28
1035.72	1801.46
1036.65	1801.66
1037.59	1800.67
1038.52	1807.04
1039.45	1857.69
1040.38	1848.87
1041.31	1844.77
1042.24	1871.8
1043.17	1926.15
1044.1	1959.64
1045.03	1946.81
1045.96	1988.99
1046.89	1970.96
1047.82	2008.22
1048.75	2032.6
1049.68	2032.52
1050.61	2011.45
1051.53	2045.14
1052.46	2106.89
1053.39	2135.85
1054.32	2203.42
1055.24	2224.27
1056.17	2249.97
1057.1	2309.24
1058.02	2395.46
1058.95	2426.71
1059.88	2413.22
1060.8	2414.88
1061.73	2359.28
1062.65	2346.57
1063.58	2320.64
1064.5	2321.49
1065.43	2349.91
1066.35	2378.86
1067.27	2400.41
1068.2	2436.4
1069.12	2489.87
1070.04	2503.1
1070.97	2550.02
1071.89	2569.1
1072.81	2561.43
1073.73	2537.22
1074.65	2565.56
1075.58	2479.4
1076.5	2476.54
1077.42	2473.18
1078.34	2438.05
1079.26	2459.89
1080.18	2380.9
1081.1	2334.35
1082.02	2277.42
1082.94	2221.44
1083.86	2169.24
1084.78	2090.46
1085.7	2041.22
1086.61	2036.73
1087.53	2031.46
1088.45	2006.36
1089.37	1974.63
1090.28	1987.34
1091.2	1990.39
1092.12	1986.64
1093.03	2023.58
1093.95	2026.5
1094.87	2058.02
1095.78	2048.14
1096.7	2103.75
1097.61	2115.9
1098.53	2146.96
1099.44	2180.75
1100.36	2225.73
1101.27	2227.97
1102.19	2261.3
1103.1	2291.69
1104.01	2306.01
1104.93	2317.61
1105.84	2337.98
1106.75	2415.43
1107.67	2380.85
1108.58	2369.23
1109.49	2397.38
1110.4	2429.98
1111.31	2475.4
1112.22	2488.23
1113.14	2516.91
1114.05	2578.68
1114.96	2587.72
1115.87	2650
1116.78	2666.2
1117.69	2741.01
1118.6	2829.73
1119.51	2890.59
1120.42	2968.06
1121.32	3035.02
1122.23	3003.17
1123.14	3067.54
1124.05	3048.9
1124.96	2991.5
1125.86	2972.45
1126.77	2879.45
1127.68	2823.68
1128.58	2804.88
1129.49	2756.61
1130.4	2744.52
1131.3	2724.42
1132.21	2765.02
1133.11	2722.66
1134.02	2747.3
1134.92	2768.85
1135.83	2831.71
1136.73	2817.04
1137.64	2855.42
1138.54	2803.32
1139.44	2757.51
1140.35	2683.01
1141.25	2645.56
1142.15	2591.18
1143.06	2498.95
1143.96	2450.53
1144.86	2370.65
1145.76	2287.65
1146.66	2198.63
1147.57	2132.17
1148.47	2028.37
1149.37	1977.83
1150.27	1892.06
1151.17	1856.84
1152.07	1787.38
1152.97	1726.5
1153.87	1660.78
1154.77	1625.45
1155.67	1554.73
1156.57	1526.79
1157.46	1469.32
1158.36	1428.15
1159.26	1382.39
1160.16	1339.66
1161.05	1310.36
1161.95	1284.81
1162.85	1256.18
1163.75	1244.42
1164.64	1231.41
1165.54	1205.85
1166.44	1176.49
1167.33	1150.17
1168.23	1161.18
1169.12	1153.37
1170.02	1120.01
1170.91	1116.15
1171.81	1128.39
1172.7	1092.97
1173.59	1108.8
1174.49	1104.54
1175.38	1068.83
1176.27	1060.58
1177.17	1065.54
1178.06	1039.18
1178.95	1045.14
1179.84	1044.61
1180.74	1036.67
1181.63	1056.34
1182.52	1088.33
1183.41	1034.98
1184.3	1043.03
1185.19	1074.55
1186.08	1051.07
1186.97	1047.43
1187.86	1047.6
1188.75	1028.92
1189.64	1058.4
1190.53	1049.16
1191.42	1075.75
1192.31	1066.58
1193.2	1047.2
1194.09	1059.08
1194.97	1085.27
1195.86	1045.66
1196.75	1101.08
1197.64	1089.56
1198.52	1135.37
1199.41	1108.68
1200.29	1155.44
1201.18	1135.49
1202.07	1113.72
1202.95	1144.61
1203.84	1106.71
1204.72	1114.71
1205.61	1113.16
1206.49	1145.4
1207.38	1157.09
1208.26	1134.32
1209.14	1169.16
1210.03	1140.45
1210.91	1134.41
1211.79	1132.09
1212.68	1111.67
1213.56	1141.74
1214.44	1144.19
1215.32	1160.51
1216.21	1130.69
1217.09	1133.89
1217.97	1138.29
1218.85	1179.7
1219.73	1192.4
1220.61	1165.93
1221.49	1201.74
1222.37	1263.05
1223.25	1286.55
1224.13	1336.18
1225.01	1427.01
1225.89	1470.43
1226.77	1564.73
1227.65	1602.53
1228.52	1653.85
1229.4	1592.25
1230.28	1631.07
1231.16	1630.44
1232.03	1610.93
1232.91	1615.95
1233.79	1635.96
1234.66	1611.17
1235.54	1584.22
1236.42	1559.9
1237.29	1478.48
1238.17	1485.33
1239.04	1396.33
1239.92	1372
1240.79	1370.57
1241.67	1343.55
1242.54	1298.48
1243.41	1296.22
1244.29	1287.32
1245.16	1287.02
1246.03	1255.3
1246.91	1291.25
1247.78	1290.85
1248.65	1286.45
1249.52	1270.36
1250.4	1294.2
1251.27	1359.02
1252.14	1305.49
1253.01	1267.34
1253.88	1311.44
1254.75	1324.1
1255.62	1352.96
1256.49	1360.68
1257.36	1348.13
1258.23	1371.71
1259.1	1390.34
1259.97	1409.85
1260.84	1419.79
1261.71	1424.07
1262.57	1420.83
1263.44	1429.15
1264.31	1459.51
1265.18	1493.71
1266.05	1561.28
1266.91	1561.02
1267.78	1639.81
1268.65	1694.61
1269.51	1795.99
1270.38	1841.95
1271.24	2022.12
1272.11	2086.83
1272.97	2151.41
1273.84	2251.09
1274.7	2310.75
1275.57	2362.8
1276.43	2382.28
1277.3	2402.13
1278.16	2359.54
1279.02	2348.55
1279.89	2221.58
1280.75	2201.91
1281.61	2133.47
1282.48	2039.19
1283.34	1929.98
1284.2	1876.44
1285.06	1800.04
1285.92	1771.07
1286.78	1645.43
1287.65	1615.51
1288.51	1557.79
1289.37	1487.65
1290.23	1475.54
1291.09	1415.3
1291.95	1374.23
1292.81	1370.03
1293.67	1350.24
1294.52	1315.89
1295.38	1322.14
1296.24	1303.67
1297.1	1293.12
1297.96	1263.51
1298.81	1243.26
1299.67	1233.86
1300.53	1243.19
1301.39	1240.34
1302.24	1227.94
1303.1	1245.69
1303.95	1223.42
1304.81	1231.41
1305.67	1239.42
1306.52	1211.12
1307.38	1236.17
1308.23	1223.08
1309.09	1253.06
1309.94	1244.85
1310.8	1248.71
1311.65	1231.64
1312.5	1293.1
1313.35	1248.99
1314.21	1273.97
1315.06	1285.85
1315.91	1316.98
1316.77	1338.49
1317.62	1350.1
1318.47	1361.55
1319.32	1370.1
1320.17	1395.07
1321.02	1430.89
1321.87	1454.43
1322.73	1501.97
1323.57	1525.55
1324.43	1567.82
1325.28	1573.71
1326.13	1594.86
1326.97	1629.21
1327.82	1656.92
1328.67	1668.78
1329.52	1694.32
1330.37	1714.47
1331.22	1751.11
1332.06	1774.13
1332.91	1793.94
1333.76	1811.16
1334.61	1818.21
1335.45	1820.4
1336.3	1823.73
1337.15	1842.28
1337.99	1855.82
1338.84	1878.73
1339.68	1891.12
1340.53	1884.81
1341.37	1898.77
1342.22	1891.58
1343.06	1923.48
1343.91	1947.52
1344.75	1939.63
1345.6	1960.9
1346.44	1982.14
1347.28	1954.66
1348.12	1968.89
1348.97	1958.1
1349.81	1966.05
1350.65	1977.09
1351.49	1988.73
1352.33	1979.95
1353.18	1973.13
1354.02	1979.75
1354.86	1994.05
1355.7	2018.02
1356.54	2022.97
1357.38	1996.41
1358.22	2005.66
1359.06	2028.9
1359.9	2038
1360.74	2018.59
1361.58	2004.15
1362.42	1978.33
1363.25	1993.23
1364.09	1995.53
1364.93	1992.19
1365.77	1981.31
1366.6	1968.47
1367.19	1972.57
1368.1	1979.77
1369.01	1944.53
1369.92	1999.73
1370.83	1937.59
1371.74	1954.03
1372.65	1948.65
1373.56	1902.83
1374.47	1919.93
1375.37	1828.77
1376.28	1864.41
1377.19	1877.27
1378.1	1840.87
1379	1848.6
1379.91	1845.5
1380.82	1794.33
1381.72	1803.92
1382.63	1783.94
1383.54	1812.7
1384.44	1788.37
1385.35	1760.04
1386.25	1770.75
1387.16	1728.88
1388.06	1764.14
1388.97	1777.1
1389.87	1804.74
1390.78	1802.32
1391.68	1780.57
1392.59	1798.64
1393.49	1786.61
1394.39	1799.65
1395.3	1751.53
1396.2	1617.31
1397.1	1561.49
1398	1538.62
1398.91	1484.13
1399.81	1475.17
1400.71	1430.76
1401.61	1407.6
1402.52	1422.84
1403.42	1385.11
1404.32	1338.7
1405.22	1316.3
1406.12	1338.05
1407.02	1313.98
1407.92	1300.67
1408.82	1323.89
1409.72	1262.17
1410.62	1305.62
1411.52	1264
1412.42	1281.51
1413.32	1262.62
1414.21	1257.02
1415.11	1237.07
1416.01	1248.54
1416.91	1225.74
1417.81	1219.23
1418.71	1209.06
1419.6	1232.37
1420.5	1203.64
1421.4	1199.82
1422.29	1179.94
1423.19	1209.47
1424.09	1195.12
1424.98	1210.07
1425.88	1187.81
1426.77	1211.14
1427.67	1201.22
1428.56	1209.45
1429.46	1219.66
1430.35	1381.04
1431.25	1266.06
1432.14	1232.92
1433.04	1244.58
1433.93	1264.97
1434.82	1286.46
1435.72	1280.44
1436.61	1294.46
1437.5	1356.2
1438.39	1376.04
1439.29	1432.13
1440.18	1470.05
1441.07	1466.75
1441.96	1505.4
1442.85	1534.48
1443.75	1534.99
1444.64	1546.26
1445.53	1576.03
1446.42	1580.1
1447.31	1590.83
1448.2	1598.45
1449.09	1605.76
1449.98	1620.51
1450.87	1627.48
1451.76	1620.15
1452.65	1673.74
1453.54	1692.19
1454.43	1682.1
1455.31	1698.13
1456.2	1685.93
1457.09	1719.63
1457.98	1739.25
1458.87	1696.63
1459.75	1706.16
1460.64	1733.41
1461.53	1777.64
1462.41	1813.7
1463.3	1892.68
1464.19	1943.49
1465.07	1982.23
1465.96	2091.21
1466.85	2087.15
1467.73	2077.1
1468.61	2019.61
1469.5	2044.86
1470.38	2006.29
1471.27	1983.36
1472.15	2042.91
1473.04	2062.47
1473.92	2066.27
1474.8	2140.77
1475.69	2160.85
1476.57	2147.13
1477.45	2138.62
1478.34	2105.22
1479.22	2077.81
1480.1	2099.81
1480.98	2015.31
1481.86	2025.37
1482.75	2004.57
1483.63	2006.6
1484.51	1894.09
1485.39	1791.72
1486.27	1614.4
1487.15	1476.35
1488.03	1337.6
1488.91	1279.2
1489.79	1170.27
1490.67	1124.99
1491.55	1072.8
1492.43	1045.72
1493.31	996.536
1494.19	981.275
1495.07	969.005
1495.94	928.84
1496.82	934.874
1497.7	910.995
1498.58	909.165
1499.45	887.117
1500.33	891.947
1501.21	855.58
1502.09	867.196
1502.96	873.097
1503.84	864.675
1504.72	856.268
1505.59	881.26
1506.47	865.154
1507.34	858.567
1508.22	845.323
1509.09	832.144
1509.97	817.167
1510.84	836.504
1511.72	807.459
1512.59	849.63
1513.46	830.035
1514.34	835.937
1515.21	844.546
1516.08	825.614
1516.96	835.034
1517.83	817.071
1518.7	836.914
1519.57	821.935
1520.45	826.84
1521.32	796.091
1522.19	791.818
1523.06	813.978
1523.93	801.433
1524.8	797.37
1525.67	794.192
1526.54	803.133
1527.41	807.284
1528.28	797.315
1529.16	781.745
1530.02	782.198
1530.89	798.686
1531.76	793.751
1532.63	810.45
1533.5	772.873
1534.37	770.868
1535.24	806.279
1536.11	775.147
1536.97	788.939
1537.84	790.579
1538.71	772.636
1539.57	766.037
1540.44	786.717
1541.31	799.086
1542.18	796.519
1543.04	764.859
1543.91	793.124
1544.77	800.632
1545.64	801.442
1546.5	794.682
1547.37	794.533
1548.24	798.299
1549.1	785.41
1549.96	790.62
1550.83	799.799
1551.69	811.899
1552.56	806.026
1553.42	788.623
1554.28	779.475
1555.15	765.449
1556.01	777.865
1556.87	782.862
1557.73	760.641
1558.6	755.623
1559.46	787.677
1560.32	759.913
1561.18	779.443
1562.04	783.58
1562.9	772.348
1563.77	767.736
1564.63	787.959
1565.49	768.343
1566.35	781.299
1567.21	787.735
1568.07	787.554
1568.93	792.141
1569.79	776.529
1570.64	793.385
1571.5	794.8
1572.36	780.774
1573.22	783.061
1574.08	773.851
1574.94	771.439
1575.8	753.677
1576.65	819.828
1577.51	768.312
1578.37	786.214
1579.22	786.657
1580.08	779.295
1580.94	775.773
1581.79	808.129
1582.65	789.205
1583.51	775.175
1584.36	781.562
1585.22	782.119
1586.07	795.28
1586.93	796.704
1587.78	781.488
1588.63	783.735
1589.49	797.613
1590.34	786.025
1591.2	789.922
1592.05	779.049
1592.9	777.844
1593.76	782.476
1594.61	806.698
1595.46	785.209
1596.32	790.251
1597.17	812.065
1598.02	764.565
1598.87	788.384
1599.72	813.094
1600.58	813.176
1601.43	787.607
1602.28	797.102
1603.13	811.336
1603.98	805.914
1604.83	844.475
1605.68	808.824
1606.53	827.037
1607.38	801.414
1608.23	810.028
1609.08	797.118
1609.93	845.587
1610.77	803.095
1611.62	832.692
1612.47	815.444
1613.32	804.134
1614.17	805.629
1615.01	798.501
1615.86	823.57
1616.71	809.697
1617.55	827.835
1618.4	799.133
1619.25	832.508
1620.09	801.645
1620.94	843.566
1621.79	812.758
1622.63	813.092
1623.48	822.261
1624.32	817.977
1625.17	820.55
1626.01	810.58
1626.86	813.201
1627.7	807.106
1628.54	845.475
1629.39	791.928
1630.23	817.599
1631.07	816.117
1631.92	830.968
1632.76	830.317
1633.6	827.737
1634.45	827.135
1635.29	840.087
1636.13	850.204
1636.97	843.023
1637.81	834.888
1638.66	854.645
1639.5	850.373
1640.34	847.13
1641.18	839.179
1642.02	865.931
1642.86	837.022
1643.7	834.094
1644.54	829.227
1645.38	833.93
1646.22	844.348
1647.06	850.9
1647.89	840.169
1648.73	842.985
1649.57	875.744
1650.41	846.173
1651.25	825.37
1652.09	862.401
1652.92	854.131
1653.76	861.125
1654.6	853.462
1655.43	876.531
1656.27	853.293
1657.11	874.575
1657.94	853.641
1658.78	868.664
1659.62	863.541
1660.45	865.162
1661.29	840.465
1662.12	850.408
1662.96	851.457
1663.79	858.272
1664.62	844.816
1665.46	837.362
1666.29	841.764
1667.13	845.371
1667.96	847.117
1668.79	844.96
1669.63	841.756
1670.46	845.286
1671.29	860.443
1672.12	811.011
1672.96	841.637
1673.79	840.934
1674.62	820.643
1675.45	835.649
1676.28	828.22
1677.11	827.758
1677.95	819.51
1678.78	823.052
1679.61	805.865
1680.44	799.344
1681.27	807.413
1682.1	800.603
1682.93	820.356
1683.75	778.104
1684.58	803.938
1685.41	796.362
1686.24	812.522
1687.07	792.171
1687.9	765.839
1688.73	781.964
1689.55	795.102
1690.38	777.524
1691.21	775.705
1692.04	774.77
1692.86	768.751
1693.69	755.693
1694.52	770.343
1695.34	782.086
1696.17	789.027
1696.99	778.312
1697.82	775.659
1698.64	751.226
1699.47	753.523
1700.29	760.664
1701.12	760.689
1701.94	745.652
1702.77	752.353
1703.59	768.916
1704.41	758.643
1705.24	736.482
1706.06	765.976
1706.88	734.972
1707.71	744.691
1708.53	731.607
1709.35	760.184
1710.17	759.952
1711	756.679
1711.82	759.284
1712.64	762.812
1713.46	742.54
1714.28	746.081
1715.1	755.64
1715.92	758.35
1716.74	733.391
1717.56	791.507
1718.38	774.259
1719.2	724.198
1720.02	755.04
1720.84	743.333
1721.66	768.218
1722.48	750.915
1723.3	767.374
1724.11	750.515
1724.93	751.419
1725.75	721.633
1726.57	750.714
1727.39	738.196
1728.2	745.228
1729.02	736.534
1729.84	760.35
1730.65	740.145
1731.47	733.786
1732.29	755.861
1733.1	753.361
1733.92	772.297
1734.73	756.908
1735.55	751.309
1736.36	734.054
1737.18	735.429
1737.99	734.882
1738.81	749.91
1739.62	753.165
1740.43	768.031
1741.25	744.915
1742.06	754.914
1742.87	715.428
1743.69	729.441
1744.5	760.936
1745.31	708.044
1746.13	764.727
1746.94	714.816
1747.75	719.226
1748.56	725.635
1749.37	718.547
1750.18	746.32
1750.99	733.437
1751.81	747.61
1752.61	725.019
1753.42	742.095
1754.24	722.497
1755.04	731.959
1755.85	738.55
1756.66	737.367
1757.47	718.687
1758.28	740.451
1759.09	748.594
1759.9	736.467
1760.71	711.904
1761.52	728.936
1762.32	728.758
1763.13	706.506
1763.94	729.572
1764.74	723.69
1765.55	729.333
1766.36	719.554
1767.17	730.081
1767.97	726.255
1768.78	712.89
1769.58	692.819
1770.39	719.069
1771.19	708.581
1772	706.715
1772.8	703.84
1773.61	699.999
1774.41	702.958
1775.22	691.445
1776.02	718.642
1776.83	724.563
1777.63	715.965
1778.43	686.08
1779.23	726.972
1780.04	726.31
1780.84	695.665
1781.64	741.757
1782.44	696.581
1783.25	698.973
1784.05	708.135
1784.85	710.442
1785.65	705.9
1786.45	699.397
1787.25	722.183
1788.05	681.522
1788.86	714.121
1789.65	705.663
1790.46	705.973
1791.25	691.557
1792.05	700.622
1792.85	704.801
1793.65	704.124
1794.45	690.762
1795.25	697.122
1796.05	707.51
1796.85	693.351
1797.64	691.969
1798.44	700.392
1799.24	712.686
1800.04	694.27
1800.83	702.444
1801.63	708.605
1802.43	706.838
1803.22	706.056
1804.02	698.333
1804.82	704.457
1805.61	695.684
1806.41	697.785
1807.2	692.932
1808	719.853
1808.79	693.222
1809.59	703.37
1810.38	710.577
1811.18	720.757
1811.97	710.961
1812.76	718.93
1813.56	711.823
1814.35	712.57
1815.14	714.293
1815.94	708.139
1816.73	725.01
1817.52	709.197
1818.31	701.412
1819.1	685.623
1819.9	755.379
1820.69	703.451
1821.48	691.247
1822.27	703.89
1823.06	693.646
1823.85	724.262
1824.64	717.075
1825.43	719.824
1826.22	716.549
1827.01	687.364
1827.8	702.936
1828.59	721.524
1829.38	695.443
1830.17	699.24
1830.96	708.993
1831.74	708.733
1832.53	702.394
1833.32	699.921
1834.11	714.236
1834.89	709.649
1835.68	676.322
1836.47	715.354
1837.26	693.984
1838.04	720.132
1838.83	686.925
1839.61	687.312
1840.4	693.557
1841.19	687.884
1841.97	712.719
1842.76	705.015
1843.54	721.982
1844.33	709.547
1845.11	690.382
1845.89	693.924
1846.68	705.365
1847.46	681.447
1848.25	700.68
1849.03	704.172
1849.81	688.056
1850.6	698.451
1851.38	697.127
1852.16	692.886
1852.94	715.064
1853.72	706.816
1854.51	682.838
1855.29	725.311
1856.07	688.526
1856.85	682.039
1857.63	701.902
1858.41	696.394
1859.19	707.488
1859.97	680.641
1860.75	687.978
1861.53	666.216
1862.31	675.696
1863.09	708.584
1863.87	691.84
1864.65	693.512
1865.43	682.419
1866.21	676.062
1866.99	689.031
1867.76	681.556
1868.54	703.214
1869.32	709.441
1870.1	676.087
1870.87	724.262
1871.65	694.082
1872.43	686.226
1873.2	687.071
1873.98	687.862
1874.76	703.132
1875.53	691.282
1876.31	694.018
1877.08	699.758
1877.86	692.039
1878.63	671.77
1879.41	708.665
1880.18	690.256
1880.96	693.097
1881.73	673.592
1882.5	674.454
1883.28	685.064
1884.05	677.32
1884.82	662.832
1885.6	677.465
1886.37	663.93
1887.14	687.245
1887.91	677.517
1888.68	671.67
1889.46	683.35
1890.23	671.797
1891	681.743
1891.77	667.514
1892.54	664.112
1893.31	692.984
1894.08	662.428
1894.85	684.53
1895.62	680.132
1896.39	654.967
1897.16	666.764
1897.93	671.546
1898.7	664.53
1899.47	688.917
1900.24	682.164
1901.01	676.603
1901.77	693.773
1902.54	685.536
1903.31	669.369
1904.08	666.845
1904.84	680.95
1905.61	703.862
1906.38	677.491
1907.14	651.082
1907.91	663.126
1908.68	665.352
1909.44	676.515
1910.21	689.726
1910.97	675.317
1911.74	671.806
1912.51	677.209
1913.27	668.725
1914.03	656.216
1914.8	685.334
1915.56	666.742
1916.33	672.914
1917.09	667.099
1917.85	696.037
1918.62	686.149
1919.38	661.309
1920.14	674.296
1920.9	665.445
1921.67	681.592
1922.43	666.981
1923.19	651.463
1923.95	667.939
1924.71	699.434
1925.47	681.876
1926.24	705.19
1927	671.277
1927.76	650.217
1928.52	658.094
1929.28	661.902
1930.04	659.672
1930.8	664.446
1931.56	680.248
1932.32	665.062
1933.08	698.006
1933.83	670.986
1934.59	668.079
1935.35	658.191
1936.11	677.312
1936.87	661.219
1937.62	692.061
1938.38	628.545
1939.14	649.132
1939.89	690.739
1940.65	662.359
1941.41	647.104
1942.16	676.933
1942.92	663.71
1943.68	695.387
1944.43	656.903
1945.19	658.276
1945.94	675.524
1946.7	674.771
1947.45	680.035
1948.21	652.504
1948.96	667.872
1949.71	656.432
1950.47	684.815
1951.22	684.389
1951.98	661.131
1952.73	666.67
1953.48	639.391
1954.23	665.595
1954.99	666.848
1955.74	667.971
1956.49	691.769
1957.24	657.259
1957.99	667.34
1958.75	698.272
1959.5	646.513
1960.25	672.707
1961	665.366
1961.75	655.964
1962.5	680.885
1963.25	664.406
1964	679.353
1964.75	676.641
1965.5	698.471
1966.25	689.894
1967	665.598
1967.74	673.49
1968.49	664.641
1969.24	664.52
1969.99	678.05
1970.74	684.854
1971.48	673.368
1972.23	665.977
1972.98	664.57
1973.73	687.489
1974.47	687.044
1975.22	677.735
1975.96	675.066
1976.71	657.778
1977.46	678.175
1978.2	648.375
1978.95	671.811
1979.69	667.432
1980.44	664.19
1981.18	675.522
1981.93	680.128
1982.67	683.693
1983.41	657.243
1984.16	660.479
1984.9	688.552
1985.64	668.449
1986.39	655.101
1987.13	661.028
1987.87	675.692
1988.61	670.366
1989.36	680.467
1990.1	684.882
1990.84	662.536
1991.58	649.765
1992.32	657.088
1993.06	642.471
1993.81	649.923
1994.55	651.761
1995.29	648.952
1996.03	659.646
1996.77	665.638
1997.51	643.885
1998.24	657.517
1998.98	654.798
1999.72	649.124
2000.46	668.324
2001.2	648.191
2001.94	646.3
2002.68	639.662
2003.41	636.914
2004.15	646.691
2004.89	636.305
2005.63	627.812
2006.36	608.694
2007.1	650.139
2007.84	644.45
2008.57	630.128
2009.31	634.165
2010.05	637.339
2010.78	644.465
2011.52	629.461
2012.25	640.525
2012.99	664.132
2013.72	638.347
2014.46	633.741
2015.19	609.704
2015.92	633.117
2016.66	631.41
2017.39	632.721
2018.13	639.991
2018.86	638.635
2019.59	622.739
2020.32	620.447
2021.06	623.963
2021.79	619.046
2022.52	622.181
2023.25	620.754
2023.98	638.577
2024.72	624.436
2025.45	623.715
2026.18	645.787
2026.91	623.063
2027.64	635.37
2028.37	625.676
2029.1	655.18
2029.83	621.273
2030.56	621.643
2031.29	618.367
2032.02	630.35
2032.75	629.51
2033.47	618.411
2034.2	594.732
2034.93	612.724
2035.66	646.741
2036.39	622.189
2037.11	615.894
2037.84	644.042
2038.57	621.198
2039.3	625.214
2040.02	624.336
2040.75	628.896
2041.47	640.947
2042.2	630.13
2042.93	610.682
2043.65	623.536
2044.38	625.125
2045.1	632.695
2045.83	652.215
2046.55	626.563
2047.28	633.516
2048	630.864
2048.73	638.203
2049.45	629.909
2050.17	630.765
2050.9	649.28
2051.62	633.978
2052.34	646.167
2053.07	631.365
2053.79	654.821
2054.51	638.611
2055.23	628.953
2055.95	640.558
2056.68	643.916
2057.4	643.329
2058.12	644.156
2058.84	649.464
2059.56	643.931
2060.28	643.562
2061	634.953
2061.72	628.99
2062.44	642.847
2063.16	640.151
2063.88	658.714
2064.6	654.934
2065.32	648.192
2066.03	640.455
2066.75	642.57
2067.47	640.995
2068.19	653.009
2068.91	645.508
2069.62	633.182
2070.34	645.606
2071.06	658.632
2071.77	652.611
2072.49	655.114
2073.21	640.813
2073.92	644.701
2074.64	652.656
2075.36	641.249
2076.07	648.183
2076.79	662.316
2077.5	654.914
2078.22	637.767
2078.93	646.321
2079.64	662.19
2080.36	660.441
2081.07	649.305
2081.79	651.202
2082.5	649.79
2083.21	653.752
2083.93	653.998
2084.64	643.799
2085.35	646.276
2086.07	645.657
2086.78	660.987
2087.49	659.741
2088.2	650.68
2088.91	659.413
2089.62	650.566
2090.33	656.386
2091.04	658.987
2091.76	651.516
2092.47	647.454
2093.18	661.018
2093.89	668.927
2094.6	657.342
2095.3	675.897
2096.01	657.605
2096.72	660.527
2097.43	662.829
2098.14	663.419
2098.85	660.483
2099.56	654.586
2100.09	651.616
2100.87	659.252
2101.65	646.174
2102.43	643.985
2103.21	644.723
2103.99	650.297
2104.77	642.9
2105.55	673.816
2106.32	661.265
2107.1	653.668
2107.88	648.169
2108.66	646.791
2109.44	655.416
2110.22	638.623
2110.99	654.201
2111.77	645.063
2112.55	653.352
2113.33	658.489
2114.1	658.693
2114.88	654.124
2115.66	648.805
2116.43	655.431
2117.21	640.738
2117.99	641.697
2118.76	675.778
2119.54	654.105
2120.31	666.5
2121.09	675.917
2121.86	643.425
2122.64	658.732
2123.41	653.617
2124.19	643.682
2124.96	649.394
2125.74	662.985
2126.51	640.666
2127.28	665.175
2128.06	685.833
2128.83	657.725
2129.61	640.253
2130.38	643.182
2131.15	665.585
2131.92	643.15
2132.7	670.501
2133.47	656.935
2134.24	638.504
2135.01	677.637
2135.78	649.412
2136.55	653.398
2137.33	646.674
2138.1	645.864
2138.87	647.082
2139.64	666.962
2140.41	644.866
2141.18	638.479
2141.95	662.525
2142.72	651.292
2143.49	640.975
2144.26	655.129
2145.03	649.543
2145.8	650.801
2146.57	642.246
2147.33	630.814
2148.1	658.916
2148.87	637.78
2149.64	627.466
2150.41	627.944
2151.17	651.097
2151.94	651.437
2152.71	643.854
2153.48	617.486
2154.24	643.777
2155.01	642.366
2155.78	615.116
2156.54	638.59
2157.31	640.139
2158.08	649.624
2158.84	648.076
2159.61	658.444
2160.37	655.744
2161.14	643.979
2161.9	630.196
2162.67	633.487
2163.43	666.965
2164.2	637.453
2164.96	622.037
2165.72	651.849
2166.49	642.396
2167.25	652.926
2168.01	630.04
2168.78	647.343
2169.54	629.326
2170.3	643.641
2171.07	638.9
2171.83	640.334
2172.59	633.756
2173.35	637.286
2174.11	639.723
2174.88	631.885
2175.64	644.164
2176.4	627.95
2177.16	636.108
2177.92	665.625
2178.68	667.876
2179.44	631.677
2180.2	632.064
2180.96	635.518
2181.72	640.97
2182.48	655.514
2183.24	652.689
2184	643.676
2184.76	656.992
2185.52	627.516
2186.28	655.038
2187.04	634.729
2187.79	630.73
2188.55	649.154
2189.31	659.441
2190.07	650.376
2190.83	662.692
2191.58	646.476
2192.34	625.144
2193.1	643.509
2193.85	663.836
2194.61	686.088
2195.37	638.975
2196.12	647.779
2196.88	668.731
2197.63	653.108
2198.39	667.046
2199.15	644.546
2199.9	658.703
2200.66	657.665
2201.41	649.469
2202.16	682.764
2202.92	633.766
2203.67	652.65
2204.43	646.202
2205.18	663.135
2205.93	647.814
2206.69	646.795
2207.44	660.019
2208.19	665.138
2208.95	642.852
2209.7	655.868
2210.45	664.736
2211.2	630.071
2211.95	635.845
2212.71	648.688
2213.46	644.37
2214.21	643.071
2214.96	649.809
2215.71	644.397
2216.46	628.867
2217.21	648.515
2217.96	653
2218.71	650.421
2219.46	628.805
2220.21	636.359
2220.96	668.045
2221.71	637.722
2222.46	648.526
2223.21	659.322
2223.96	649.043
2224.71	684.652
2225.46	658.21
2226.21	661.716
2226.95	642.318
2227.7	659.882
2228.45	644.625
2229.2	655.305
2229.94	656.038
2230.69	634.892
2231.44	661.481
2232.18	634.382
2232.93	638.077
2233.68	664.556
2234.42	652.262
2235.17	660.752
2235.92	648.419
2236.66	655.937
2237.41	659.56
2238.15	648.425
2238.9	659.101
2239.64	650.027
2240.38	651.816
2241.13	643.702
2241.87	668.141
2242.62	665.902
2243.36	648.87
2244.1	665.367
2244.85	672.004
2245.59	652.056
2246.33	656.75
2247.08	660.468
2247.82	651.4
2248.56	635.424
2249.3	658.726
2250.05	648.563
2250.79	640.362
2251.53	669.475
2252.27	646.656
2253.01	644.529
2253.75	639.556
2254.49	660.141
2255.23	648.433
2255.97	655.364
2256.71	623.061
2257.45	637.758
2258.19	630.815
2258.93	642.421
2259.67	635.372
2260.41	649.889
2261.15	652.735
2261.89	630.252
2262.63	644.123
2263.36	662.998
2264.1	645.669
2264.84	644.975
2265.58	666.777
2266.32	634.538
2267.05	635.565
2267.79	647.321
2268.53	658.063
2269.26	659.003
2270	648.218
2270.74	655.162
2271.48	651.405
2272.21	644.787
2272.95	651.983
2273.68	641.55
2274.42	674.39
2275.15	663.977
2275.89	653.519
2276.62	632.162
2277.36	654.079
2278.09	666.098
2278.83	654.421
2279.56	664.399
2280.29	649.716
2281.03	648.836
2281.76	637.127
2282.49	636.313
2283.23	640.508
2283.96	655.655
2284.69	658.048
2285.42	668.376
2286.16	659.863
2286.89	664.104
2287.62	661.306
2288.35	636.654
2289.08	646.663
2289.81	621.094
2290.55	660.041
2291.28	650.562
2292.01	643.142
2292.74	687.406
2293.47	635.285
2294.2	637.754
2294.93	647.106
2295.66	659.341
2296.39	621.658
2297.11	649.661
2297.85	652.742
2298.57	641.923
2299.3	638.181
2300.03	651.505
2300.76	629.972
2301.49	632.393
2302.22	628.767
2302.94	643.064
2303.67	643.304
2304.4	650.541
2305.12	630.791
2305.85	617.093
2306.58	646.529
2307.31	634.871
2308.03	628.172
2308.76	629.431
2309.48	629.625
2310.21	624.77
2310.93	629.977
2311.66	638.25
2312.38	617.418
2313.11	624.768
2313.83	634.129
2314.56	640.425
2315.28	617.445
2316.01	645.791
2316.73	618.728
2317.45	636.047
2318.18	627.207
2318.9	645.631
2319.62	619.657
2320.35	648.145
2321.07	639.234
2321.79	649.475
2322.52	638.497
2323.24	639.661
2323.96	630.746
2324.68	651.162
2325.4	665.51
2326.12	644.421
2326.84	675.891
2327.56	682.044
2328.29	655.821
2329.01	684.282
2329.73	651.055
2330.45	649.244
2331.17	625.149
2331.89	652.685
2332.61	612.266
2333.32	622.453
2334.04	627.529
2334.76	631.583
2335.48	633.637
2336.2	604.317
2336.92	626.736
2337.64	628.906
2338.35	622.955
2339.07	626.1
2339.79	639.356
2340.51	630.288
2341.23	646.618
2341.94	644.764
2342.66	606.435
2343.37	631.09
2344.09	623.217
2344.81	623.369
2345.52	643.7
2346.24	631.36
2346.95	630.112
2347.67	614.655
2348.38	636.855
2349.1	651.081
2349.82	633.996
2350.53	627.154
2351.24	619.305
2351.96	622.564
2352.67	645.019
2353.39	639.907
2354.1	631.665
2354.81	622.382
2355.53	643.596
2356.24	616.103
2356.95	614.064
2357.66	621.219
2358.38	628.42
2359.09	634.646
2359.8	619.573
2360.51	635.032
2361.22	659.706
2361.94	655.962
2362.65	637.991
2363.36	628.137
2364.07	636.559
2364.78	642.854
2365.49	653.12
2366.2	643.925
2366.91	637.739
2367.62	614.231
2368.33	647.827
2369.04	657.019
2369.75	654.024
2370.46	634.735
2371.16	649.066
2371.87	644.017
2372.58	612.461
2373.29	619.647
2374	672.723
2374.71	618.767
2375.41	671.852
2376.12	663.753
2376.83	648.514
2377.53	648.59
2378.24	636.463
2378.95	644.769
2379.65	662.268
2380.36	653.204
2381.07	647.139
2381.77	649.186
2382.48	645.103
2383.18	640.064
2383.89	642.279
2384.59	652.773
2385.3	674.57
2386	652.382
2386.71	664.823
2387.41	666.87
2388.12	661.616
2388.82	648.128
2389.52	655.117
2390.23	671.398
2390.93	676.55
2391.63	639.867
2392.34	644.029
2393.04	663.443
2393.74	678.69
2394.44	640.794
2395.15	674.459
2395.85	665.338
2396.55	659.378
2397.25	646.294
2397.95	658.704
2398.65	646.462
2399.35	647.373
2400.05	656.353
2400.75	668.352
2401.45	659.961
2402.15	653.704
2402.85	653.678
2403.55	665.998
2404.25	665.125
2404.95	680.621
2405.65	670.586
2406.35	681.963
2407.05	681.041
2407.75	659.656
2408.44	668.921
2409.14	669.012
2409.84	665.039
2410.54	692.75
2411.24	675.449
2411.93	686.694
2412.63	672.297
2413.33	690.529
2414.02	646.397
2414.72	679.887
2415.42	669.477
2416.11	651.962
2416.81	672.243
2417.5	672.169
2418.2	674.194
2418.9	682.389
2419.59	677.339
2420.28	676.326
2420.98	656.861
2421.67	660.747
2422.37	661.492
2423.06	676.491
2423.75	677.306
2424.45	654.856
2425.14	682.458
2425.84	658.253
2426.53	684.007
2427.22	690.37
2427.91	671.135
2428.61	657.868
2429.3	660.764
2429.99	670.657
2430.68	679.42
2431.37	661.665
2432.07	683.58
2432.76	672.008
2433.45	671.732
2434.14	657.385
2434.83	679.704
2435.52	660.471
2436.21	679.796
2436.9	683.803
2437.59	668.395
2438.28	651.867
2438.97	677.864
2439.66	661.292
2440.35	651.891
2441.04	664.846
2441.72	650.543
2442.41	649.416
2443.1	684.674
2443.79	641
2444.48	674.126
2445.16	660.754
2445.85	660.561
2446.54	665.504
2447.23	632.153
2447.91	671.521
2448.6	680.587
2449.29	652.268
2449.97	660.242
2450.66	664.158
2451.34	662.033
2452.03	664.997
2452.72	687.167
2453.4	655.899
2454.09	683.074
2454.77	647.635
2455.46	669.54
2456.14	673.205
2456.82	669.796
2457.51	677.511
2458.19	671.26
2458.88	680.225
2459.56	680.258
2460.24	684.387
2460.92	669.439
2461.61	672.585
2462.29	671.68
2462.97	682.804
2463.66	681.792
2464.34	686.738
2465.02	678.528
2465.7	675.281
2466.38	693.102
2467.06	682.8
2467.75	701.678
2468.42	666.443
2469.11	673.472
2469.79	694.648
2470.47	676.739
2471.15	691.98
2471.83	679.078
2472.51	681.182
2473.19	671.159
2473.86	688.197
2474.54	666.024
2475.22	679.014
2475.9	685.019
2476.58	702.148
2477.26	669.145
2477.94	686.427
2478.61	682.634
2479.29	699.932
2479.97	660.873
2480.65	675.05
2481.32	681.146
2482	670.14
2482.68	678.266
2483.35	697.484
2484.03	670.425
2484.71	672.508
2485.38	687.612
2486.06	673.465
2486.73	667.33
2487.41	668.243
2488.08	690.333
2488.76	679.326
2489.43	661.373
2490.11	680.72
2490.78	680.993
2491.45	683.276
2492.13	677.465
2492.8	674.627
2493.48	681.83
2494.15	670.884
2494.82	673.074
2495.49	691.469
2496.17	663.538
2496.84	685.121
2497.51	670.374
2498.18	662.642
2498.86	681.101
2499.53	680.225
2500.2	690.376
2500.87	670.148
2501.54	681.331
2502.21	690.615
2502.88	697.008
2503.55	690.343
2504.22	665.443
2504.89	695.213
2505.56	697.498
2506.23	711.851
2506.9	701.8
2507.57	666.39
2508.24	673.682
2508.91	699.344
2509.58	697.629
2510.25	696.879
2510.91	689.941
2511.58	696.145
2512.25	685.022
2512.92	705.448
2513.59	687.286
2514.25	687.502
2514.92	697.947
2515.59	676.834
2516.25	708.648
2516.92	714.948
2517.59	690.615
2518.25	687.639
2518.92	710.127
2519.58	718.356
2520.25	698.075
2520.91	684.989
2521.58	691.357
2522.24	694.748
2522.91	689.011
2523.57	698.622
2524.24	666.306
2524.9	690.181
2525.56	678.206
2526.23	690.755
2526.89	690.993
2527.55	711.698
2528.22	682.159
2528.88	670.998
2529.54	704.864
2530.21	697.672
2530.87	669.972
2531.53	687.425
2532.19	710.127
2532.85	677.62
2533.51	668.795
2534.18	713.391
2534.84	696.326
2535.5	678.065
2536.16	693.533
2536.82	706.779
2537.48	715.815
2538.14	693.016
2538.8	706.257
2539.46	705.266
2540.12	698.26
2540.78	695.471
2541.44	710.209
2542.09	689.983
2542.75	708.771
2543.41	718.193
2544.07	702.773
2544.73	692.352
2545.39	694.152
2546.04	744.18
2546.7	705.786
2547.36	719.856
2548.02	699.125
2548.67	726.766
2549.33	710.38
2549.98	717.664
2550.64	743.451
2551.3	709.687
2551.95	724.177
2552.61	723.269
2553.26	722.365
2553.92	715.272
2554.57	723.52
2555.23	727.544
2555.88	751.974
2556.54	738.299
2557.19	742.027
2557.85	731.425
2558.5	745.513
2559.15	742.292
2559.81	749.426
2560.46	751.511
2561.11	754.642
2561.77	752.611
2562.42	720.784
2563.07	741.094
2563.72	713.172
2564.37	740.473
2565.03	731.964
2565.68	734.794
2566.33	745.936
2566.98	737.791
2567.63	769.596
2568.28	764.596
2568.93	752.341
2569.58	747.108
2570.23	743.809
2570.88	749.674
2571.53	742.32
2572.18	753.485
2572.83	762.714
2573.48	750.556
2574.13	753.695
2574.78	737.361
2575.43	748.514
2576.07	739.181
2576.72	739.012
2577.37	732.729
2578.02	768.285
2578.67	733.457
2579.31	723.08
2579.96	727.937
2580.61	744.956
2581.26	749.718
2581.9	726.021
2582.55	727.875
2583.19	731.901
2583.84	749.279
2584.49	711.783
2585.13	719.033
2585.78	739.408
2586.42	720.946
2587.07	733.857
2587.71	726.303
2588.36	710.584
2589	710.145
2589.65	716.896
2590.29	730.856
2590.93	721.61
2591.58	710.437
2592.22	725.697
2592.86	696.411
2593.51	715.841
2594.15	717.055
2594.79	731.479
2595.43	714.43
2596.07	699.353
2596.72	715.663
2597.36	719.692
2598	734.794
2598.64	694.026
2599.28	712.114
2599.92	702.863
2600.56	701.809
2601.2	707.935
2601.85	695.855
2602.49	716.228
2603.13	717.286
2603.76	711.182
2604.4	701.989
2605.04	717.12
2605.68	704.886
2606.32	712.954
2606.96	727.105
2607.6	698.65
2608.24	699.537
2608.88	703.41
2609.51	695.112
2610.15	714.196
2610.79	712.11
2611.43	703.064
2612.06	717.421
2612.7	721.735
2613.34	707.837
2613.97	716.212
2614.61	724.548
2615.25	726.758
2615.88	713.72
2616.52	736.187
2617.15	718.079
2617.79	729.426
2618.42	734.706
2619.06	736.944
2619.69	729.003
2620.33	716.95
2620.96	717.037
2621.6	745.536
2622.23	742.513
2622.86	703.937
2623.5	749.77
2624.13	745.858
2624.76	741.985
2625.4	748.285
2626.03	756.587
2626.66	736.347
2627.29	764.908
2627.93	730.367
2628.56	768.115
2629.19	766.231
2629.82	745.056
2630.45	773.808
2631.08	747.553
2631.71	776.284
2632.34	777.467
2632.98	768.437
2633.61	776.756
2634.24	788.188
2634.87	786.437
2635.5	788.811
2636.12	805.493
2636.75	788.456
2637.38	782.612
2638.01	769.569
2638.64	782.045
2639.27	813.921
2639.9	798.705
2640.53	814.131
2641.15	800.871
2641.78	803.962
2642.41	812.185
2643.04	808.178
2643.66	823.683
2644.29	830.043
2644.92	828.246
2645.54	829.506
2646.17	832.759
2646.8	834.911
2647.42	831.867
2648.05	836.974
2648.67	850.267
2649.3	863.589
2649.92	833.941
2650.55	856.621
2651.17	874.265
2651.8	865.329
2652.42	865.656
2653.05	872.138
2653.67	881.658
2654.29	843.879
2654.92	883.005
2655.54	868.668
2656.16	870.721
2656.79	875.867
2657.41	876.818
2658.03	863.878
2658.65	868.725
2659.27	834.934
2659.9	871.272
2660.52	859.492
2661.14	862.362
2661.76	873.935
2662.38	859.334
2663	861.753
2663.62	861.782
2664.24	875.729
2664.86	879.94
2665.48	875.647
2666.1	885.205
2666.72	894.968
2667.34	871.578
2667.96	873.677
2668.58	854.93
2669.2	889.26
2669.82	872.073
2670.44	878.721
2671.05	893.56
2671.67	874.458
2672.29	889.536
2672.91	891.474
2673.53	895.542
2674.14	908.249
2674.76	919.076
2675.38	923.633
2675.99	918.861
2676.61	951.837
2677.23	946.137
2677.84	947.421
2678.46	1000.12
2679.07	1023.8
2679.69	1048.53
2680.3	1097.95
2680.92	1110.74
2681.53	1122.91
2682.15	1159.94
2682.76	1178.5
2683.38	1204.85
2683.99	1203.45
2684.61	1165.45
2685.22	1168.23
2685.83	1152.45
2686.44	1151.33
2687.06	1157.37
2687.67	1177.28
2688.28	1145.56
2688.9	1153.69
2689.51	1166.3
2690.12	1171.19
2690.73	1175.23
2691.34	1182.68
2691.96	1182.36
2692.57	1183.43
2693.18	1203.11
2693.79	1187.54
2694.4	1208.78
2695.01	1189.71
2695.62	1193.64
2696.23	1185.27
2696.84	1174.87
2697.45	1188.59
2698.06	1180.28
2698.67	1169.87
2699.28	1176.37
2699.88	1174.63
2700.49	1167.73
2701.1	1190.28
2701.71	1183.9
2702.32	1183.02
2702.93	1201.22
2703.53	1197.01
2704.14	1194.67
2704.75	1197.22
2705.36	1198.97
2705.96	1212.36
2706.57	1211.43
2707.17	1203.01
2707.78	1208.09
2708.39	1215.49
2708.99	1225.92
2709.6	1239.65
2710.2	1226.26
2710.81	1226.88
2711.41	1237.08
2712.02	1272.47
2712.62	1268.58
2713.23	1248.93
2713.83	1252.51
2714.44	1287.63
2715.04	1285.05
2715.64	1254.63
2716.25	1292.11
2716.85	1299.17
2717.45	1304.77
2718.05	1303.68
2718.66	1287.68
2719.26	1283.57
2719.86	1286.49
2720.46	1289.61
2721.06	1321.7
2721.67	1332.24
2722.27	1329.97
2722.87	1345.45
2723.47	1356.67
2724.07	1343.01
2724.67	1345.52
2725.27	1348.22
2725.71	1317.82
2726.38	1372.56
2727.06	1382.28
2727.73	1361.33
2728.4	1380
2729.07	1383.48
2729.74	1373.94
2730.42	1392.1
2731.09	1364.82
2731.76	1388.6
2732.43	1375.94
2733.1	1396.88
2733.77	1410.65
2734.44	1432.43
2735.11	1417.37
2735.78	1410.25
2736.45	1414.13
2737.12	1408.7
2737.79	1433.7
2738.46	1442.4
2739.13	1443.02
2739.8	1485.47
2740.47	1418.39
2741.14	1428.82
2741.81	1456.77
2742.47	1434.01
2743.14	1438.74
2743.81	1468.87
2744.48	1443.89
2745.15	1436.1
2745.81	1445.57
2746.48	1428.55
2747.15	1467.67
2747.81	1479.31
2748.48	1466.43
2749.15	1494.22
2749.81	1501.41
2750.48	1493.08
2751.15	1506.07
2751.81	1466.08
2752.48	1474.28
2753.14	1462.42
2753.81	1459.04
2754.47	1461.95
2755.14	1421.86
2755.8	1413.13
2756.47	1391.83
2757.13	1407.08
2757.8	1379.32
2758.46	1376.18
2759.13	1386.54
2759.79	1373.61
2760.45	1363.89
2761.12	1330.58
2761.78	1389.15
2762.44	1340.05
2763.1	1346.03
2763.77	1396.99
2764.43	1402.06
2765.09	1396.15
2765.76	1399.72
2766.42	1391.23
2767.08	1429.95
2767.74	1428.69
2768.4	1444.72
2769.06	1413.41
2769.72	1493.75
2770.38	1468.32
2771.05	1480.83
2771.71	1556.01
2772.37	1580.01
2773.03	1612.38
2773.69	1662.35
2774.35	1689.73
2775.01	1720.08
2775.67	1780.04
2776.33	1831.58
2776.99	1882
2777.64	1972.54
2778.3	2036.48
2778.96	2069.72
2779.62	2146.22
2780.28	2151.66
2780.94	2167.19
2781.59	2121.87
2782.25	2151.66
2782.91	2176.46
2783.57	2154.23
2784.22	2136.43
2784.88	2126.02
2785.54	2128.94
2786.2	2102.69
2786.85	2088.24
2787.51	2106.24
2788.16	2118.76
2788.82	2149.82
2789.48	2139.03
2790.13	2166.88
2790.79	2138.66
2791.44	2205.49
2792.1	2208.43
2792.75	2235.74
2793.41	2222.32
2794.06	2308.38
2794.72	2293.15
2795.37	2311.81
2796.02	2348.04
2796.68	2352.57
2797.33	2406.73
2797.98	2418.96
2798.64	2414.95
2799.29	2436.82
2799.94	2477.31
2800.6	2515.81
2801.25	2537.88
2801.9	2537.29
2802.55	2596.36
2803.21	2624.41
2803.86	2664.62
2804.51	2685.06
2805.16	2676.51
2805.81	2706.01
2806.46	2791.13
2807.11	2776.44
2807.77	2806.03
2808.42	2886.97
2809.07	2903.94
2809.72	2948.44
2810.37	2930.03
2811.02	3019.53
2811.67	3068.09
2812.32	3068.66
2812.97	3110.7
2813.61	3155.11
2814.26	3178.13
2814.91	3199.12
2815.56	3205.62
2816.21	3279.82
2816.86	3326.07
2817.51	3343.32
2818.15	3346.95
2818.8	3388.39
2819.45	3501.58
2820.1	3480.25
2820.74	3476.73
2821.39	3547.66
2822.04	3572.83
2822.69	3655.7
2823.33	3703.42
2823.98	3725.91
2824.63	3748.75
2825.27	3747.49
2825.92	3852.86
2826.56	3855.85
2827.21	3954.77
2827.85	3948.59
2828.5	3958.22
2829.14	4004.07
2829.79	3988.57
2830.43	4057.42
2831.08	4046.29
2831.72	4060.79
2832.37	4029.89
2833.01	4148.67
2833.65	4147.86
2834.3	4156.94
2834.94	4241.73
2835.58	4215.26
2836.23	4233.8
2836.87	4220.46
2837.51	4260.68
2838.16	4284.92
2838.8	4263.52
2839.44	4286.78
2840.08	4320.53
2840.72	4415.78
2841.36	4342.09
2842.01	4376.83
2842.65	4425.69
2843.29	4427.32
2843.93	4453.79
2844.57	4429.08
2845.21	4453.77
2845.85	4422.01
2846.49	4467.42
2847.13	4524.47
2847.77	4574.92
2848.41	4535.44
2849.05	4554.65
2849.69	4580.67
2850.33	4579.09
2850.97	4526.05
2851.61	4487.59
2852.24	4589.62
2852.88	4574.77
2853.52	4620.41
2854.16	4631.24
2854.8	4648.07
2855.43	4640.48
2856.07	4670.55
2856.71	4670.09
2857.35	4657.67
2857.98	4710.88
2858.62	4759.33
2859.26	4778.77
2859.89	4805.23
2860.53	4822.86
2861.16	4892.79
2861.8	4897.19
2862.44	4968.8
2863.07	5027.53
2863.71	5068.65
2864.34	5089.45
2864.98	5167.33
2865.61	5223.96
2866.25	5300.26
2866.88	5382.61
2867.52	5403.74
2868.15	5462.66
2868.78	5525.46
2869.42	5674.93
2870.05	5654.65
2870.69	5792.74
2871.32	5830.53
2871.95	5958.66
2872.58	6060.29
2873.22	6170
2873.85	6314.3
2874.48	6404.29
2875.11	6467.12
2875.75	6621.06
2876.38	6690.92
2877.01	6798.97
2877.64	6886.31
2878.27	6962.99
2878.9	7133.17
2879.53	7285.6
2880.16	7374.12
2880.79	7462.67
2881.42	7569.78
2882.05	7643.91
2882.68	7740.59
2883.31	7932.09
2883.94	7978.32
2884.57	8094.49
2885.2	8201.71
2885.83	8207
2886.46	8348.56
2887.09	8357.24
2887.72	8434.24
2888.35	8447.26
2888.97	8518.81
2889.6	8536.47
2890.23	8630.32
2890.86	8647.64
2891.49	8646.37
2892.11	8658.94
2892.74	8691.59
2893.37	8829.26
2893.99	8798.38
2894.62	8812.73
2895.25	8802.37
2895.87	8900.99
2896.5	8922.74
2897.12	8865.9
2897.75	8937.66
2898.38	8882.9
2899	8894.77
2899.63	8983.87
2900.25	9119.17
2900.88	9159.83
2901.5	9154.54
2902.12	9257.63
2902.75	9225.23
2903.37	9250.12
2904	9226.36
2904.62	9266.83
2905.25	9187.66
2905.87	9261.03
2906.49	9317.86
2907.11	9281.54
2907.74	9186
2908.36	9162.96
2908.98	9085.87
2909.6	9152.22
2910.23	9078.44
2910.85	8994.18
2911.47	8904.28
2912.09	8830.62
2912.71	8728.12
2913.33	8706.16
2913.96	8577.97
2914.58	8480.13
2915.2	8339.21
2915.82	8136.34
2916.44	8064.89
2917.06	7987.36
2917.68	7882.64
2918.3	7670.63
2918.92	7600.89
2919.54	7551.38
2920.16	7532.6
2920.77	7371.82
2921.39	7378.09
2922.01	7291.76
2922.63	7264.09
2923.25	7194.25
2923.87	7175.03
2924.48	7225.61
2925.1	7110.44
2925.72	7109.87
2926.34	7144.72
2926.95	7127.39
2927.57	7086.56
2928.19	7118.77
2928.8	7218.65
2929.42	7117.56
2930.04	7172.36
2930.65	7179.24
2931.27	7154.73
2931.89	7212.02
2932.5	7280.18
2933.12	7329.34
2933.73	7347.4
2934.35	7391.01
2934.96	7478.87
2935.58	7514.66
2936.19	7572.58
2936.81	7590.04
2937.42	7655.97
2938.03	7685.67
2938.65	7688.13
2939.26	7746.22
2939.88	7748.61
2940.49	7760.94
2941.1	7770.11
2941.71	7788.67
2942.33	7723.99
2942.94	7768.26
2943.55	7730.74
2944.17	7696.09
2944.78	7751.95
2945.39	7709.46
2946	7690.46
2946.61	7690.21
2947.22	7565.68
2947.83	7543.75
2948.45	7584.45
2949.06	7536.13
2949.67	7459.23
2950.28	7529.18
2950.89	7446
2951.5	7326.13
2952.11	7251.66
2952.72	7089.47
2953.33	7099.86
2953.94	6992.09
2954.54	6884.55
2955.15	6898.74
2955.76	6727.81
2956.37	6658.89
2956.98	6554.8
2957.59	6476.16
2958.2	6409.67
2958.8	6294.07
2959.41	6245.67
2960.02	6117.12
2960.63	6039.4
2961.23	5929.86
2961.84	5873.51
2962.45	5744.92
2963.05	5645.76
2963.66	5600.07
2964.27	5476.2
2964.87	5341.1
2965.48	5289.27
2966.08	5255.27
2966.69	5106.62
2967.29	5037.56
2967.9	4984.01
2968.5	4823.56
2969.11	4809.04
2969.71	4737.16
2970.32	4632.12
2970.92	4499.17
2971.53	4517.98
2972.13	4392.74
2972.74	4272.99
2973.34	4174.85
2973.94	4194.11
2974.54	4066.07
2975.15	3964.07
2975.75	3938.78
2976.35	3836.37
2976.96	3769.53
2977.56	3714.3
2978.16	3590.33
2978.76	3592.4
2979.36	3481.57
2979.97	3432.39
2980.57	3383.4
2981.17	3324.09
2981.77	3285.94
2982.37	3149.79
2982.97	3119.79
2983.57	3057.76
2984.17	2966.19
2984.77	2924.29
2985.37	2871.82
2985.97	2827.18
2986.57	2806.54
2987.17	2713.27
2987.77	2659.74
2988.37	2584.3
2988.97	2574.04
2989.57	2551.13
2990.17	2483.97
2990.76	2434.25
2991.36	2377.51
2991.96	2348.63
2992.56	2284.03
2993.16	2232.73
2993.75	2161.81
2994.35	2118.3
2994.95	2110.46
2995.54	2042.23
2996.14	2016.15
2996.74	2006.75
2997.33	1920.98
2997.93	1883.48
2998.52	1890.05
2999.12	1837.26
2999.72	1807.94
3000.31	1775.5
3000.91	1761.49
3001.5	1734.16
3002.1	1687.31
3002.69	1663.9
3003.29	1654.67
3003.88	1628.94
3004.47	1602.16
3005.07	1585.77
3005.66	1536.86
3006.26	1525.11
3006.85	1510.52
3007.44	1470.35
3008.04	1493.67
3008.63	1441.82
3009.22	1435.84
3009.81	1382.37
3010.41	1405.77
3011	1378.9
3011.59	1361.44
3012.18	1349.29
3012.77	1378.34
3013.36	1301.69
3013.96	1309.18
3014.55	1311.49
3015.14	1275.81
3015.73	1281.32
3016.32	1265.38
3016.91	1212.47
3017.5	1210.92
3018.09	1255.54
3018.68	1237.19
3019.27	1225.92
3019.86	1213.61
3020.45	1182.88
3021.04	1197.65
3021.63	1174.44
3022.22	1158.47
3022.8	1138.29
3023.39	1176.76
3023.98	1156.31
3024.57	1129.61
3025.16	1130.78
3025.74	1131.97
3026.33	1112.5
3026.92	1109.48
3027.5	1106.36
3028.09	1105.2
3028.68	1114.34
3029.26	1111.16
3029.85	1143.22
3030.44	1139.37
3031.02	1094.36
3031.61	1056.63
3032.19	1043.61
3032.78	1094.55
3033.37	1061.62
3033.95	1077.16
3034.54	1070.93
3035.12	1056.43
3035.71	1072.98
3036.29	1086.45
3036.87	1066.86
3037.46	1062.78
3038.04	1042.18
3038.63	1050.59
3039.21	1045.67
3039.79	1068.82
3040.38	1050.7
3040.96	1057.43
3041.54	1052.69
3042.12	1052.92
3042.71	1046.7
3043.29	1055.79
3043.87	1031.6
3044.45	1055.04
3045.03	1053.73
3045.62	1009.14
3046.2	1058.92
3046.78	1053.99
3047.36	1042.92
3047.94	1051.48
3048.52	1042.35
3049.1	1045.55
3049.68	1052.79
3050.26	1049.62
3050.84	1042.29
3051.42	1034.95
3052	1045.21
3052.58	1048.23
3053.16	1055.41
3053.74	1059.54
3054.32	1044.07
3054.89	1046.32
3055.47	1049.7
3056.05	1050.05
3056.63	1036.93
3057.21	1064.15
3057.78	1064.29
3058.36	1092.25
3058.94	1043.36
3059.52	1072.17
3060.09	1052.29
3060.67	1058.41
3061.25	1076.03
3061.82	1086.47
3062.4	1065.82
3062.97	1069.99
3063.55	1080.29
3064.13	1084.29
3064.7	1063.43
3065.28	1089.24
3065.85	1093.4
3066.43	1075.88
3067	1106.01
3067.58	1074.92
3068.15	1058.19
3068.72	1084.78
3069.3	1062.61
3069.87	1066.31
3070.45	1063.93
3071.02	1062.75
3071.59	1066.93
3072.17	1074.32
3072.74	1042.4
3073.31	1081.76
3073.89	1059.94
3074.46	1066.97
3075.03	1062.59
3075.6	1069.67
3076.17	1076.89
3076.74	1056.36
3077.32	1090.76
3077.89	1070.4
3078.46	1082.06
3079.03	1076.02
3079.6	1082.25
3080.17	1089.38
3080.74	1071.54
3081.31	1091.91
3081.88	1062.6
3082.45	1104.63
3083.02	1076.4
3083.59	1090.57
3084.16	1085.11
3084.73	1097.22
3085.3	1096.95
3085.87	1077.16
3086.43	1104.94
3087	1051.35
3087.57	1116.53
3088.14	1095.08
3088.71	1114.88
3089.28	1099.48
3089.84	1124.22
3090.41	1129.25
3090.98	1086.78
3091.54	1094.88
3092.11	1114.33
3092.68	1104.88
3093.24	1097.47
3093.81	1115.84
3094.38	1143.5
3094.94	1126.85
3095.51	1117.46
3096.07	1152.4
3096.64	1100.73
3097.2	1120.16
3097.77	1116.91
3098.33	1114.75
3098.9	1124.02
3099.46	1108.67
3100.03	1132.53
3100.59	1159.48
3101.15	1143.07
3101.72	1157.47
3102.28	1143.96
3102.84	1132.45
3103.41	1133.27
3103.97	1135.11
3104.53	1167.82
3105.1	1159.33
3105.66	1132.33
3106.22	1161.96
3106.78	1178.26
3107.34	1160.65
3107.91	1162.62
3108.47	1187.26
3109.03	1178
3109.59	1171.91
3110.15	1179.32
3110.71	1172.43
3111.27	1196.48
3111.83	1167.98
3112.39	1201.11
3112.95	1204.15
3113.51	1173.02
3114.07	1171.67
3114.63	1196.06
3115.19	1201.02
3115.75	1218.47
3116.31	1210.29
3116.87	1229.91
3117.43	1217.56
3117.98	1200.98
3118.54	1214.12
3119.1	1218.97
3119.66	1218.69
3120.22	1208.21
3120.77	1187.55
3121.33	1222.48
3121.89	1221.46
3122.44	1222.46
3123	1220.29
3123.56	1192.32
3124.11	1226.92
3124.67	1226.56
3125.23	1246.78
3125.78	1247.6
3126.34	1257.81
3126.89	1239.43
3127.45	1246.82
3128	1251.18
3128.56	1257.58
3129.11	1257.77
3129.67	1252.73
3130.22	1244.5
3130.78	1265.95
3131.33	1261.63
3131.88	1278.8
3132.44	1286.7
3132.99	1230.99
3133.54	1251.28
3134.1	1291.15
3134.65	1263.4
3135.2	1311.63
3135.76	1285.03
3136.31	1290.24
3136.86	1283.13
3137.41	1289.33
3137.96	1277.02
3138.51	1308.8
3139.07	1260.53
3139.62	1333.3
3140.17	1325.04
3140.72	1287.05
3141.27	1298.32
3141.82	1335.24
3142.37	1324.96
3142.92	1281.81
3143.47	1353.5
3144.02	1322.65
3144.57	1330.83
3145.12	1331.95
3145.67	1315.76
3146.22	1326.34
3146.77	1340.04
3147.32	1333.18
3147.86	1359.04
3148.41	1359.1
3148.96	1334.37
3149.51	1363.93
