401.058	1383.79
402.149	1380.55
403.243	1387.64
404.332	1395.56
405.424	1366.57
406.515	1314.07
407.606	1197.71
408.697	1185.11
409.785	1117.17
410.876	1044.64
411.967	1055.61
413.055	1038.27
414.143	985.216
415.233	963.866
416.321	961.09
417.409	998.266
418.499	930.41
419.586	1064.1
420.673	1030.05
421.761	1097.15
422.848	1131.14
423.935	1190.26
425.02	1235.62
426.106	1283.74
427.193	1337.26
428.278	1422.82
429.364	1434.52
430.45	1527.15
431.534	1606.98
432.618	1578.67
433.704	1585.69
434.788	1600.38
435.871	1687.83
436.955	1655.84
438.038	1627.46
439.123	1617.47
440.204	1499.15
441.287	1435.39
442.37	1362.74
443.452	1307.75
444.535	1214.85
445.615	1116.03
446.698	1024.18
447.78	1009.64
448.86	839.689
449.939	805.647
451.021	716.222
452.101	726.82
453.18	670.761
454.262	628.457
455.341	572.035
456.42	546.048
457.499	545.946
458.578	556.986
459.654	529.124
460.733	535.693
461.811	543.265
462.89	526.706
463.966	491.524
465.044	502.806
466.12	524.32
467.197	462.025
468.273	443.405
469.349	478.687
470.426	513.779
471.501	514.239
472.576	478.346
473.651	516.834
474.726	519.157
475.801	449.238
476.876	525.101
477.95	555.533
479.022	560.882
480.097	554.086
481.171	650.98
482.243	638.396
483.317	696.114
484.388	642.765
485.46	738.244
486.533	764.291
487.605	778.252
488.676	868.649
489.747	947.864
490.818	897.338
491.889	1014.42
492.959	1043.35
494.03	1063.21
495.1	1049.08
496.171	1207.52
497.239	1148.94
498.309	1203.08
499.379	1136.93
500.446	1206.5
501.514	1141.58
502.584	1200.53
503.651	1159.98
504.718	1224.87
505.788	1169.09
506.855	1187.47
507.921	1162.8
508.988	1226.92
510.055	1264.5
511.119	1284.75
512.186	1320.68
513.252	1379.67
514.318	1374.64
515.382	1456.82
516.448	1515.3
517.512	1556.5
518.577	1643.84
519.641	1636.78
520.704	1688.81
521.768	1770.55
522.833	1801.73
523.896	1761.69
524.959	1826.52
526.021	1924.2
527.084	1944.71
528.144	1964.88
529.207	2024.76
530.269	2058.14
531.331	2089.39
532.391	2202.87
533.453	2137.44
534.513	2171.31
535.572	2103.84
536.634	2162.07
537.693	2080.26
538.752	2059.29
539.812	1991.69
540.87	1892.68
541.929	1820.12
542.988	1759.1
544.047	1667.41
545.105	1599.67
546.164	1518.32
547.22	1435.32
548.278	1323.75
549.336	1309.92
550.392	1238.14
551.448	1167.46
552.505	1129.66
553.561	1101.39
554.616	1024.8
555.671	1050.69
556.728	964.637
557.783	1003.17
558.836	933.46
559.891	860.874
560.946	913.722
562	813.442
563.055	824.711
564.107	812.961
565.161	825.403
566.213	776.749
567.267	752.147
568.318	735.849
569.37	796.24
570.424	733.759
571.475	755.358
572.526	723.468
573.577	794.878
574.628	756.581
575.679	803.994
576.73	831.159
577.781	832.615
578.829	805.636
579.88	817.382
580.93	781.321
581.978	750.774
583.026	757.899
584.076	757.62
585.124	733.412
586.172	792.842
587.221	749.317
588.269	815.089
589.316	783.416
590.363	794.829
591.41	777.759
592.457	829.52
593.502	795.265
594.549	796.115
595.595	763.323
596.64	766.485
597.686	774.294
598.73	731.452
599.776	724.173
600.82	684.504
601.864	687.014
602.908	639.976
603.953	621.608
604.997	648.505
606.04	636.041
607.083	637.41
608.125	684.763
609.168	613.035
610.211	639.766
611.253	665.469
612.294	615.537
613.336	633.893
614.377	623.714
615.419	627.387
616.459	644.853
617.499	674.237
618.539	667.569
619.579	619.371
620.619	590.569
621.658	606.995
622.698	640.985
623.737	614.162
624.776	662.988
625.815	629.778
626.852	636.272
627.891	628.975
628.928	632.769
629.966	607.907
631.003	592.176
632.041	579.999
633.077	588.008
634.114	556.257
635.15	580.808
636.185	605.426
637.221	540.713
638.257	577.537
639.292	542.465
640.328	570.066
641.361	516.384
642.396	546.492
643.431	541.432
644.464	514.218
645.497	505.465
646.532	534.517
647.564	536.09
648.597	506.518
649.629	489.869
650.663	481.48
651.695	541.061
652.727	523.312
653.757	536.732
654.789	511.535
655.821	556.133
656.852	527.364
657.882	516.124
658.913	507.706
659.942	582.781
660.973	541.339
662.002	536.519
663.031	549.074
664.06	580.031
665.09	595.593
666.119	574.721
667.147	586.145
668.175	576.536
669.201	574.203
670.229	556.968
671.257	546.881
672.285	563.345
673.311	565.055
674.338	603.684
675.363	546.694
676.389	545.97
677.416	574.772
678.441	557.399
679.466	545.411
680.491	542.509
681.515	605.946
682.54	563.297
683.565	557.63
684.589	571.455
685.613	569.721
686.635	584.686
687.659	608.935
688.681	648.91
689.705	594.554
690.727	629.844
691.75	648.46
692.772	641.129
693.793	639.304
694.814	703.168
695.835	696.582
696.856	674.176
697.877	710.971
698.898	737.545
699.918	743.759
700.937	789.796
701.957	740.558
702.978	736.677
703.996	759.61
705.016	727.006
706.034	711.023
707.052	692.251
708.069	747.439
709.087	664
710.107	676.734
711.124	708.92
712.139	690.328
713.156	636.641
714.173	648.547
715.19	620.653
716.205	634.24
717.222	607.994
718.238	615.827
719.253	594.089
720.267	569.614
721.283	626.278
722.297	578.884
723.311	580.365
724.325	577.29
725.339	587.149
726.353	601.673
727.366	579.47
728.38	617.108
729.391	562.744
730.404	595.708
731.417	600.954
732.428	587.688
733.441	583.54
734.452	601.424
735.463	578.969
736.475	561.233
737.486	552.805
738.496	613.29
739.506	562.807
740.516	580.221
741.526	544.35
742.534	584.591
743.544	586.22
744.554	503.408
745.561	551.818
746.571	554.382
747.578	491.861
748.587	516.517
749.594	543.96
750.601	523.736
751.608	470.509
752.615	449.423
753.621	468.771
754.628	473.485
755.634	476.417
756.641	480.315
757.647	483.333
758.651	480.848
759.657	476.518
760.663	499.839
761.666	493.614
762.67	456.844
763.676	480.035
764.679	473.586
765.682	480
766.686	452.158
767.689	475.154
768.692	500.06
769.694	456.664
770.697	485.557
771.698	447.937
772.7	469.648
773.703	506.213
774.703	482.325
775.703	485.17
776.705	500.849
777.705	535.001
778.705	533.852
779.705	467.781
780.705	466.828
781.704	479.894
782.704	506.011
783.703	494.918
784.702	545.138
785.701	493.915
786.698	524.52
787.697	506.773
788.694	527.218
789.693	560.747
790.689	583.128
791.686	592.44
792.682	592.362
793.68	613.625
794.676	632.062
795.672	655.192
796.666	662.592
797.662	697.106
798.658	741.93
799.653	674.91
800.647	727.025
801.642	744.486
802.636	697.515
803.631	731.487
804.624	719.81
805.617	726.758
806.61	730.926
807.602	706.265
808.595	646.298
809.587	642.973
810.58	651.704
811.572	633.585
812.564	662.814
813.554	652.276
814.546	716.802
815.536	685.022
816.528	755.048
817.518	763.018
818.507	755.258
819.499	787.285
820.488	847.037
821.477	870.671
822.466	920.987
823.455	1037.61
824.444	1052.48
825.431	1148.45
826.42	1213.09
827.408	1321.17
828.395	1389.83
829.383	1509.25
830.369	1588.06
831.356	1754.02
832.342	1887.24
833.33	2025.49
834.315	2287.55
835.301	2407.33
836.287	2602.92
837.27	2736.75
838.256	2930.79
839.241	2968.09
840.226	3021.84
841.209	3010.18
842.194	2932.2
843.177	2769.69
844.16	2655.04
845.145	2497.32
846.127	2307.48
847.11	2204.01
848.092	2147.35
849.074	2088.71
850.056	2079.56
851.039	2107.9
852.018	2139.73
853	2213.68
853.982	2300.47
854.962	2327.63
855.941	2305.45
856.923	2301.1
857.902	2258.45
858.881	2153.43
859.86	2060.32
860.839	1872.2
861.818	1767.55
862.797	1705.91
863.776	1614.56
864.754	1523.99
865.733	1437.05
866.709	1428.38
867.687	1359.06
868.664	1321.15
869.642	1287.98
870.618	1309.21
871.594	1204.43
872.569	1254.34
873.545	1187.32
874.521	1169.07
875.496	1152.61
876.471	1110.27
877.447	1057.68
878.42	1123.89
879.395	1065.59
880.37	1029.4
881.343	1031.95
882.315	1019.85
883.29	982.049
884.262	1007.9
885.235	995.977
886.207	957.255
887.179	955.314
888.151	1005.84
889.123	993.656
890.095	957.534
891.065	958.332
892.037	1024.61
893.009	1012.57
893.978	1049.38
894.948	1029.99
895.919	1116.7
896.888	1143.59
897.857	1182.58
898.826	1236.36
899.795	1329.76
900.764	1443.28
901.732	1498.39
902.701	1550.5
903.668	1621.84
904.636	1686.71
905.604	1784.89
906.57	1835.35
907.538	1817.86
908.504	1918.7
909.47	1933.14
910.436	1909.95
911.402	1917.29
912.367	1884.84
913.333	1902.12
914.298	1831.36
915.264	1690.11
916.229	1665.29
917.192	1641.44
918.157	1555.73
919.12	1495.12
920.084	1440.11
921.047	1346.14
922.01	1335.42
922.972	1288.41
923.935	1211.62
924.897	1175.57
925.859	1133.98
926.821	1073.9
927.783	1033.33
928.743	1029.89
929.705	962.313
930.667	971.743
931.626	969.983
932.586	975.676
933.547	904.298
934.506	912.977
935.466	869.661
936.425	864.521
937.384	836.985
938.343	857.821
939.301	862.742
940.26	887.217
941.217	851.063
942.175	874.707
943.132	859.226
944.09	901.757
945.046	908.814
946.002	863.435
946.96	913.465
947.916	891.324
948.872	928.156
949.828	928.392
950.783	903.242
951.737	910.83
952.692	923.941
953.647	944.452
954.601	953.648
955.556	952.564
956.509	951.625
957.464	942.438
958.417	970.972
959.369	958.245
960.322	956.668
961.275	1019.69
962.227	1048.58
963.179	1040.59
964.132	1065.45
965.082	1084.83
966.034	1067.85
966.984	1068.02
967.936	1162.28
968.885	1158.79
969.837	1159.78
970.787	1197.16
971.736	1266.23
972.686	1284.4
973.635	1342.94
974.584	1367.78
975.533	1392.76
976.48	1431.01
977.429	1428.98
978.378	1493.61
979.325	1513.18
980.273	1483.92
981.22	1529.7
982.166	1468.39
983.113	1484.81
984.061	1425.98
985.007	1476.67
985.953	1427.86
986.897	1372.57
987.843	1350.23
988.789	1340.28
989.734	1280.04
990.678	1263.89
991.623	1202.85
992.567	1187.54
993.51	1153.38
994.453	1117.24
995.398	1081.98
996.341	1084.08
997.284	1050.75
998.227	1043.63
999.168	1020.73
1000.11	1025.86
1001.05	1026.39
1001.99	1009.28
1002.94	946.643
1003.88	918.574
1004.82	965.13
1005.76	998.76
1006.7	997.978
1007.64	987.836
1008.58	981.292
1009.52	1015.57
1010.46	999.35
1011.4	1015.68
1012.34	988.305
1013.27	994.685
1014.21	1011.6
1015.15	1053.02
1016.09	1034.02
1017.03	1038.31
1017.96	1030.33
1018.9	1019.33
1019.84	1074.47
1020.77	1013.72
1021.71	1040.82
1022.65	1092.4
1023.58	1062.92
1024.52	1071.06
1025.45	1155.2
1026.39	1095.16
1027.32	1101.45
1028.26	1110.33
1029.19	1141.55
1030.12	1140.77
1031.06	1091.2
1031.99	1090.6
1032.92	1112.77
1033.86	1114.47
1034.79	1109.67
1035.72	1108.6
1036.65	1094.19
1037.59	1122.04
1038.52	1114.9
1039.45	1151.1
1040.38	1151.45
1041.31	1198.08
1042.24	1216.36
1043.17	1212.85
1044.1	1177.12
1045.03	1259.59
1045.96	1224.91
1046.89	1227.32
1047.82	1341.72
1048.75	1284.02
1049.68	1298.43
1050.61	1308.05
1051.53	1303.22
1052.46	1305.66
1053.39	1369.59
1054.32	1456.11
1055.24	1488.34
1056.17	1505.43
1057.1	1562.65
1058.02	1591.55
1058.95	1668.19
1059.88	1662.03
1060.8	1630.09
1061.73	1589.49
1062.65	1575.58
1063.58	1589.4
1064.5	1546.08
1065.43	1572.29
1066.35	1587.73
1067.27	1598.86
1068.2	1641.86
1069.12	1657.72
1070.04	1733.45
1070.97	1748.44
1071.89	1687.81
1072.81	1742.91
1073.73	1785.12
1074.65	1726.56
1075.58	1723.04
1076.5	1685.85
1077.42	1674.98
1078.34	1615.32
1079.26	1565.11
1080.18	1566.31
1081.1	1498.14
1082.02	1431.94
1082.94	1432.28
1083.86	1390.78
1084.78	1318.91
1085.7	1323.06
1086.61	1261.82
1087.53	1234.86
1088.45	1242.12
1089.37	1212.38
1090.28	1193.96
1091.2	1223.77
1092.12	1231.67
1093.03	1240.48
1093.95	1234.19
1094.87	1301.88
1095.78	1294.93
1096.7	1300.4
1097.61	1391.11
1098.53	1344.57
1099.44	1408.68
1100.36	1473.63
1101.27	1440.07
1102.19	1514.25
1103.1	1474.88
1104.01	1531.95
1104.93	1577.74
1105.84	1601.97
1106.75	1596.23
1107.67	1679.6
1108.58	1641.28
1109.49	1650.25
1110.4	1659.97
1111.31	1709.12
1112.22	1737.16
1113.14	1759.35
1114.05	1808.02
1114.96	1929.61
1115.87	1878.45
1116.78	1957.9
1117.69	2023.18
1118.6	2027.76
1119.51	2096.29
1120.42	2190.03
1121.32	2250.61
1122.23	2284.99
1123.14	2302.06
1124.05	2280.25
1124.96	2222.28
1125.86	2155.19
1126.77	2164.71
1127.68	2081.86
1128.58	2072.21
1129.49	2047.59
1130.4	2001.49
1131.3	2091.61
1132.21	2030.06
1133.11	2040.88
1134.02	2051.27
1134.92	2138.95
1135.83	2199.61
1136.73	2133.36
1137.64	2141.01
1138.54	2087.66
1139.44	2053.98
1140.35	2011.59
1141.25	1911.25
1142.15	1908.91
1143.06	1844.92
1143.96	1782.88
1144.86	1755.03
1145.76	1720.36
1146.66	1624.51
1147.57	1563.67
1148.47	1471.25
1149.37	1413.06
1150.27	1338.68
1151.17	1282.45
1152.07	1211
1152.97	1192.92
1153.87	1124.29
1154.77	1141.34
1155.67	1083.02
1156.57	1008.43
1157.46	958.629
1158.36	916.52
1159.26	865.005
1160.16	855.522
1161.05	871.836
1161.95	819.484
1162.85	843.249
1163.75	741.931
1164.64	758.635
1165.54	777.105
1166.44	742.248
1167.33	709.424
1168.23	697.694
1169.12	711.78
1170.02	704.071
1170.91	669.741
1171.81	681.02
1172.7	712.2
1173.59	656.77
1174.49	669.736
1175.38	657.917
1176.27	657.438
1177.17	671.142
1178.06	674.383
1178.95	639.738
1179.84	633.652
1180.74	667.476
1181.63	681.479
1182.52	629.178
1183.41	638.4
1184.3	663.599
1185.19	655.537
1186.08	687.131
1186.97	674.24
1187.86	702.001
1188.75	653.281
1189.64	708.416
1190.53	691.807
1191.42	691.241
1192.31	710.502
1193.2	719.481
1194.09	654.217
1194.97	714.3
1195.86	717.97
1196.75	726.31
1197.64	755.283
1198.52	738.071
1199.41	750.96
1200.29	780.818
1201.18	746.766
1202.07	808.714
1202.95	823.607
1203.84	795.133
1204.72	802.269
1205.61	761.353
1206.49	803.122
1207.38	814.903
1208.26	793.084
1209.14	830.678
1210.03	813.086
1210.91	797.466
1211.79	837.289
1212.68	775.369
1213.56	811.985
1214.44	838.945
1215.32	814.937
1216.21	818.148
1217.09	796.076
1217.97	841.84
1218.85	820.247
1219.73	846.863
1220.61	880.339
1221.49	869.769
1222.37	913.824
1223.25	988.922
1224.13	1057.26
1225.01	1131.97
1225.89	1179.13
1226.77	1251.69
1227.65	1250.75
1228.52	1301.97
1229.4	1260.02
1230.28	1241.91
1231.16	1258.93
1232.03	1273.19
1232.91	1264.67
1233.79	1246.52
1234.66	1276.52
1235.54	1217.17
1236.42	1190.83
1237.29	1166.29
1238.17	1143.62
1239.04	1088.72
1239.92	1073.77
1240.79	1050.36
1241.67	1026.04
1242.54	1015.04
1243.41	958.381
1244.29	975.956
1245.16	985.962
1246.03	975.985
1246.91	953.578
1247.78	972.096
1248.65	979.979
1249.52	1008.7
1250.4	973.307
1251.27	952.177
1252.14	1015.1
1253.01	1014.15
1253.88	1001.84
1254.75	996.249
1255.62	1047.01
1256.49	1030.78
1257.36	1059.31
1258.23	1040.86
1259.1	1079.62
1259.97	1083.92
1260.84	1047.16
1261.71	1090.65
1262.57	1129.43
1263.44	1097.69
1264.31	1163.34
1265.18	1184.18
1266.05	1186.87
1266.91	1225.73
1267.78	1291.21
1268.65	1311.74
1269.51	1457.06
1270.38	1508.82
1271.24	1625.27
1272.11	1713.93
1272.97	1781.51
1273.84	1850.89
1274.7	1911.67
1275.57	1960.05
1276.43	2002.61
1277.3	1971.98
1278.16	1960.49
1279.02	1927.77
1279.89	1892.22
1280.75	1819.1
1281.61	1790.2
1282.48	1658.86
1283.34	1576.75
1284.2	1477
1285.06	1424.89
1285.92	1387.84
1286.78	1321.13
1287.65	1279.91
1288.51	1209.81
1289.37	1199.53
1290.23	1132.07
1291.09	1120.52
1291.95	1074.2
1292.81	1074.67
1293.67	1057.15
1294.52	1021.46
1295.38	1000.78
1296.24	988.761
1297.1	997.753
1297.96	960.483
1298.81	956.313
1299.67	980.633
1300.53	953.852
1301.39	939.138
1302.24	942.467
1303.1	938.815
1303.95	909.073
1304.81	940.895
1305.67	918.608
1306.52	938.96
1307.38	943.826
1308.23	956.768
1309.09	934.553
1309.94	958.574
1310.8	959.839
1311.65	966.477
1312.5	978.62
1313.35	957.476
1314.21	978.279
1315.06	979.543
1315.91	995.656
1316.77	1018.23
1317.62	1048.73
1318.47	1053.44
1319.32	1105.75
1320.17	1115.92
1321.02	1123.88
1321.87	1150.56
1322.73	1179.36
1323.57	1203.91
1324.43	1227.37
1325.28	1251.64
1326.13	1254.06
1326.97	1272.71
1327.82	1342.37
1328.67	1343.6
1329.52	1356.28
1330.37	1401.34
1331.22	1401.23
1332.06	1406.06
1332.91	1434.09
1333.76	1450.03
1334.61	1463.3
1335.45	1483.77
1336.3	1494.23
1337.15	1516.95
1337.99	1498.95
1338.84	1507.05
1339.68	1540.83
1340.53	1550.84
1341.37	1567.7
1342.22	1557.72
1343.06	1579.05
1343.91	1586.47
1344.75	1600.97
1345.6	1611.42
1346.44	1623.38
1347.28	1602.04
1348.12	1613.5
1348.97	1586.58
1349.81	1602.67
1350.65	1627.19
1351.49	1603.77
1352.33	1604.14
1353.18	1594.61
1354.02	1589.43
1354.86	1603.01
1355.7	1614.64
1356.54	1626.5
1357.38	1630.34
1358.22	1647.6
1359.06	1651.14
1359.9	1614.87
1360.74	1641.97
1361.58	1689.11
1362.42	1636.19
1363.25	1605.64
1364.09	1605.61
1364.93	1610.86
1365.77	1610.87
1366.6	1614.04
1367.19	1618.12
1368.1	1614.4
1369.01	1581.05
1369.92	1640.14
1370.83	1594.72
1371.74	1581.64
1372.65	1552.69
1373.56	1527.61
1374.47	1596.94
1375.37	1493.08
1376.28	1524.88
1377.19	1498.56
1378.1	1481.98
1379	1493.83
1379.91	1460.5
1380.82	1442.88
1381.72	1459.53
1382.63	1458.39
1383.54	1411.08
1384.44	1432.1
1385.35	1408.04
1386.25	1410.34
1387.16	1394.17
1388.06	1398.58
1388.97	1419.64
1389.87	1381.46
1390.78	1429.85
1391.68	1429.7
1392.59	1451.88
1393.49	1423.6
1394.39	1376.88
1395.3	1334.93
1396.2	1268.77
1397.1	1257.71
1398	1220.66
1398.91	1137.53
1399.81	1111.5
1400.71	1109.67
1401.61	1055.93
1402.52	1050.27
1403.42	1046.44
1404.32	1024.3
1405.22	1009.84
1406.12	1021.31
1407.02	967.804
1407.92	973.815
1408.82	943.626
1409.72	968.989
1410.62	953.281
1411.52	935.644
1412.42	940.861
1413.32	919.276
1414.21	921.49
1415.11	897.92
1416.01	923.889
1416.91	900.338
1417.81	933
1418.71	932.455
1419.6	872.181
1420.5	900.495
1421.4	899.486
1422.29	885.24
1423.19	882.376
1424.09	887.968
1424.98	897.239
1425.88	910.213
1426.77	898.431
1427.67	880.027
1428.56	907.295
1429.46	898.526
1430.35	901.23
1431.25	896.412
1432.14	925.899
1433.04	949.808
1433.93	895.868
1434.82	989.458
1435.72	956.576
1436.61	1000.86
1437.5	1015.67
1438.39	1046.71
1439.29	1070.12
1440.18	1138.39
1441.07	1141.61
1441.96	1151.44
1442.85	1164.12
1443.75	1196.04
1444.64	1179.34
1445.53	1200.19
1446.42	1235.57
1447.31	1249.84
1448.2	1272.59
1449.09	1260.52
1449.98	1249.2
1450.87	1311.84
1451.76	1293.81
1452.65	1326.06
1453.54	1311.49
1454.43	1356.92
1455.31	1330.15
1456.2	1332.1
1457.09	1352.05
1457.98	1355.13
1458.87	1384.99
1459.75	1424.47
1460.64	1396.55
1461.53	1404.81
1462.41	1437.67
1463.3	1524.04
1464.19	1632.73
1465.07	1776.07
1465.96	1783.1
1466.85	1813
1467.73	1693.32
1468.61	1644.57
1469.5	1648.43
1470.38	1626.27
1471.27	1626.53
1472.15	1664.62
1473.04	1660.82
1473.92	1707.32
1474.8	1754.64
1475.69	1798.05
1476.57	1801.8
1477.45	1749.51
1478.34	1750.94
1479.22	1722.39
1480.1	1691.74
1480.98	1658.72
1481.86	1674.69
1482.75	1644.38
1483.63	1629.24
1484.51	1555.86
1485.39	1485.72
1486.27	1312.42
1487.15	1160.88
1488.03	1052.17
1488.91	987.013
1489.79	906.234
1490.67	842.715
1491.55	766.561
1492.43	778.359
1493.31	734.199
1494.19	701.748
1495.07	676.143
1495.94	664.067
1496.82	651.006
1497.7	664.836
1498.58	681.461
1499.45	642.322
1500.33	618.589
1501.21	578.622
1502.09	623.02
1502.96	608.052
1503.84	609.381
1504.72	603.066
1505.59	592.924
1506.47	589.447
1507.34	590.716
1508.22	613.878
1509.09	589.464
1509.97	590.812
1510.84	586.525
1511.72	575.64
1512.59	580.906
1513.46	590.864
1514.34	595.984
1515.21	580.178
1516.08	582.313
1516.96	576.859
1517.83	561.041
1518.7	586.781
1519.57	584.259
1520.45	571.447
1521.32	553.079
1522.19	563.96
1523.06	545.765
1523.93	583.086
1524.8	570.602
1525.67	568.417
1526.54	558.66
1527.41	546.972
1528.28	551.213
1529.16	553.581
1530.02	567.245
1530.89	562.245
1531.76	539.54
1532.63	559.045
1533.5	557.037
1534.37	564.385
1535.24	578.255
1536.11	549.949
1536.97	581.552
1537.84	547.635
1538.71	558.705
1539.57	556.75
1540.44	553.009
1541.31	565.266
1542.18	568.196
1543.04	564.551
1543.91	554.272
1544.77	567.355
1545.64	561.582
1546.5	557.643
1547.37	545.289
1548.24	550.872
1549.1	550.052
1549.96	555.049
1550.83	554.547
1551.69	566.34
1552.56	553.586
1553.42	535.956
1554.28	514.377
1555.15	535.194
1556.01	557.91
1556.87	544.812
1557.73	550.772
1558.6	554.989
1559.46	553.589
1560.32	533.147
1561.18	524.899
1562.04	544.084
1562.9	545.108
1563.77	553.724
1564.63	559.547
1565.49	546.432
1566.35	561.078
1567.21	542.43
1568.07	543.857
1568.93	527.089
1569.79	549.515
1570.64	541.215
1571.5	563.543
1572.36	553.193
1573.22	537.055
1574.08	543.048
1574.94	565.466
1575.8	523.417
1576.65	555.579
1577.51	539.522
1578.37	533.059
1579.22	529.431
1580.08	560.591
1580.94	550.139
1581.79	552.292
1582.65	544.796
1583.51	532.484
1584.36	552.237
1585.22	532.155
1586.07	537.307
1586.93	562.873
1587.78	554.313
1588.63	556.421
1589.49	552.62
1590.34	545.819
1591.2	545.759
1592.05	551.468
1592.9	549.303
1593.76	560.788
1594.61	550.856
1595.46	515.653
1596.32	581.113
1597.17	601.814
1598.02	574.691
1598.87	569.03
1599.72	515.324
1600.58	576.989
1601.43	581.752
1602.28	595.192
1603.13	536.111
1603.98	586.556
1604.83	545.066
1605.68	610.161
1606.53	568.832
1607.38	588.153
1608.23	575.28
1609.08	576.053
1609.93	566.97
1610.77	554.849
1611.62	578.739
1612.47	587.96
1613.32	591.378
1614.17	590.998
1615.01	580.987
1615.86	585.634
1616.71	586.379
1617.55	576.352
1618.4	574.977
1619.25	580.302
1620.09	579.721
1620.94	569.415
1621.79	577.578
1622.63	582.892
1623.48	562.136
1624.32	579.227
1625.17	585.717
1626.01	599.005
1626.86	575.53
1627.7	592.685
1628.54	582.735
1629.39	575.658
1630.23	572.402
1631.07	571.99
1631.92	598.553
1632.76	580.669
1633.6	580.162
1634.45	610.526
1635.29	589.859
1636.13	594.289
1636.97	592.002
1637.81	580.098
1638.66	615.325
1639.5	611.123
1640.34	573.329
1641.18	599.043
1642.02	615.218
1642.86	588.203
1643.7	615.993
1644.54	607.249
1645.38	599.435
1646.22	613.692
1647.06	592.368
1647.89	578.748
1648.73	640.17
1649.57	599.792
1650.41	623.957
1651.25	598.195
1652.09	601.346
1652.92	623.742
1653.76	579.515
1654.6	603.606
1655.43	590.958
1656.27	606.278
1657.11	637.14
1657.94	608.352
1658.78	601.917
1659.62	619.74
1660.45	588.216
1661.29	607.865
1662.12	578.924
1662.96	586.678
1663.79	612.821
1664.62	589.581
1665.46	586.833
1666.29	570.633
1667.13	586.599
1667.96	603.626
1668.79	602.172
1669.63	620.172
1670.46	576.644
1671.29	573.026
1672.12	601.595
1672.96	605.688
1673.79	582.352
1674.62	584.443
1675.45	591.471
1676.28	569.168
1677.11	586.147
1677.95	581.603
1678.78	570.181
1679.61	578.354
1680.44	553.964
1681.27	577.675
1682.1	555.033
1682.93	561.911
1683.75	591.501
1684.58	549.22
1685.41	543.462
1686.24	551.555
1687.07	547.814
1687.9	553.935
1688.73	524.439
1689.55	560.186
1690.38	586.041
1691.21	554.429
1692.04	512.817
1692.86	548.371
1693.69	545.22
1694.52	539.077
1695.34	537.935
1696.17	508.166
1696.99	517.146
1697.82	510.362
1698.64	535.358
1699.47	530.566
1700.29	545.547
1701.12	514.715
1701.94	520.53
1702.77	514.341
1703.59	539.888
1704.41	504.842
1705.24	532.364
1706.06	522.187
1706.88	523.952
1707.71	495.973
1708.53	520.596
1709.35	522.391
1710.17	520.193
1711	524.893
1711.82	502.771
1712.64	490.53
1713.46	488.193
1714.28	504.691
1715.1	513.314
1715.92	517.041
1716.74	521.787
1717.56	512.639
1718.38	525.158
1719.2	522.693
1720.02	512.213
1720.84	514.536
1721.66	514.947
1722.48	505.651
1723.3	513.281
1724.11	517.091
1724.93	498.261
1725.75	518.738
1726.57	518.356
1727.39	502.065
1728.2	492.593
1729.02	494.925
1729.84	506.159
1730.65	490.015
1731.47	513.166
1732.29	495.152
1733.1	510.405
1733.92	483.491
1734.73	533.827
1735.55	520.566
1736.36	524.939
1737.18	507.882
1737.99	482.089
1738.81	496.276
1739.62	496.765
1740.43	482.608
1741.25	514.171
1742.06	493.226
1742.87	503.433
1743.69	526.291
1744.5	491.905
1745.31	512.834
1746.13	495.944
1746.94	484.898
1747.75	482.611
1748.56	503.603
1749.37	486.879
1750.18	467.275
1750.99	488.301
1751.81	509.297
1752.61	502.232
1753.42	513.552
1754.24	509.445
1755.04	490.89
1755.85	489.751
1756.66	492.448
1757.47	474.784
1758.28	495.673
1759.09	483.67
1759.9	487.107
1760.71	488.669
1761.52	486.469
1762.32	466.054
1763.13	502.564
1763.94	489.935
1764.74	472.461
1765.55	473.274
1766.36	467.34
1767.17	493.26
1767.97	500.941
1768.78	455.648
1769.58	503.004
1770.39	485.71
1771.19	468.363
1772	486.708
1772.8	475.075
1773.61	465.372
1774.41	449.885
1775.22	474.066
1776.02	487.632
1776.83	477.009
1777.63	506.076
1778.43	490.63
1779.23	490.719
1780.04	465.666
1780.84	481.396
1781.64	471.947
1782.44	490.683
1783.25	453.985
1784.05	478.529
1784.85	465.082
1785.65	463.296
1786.45	458.578
1787.25	461.673
1788.05	459.898
1788.86	444.437
1789.65	483.721
1790.46	453.541
1791.25	437.992
1792.05	463.568
1792.85	470.547
1793.65	474.623
1794.45	469.922
1795.25	452.503
1796.05	457.728
1796.85	470.871
1797.64	474.181
1798.44	450.821
1799.24	468.827
1800.04	460.117
1800.83	470.126
1801.63	478.138
1802.43	473.281
1803.22	450.597
1804.02	457.602
1804.82	490.367
1805.61	456.714
1806.41	453.76
1807.2	455.759
1808	454.793
1808.79	445.911
1809.59	457.914
1810.38	464.979
1811.18	447.179
1811.97	469.101
1812.76	459.1
1813.56	444.023
1814.35	485.589
1815.14	458.493
1815.94	452.345
1816.73	465.192
1817.52	488.092
1818.31	451.33
1819.1	459.335
1819.9	459.297
1820.69	483.063
1821.48	480.843
1822.27	455.682
1823.06	449.46
1823.85	465.168
1824.64	457.003
1825.43	457.785
1826.22	467.487
1827.01	471.183
1827.8	447.027
1828.59	477.591
1829.38	462.465
1830.17	472.228
1830.96	476.021
1831.74	460.882
1832.53	455.605
1833.32	477.069
1834.11	445.856
1834.89	481.099
1835.68	460.793
1836.47	434.583
1837.26	451.971
1838.04	443.627
1838.83	455.059
1839.61	476.33
1840.4	442.243
1841.19	476.221
1841.97	440.136
1842.76	468.111
1843.54	441.975
1844.33	445.443
1845.11	456.854
1845.89	448.678
1846.68	466.068
1847.46	471.659
1848.25	453.667
1849.03	473.921
1849.81	464.747
1850.6	460.505
1851.38	466.096
1852.16	434.473
1852.94	427.334
1853.72	441.697
1854.51	439.361
1855.29	453.605
1856.07	469.754
1856.85	440.943
1857.63	433.635
1858.41	422.444
1859.19	463.911
1859.97	443.031
1860.75	476.747
1861.53	462.821
1862.31	452.86
1863.09	445.86
1863.87	453.452
1864.65	442.511
1865.43	487.894
1866.21	450.531
1866.99	436.449
1867.76	440.797
1868.54	435.46
1869.32	442.796
1870.1	454.095
1870.87	437.396
1871.65	449.83
1872.43	427.423
1873.2	438.907
1873.98	430.982
1874.76	447.241
1875.53	444.126
1876.31	424.59
1877.08	446.758
1877.86	456.405
1878.63	445.746
1879.41	446.704
1880.18	455.376
1880.96	477.574
1881.73	415.39
1882.5	483.133
1883.28	445.224
1884.05	442.268
1884.82	445.167
1885.6	437.402
1886.37	458.739
1887.14	454.812
1887.91	440.179
1888.68	435.253
1889.46	430.353
1890.23	435.224
1891	420.731
1891.77	457.882
1892.54	441.623
1893.31	431.254
1894.08	429.68
1894.85	428.075
1895.62	439.093
1896.39	441.18
1897.16	440.183
1897.93	436.136
1898.7	457.504
1899.47	421.171
1900.24	409.423
1901.01	437.976
1901.77	445.118
1902.54	421.896
1903.31	422.181
1904.08	422.401
1904.84	417.637
1905.61	453.195
1906.38	397.132
1907.14	437.608
1907.91	426.852
1908.68	420.057
1909.44	412.297
1910.21	426.301
1910.97	410.692
1911.74	446.544
1912.51	431.942
1913.27	418.296
1914.03	430.395
1914.8	432.548
1915.56	430.687
1916.33	427.79
1917.09	435.786
1917.85	412.919
1918.62	404.934
1919.38	421.81
1920.14	452.64
1920.9	412.835
1921.67	408.925
1922.43	400.105
1923.19	410.3
1923.95	415.561
1924.71	432.825
1925.47	423.051
1926.24	420.177
1927	409.181
1927.76	409.102
1928.52	421.975
1929.28	440.813
1930.04	442.605
1930.8	415.359
1931.56	429.174
1932.32	434.008
1933.08	398.853
1933.83	443.853
1934.59	417.824
1935.35	417.851
1936.11	431.878
1936.87	430.782
1937.62	425.559
1938.38	419.234
1939.14	409.858
1939.89	427.53
1940.65	411.226
1941.41	431.018
1942.16	417.829
1942.92	435.635
1943.68	429.356
1944.43	407.982
1945.19	409.514
1945.94	420.964
1946.7	413.433
1947.45	420.884
1948.21	407.461
1948.96	408.034
1949.71	395.719
1950.47	437.127
1951.22	403.992
1951.98	428.507
1952.73	422.21
1953.48	406.946
1954.23	405.513
1954.99	437.688
1955.74	433.086
1956.49	435.37
1957.24	457.423
1957.99	433.127
1958.75	430.674
1959.5	424.375
1960.25	431.922
1961	415.806
1961.75	419.329
1962.5	438.507
1963.25	439.907
1964	405.942
1964.75	425.028
1965.5	422.537
1966.25	443.552
1967	408.701
1967.74	437.38
1968.49	430.76
1969.24	433.86
1969.99	440.86
1970.74	421.664
1971.48	431.774
1972.23	419.666
1972.98	422.231
1973.73	409.316
1974.47	432.25
1975.22	445.374
1975.96	431.258
1976.71	402.581
1977.46	405.828
1978.2	413.927
1978.95	425.954
1979.69	416.87
1980.44	434.897
1981.18	433.718
1981.93	443.156
1982.67	430.378
1983.41	419.43
1984.16	433.398
1984.9	399.156
1985.64	406.228
1986.39	422.878
1987.13	425.167
1987.87	411.25
1988.61	395.525
1989.36	413.378
1990.1	418.821
1990.84	416.624
1991.58	401.998
1992.32	422.757
1993.06	397.662
1993.81	398.432
1994.55	422.219
1995.29	413.6
1996.03	396.444
1996.77	404.198
1997.51	396.652
1998.24	413.98
1998.98	408.276
1999.72	419.774
2000.46	409.186
2001.2	407.213
2001.94	404.297
2002.68	390.856
2003.41	407.203
2004.15	409.185
2004.89	404.446
2005.63	420.84
2006.36	391.057
2007.1	389.131
2007.84	371.802
2008.57	391.066
2009.31	384.387
2010.05	394.147
2010.78	397.228
2011.52	397.458
2012.25	392.863
2012.99	414.338
2013.72	401.925
2014.46	390.408
2015.19	369.158
2015.92	398.268
2016.66	395.458
2017.39	421.821
2018.13	365.784
2018.86	379.689
2019.59	392.69
2020.32	380.391
2021.06	379.743
2021.79	391.441
2022.52	408.401
2023.25	372.914
2023.98	393.829
2024.72	390.799
2025.45	397.52
2026.18	390.618
2026.91	395.364
2027.64	394.51
2028.37	405.241
2029.1	400.664
2029.83	386.527
2030.56	379.535
2031.29	372.462
2032.02	368.974
2032.75	386.745
2033.47	389.749
2034.2	385.659
2034.93	368.897
2035.66	391.357
2036.39	396.221
2037.11	375.345
2037.84	378.58
2038.57	374.627
2039.3	394.368
2040.02	394.494
2040.75	365.936
2041.47	396.439
2042.2	388.788
2042.93	401.518
2043.65	379.993
2044.38	397.497
2045.1	390.826
2045.83	377.887
2046.55	370.596
2047.28	400.448
2048	398.329
2048.73	386.092
2049.45	380.212
2050.17	383.971
2050.9	393.673
2051.62	399.355
2052.34	383.229
2053.07	389.017
2053.79	406.343
2054.51	395.662
2055.23	369.076
2055.95	391.238
2056.68	383.923
2057.4	384.721
2058.12	376.993
2058.84	403.116
2059.56	393.206
2060.28	392.288
2061	399.075
2061.72	373.448
2062.44	394.108
2063.16	403.315
2063.88	382.293
2064.6	386.149
2065.32	390.056
2066.03	382.553
2066.75	387.871
2067.47	396.411
2068.19	393.009
2068.91	401.896
2069.62	382.962
2070.34	397.97
2071.06	392.623
2071.77	402.815
2072.49	395.879
2073.21	395.9
2073.92	390.834
2074.64	397.206
2075.36	401.605
2076.07	387.009
2076.79	373.909
2077.5	402.081
2078.22	402.059
2078.93	389.265
2079.64	397.324
2080.36	387.021
2081.07	389.728
2081.79	397.108
2082.5	383.796
2083.21	379.625
2083.93	394.884
2084.64	416.287
2085.35	399.819
2086.07	369.898
2086.78	399.298
2087.49	409.826
2088.2	381.801
2088.91	394.164
2089.62	394.693
2090.33	403.768
2091.04	409.267
2091.76	393.352
2092.47	382.999
2093.18	382.38
2093.89	393.055
2094.6	397.152
2095.3	396.563
2096.01	396.422
2096.72	404.893
2097.43	406.991
2098.14	400.389
2098.85	397.448
2099.56	391.69
2100.09	366.06
2100.87	391.599
2101.65	413.194
2102.43	402.177
2103.21	405.96
2103.99	390.923
2104.77	378.783
2105.55	383.342
2106.32	410.488
2107.1	384.476
2107.88	387.075
2108.66	408.434
2109.44	383.745
2110.22	414.099
2110.99	404.188
2111.77	367.686
2112.55	386.003
2113.33	407.109
2114.1	378.268
2114.88	390.589
2115.66	392.273
2116.43	411.658
2117.21	375.492
2117.99	387.178
2118.76	386.134
2119.54	388.931
2120.31	400.455
2121.09	404.145
2121.86	381.521
2122.64	382.316
2123.41	388.979
2124.19	373.267
2124.96	395.569
2125.74	401.369
2126.51	402.37
2127.28	394.654
2128.06	390.848
2128.83	410.411
2129.61	378.266
2130.38	403.601
2131.15	397.718
2131.92	388.919
2132.7	428.913
2133.47	379.201
2134.24	409.491
2135.01	389.035
2135.78	370.514
2136.55	392.995
2137.33	422.341
2138.1	385.305
2138.87	389.333
2139.64	397.324
2140.41	396.564
2141.18	412.497
2141.95	416.723
2142.72	392.501
2143.49	392.765
2144.26	400.841
2145.03	400.026
2145.8	399.186
2146.57	398.364
2147.33	391.683
2148.1	383.08
2148.87	366.602
2149.64	411.36
2150.41	361.201
2151.17	397.028
2151.94	372.447
2152.71	400.367
2153.48	421.426
2154.24	386.982
2155.01	386.302
2155.78	402.551
2156.54	389.948
2157.31	352.372
2158.08	377.56
2158.84	373.796
2159.61	382.977
2160.37	387.124
2161.14	370.235
2161.9	350.325
2162.67	394.515
2163.43	371.694
2164.2	392.044
2164.96	377.348
2165.72	401.842
2166.49	360.92
2167.25	386.328
2168.01	395.549
2168.78	373.448
2169.54	383.59
2170.3	387.719
2171.07	367.686
2171.83	410.335
2172.59	395.46
2173.35	368.41
2174.11	385.838
2174.88	378.882
2175.64	391.094
2176.4	388.039
2177.16	371.83
2177.92	390.131
2178.68	416.617
2179.44	404.628
2180.2	376.419
2180.96	384.767
2181.72	362.598
2182.48	397.336
2183.24	377.103
2184	390.404
2184.76	374.151
2185.52	378.235
2186.28	392.495
2187.04	385.385
2187.79	402.723
2188.55	381.383
2189.31	408.926
2190.07	391.657
2190.83	379.473
2191.58	391.732
2192.34	399.907
2193.1	389.719
2193.85	395.79
2194.61	409.947
2195.37	382.283
2196.12	400.38
2196.88	409.279
2197.63	390.75
2198.39	365.186
2199.15	410.776
2199.9	393.47
2200.66	390.398
2201.41	411.655
2202.16	412.541
2202.92	371.776
2203.67	390.809
2204.43	380.454
2205.18	359.027
2205.93	389.302
2206.69	382.201
2207.44	394.37
2208.19	370.1
2208.95	389.305
2209.7	369.988
2210.45	370.859
2211.2	377.765
2211.95	353.337
2212.71	372.361
2213.46	353.015
2214.21	383.117
2214.96	407.119
2215.71	367.58
2216.46	397.541
2217.21	403.274
2217.96	407.961
2218.71	393.543
2219.46	395.216
2220.21	389.907
2220.96	390.676
2221.71	387.499
2222.46	397.374
2223.21	382.228
2223.96	389.06
2224.71	401.826
2225.46	393.553
2226.21	403.239
2226.95	377.033
2227.7	387.771
2228.45	369.651
2229.2	379.444
2229.94	390.231
2230.69	390.068
2231.44	373.999
2232.18	394.706
2232.93	383.6
2233.68	388.364
2234.42	397.058
2235.17	380.932
2235.92	404.442
2236.66	371.524
2237.41	386.168
2238.15	393.919
2238.9	398.732
2239.64	394.661
2240.38	388.611
2241.13	387.487
2241.87	366.609
2242.62	391.121
2243.36	377.15
2244.1	396.705
2244.85	388.661
2245.59	400.326
2246.33	381.472
2247.08	396.098
2247.82	384.156
2248.56	366.306
2249.3	394.635
2250.05	393.442
2250.79	421.691
2251.53	369.477
2252.27	381.091
2253.01	389.806
2253.75	389.75
2254.49	382.877
2255.23	388.775
2255.97	400.565
2256.71	401.56
2257.45	387.818
2258.19	384.815
2258.93	373.934
2259.67	399.279
2260.41	389.37
2261.15	403.01
2261.89	385.394
2262.63	406.04
2263.36	397.369
2264.1	411.259
2264.84	380.044
2265.58	390.947
2266.32	390.03
2267.05	367.478
2267.79	386.096
2268.53	389.978
2269.26	386.999
2270	385.026
2270.74	381.134
2271.48	388.083
2272.21	376.436
2272.95	385.442
2273.68	385.643
2274.42	401.59
2275.15	390.006
2275.89	369.53
2276.62	395.292
2277.36	374.735
2278.09	370.886
2278.83	385.741
2279.56	380.866
2280.29	376.968
2281.03	371.097
2281.76	389.895
2282.49	388.997
2283.23	398.999
2283.96	391.288
2284.69	363.847
2285.42	358.134
2286.16	392.952
2286.89	364.396
2287.62	363.484
2288.35	393.231
2289.08	389.32
2289.81	383.471
2290.55	390.571
2291.28	375.932
2292.01	373.231
2292.74	389.422
2293.47	383.759
2294.2	367.108
2294.93	378.265
2295.66	376.418
2296.39	374.511
2297.11	359.608
2297.85	379.577
2298.57	361.703
2299.3	386.754
2300.03	402.913
2300.76	389.18
2301.49	380.427
2302.22	356.636
2302.94	354.783
2303.67	366.905
2304.4	358.01
2305.12	369.159
2305.85	361.316
2306.58	372.535
2307.31	369.723
2308.03	351.828
2308.76	359.985
2309.48	374.139
2310.21	357.144
2310.93	374.315
2311.66	363.376
2312.38	358.492
2313.11	355.633
2313.83	361.824
2314.56	360.943
2315.28	329.805
2316.01	351.02
2316.73	365.193
2317.45	358.227
2318.18	369.434
2318.9	352.421
2319.62	363.651
2320.35	374.867
2321.07	349.706
2321.79	368.959
2322.52	348.814
2323.24	362.019
2323.96	327.738
2324.68	367.255
2325.4	337.004
2326.12	337.066
2326.84	340.143
2327.56	290.59
2328.29	295.674
2329.01	270.412
2329.73	297.803
2330.45	316.113
2331.17	330.385
2331.89	331.475
2332.61	353.818
2333.32	351.806
2334.04	332.541
2334.76	352.798
2335.48	349.76
2336.2	342.692
2336.92	333.618
2337.64	337.734
2338.35	344.89
2339.07	352.032
2339.79	337.854
2340.51	337.874
2341.23	336.896
2341.94	362.344
2342.66	342.162
2343.37	341.283
2344.09	343.436
2344.81	343.504
2345.52	347.558
2346.24	348.486
2346.95	352.413
2347.67	328.927
2348.38	347.118
2349.1	330.875
2349.82	363.434
2350.53	342.241
2351.24	331.197
2351.96	346.539
2352.67	327.26
2353.39	339.432
2354.1	347.493
2354.81	338.263
2355.53	306.7
2356.24	325.954
2356.95	345.234
2357.66	330.012
2358.38	360.518
2359.09	335.178
2359.8	340.333
2360.51	338.399
2361.22	313.098
2361.94	343.758
2362.65	339.851
2363.36	324.729
2364.07	358.478
2364.78	347.351
2365.49	360.628
2366.2	354.488
2366.91	334.054
2367.62	351.33
2368.33	355.377
2369.04	345.186
2369.75	351.319
2370.46	366.632
2371.16	330.982
2371.87	333.032
2372.58	335.079
2373.29	350.383
2374	320.843
2374.71	343.297
2375.41	341.28
2376.12	339.257
2376.83	349.47
2377.53	337.26
2378.24	334.244
2378.95	336.345
2379.65	328.245
2380.36	330.332
2381.07	347.7
2381.77	335.443
2382.48	325.225
2383.18	332.389
2383.89	333.484
2384.59	350.975
2385.3	321.5
2386	350.254
2386.71	334.989
2387.41	336
2388.12	334.898
2388.82	330.701
2389.52	324.479
2390.23	364.279
2390.93	335.684
2391.63	332.655
2392.34	334.723
2393.04	321.428
2393.74	318.316
2394.44	338.688
2395.15	335.592
2395.85	340.722
2396.55	348.967
2397.25	341.903
2397.95	357.297
2398.65	340.942
2399.35	356.203
2400.05	344.84
2400.75	344.699
2401.45	342.535
2402.15	349.599
2402.85	326.104
2403.55	345.517
2404.25	353.745
2404.95	341.573
2405.65	362.072
2406.35	335.574
2407.05	352.977
2407.75	349.935
2408.44	363.24
2409.14	338.75
2409.84	357.191
2410.54	348.037
2411.24	351.13
2411.93	342.94
2412.63	355.151
2413.33	373.45
2414.02	356.985
2414.72	370.136
2415.42	354.707
2416.11	355.629
2416.81	355.552
2417.5	332.042
2418.2	334.064
2418.9	355.488
2419.59	341.221
2420.28	368.753
2420.98	328.92
2421.67	351.245
2422.37	321.542
2423.06	347.883
2423.75	332.498
2424.45	327.372
2425.14	317.23
2425.84	338.716
2426.53	346.993
2427.22	346.082
2427.91	368.566
2428.61	345.098
2429.3	330.735
2429.99	328.546
2430.68	347.69
2431.37	342.365
2432.07	340.098
2432.76	328.723
2433.45	323.506
2434.14	332.568
2434.83	353.866
2435.52	351.851
2436.21	304.147
2436.9	328.474
2437.59	337.509
2438.28	345.465
2438.97	376.692
2439.66	361.289
2440.35	349.987
2441.04	348.858
2441.72	333.599
2442.41	324.426
2443.1	341.54
2443.79	350.532
2444.48	336.253
2445.16	376.534
2445.85	362.276
2446.54	339.996
2447.23	350.062
2447.91	332.886
2448.6	330.847
2449.29	356.042
2449.97	321.667
2450.66	370.027
2451.34	347.765
2452.03	362.85
2452.72	356.777
2453.4	347.686
2454.09	356.723
2454.77	346.552
2455.46	340.359
2456.14	364.337
2456.82	371.165
2457.51	343.819
2458.19	324.597
2458.88	335.606
2459.56	362.753
2460.24	359.779
2460.92	368.886
2461.61	368.942
2462.29	353.895
2462.97	378.056
2463.66	358.927
2464.34	341.774
2465.02	371.848
2465.7	362.667
2466.38	349.457
2467.06	354.341
2467.75	385.352
2468.42	379.26
2469.11	353.154
2469.79	359.213
2470.47	370.326
2471.15	354.339
2471.83	338.333
2472.51	386.588
2473.19	367.5
2473.86	372.489
2474.54	364.402
2475.22	373.393
2475.9	356.298
2476.58	388.45
2477.26	370.435
2477.94	334.36
2478.61	345.51
2479.29	368.722
2479.97	374.824
2480.65	366.819
2481.32	364.827
2482	344.728
2482.68	375.939
2483.35	372.964
2484.03	336.784
2484.71	346.869
2485.38	345.856
2486.06	349.839
2486.73	348.771
2487.41	360.782
2488.08	357.734
2488.76	368.813
2489.43	358.823
2490.11	379.056
2490.78	367.11
2491.45	361.195
2492.13	348.205
2492.8	361.385
2493.48	355.402
2494.15	380.665
2494.82	356.547
2495.49	354.639
2496.17	346.715
2496.84	350.932
2497.51	357.185
2498.18	379.597
2498.86	383.771
2499.53	365.625
2500.2	350.458
2500.87	338.309
2501.54	368.672
2502.21	368.752
2502.88	348.659
2503.55	349.865
2504.22	360.204
2504.89	355.309
2505.56	386.875
2506.23	378.823
2506.9	364.653
2507.57	377.894
2508.24	387.121
2508.91	387.259
2509.58	379.288
2510.25	377.383
2510.91	372.381
2511.58	368.354
2512.25	380.579
2512.92	353.149
2513.59	360.331
2514.25	376.711
2514.92	367.676
2515.59	385.117
2516.25	389.308
2516.92	371.052
2517.59	368.047
2518.25	363.999
2518.92	372.174
2519.58	375.257
2520.25	357.968
2520.91	359.061
2521.58	368.356
2522.24	389.948
2522.91	395.255
2523.57	376.058
2524.24	374.212
2524.9	380.526
2525.56	387.842
2526.23	369.545
2526.89	395.263
2527.55	349.264
2528.22	377.007
2528.88	387.305
2529.54	366.815
2530.21	394.468
2530.87	398.539
2531.53	391.368
2532.19	360.686
2532.85	357.75
2533.51	337.424
2534.18	345.841
2534.84	372.731
2535.5	358.454
2536.16	374.913
2536.82	394.366
2537.48	376.775
2538.14	375.631
2538.8	375.562
2539.46	361.193
2540.12	399.273
2540.78	393.259
2541.44	382.129
2542.09	370.983
2542.75	391.688
2543.41	373.237
2544.07	375.292
2544.73	370.067
2545.39	380.206
2546.04	403.654
2546.7	389.056
2547.36	379.638
2548.02	409.29
2548.67	368.183
2549.33	372.294
2549.98	366.174
2550.64	411.394
2551.3	404.258
2551.95	410.469
2552.61	404.36
2553.26	411.605
2553.92	386.99
2554.57	406.513
2555.23	419.808
2555.88	400.162
2556.54	410.241
2557.19	416.18
2557.85	404.697
2558.5	400.445
2559.15	387.036
2559.81	430.033
2560.46	387.01
2561.11	414.691
2561.77	432.106
2562.42	427.956
2563.07	401.213
2563.72	417.432
2564.37	409.045
2565.03	439.537
2565.68	415.87
2566.33	432.155
2566.98	456.692
2567.63	421.989
2568.28	419.991
2568.93	434.301
2569.58	399.462
2570.23	395.241
2570.88	409.392
2571.53	450.115
2572.18	427.599
2572.83	437.819
2573.48	441.944
2574.13	410.316
2574.78	409.285
2575.43	431.693
2576.07	415.264
2576.72	443.734
2577.37	410.975
2578.02	419.043
2578.67	407.73
2579.31	416.794
2579.96	418.684
2580.61	413.409
2581.26	440.707
2581.9	390.659
2582.55	412.935
2583.19	428.157
2583.84	387.495
2584.49	382.473
2585.13	406.953
2585.78	392.702
2586.42	402.789
2587.07	402.606
2587.71	401.341
2588.36	399.036
2589	385.588
2589.65	420.891
2590.29	395.394
2590.93	400.385
2591.58	409.483
2592.22	401.391
2592.86	402.455
2593.51	421.801
2594.15	406.688
2594.79	386.503
2595.43	390.656
2596.07	397.83
2596.72	391.762
2597.36	402.899
2598	424.133
2598.64	416.914
2599.28	393.47
2599.92	400.489
2600.56	386.257
2601.2	413.647
2601.85	383.259
2602.49	392.422
2603.13	394.462
2603.76	391.396
2604.4	392.362
2605.04	401.432
2605.68	397.327
2606.32	398.304
2606.96	411.447
2607.6	409.365
2608.24	390.026
2608.88	377.759
2609.51	410.049
2610.15	394.761
2610.79	406.863
2611.43	385.626
2612.06	378.622
2612.7	412.173
2613.34	400.162
2613.97	413.475
2614.61	397.363
2615.25	394.404
2615.88	399.544
2616.52	411.787
2617.15	419.982
2617.79	411.95
2618.42	398.849
2619.06	427.387
2619.69	394.968
2620.33	427.548
2620.96	433.683
2621.6	413.368
2622.23	427.598
2622.86	418.464
2623.5	400.207
2624.13	420.609
2624.76	424.772
2625.4	423.852
2626.03	425.964
2626.66	424.995
2627.29	429.09
2627.93	425.04
2628.56	434.238
2629.19	462.813
2629.82	442.559
2630.45	424.347
2631.08	448.914
2631.71	450.035
2632.34	413.42
2632.98	466.497
2633.61	433.95
2634.24	474.853
2634.87	447.461
2635.5	463.968
2636.12	472.323
2636.75	464.328
2637.38	454.262
2638.01	453.368
2638.64	471.88
2639.27	486.286
2639.9	477.142
2640.53	485.36
2641.15	504.809
2641.78	503.785
2642.41	477.193
2643.04	513.042
2643.66	503.914
2644.29	484.583
2644.92	502.122
2645.54	505.322
2646.17	481.854
2646.8	510.587
2647.42	509.567
2648.05	511.592
2648.67	505.416
2649.3	514.625
2649.92	520.796
2650.55	531.114
2651.17	512.786
2651.8	520.118
2652.42	542.864
2653.05	528.688
2653.67	525.765
2654.29	524.846
2654.92	544.408
2655.54	533.122
2656.16	517.707
2656.79	548.502
2657.41	532.517
2658.03	525.676
2658.65	509.878
2659.27	540.057
2659.9	515.933
2660.52	541.44
2661.14	524.445
2661.76	543.663
2662.38	519.308
2663	559.725
2663.62	537.002
2664.24	537.015
2664.86	541.812
2665.48	567.553
2666.1	569.038
2666.72	531.847
2667.34	536.277
2667.96	541.242
2668.58	528.625
2669.2	544.07
2669.82	511.386
2670.44	550.207
2671.05	530.361
2671.67	548.65
2672.29	576.199
2672.91	557.193
2673.53	548.397
2674.14	583.18
2674.76	572.428
2675.38	572.401
2675.99	589.646
2676.61	598.492
2677.23	602.596
2677.84	625.415
2678.46	620.364
2679.07	672.381
2679.69	689.822
2680.3	714.892
2680.92	738.446
2681.53	783.346
2682.15	803.751
2682.76	818.499
2683.38	814.709
2683.99	804.446
2684.61	821.401
2685.22	820.902
2685.83	769.278
2686.44	775.964
2687.06	777.04
2687.67	783.25
2688.28	777.762
2688.9	792.844
2689.51	798.499
2690.12	809.199
2690.73	802.691
2691.34	803.29
2691.96	798.893
2692.57	825.023
2693.18	829.965
2693.79	814.157
2694.4	842.898
2695.01	824.972
2695.62	823.608
2696.23	817.127
2696.84	815.335
2697.45	829.405
2698.06	819.08
2698.67	815.781
2699.28	803.773
2699.88	803.785
2700.49	807.629
2701.1	798.596
2701.71	813.506
2702.32	803.255
2702.93	800.429
2703.53	823.855
2704.14	847.125
2704.75	834.985
2705.36	838.85
2705.96	838.65
2706.57	848.912
2707.17	839.956
2707.78	831.519
2708.39	837.663
2708.99	843.49
2709.6	863.574
2710.2	838.726
2710.81	876.803
2711.41	860.779
2712.02	859.183
2712.62	875.229
2713.23	884.637
2713.83	876.441
2714.44	879.067
2715.04	872.362
2715.64	895.361
2716.25	887.368
2716.85	907.654
2717.45	902.085
2718.05	891.943
2718.66	904.059
2719.26	921.503
2719.86	928.073
2720.46	914.947
2721.06	913.813
2721.67	909.914
2722.27	953.638
2722.87	924.942
2723.47	945.047
2724.07	957.804
2724.67	966.125
2725.27	981.625
2725.71	990.475
2726.38	949.576
2727.06	1001.16
2727.73	972.239
2728.4	971.776
2729.07	975.431
2729.74	957.881
2730.42	1000.46
2731.09	1008.7
2731.76	981.558
2732.43	985.002
2733.1	1034.25
2733.77	1003.11
2734.44	1048.19
2735.11	1039.18
2735.78	1010.68
2736.45	1030.9
2737.12	1026.59
2737.79	1049.67
2738.46	1045.26
2739.13	994.147
2739.8	1045.83
2740.47	1083.44
2741.14	1076.52
2741.81	1042.32
2742.47	1037.69
2743.14	1057.5
2743.81	1027.39
2744.48	1046.07
2745.15	1022.9
2745.81	1032.28
2746.48	1048.82
2747.15	1047.05
2747.81	1078.97
2748.48	1093.53
2749.15	1093.71
2749.81	1104.96
2750.48	1116.07
2751.15	1068.95
2751.81	1098.37
2752.48	1087.18
2753.14	1076.24
2753.81	1047.16
2754.47	1030.43
2755.14	1008.49
2755.8	1010.88
2756.47	1005.88
2757.13	999.692
2757.8	993.443
2758.46	948.428
2759.13	992.467
2759.79	1005
2760.45	991.044
2761.12	970.916
2761.78	972.121
2762.44	975.2
2763.1	984.292
2763.77	989.275
2764.43	997.428
2765.09	976.104
2765.76	1030.69
2766.42	1015.87
2767.08	1017.49
2767.74	1060.07
2768.4	1062.61
2769.06	1070.15
2769.72	1058.08
2770.38	1119.8
2771.05	1119.95
2771.71	1138.61
2772.37	1164.56
2773.03	1161.88
2773.69	1250.71
2774.35	1277.93
2775.01	1324.59
2775.67	1348.49
2776.33	1415.43
2776.99	1486.41
2777.64	1532.72
2778.3	1576.05
2778.96	1636.99
2779.62	1634.2
2780.28	1722.91
2780.94	1733.28
2781.59	1704.43
2782.25	1693.07
2782.91	1703.45
2783.57	1671.86
2784.22	1672.43
2784.88	1662.85
2785.54	1674.86
2786.2	1670.13
2786.85	1657.75
2787.51	1673.8
2788.16	1678.26
2788.82	1638.46
2789.48	1687.48
2790.13	1691.65
2790.79	1697.27
2791.44	1728.89
2792.1	1727.52
2792.75	1739.26
2793.41	1754.7
2794.06	1797.59
2794.72	1824.77
2795.37	1817.87
2796.02	1861.49
2796.68	1870.25
2797.33	1916.26
2797.98	1934.69
2798.64	1961.52
2799.29	1961.73
2799.94	1977.46
2800.6	2004.55
2801.25	2028.58
2801.9	2045.41
2802.55	2054.98
2803.21	2128.29
2803.86	2122.15
2804.51	2171.46
2805.16	2175.32
2805.81	2151.35
2806.46	2258.15
2807.11	2279.54
2807.77	2285.5
2808.42	2304.77
2809.07	2355.79
2809.72	2417.93
2810.37	2434.64
2811.02	2472.91
2811.67	2471.25
2812.32	2505.82
2812.97	2597.19
2813.61	2600.47
2814.26	2629.57
2814.91	2617.6
2815.56	2724.77
2816.21	2701.29
2816.86	2733.15
2817.51	2776.13
2818.15	2839.46
2818.8	2857.36
2819.45	2866.93
2820.1	2889.91
2820.74	2967.59
2821.39	2933.76
2822.04	3015.33
2822.69	3055.97
2823.33	3056.35
2823.98	3109.68
2824.63	3109.03
2825.27	3164.45
2825.92	3213.59
2826.56	3231.13
2827.21	3294.24
2827.85	3308.58
2828.5	3376.63
2829.14	3400.82
2829.79	3368.76
2830.43	3392.26
2831.08	3415.86
2831.72	3430.18
2832.37	3445.37
2833.01	3410.93
2833.65	3482.03
2834.3	3578.49
2834.94	3525.65
2835.58	3568.15
2836.23	3588.89
2836.87	3600.35
2837.51	3563.7
2838.16	3620.85
2838.8	3652.81
2839.44	3679.05
2840.08	3734.24
2840.72	3726.67
2841.36	3687.87
2842.01	3705.17
2842.65	3716.1
2843.29	3719.85
2843.93	3773.05
2844.57	3727.82
2845.21	3789.47
2845.85	3803.91
2846.49	3772.26
2847.13	3810.73
2847.77	3762.38
2848.41	3820.24
2849.05	3837.12
2849.69	3874.25
2850.33	3842.76
2850.97	3860.78
2851.61	3771.12
2852.24	3854.94
2852.88	3906.08
2853.52	4006.24
2854.16	3894.74
2854.8	3933.96
2855.43	3975.45
2856.07	3897.37
2856.71	3974.97
2857.35	3987.25
2857.98	3973.65
2858.62	4025.17
2859.26	4004.36
2859.89	4114.89
2860.53	4096.18
2861.16	4149.34
2861.8	4190.62
2862.44	4228.16
2863.07	4253.93
2863.71	4315.66
2864.34	4301.4
2864.98	4400.83
2865.61	4494.4
2866.25	4492.23
2866.88	4548.66
2867.52	4581.05
2868.15	4635.82
2868.78	4731.63
2869.42	4830.58
2870.05	4859.74
2870.69	4975.01
2871.32	5048.67
2871.95	5070.21
2872.58	5223.08
2873.22	5316.98
2873.85	5385.63
2874.48	5519.88
2875.11	5631.16
2875.75	5680.58
2876.38	5837.04
2877.01	5908.58
2877.64	5995.44
2878.27	6084.01
2878.9	6151.06
2879.53	6286.34
2880.16	6375.42
2880.79	6493.72
2881.42	6570.56
2882.05	6689.25
2882.68	6811.85
2883.31	6892.25
2883.94	6952.8
2884.57	7083.12
2885.2	7173.17
2885.83	7224.57
2886.46	7297.89
2887.09	7341.39
2887.72	7368.03
2888.35	7463.12
2888.97	7416.9
2889.6	7478.17
2890.23	7498.83
2890.86	7566.73
2891.49	7648.26
2892.11	7572.57
2892.74	7659.99
2893.37	7637.52
2893.99	7683.73
2894.62	7779.47
2895.25	7748.08
2895.87	7751.3
2896.5	7775.66
2897.12	7910.68
2897.75	7816.55
2898.38	7809.48
2899	7845.14
2899.63	7872.3
2900.25	7977.21
2900.88	8053.51
2901.5	8107.93
2902.12	8173.25
2902.75	8074.71
2903.37	8173.78
2904	8086.84
2904.62	8115.44
2905.25	8103.06
2905.87	8172
2906.49	8172.03
2907.11	8067.46
2907.74	8114.62
2908.36	8031.76
2908.98	7954.6
2909.6	8001.9
2910.23	7914.25
2910.85	7919
2911.47	7802.67
2912.09	7690.04
2912.71	7635.79
2913.33	7640.07
2913.96	7486.69
2914.58	7341.61
2915.2	7242.72
2915.82	7129.14
2916.44	7047.19
2917.06	6954.94
2917.68	6816.57
2918.3	6740.02
2918.92	6665.08
2919.54	6523.32
2920.16	6503.77
2920.77	6397.86
2921.39	6391.83
2922.01	6372.81
2922.63	6263.38
2923.25	6304.65
2923.87	6273.81
2924.48	6208.98
2925.1	6186.22
2925.72	6178.52
2926.34	6262.88
2926.95	6247.84
2927.57	6195.61
2928.19	6114.68
2928.8	6189.36
2929.42	6151.08
2930.04	6220.5
2930.65	6229.54
2931.27	6196.84
2931.89	6269.12
2932.5	6338.72
2933.12	6348.52
2933.73	6366.97
2934.35	6408.8
2934.96	6448.85
2935.58	6478.61
2936.19	6513.77
2936.81	6636.94
2937.42	6604.79
2938.03	6612.63
2938.65	6720.68
2939.26	6705.85
2939.88	6790.05
2940.49	6769.53
2941.1	6788.77
2941.71	6758
2942.33	6814.69
2942.94	6711.44
2943.55	6740.68
2944.17	6758.11
2944.78	6703.69
2945.39	6728.95
2946	6676.82
2946.61	6678.83
2947.22	6697.93
2947.83	6646.89
2948.45	6601.24
2949.06	6504.1
2949.67	6511.7
2950.28	6466.78
2950.89	6480.93
2951.5	6395
2952.11	6297.31
2952.72	6213.33
2953.33	6063.37
2953.94	6131.88
2954.54	5977.82
2955.15	5880.33
2955.76	5856.74
2956.37	5800.59
2956.98	5677.19
2957.59	5652.62
2958.2	5527.36
2958.8	5409.8
2959.41	5408.04
2960.02	5301.39
2960.63	5199.18
2961.23	5086.98
2961.84	5012.59
2962.45	5006.24
2963.05	4862.15
2963.66	4816.8
2964.27	4687.96
2964.87	4649.7
2965.48	4620.44
2966.08	4502.86
2966.69	4387.07
2967.29	4335.53
2967.9	4285.21
2968.5	4197.11
2969.11	4112.88
2969.71	4035.1
2970.32	3929.2
2970.92	3880.63
2971.53	3815.05
2972.13	3725.77
2972.74	3653.4
2973.34	3599.7
2973.94	3506.23
2974.54	3436.15
2975.15	3408.43
2975.75	3311.55
2976.35	3225.7
2976.96	3138.37
2977.56	3110.8
2978.16	3038.1
2978.76	2952.98
2979.36	2916
2979.97	2882.2
2980.57	2805.48
2981.17	2719.45
2981.77	2691.6
2982.37	2609.94
2982.97	2603.75
2983.57	2516.36
2984.17	2431.19
2984.77	2384.34
2985.37	2353.42
2985.97	2304.61
2986.57	2240.79
2987.17	2198.55
2987.77	2168.44
2988.37	2096
2988.97	2045.77
2989.57	2036.25
2990.17	1962.03
2990.76	1949.31
2991.36	1867.05
2991.96	1855.62
2992.56	1772.6
2993.16	1759.21
2993.75	1689.37
2994.35	1702.28
2994.95	1622.94
2995.54	1620.34
2996.14	1539.14
2996.74	1514.45
2997.33	1480.81
2997.93	1449.36
2998.52	1427.19
2999.12	1390.67
2999.72	1383.77
3000.31	1351.26
3000.91	1343.32
3001.5	1288.26
3002.1	1285.39
3002.69	1242.48
3003.29	1254.76
3003.88	1187.07
3004.47	1182.87
3005.07	1192.08
3005.66	1099.07
3006.26	1128.15
3006.85	1091.82
3007.44	1070.9
3008.04	1079.65
3008.63	1046.14
3009.22	1025.74
3009.81	995.908
3010.41	1025.52
3011	964.841
3011.59	951.486
3012.18	928.001
3012.77	955.932
3013.36	900.731
3013.96	931.751
3014.55	921.662
3015.14	896.173
3015.73	873.828
3016.32	873.147
3016.91	832.399
3017.5	870.824
3018.09	830.941
3018.68	824.886
3019.27	843.451
3019.86	821.862
3020.45	811.68
3021.04	798.526
3021.63	774.127
3022.22	805.399
3022.8	797.459
3023.39	774.977
3023.98	755.499
3024.57	740.11
3025.16	750.518
3025.74	757.847
3026.33	728.014
3026.92	748.707
3027.5	737.335
3028.09	706.293
3028.68	706.2
3029.26	728.85
3029.85	726.836
3030.44	728.041
3031.02	696.31
3031.61	732.766
3032.19	721.69
3032.78	718.793
3033.37	681.682
3033.95	692.04
3034.54	670.316
3035.12	693.04
3035.71	695.115
3036.29	689.973
3036.87	676.568
3037.46	715.884
3038.04	705.597
3038.63	691.218
3039.21	652.088
3039.79	681.299
3040.38	683.692
3040.96	667.465
3041.54	677.063
3042.12	657.529
3042.71	693.791
3043.29	676.028
3043.87	677.864
3044.45	666.234
3045.03	635.016
3045.62	669.111
3046.2	686.772
3046.78	660.024
3047.36	685.07
3047.94	688.362
3048.52	675.024
3049.1	674.045
3049.68	676.116
3050.26	680.221
3050.84	705.025
3051.42	659.396
3052	696.62
3052.58	689.315
3053.16	678.918
3053.74	672.695
3054.32	701.73
3054.89	674.923
3055.47	669.926
3056.05	655.644
3056.63	668.303
3057.21	685.064
3057.78	677.893
3058.36	708.981
3058.94	695.4
3059.52	677.64
3060.09	703.427
3060.67	698.18
3061.25	715.799
3061.82	696.162
3062.4	728.342
3062.97	688.978
3063.55	705.515
3064.13	731.327
3064.7	713.619
3065.28	693.886
3065.85	677.322
3066.43	693.954
3067	691.939
3067.58	701.26
3068.15	701.155
3068.72	711.294
3069.3	718.252
3069.87	707.615
3070.45	712.576
3071.02	719.724
3071.59	680.453
3072.17	704.338
3072.74	716.85
3073.31	703.436
3073.89	699.237
3074.46	733.229
3075.03	702.047
3075.6	705.041
3076.17	705.033
3076.74	707.2
3077.32	703.247
3077.89	708.63
3078.46	688.122
3079.03	700.651
3079.6	720.331
3080.17	703.695
3080.74	711.813
3081.31	728.148
3081.88	704.132
3082.45	736.977
3083.02	751.222
3083.59	729.324
3084.16	710.544
3084.73	712.424
3085.3	730.832
3085.87	723.483
3086.43	729.624
3087	733.794
3087.57	752.488
3088.14	723.741
3088.71	758.964
3089.28	706.368
3089.84	735.251
3090.41	669.107
3090.98	739.197
3091.54	755.602
3092.11	749.305
3092.68	739.91
3093.24	722.253
3093.81	735.533
3094.38	777.688
3094.94	763.153
3095.51	729.059
3096.07	723.838
3096.64	769.101
3097.2	746.324
3097.77	755.493
3098.33	752.336
3098.9	757.489
3099.46	766.832
3100.03	763.854
3100.59	759.835
3101.15	779.47
3101.72	745.446
3102.28	765.979
3102.84	754.53
3103.41	748.213
3103.97	770.723
3104.53	789.096
3105.1	800.249
3105.66	785.674
3106.22	772.154
3106.78	766.901
3107.34	789.454
3107.91	785.285
3108.47	795.537
3109.03	791.423
3109.59	775.025
3110.15	779.275
3110.71	784.632
3111.27	804.44
3111.83	817.02
3112.39	807.872
3112.95	820.199
3113.51	810.771
3114.07	811.576
3114.63	786.674
3115.19	825.646
3115.75	814.301
3116.31	825.656
3116.87	808.214
3117.43	834.964
3117.98	814.307
3118.54	822.379
3119.1	832.464
3119.66	835.358
3120.22	835.219
3120.77	833.094
3121.33	819.723
3121.89	834.121
3122.44	835.133
3123	830.943
3123.56	865.717
3124.11	835.701
3124.67	851.885
3125.23	852.694
3125.78	841.265
3126.34	841.229
3126.89	890.559
3127.45	864.016
3128	870.353
3128.56	865.388
3129.11	898.382
3129.67	839.906
3130.22	877.904
3130.78	872.688
3131.33	875.622
3131.88	905.197
3132.44	896.764
3132.99	841.149
3133.54	899.472
3134.1	873.726
3134.65	927.027
3135.2	877.81
3135.76	907.605
3136.31	902.535
3136.86	917.974
3137.41	909.797
3137.96	880.051
3138.51	886.188
3139.07	911.798
3139.62	926.116
3140.17	899.409
3140.72	913.746
3141.27	925.02
3141.82	920.914
3142.37	960.896
3142.92	891.107
3143.47	974.104
3144.02	923.793
3144.57	937.108
3145.12	926.921
3145.67	960.923
3146.22	953.978
3146.77	928.585
3147.32	930.858
3147.86	978.22
3148.41	966.97
3148.96	952.536
3149.51	956.495
