401.058	1899.04
402.149	1939.89
403.243	2009.87
404.332	1944.5
405.424	1965.94
406.515	1838.41
407.606	1761.1
408.697	1728.27
409.785	1704.99
410.876	1646.05
411.967	1565.5
413.055	1571.95
414.143	1483.6
415.233	1518.46
416.321	1484.94
417.409	1490.52
418.499	1498.92
419.586	1590.02
420.673	1606.21
421.761	1644.97
422.848	1756.14
423.935	1815.83
425.02	1834.16
426.106	1896.8
427.193	1927
428.278	1994.73
429.364	2023.56
430.45	2122.27
431.534	2192.62
432.618	2167.83
433.704	2217.1
434.788	2250.27
435.871	2309.42
436.955	2287.73
438.038	2231.92
439.123	2162.34
440.204	2142.63
441.287	2099.5
442.37	1949.18
443.452	1899.44
444.535	1751.85
445.615	1702.49
446.698	1650.78
447.78	1521.92
448.86	1342.94
449.939	1326.71
451.021	1227.46
452.101	1145.91
453.18	1145.85
454.262	1163.3
455.341	1084
456.42	1066.53
457.499	1060.02
458.578	1048.88
459.654	973.843
460.733	1027.99
461.811	1051.66
462.89	922.049
463.966	930.842
465.044	1002.87
466.12	987.449
467.197	991.513
468.273	938.644
469.349	962.832
470.426	937.31
471.501	961.75
472.576	977.607
473.651	992.532
474.726	1058.67
475.801	969.122
476.876	1000.43
477.95	1021.6
479.022	1075.17
480.097	1117.41
481.171	1074.17
482.243	1124.36
483.317	1124.43
484.388	1213.25
485.46	1232.6
486.533	1294.33
487.605	1393.68
488.676	1373
489.747	1445.4
490.818	1457.14
491.889	1569.39
492.959	1575.21
494.03	1602.38
495.1	1654.36
496.171	1714.39
497.239	1749.28
498.309	1764.55
499.379	1765.87
500.446	1785.58
501.514	1716.74
502.584	1726.14
503.651	1698.4
504.718	1773.45
505.788	1785.54
506.855	1711.63
507.921	1709.08
508.988	1728.47
510.055	1791.82
511.119	1801.24
512.186	1862.11
513.252	1858.12
514.318	1901.03
515.382	1974.36
516.448	2026.76
517.512	2131.69
518.577	2161.61
519.641	2146.75
520.704	2282.16
521.768	2299.13
522.833	2383.48
523.896	2344.02
524.959	2374.21
526.021	2495.29
527.084	2443.85
528.144	2525.09
529.207	2652.49
530.269	2638.87
531.331	2676.9
532.391	2706.68
533.453	2745.59
534.513	2668.92
535.572	2669.81
536.634	2682.09
537.693	2602.46
538.752	2520.33
539.812	2494.74
540.87	2408.98
541.929	2300.48
542.988	2231.53
544.047	2145.95
545.105	2094.56
546.164	1942.58
547.22	1873.74
548.278	1758.41
549.336	1710.83
550.392	1644.5
551.448	1536.4
552.505	1533.03
553.561	1462.83
554.616	1395.61
555.671	1368.44
556.728	1268.41
557.783	1274.3
558.836	1215.63
559.891	1202.36
560.946	1168.57
562	1131.22
563.055	1133.04
564.107	1073.01
565.161	1068.73
566.213	1028.37
567.267	1059.21
568.318	1020.62
569.37	974.659
570.424	1001.71
571.475	978.941
572.526	958.077
573.577	1029.45
574.628	1052.85
575.679	1036.65
576.73	1058.27
577.781	1088.26
578.829	1064.06
579.88	1032.61
580.93	1025.13
581.978	989.108
583.026	954.883
584.076	950.04
585.124	976.424
586.172	927.413
587.221	1002.46
588.269	1042.5
589.316	1055.81
590.363	992.826
591.41	1021.59
592.457	1065.98
593.502	1006.07
594.549	1013.42
595.595	960.612
596.64	900.653
597.686	927.907
598.73	916.457
599.776	898.265
600.82	891.746
601.864	849.268
602.908	814.231
603.953	842.834
604.997	843.251
606.04	763.829
607.083	800.365
608.125	861.72
609.168	760.629
610.211	822.497
611.253	799.396
612.294	754.142
613.336	787.331
614.377	768.941
615.419	822.519
616.459	758.887
617.499	823.396
618.539	811.247
619.579	807.366
620.619	769.387
621.658	796.013
622.698	781.206
623.737	774.747
624.776	820.892
625.815	807.147
626.852	834.046
627.891	790.886
628.928	748.644
629.966	716.495
631.003	742.406
632.041	743.219
633.077	751.254
634.114	733.354
635.15	703.489
636.185	692.184
637.221	708.684
638.257	674.584
639.292	700.471
640.328	677.422
641.361	655.16
642.396	671.464
643.431	647.062
644.464	657.611
645.497	636.883
646.532	622.722
647.564	629.865
648.597	634.379
649.629	610.451
650.663	639.833
651.695	617.642
652.727	656.933
653.757	613.412
654.789	622.231
655.821	665.021
656.852	661.98
657.882	643.449
658.913	660.776
659.942	625.853
660.973	649.597
662.002	637.494
663.031	699.597
664.06	682.028
665.09	684.842
666.119	688.845
667.147	718.783
668.175	673.523
669.201	695.246
670.229	693.79
671.257	665.395
672.285	679.171
673.311	653.334
674.338	682.836
675.363	626.861
676.389	656.653
677.416	653.308
678.441	666.474
679.466	648.118
680.491	661.893
681.515	660.81
682.54	679.101
683.565	636.61
684.589	708.634
685.613	678.408
686.635	678.717
687.659	721.557
688.681	736.696
689.705	753.653
690.727	755.764
691.75	755.053
692.772	747.818
693.793	793.306
694.814	776.693
695.835	838.707
696.856	911.738
697.877	867.094
698.898	911.299
699.918	881.463
700.937	907.198
701.957	874.676
702.978	868.081
703.996	877.198
705.016	839.102
706.034	849.992
707.052	824.794
708.069	845.827
709.087	853.942
710.107	783.558
711.124	850
712.139	767.72
713.156	760.312
714.173	751.036
715.19	715.815
716.205	730.38
717.222	747.577
718.238	700.963
719.253	704.16
720.267	669.562
721.283	694.009
722.297	712.966
723.311	674.893
724.325	659.904
725.339	683.619
726.353	709.244
727.366	696.311
728.38	682.509
729.391	669.618
730.404	704.488
731.417	694.15
732.428	712.181
733.441	670.377
734.452	728.696
735.463	693.414
736.475	664.711
737.486	684.788
738.496	668.281
739.506	683.029
740.516	630.776
741.526	655.559
742.534	629.782
743.544	656.258
744.554	617.551
745.561	626.569
746.571	607.183
747.578	644.711
748.587	596.06
749.594	609.819
750.601	606.186
751.608	575.065
752.615	603.639
753.621	554.24
754.628	616.93
755.634	599.779
756.641	555.065
757.647	571.077
758.651	583.45
759.657	587.547
760.663	563.031
761.666	595.674
762.67	535.928
763.676	589.706
764.679	544.531
765.682	536.231
766.686	532.497
767.689	571.279
768.692	597.19
769.694	578.862
770.697	557.914
771.698	543.565
772.7	594.164
773.703	570.567
774.703	609.933
775.703	572.004
776.705	588.684
777.705	625.682
778.705	567.939
779.705	581.81
780.705	591.163
781.704	617.343
782.704	580.364
783.703	609.344
784.702	640.122
785.701	628.975
786.698	658.727
787.697	652.223
788.694	621.584
789.693	652.409
790.689	721.426
791.686	674.032
792.682	728.037
793.68	733.536
794.676	747.38
795.672	731.476
796.666	840.441
797.662	860.162
798.658	850.134
799.653	859.615
800.647	901.561
801.642	900.435
802.636	867.461
803.631	890.264
804.624	856.261
805.617	865.087
806.61	830.23
807.602	849.276
808.595	796.746
809.587	814.763
810.58	777.101
811.572	776.612
812.564	796.596
813.554	799.989
814.546	827.514
815.536	871.703
816.528	881.595
817.518	895.159
818.507	883.74
819.499	939.854
820.488	990.399
821.477	1031.63
822.466	1064.41
823.455	1152.42
824.444	1238.35
825.431	1281.73
826.42	1401.68
827.408	1530.04
828.395	1603.33
829.383	1687.8
830.369	1877.16
831.356	1989.71
832.342	2179.93
833.33	2296.92
834.315	2525.81
835.301	2707.06
836.287	2898.97
837.27	3093.45
838.256	3188.47
839.241	3314.04
840.226	3296.29
841.209	3264.52
842.194	3250.93
843.177	3128.02
844.16	2884.85
845.145	2806.26
846.127	2665.27
847.11	2496.67
848.092	2455.76
849.074	2413.79
850.056	2435.08
851.039	2390.84
852.018	2459.49
853	2486.57
853.982	2551.32
854.962	2614.37
855.941	2600.53
856.923	2570.55
857.902	2506.9
858.881	2421.35
859.86	2336.68
860.839	2204.88
861.818	2061.7
862.797	1964.23
863.776	1916.23
864.754	1810.96
865.733	1777.44
866.709	1720.93
867.687	1682.02
868.664	1664.41
869.642	1652.49
870.618	1594.69
871.594	1533.3
872.569	1556.65
873.545	1482.4
874.521	1464.29
875.496	1479.28
876.471	1445.35
877.447	1417.73
878.42	1381.7
879.395	1397.18
880.37	1346.28
881.343	1338.74
882.315	1350.66
883.29	1316.65
884.262	1306.68
885.235	1312.38
886.207	1285.74
887.179	1328.13
888.151	1256.11
889.123	1295.6
890.095	1300.09
891.065	1330.45
892.037	1352.57
893.009	1337.84
893.978	1377.51
894.948	1331.48
895.919	1443.19
896.888	1465.61
897.857	1577.63
898.826	1615.91
899.795	1732.53
900.764	1758.46
901.732	1868.99
902.701	1974.62
903.668	2051.45
904.636	2125.5
905.604	2231.04
906.57	2305.5
907.538	2346.21
908.504	2417.72
909.47	2433.33
910.436	2411.35
911.402	2451.31
912.367	2411.78
913.333	2393.28
914.298	2252.45
915.264	2189.95
916.229	2085.73
917.192	2095.32
918.157	1986.67
919.12	1853.15
920.084	1868.73
921.047	1810.2
922.01	1755.23
922.972	1641.65
923.935	1609.5
924.897	1528.15
925.859	1481.14
926.821	1466.68
927.783	1430.95
928.743	1358.07
929.705	1270.22
930.667	1275.15
931.626	1257.72
932.586	1233.8
933.547	1209.98
934.506	1173.27
935.466	1158.07
936.425	1147.56
937.384	1096.95
938.343	1117.03
939.301	1098.8
940.26	1152.34
941.217	1121.01
942.175	1163.51
943.132	1154.78
944.09	1143.32
945.046	1162.75
946.002	1129.74
946.96	1163.11
947.916	1135.52
948.872	1176.26
949.828	1169.14
950.783	1191.02
951.737	1128.37
952.692	1168.78
953.647	1160.27
954.601	1182.66
955.556	1180.7
956.509	1178.92
957.464	1226.18
958.417	1236.12
959.369	1205.73
960.322	1230.63
961.275	1206.34
962.227	1240.91
963.179	1294.03
964.132	1284.13
965.082	1350.5
966.034	1295.09
966.984	1328.26
967.936	1386.97
968.885	1451.29
969.837	1486.23
970.787	1453.15
971.736	1539.15
972.686	1566.69
973.635	1651.51
974.584	1666.01
975.533	1673.19
976.48	1767.82
977.429	1748.95
978.378	1793
979.325	1861.45
980.273	1777.81
981.22	1822.71
982.166	1815.87
983.113	1778.82
984.061	1802.49
985.007	1756.53
985.953	1757.3
986.897	1640.12
987.843	1635.52
988.789	1583.47
989.734	1541.04
990.678	1500.62
991.623	1458.33
992.567	1425.29
993.51	1397.68
994.453	1326.96
995.398	1339.32
996.341	1251.77
997.284	1244.58
998.227	1202.02
999.168	1207.12
1000.11	1182.45
1001.05	1163.46
1001.99	1200.43
1002.94	1125.74
1003.88	1088.43
1004.82	1126.69
1005.76	1154.82
1006.7	1096.37
1007.64	1117.06
1008.58	1119.92
1009.52	1128.17
1010.46	1164.18
1011.4	1135.83
1012.34	1148.56
1013.27	1140.11
1014.21	1133.83
1015.15	1142.74
1016.09	1137.83
1017.03	1134.76
1017.96	1193.16
1018.9	1167.32
1019.84	1119.81
1020.77	1160.94
1021.71	1121.81
1022.65	1203.37
1023.58	1189.88
1024.52	1205.64
1025.45	1202.85
1026.39	1215.97
1027.32	1248.63
1028.26	1200.42
1029.19	1303.98
1030.12	1235.71
1031.06	1267.91
1031.99	1234.56
1032.92	1254.98
1033.86	1244.6
1034.79	1288.89
1035.72	1225.82
1036.65	1253
1037.59	1310.23
1038.52	1231.5
1039.45	1242.33
1040.38	1303.19
1041.31	1293.26
1042.24	1362.65
1043.17	1342.23
1044.1	1345.36
1045.03	1382.54
1045.96	1393.36
1046.89	1443.22
1047.82	1412.91
1048.75	1471.89
1049.68	1489.34
1050.61	1481.12
1051.53	1528.71
1052.46	1490.43
1053.39	1523.09
1054.32	1610.64
1055.24	1623.92
1056.17	1642.98
1057.1	1727.88
1058.02	1752.13
1058.95	1799.37
1059.88	1836.16
1060.8	1811.95
1061.73	1772.42
1062.65	1760.53
1063.58	1732.52
1064.5	1697.89
1065.43	1727.07
1066.35	1743.56
1067.27	1831.08
1068.2	1826.38
1069.12	1846.98
1070.04	1902.68
1070.97	1942.41
1071.89	1929.39
1072.81	1915.1
1073.73	1930.76
1074.65	1902.77
1075.58	1898.4
1076.5	1907.95
1077.42	1887.59
1078.34	1819.39
1079.26	1832
1080.18	1738.08
1081.1	1689.91
1082.02	1616.12
1082.94	1585.13
1083.86	1495.22
1084.78	1475.63
1085.7	1404.82
1086.61	1431.9
1087.53	1351.85
1088.45	1370.56
1089.37	1326.65
1090.28	1351.9
1091.2	1292.64
1092.12	1304.4
1093.03	1310.43
1093.95	1305.15
1094.87	1419.29
1095.78	1429.43
1096.7	1464.31
1097.61	1482.22
1098.53	1528.49
1099.44	1525.48
1100.36	1583.86
1101.27	1609.01
1102.19	1610.41
1103.1	1630.66
1104.01	1635.79
1104.93	1729.82
1105.84	1751.28
1106.75	1767.34
1107.67	1770.48
1108.58	1817.32
1109.49	1836.81
1110.4	1854.2
1111.31	1830.59
1112.22	1936.25
1113.14	1968.88
1114.05	1984.5
1114.96	1994.61
1115.87	2054.11
1116.78	2135.54
1117.69	2236.82
1118.6	2231.07
1119.51	2289.25
1120.42	2384.91
1121.32	2441.73
1122.23	2425.16
1123.14	2431.91
1124.05	2484.87
1124.96	2442.21
1125.86	2374.4
1126.77	2368.98
1127.68	2292.95
1128.58	2236.02
1129.49	2199.14
1130.4	2185.34
1131.3	2213.86
1132.21	2237.65
1133.11	2176.5
1134.02	2235.28
1134.92	2286.11
1135.83	2226.46
1136.73	2258.94
1137.64	2253.41
1138.54	2203
1139.44	2135.21
1140.35	2127.11
1141.25	2073.42
1142.15	2017.95
1143.06	1964.51
1143.96	1861.66
1144.86	1784.41
1145.76	1784.07
1146.66	1713.06
1147.57	1580.85
1148.47	1581.86
1149.37	1482.78
1150.27	1470.4
1151.17	1336.11
1152.07	1296.19
1152.97	1227.67
1153.87	1185.79
1154.77	1153.36
1155.67	1085.58
1156.57	1012.98
1157.46	1005.17
1158.36	918.362
1159.26	885.969
1160.16	850.824
1161.05	871.007
1161.95	834.921
1162.85	782.488
1163.75	774.673
1164.64	726.665
1165.54	726.208
1166.44	700.998
1167.33	720.611
1168.23	707.061
1169.12	693.641
1170.02	684.1
1170.91	660.3
1171.81	628.853
1172.7	672.478
1173.59	632.352
1174.49	648.265
1175.38	642.248
1176.27	650.422
1177.17	631.01
1178.06	592.638
1178.95	611.23
1179.84	616.621
1180.74	578.519
1181.63	605.875
1182.52	608.605
1183.41	636.855
1184.3	629.952
1185.19	616.327
1186.08	615.891
1186.97	616.384
1187.86	642.395
1188.75	622.136
1189.64	672.674
1190.53	656.189
1191.42	651.034
1192.31	647.806
1193.2	643.721
1194.09	667.997
1194.97	689.557
1195.86	674.467
1196.75	688.529
1197.64	706.288
1198.52	682.578
1199.41	700.266
1200.29	719.862
1201.18	721.638
1202.07	726.276
1202.95	769.466
1203.84	764.595
1204.72	773.709
1205.61	751.698
1206.49	802.024
1207.38	783.844
1208.26	762.107
1209.14	752.8
1210.03	761.53
1210.91	749.684
1211.79	761.311
1212.68	775.625
1213.56	745.51
1214.44	775.39
1215.32	754.324
1216.21	783.978
1217.09	764.83
1217.97	766.532
1218.85	785.387
1219.73	806.393
1220.61	792.842
1221.49	803.867
1222.37	877.093
1223.25	936.165
1224.13	965.841
1225.01	1024.55
1225.89	1112.34
1226.77	1148.17
1227.65	1215.24
1228.52	1207.03
1229.4	1183.02
1230.28	1153.55
1231.16	1165.79
1232.03	1203.66
1232.91	1192.27
1233.79	1246.14
1234.66	1213.59
1235.54	1159.95
1236.42	1150.73
1237.29	1121.5
1238.17	1072.3
1239.04	1030.73
1239.92	1020.57
1240.79	980.071
1241.67	975.73
1242.54	924.804
1243.41	910.963
1244.29	939.027
1245.16	928.089
1246.03	918.115
1246.91	898.574
1247.78	910.427
1248.65	926.931
1249.52	921.329
1250.4	925.15
1251.27	938.466
1252.14	931.758
1253.01	959.51
1253.88	992.134
1254.75	950.297
1255.62	965.749
1256.49	998.313
1257.36	1003.03
1258.23	1033.4
1259.1	1037.86
1259.97	1050.85
1260.84	1024.69
1261.71	1079.73
1262.57	1084.24
1263.44	1086.93
1264.31	1151.71
1265.18	1160.22
1266.05	1162.98
1266.91	1181.89
1267.78	1239.82
1268.65	1325.3
1269.51	1376.33
1270.38	1496.83
1271.24	1554.31
1272.11	1640.24
1272.97	1714.62
1273.84	1780.33
1274.7	1814.61
1275.57	1875.51
1276.43	1889.85
1277.3	1896.49
1278.16	1879.84
1279.02	1863.89
1279.89	1780.95
1280.75	1755.07
1281.61	1691.12
1282.48	1606.91
1283.34	1513.47
1284.2	1421.7
1285.06	1362.7
1285.92	1297.68
1286.78	1274.92
1287.65	1187.33
1288.51	1139.93
1289.37	1123.32
1290.23	1077.8
1291.09	1051.99
1291.95	1012
1292.81	976.369
1293.67	977.139
1294.52	950.795
1295.38	963.006
1296.24	942.571
1297.1	898.379
1297.96	895.278
1298.81	897.931
1299.67	883.609
1300.53	858.302
1301.39	897.03
1302.24	851.808
1303.1	880.837
1303.95	866.318
1304.81	856.635
1305.67	870.473
1306.52	879.507
1307.38	893.092
1308.23	886.805
1309.09	885.923
1309.94	889.941
1310.8	883.252
1311.65	882.978
1312.5	898.358
1313.35	918.719
1314.21	931.369
1315.06	946.017
1315.91	956.527
1316.77	959.586
1317.62	999.075
1318.47	1007.75
1319.32	1034.39
1320.17	1074.41
1321.02	1100.16
1321.87	1149.12
1322.73	1151.8
1323.57	1181.29
1324.43	1220.19
1325.28	1250.08
1326.13	1262.66
1326.97	1328.86
1327.82	1328.15
1328.67	1341.12
1329.52	1381.49
1330.37	1402.76
1331.22	1432.18
1332.06	1452.19
1332.91	1479.19
1333.76	1488.23
1334.61	1503.58
1335.45	1529.16
1336.3	1538.4
1337.15	1553.19
1337.99	1546.42
1338.84	1527.67
1339.68	1602.33
1340.53	1599.89
1341.37	1601.1
1342.22	1611.75
1343.06	1639.79
1343.91	1646.35
1344.75	1653.35
1345.6	1645.48
1346.44	1656.41
1347.28	1661.27
1348.12	1657.41
1348.97	1662.54
1349.81	1668.95
1350.65	1654.97
1351.49	1644.03
1352.33	1637.21
1353.18	1656.51
1354.02	1666.35
1354.86	1684.13
1355.7	1688.09
1356.54	1696.3
1357.38	1735.82
1358.22	1701.67
1359.06	1687.78
1359.9	1673.57
1360.74	1660.15
1361.58	1712.24
1362.42	1649.2
1363.25	1680.88
1364.09	1677.28
1364.93	1647.48
1365.77	1637.26
1366.6	1643.28
1367.19	1656.41
1368.1	1700.99
1369.01	1664.77
1369.92	1650.08
1370.83	1630.31
1371.74	1637.96
1372.65	1648.42
1373.56	1568.25
1374.47	1616.96
1375.37	1585.92
1376.28	1557.76
1377.19	1519.68
1378.1	1558.14
1379	1535.62
1379.91	1515.06
1380.82	1481.76
1381.72	1468.04
1382.63	1433.64
1383.54	1423.56
1384.44	1475.89
1385.35	1432.27
1386.25	1442.38
1387.16	1451.54
1388.06	1414.07
1388.97	1430.27
1389.87	1421.28
1390.78	1445.39
1391.68	1480.21
1392.59	1422.86
1393.49	1450.86
1394.39	1393.49
1395.3	1368.97
1396.2	1284.44
1397.1	1222.22
1398	1174.63
1398.91	1138.8
1399.81	1081.02
1400.71	1101.38
1401.61	1074.61
1402.52	1036.3
1403.42	1029.63
1404.32	990.276
1405.22	996.969
1406.12	974.964
1407.02	933.966
1407.92	950.557
1408.82	943.366
1409.72	937.236
1410.62	934.005
1411.52	937.433
1412.42	911.187
1413.32	924.966
1414.21	917.68
1415.11	862.699
1416.01	889.683
1416.91	869.048
1417.81	900.817
1418.71	861.344
1419.6	857.223
1420.5	862.776
1421.4	844.707
1422.29	833.361
1423.19	860.978
1424.09	850.456
1424.98	843.616
1425.88	869.009
1426.77	863.94
1427.67	854.144
1428.56	802.607
1429.46	837.6
1430.35	838.458
1431.25	851.741
1432.14	879.377
1433.04	872.911
1433.93	865.601
1434.82	935.449
1435.72	910.218
1436.61	941.203
1437.5	993.224
1438.39	956.573
1439.29	1022.96
1440.18	1043.49
1441.07	1097.4
1441.96	1125.44
1442.85	1123.82
1443.75	1129.95
1444.64	1192.74
1445.53	1196.42
1446.42	1189.67
1447.31	1197.26
1448.2	1224.84
1449.09	1253.18
1449.98	1244.8
1450.87	1279.61
1451.76	1337.61
1452.65	1298.74
1453.54	1315.03
1454.43	1303.67
1455.31	1324.2
1456.2	1327.19
1457.09	1338.49
1457.98	1331
1458.87	1344.48
1459.75	1358.88
1460.64	1379.34
1461.53	1404.1
1462.41	1431.22
1463.3	1445.96
1464.19	1504.23
1465.07	1569.95
1465.96	1596.4
1466.85	1642.85
1467.73	1626.09
1468.61	1605.54
1469.5	1554.14
1470.38	1537.85
1471.27	1537.17
1472.15	1500.53
1473.04	1558.91
1473.92	1615.18
1474.8	1635.37
1475.69	1625.43
1476.57	1608.84
1477.45	1620.67
1478.34	1623.09
1479.22	1556.64
1480.1	1546.41
1480.98	1508.57
1481.86	1533.37
1482.75	1498.33
1483.63	1450.35
1484.51	1387.84
1485.39	1291.71
1486.27	1156.32
1487.15	1021.33
1488.03	918.496
1488.91	830.175
1489.79	758.204
1490.67	724.799
1491.55	690.337
1492.43	654.915
1493.31	616.682
1494.19	580.496
1495.07	583.919
1495.94	562.308
1496.82	541.653
1497.7	544.062
1498.58	548.332
1499.45	506.471
1500.33	515.517
1501.21	501.558
1502.09	483.816
1502.96	483.352
1503.84	472.386
1504.72	490.1
1505.59	459.085
1506.47	492.959
1507.34	484.821
1508.22	477.648
1509.09	464.803
1509.97	482.444
1510.84	456.415
1511.72	449.442
1512.59	455.767
1513.46	463.946
1514.34	444.561
1515.21	460.178
1516.08	480.445
1516.96	449.621
1517.83	433.029
1518.7	458.932
1519.57	448.082
1520.45	452.362
1521.32	465.162
1522.19	446.039
1523.06	455.195
1523.93	442.776
1524.8	431.312
1525.67	450.822
1526.54	443.038
1527.41	429.579
1528.28	416.112
1529.16	432.663
1530.02	427.69
1530.89	441.516
1531.76	427.309
1532.63	405.663
1533.5	429.928
1534.37	431.709
1535.24	446.576
1536.11	437.064
1536.97	447.203
1537.84	404.929
1538.71	458.18
1539.57	419.755
1540.44	442.254
1541.31	452.649
1542.18	445.273
1543.04	451.946
1543.91	448.252
1544.77	437.915
1545.64	439.701
1546.5	436.76
1547.37	440.411
1548.24	448.846
1549.1	428.317
1549.96	434.215
1550.83	404.484
1551.69	418.991
1552.56	414.629
1553.42	400.72
1554.28	426.342
1555.15	417.9
1556.01	415.116
1556.87	419.967
1557.73	444.814
1558.6	443.298
1559.46	437.09
1560.32	428.929
1561.18	412.099
1562.04	420.813
1562.9	418.038
1563.77	427.616
1564.63	431.533
1565.49	441.262
1566.35	418.675
1567.21	404.709
1568.07	431.856
1568.93	427.468
1569.79	412.483
1570.64	444.407
1571.5	425.448
1572.36	448.686
1573.22	428.696
1574.08	442.368
1574.94	437.813
1575.8	438.108
1576.65	437.461
1577.51	434.874
1578.37	446.742
1579.22	436.342
1580.08	445.245
1580.94	428.002
1581.79	427.225
1582.65	446.847
1583.51	458.779
1584.36	427.04
1585.22	414.687
1586.07	438.293
1586.93	440.472
1587.78	451.384
1588.63	425.213
1589.49	423.361
1590.34	424.38
1591.2	412.643
1592.05	428.166
1592.9	448.516
1593.76	454.212
1594.61	423.846
1595.46	424.789
1596.32	437.549
1597.17	424.032
1598.02	470.168
1598.87	456.675
1599.72	464.632
1600.58	446.062
1601.43	444.021
1602.28	471.244
1603.13	466.075
1603.98	464.772
1604.83	452.715
1605.68	477.839
1606.53	468.829
1607.38	450.124
1608.23	478.329
1609.08	456.704
1609.93	478.943
1610.77	460.082
1611.62	471.402
1612.47	439.811
1613.32	477.451
1614.17	476.193
1615.01	477.939
1615.86	459.293
1616.71	462.054
1617.55	474.485
1618.4	468.344
1619.25	452.405
1620.09	464.591
1620.94	486.442
1621.79	456.902
1622.63	477.841
1623.48	493.984
1624.32	477.265
1625.17	458.666
1626.01	472.03
1626.86	478.623
1627.7	469.731
1628.54	487.906
1629.39	478.973
1630.23	484.501
1631.07	467.757
1631.92	497.325
1632.76	485.341
1633.6	484.942
1634.45	477.826
1635.29	478.463
1636.13	489.728
1636.97	480.792
1637.81	492.069
1638.66	468.712
1639.5	485.762
1640.34	497.072
1641.18	474.8
1642.02	494.875
1642.86	501.541
1643.7	487.085
1644.54	521.64
1645.38	496.573
1646.22	511.847
1647.06	505.96
1647.89	485.667
1648.73	525.025
1649.57	499.097
1650.41	516.541
1651.25	510.985
1652.09	503.538
1652.92	508.582
1653.76	520.287
1654.6	506.805
1655.43	528.929
1656.27	520.183
1657.11	567.484
1657.94	512.653
1658.78	495.574
1659.62	506.587
1660.45	500.185
1661.29	546.95
1662.12	517.069
1662.96	513.229
1663.79	504.509
1664.62	504.568
1665.46	493.098
1666.29	506.989
1667.13	502.537
1667.96	494.23
1668.79	504.41
1669.63	505.794
1670.46	516.885
1671.29	470.298
1672.12	505.7
1672.96	486.325
1673.79	489.406
1674.62	487.592
1675.45	464.258
1676.28	474.274
1677.11	473.577
1677.95	476.848
1678.78	463.425
1679.61	471.571
1680.44	475.711
1681.27	468.923
1682.1	466.003
1682.93	455.183
1683.75	464.101
1684.58	448.438
1685.41	456.489
1686.24	436.946
1687.07	446.027
1687.9	439.293
1688.73	437.476
1689.55	439.593
1690.38	430.8
1691.21	431.863
1692.04	410.085
1692.86	445.685
1693.69	407.923
1694.52	419.675
1695.34	412.644
1696.17	418.569
1696.99	419.639
1697.82	404.92
1698.64	421.965
1699.47	429.076
1700.29	445.061
1701.12	403.333
1701.94	412.182
1702.77	392.154
1703.59	422.749
1704.41	392.752
1705.24	409.435
1706.06	424.146
1706.88	419.03
1707.71	397.068
1708.53	398.93
1709.35	389.875
1710.17	412.546
1711	392.527
1711.82	401.233
1712.64	386.111
1713.46	403.682
1714.28	384.616
1715.1	392.334
1715.92	402.073
1716.74	391.048
1717.56	387.914
1718.38	365.91
1719.2	382.381
1720.02	383.926
1720.84	408.129
1721.66	382.059
1722.48	373.872
1723.3	362.863
1724.11	380.514
1724.93	396.213
1725.75	394.097
1726.57	401.7
1727.39	372.758
1728.2	383.119
1729.02	398.372
1729.84	389.126
1730.65	383.891
1731.47	377.735
1732.29	385.309
1733.1	377.17
1733.92	374.862
1734.73	388.17
1735.55	364.323
1736.36	399.127
1737.18	363.655
1737.99	377.009
1738.81	381.563
1739.62	394.844
1740.43	387.63
1741.25	383.333
1742.06	382.947
1742.87	375.796
1743.69	404.603
1744.5	379.065
1745.31	368.105
1746.13	386.233
1746.94	398.542
1747.75	345.989
1748.56	347.717
1749.37	361.085
1750.18	363.816
1750.99	374.277
1751.81	381.817
1752.61	363.24
1753.42	390.114
1754.24	385.116
1755.04	363.726
1755.85	375.208
1756.66	378.937
1757.47	378.742
1758.28	367.862
1759.09	383.966
1759.9	373.045
1760.71	387.242
1761.52	351.387
1762.32	353.2
1763.13	388.792
1763.94	352.107
1764.74	371.31
1765.55	396.276
1766.36	374.972
1767.17	369.125
1767.97	348.867
1768.78	356.625
1769.58	344.153
1770.39	364.496
1771.19	379.996
1772	365.52
1772.8	353.913
1773.61	361.634
1774.41	341.338
1775.22	352.964
1776.02	351.06
1776.83	353.026
1777.63	347.248
1778.43	370.536
1779.23	351.242
1780.04	374.638
1780.84	359.303
1781.64	372.141
1782.44	343.216
1783.25	370.654
1784.05	355.273
1784.85	340.819
1785.65	372.15
1786.45	348.892
1787.25	353.918
1788.05	375.565
1788.86	366.941
1789.65	366.122
1790.46	346.688
1791.25	314.481
1792.05	369.438
1792.85	356.81
1793.65	356.944
1794.45	357.118
1795.25	353.41
1796.05	373.344
1796.85	345.099
1797.64	328.618
1798.44	339.701
1799.24	353.718
1800.04	360.79
1800.83	371.784
1801.63	373.863
1802.43	346.248
1803.22	340.386
1804.02	352.345
1804.82	351.421
1805.61	340.567
1806.41	346.55
1807.2	358.485
1808	348.604
1808.79	355.614
1809.59	341.797
1810.38	370.718
1811.18	331.044
1811.97	360.931
1812.76	346.981
1813.56	332.953
1814.35	338.774
1815.14	351.547
1815.94	350.432
1816.73	353.37
1817.52	354.393
1818.31	360.433
1819.1	361.483
1819.9	352.509
1820.69	349.431
1821.48	354.258
1822.27	345.114
1823.06	357.885
1823.85	369.679
1824.64	319.774
1825.43	325.605
1826.22	369.218
1827.01	357.08
1827.8	341.961
1828.59	365.644
1829.38	370.468
1830.17	368.362
1830.96	359.295
1831.74	339.26
1832.53	342.027
1833.32	342.749
1834.11	355.337
1834.89	342.103
1835.68	333.838
1836.47	328.564
1837.26	344.094
1838.04	334.88
1838.83	338.526
1839.61	335.231
1840.4	344.743
1841.19	364.066
1841.97	340.953
1842.76	349.386
1843.54	347.016
1844.33	332.91
1845.11	318.886
1845.89	352.067
1846.68	327.316
1847.46	333.986
1848.25	346.519
1849.03	364.91
1849.81	341.129
1850.6	354.628
1851.38	352.465
1852.16	339.539
1852.94	329.545
1853.72	336.169
1854.51	336.877
1855.29	374.707
1856.07	351.876
1856.85	354.453
1857.63	335.553
1858.41	321.561
1859.19	340.735
1859.97	345.306
1860.75	345.046
1861.53	353.601
1862.31	319.384
1863.09	333.857
1863.87	337.621
1864.65	344.266
1865.43	345.983
1866.21	337.91
1866.99	328.821
1867.76	364.364
1868.54	325.2
1869.32	324.903
1870.1	312.082
1870.87	334.208
1871.65	320.545
1872.43	324.339
1873.2	334.906
1873.98	319.292
1874.76	343.367
1875.53	330.636
1876.31	319.874
1877.08	326.589
1877.86	314.951
1878.63	319.803
1879.41	345.976
1880.18	335.291
1880.96	311.962
1881.73	320.604
1882.5	349.612
1883.28	342.771
1884.05	330.146
1884.82	316.57
1885.6	329.196
1886.37	345.701
1887.14	317.527
1887.91	343.711
1888.68	307.739
1889.46	318.406
1890.23	332.036
1891	315.595
1891.77	317.688
1892.54	340.305
1893.31	331.824
1894.08	314.563
1894.85	308.971
1895.62	324.819
1896.39	342.545
1897.16	338.636
1897.93	309.186
1898.7	331.592
1899.47	348.166
1900.24	327.63
1901.01	328.741
1901.77	346.62
1902.54	306.651
1903.31	319.647
1904.08	316.88
1904.84	307.173
1905.61	327.945
1906.38	328.027
1907.14	331.061
1907.91	325.231
1908.68	312.506
1909.44	332.373
1910.21	315.736
1910.97	334.697
1911.74	320.057
1912.51	354.921
1913.27	308.544
1914.03	321.599
1914.8	300.891
1915.56	318.869
1916.33	331.866
1917.09	315.015
1917.85	320.007
1918.62	309.063
1919.38	320.991
1920.14	324.97
1920.9	322.012
1921.67	314.121
1922.43	310.268
1923.19	306.465
1923.95	299.69
1924.71	316.891
1925.47	333.079
1926.24	289.157
1927	313.211
1927.76	310.164
1928.52	310.07
1929.28	321.962
1930.04	332.836
1930.8	321.678
1931.56	324.547
1932.32	316.427
1933.08	331.371
1933.83	319.335
1934.59	320.358
1935.35	320.397
1936.11	307.38
1936.87	312.337
1937.62	327.23
1938.38	316.99
1939.14	306.718
1939.89	315.485
1940.65	346.306
1941.41	331.144
1942.16	305.009
1942.92	324.884
1943.68	310.69
1944.43	333.417
1945.19	332.067
1945.94	295.737
1946.7	317.297
1947.45	302.968
1948.21	304.626
1948.96	339.156
1949.71	319.973
1950.47	316.738
1951.22	305.572
1951.98	313.295
1952.73	328.948
1953.48	308.826
1954.23	308.51
1954.99	311.101
1955.74	329.464
1956.49	319.076
1957.24	325.516
1957.99	299.432
1958.75	331.651
1959.5	342.219
1960.25	325.223
1961	323.987
1961.75	316.796
1962.5	295.785
1963.25	315.062
1964	309.747
1964.75	347.62
1965.5	335.453
1966.25	333.096
1967	335.598
1967.74	333.145
1968.49	326.728
1969.24	323.216
1969.99	309.015
1970.74	319.216
1971.48	307.139
1972.23	305.854
1972.98	321.144
1973.73	338.396
1974.47	321.656
1975.22	320.372
1975.96	325.793
1976.71	328.245
1977.46	326.806
1978.2	331.186
1978.95	301.859
1979.69	305.438
1980.44	334.159
1981.18	336.905
1981.93	352.19
1982.67	323.108
1983.41	330.564
1984.16	319.633
1984.9	326.907
1985.64	310.108
1986.39	324.047
1987.13	314.99
1987.87	329.96
1988.61	314.341
1989.36	319.845
1990.1	318.679
1990.84	311.786
1991.58	323.065
1992.32	296.107
1993.06	300.721
1993.81	304.421
1994.55	308.181
1995.29	306.271
1996.03	313.025
1996.77	308.337
1997.51	297.908
1998.24	320.021
1998.98	295.156
1999.72	313.379
2000.46	309.528
2001.2	301.831
2001.94	322.923
2002.68	294.151
2003.41	298.027
2004.15	275.993
2004.89	304.871
2005.63	282.814
2006.36	294.381
2007.1	302.091
2007.84	307.879
2008.57	293.472
2009.31	309.908
2010.05	317.738
2010.78	294.763
2011.52	288.19
2012.25	291.271
2012.99	307.871
2013.72	305.106
2014.46	291.645
2015.19	284.922
2015.92	296.6
2016.66	302.504
2017.39	313.321
2018.13	294.123
2018.86	270.08
2019.59	302.452
2020.32	287.161
2021.06	269.867
2021.79	297.19
2022.52	291.952
2023.25	295.669
2023.98	292.038
2024.72	317.645
2025.45	295.373
2026.18	289.764
2026.91	275.572
2027.64	298.775
2028.37	298.663
2029.1	304.993
2029.83	303.328
2030.56	284.029
2031.29	278.517
2032.02	278.749
2032.75	302.797
2033.47	292.431
2034.2	321.547
2034.93	282.848
2035.66	268.855
2036.39	281.324
2037.11	307.594
2037.84	278.952
2038.57	291.668
2039.3	284.796
2040.02	313.015
2040.75	292.433
2041.47	295.364
2042.2	297.856
2042.93	285.901
2043.65	302.16
2044.38	289.286
2045.1	308.415
2045.83	306.808
2046.55	286.514
2047.28	306.439
2048	305.595
2048.73	298.409
2049.45	294.629
2050.17	295.312
2050.9	305.783
2051.62	309.187
2052.34	283.462
2053.07	314.568
2053.79	314.517
2054.51	298.22
2055.23	299.394
2055.95	306.408
2056.68	288.204
2057.4	300.015
2058.12	290.824
2058.84	302.106
2059.56	316.001
2060.28	290.275
2061	305.372
2061.72	301.942
2062.44	314.121
2063.16	318.803
2063.88	313.218
2064.6	299.848
2065.32	318.866
2066.03	314.455
2066.75	312.965
2067.47	314.363
2068.19	299.649
2068.91	292.41
2069.62	309.741
2070.34	314.813
2071.06	310.1
2071.77	322.638
2072.49	313.199
2073.21	301.032
2073.92	294.881
2074.64	307.822
2075.36	312.905
2076.07	307.22
2076.79	299.925
2077.5	308.356
2078.22	294.808
2078.93	299.55
2079.64	302.349
2080.36	318.628
2081.07	309.049
2081.79	305.253
2082.5	310.548
2083.21	308.004
2083.93	304.729
2084.64	312.13
2085.35	312.481
2086.07	288.167
2086.78	311.165
2087.49	321.501
2088.2	296.851
2088.91	299.927
2089.62	308.96
2090.33	316.36
2091.04	325.731
2091.76	319.037
2092.47	304.711
2093.18	312.306
2093.89	311.868
2094.6	291.765
2095.3	315.296
2096.01	317.094
2096.72	322.011
2097.43	316.777
2098.14	311.102
2098.85	310.002
2099.56	308.824
2100.09	300.705
2100.87	324.3
2101.65	355.809
2102.43	314.188
2103.21	304.183
2103.99	300.064
2104.77	307.726
2105.55	299.542
2106.32	305.121
2107.1	313.643
2107.88	316.308
2108.66	331.823
2109.44	302.257
2110.22	319.87
2110.99	289.372
2111.77	300.022
2112.55	303.692
2113.33	321.954
2114.1	315.707
2114.88	329.069
2115.66	330.799
2116.43	303.354
2117.21	292.583
2117.99	307.209
2118.76	306.184
2119.54	305.108
2120.31	309.846
2121.09	314.561
2121.86	303.681
2122.64	338.616
2123.41	309.266
2124.19	319.876
2124.96	301.307
2125.74	316.857
2126.51	303.251
2127.28	311.106
2128.06	317.031
2128.83	333.665
2129.61	311.271
2130.38	311.264
2131.15	311.243
2131.92	335.61
2132.7	312.217
2133.47	299.567
2134.24	311.314
2135.01	305.493
2135.78	319.186
2136.55	299.688
2137.33	320.237
2138.1	307.609
2138.87	319.44
2139.64	311.761
2140.41	309.004
2141.18	293.541
2141.95	303.565
2142.72	321.463
2143.49	325.619
2144.26	302.214
2145.03	301.362
2145.8	323.125
2146.57	318.342
2147.33	317.538
2148.1	302.976
2148.87	309.15
2149.64	293.593
2150.41	294.789
2151.17	332.57
2151.94	299.056
2152.71	318.032
2153.48	317.23
2154.24	308.529
2155.01	308.789
2155.78	311.054
2156.54	321.286
2157.31	276.689
2158.08	316.801
2158.84	302.027
2159.61	296.191
2160.37	298.311
2161.14	290.403
2161.9	296.497
2162.67	298.621
2163.43	299.801
2164.2	314.087
2164.96	308.367
2165.72	299.626
2166.49	290.831
2167.25	327.286
2168.01	316.336
2168.78	297.25
2169.54	297.301
2170.3	291.325
2171.07	293.468
2171.83	304.761
2172.59	329.255
2173.35	284.963
2174.11	317.545
2174.88	293.344
2175.64	299.468
2176.4	298.448
2177.16	310.642
2177.92	313.742
2178.68	328.052
2179.44	282.549
2180.2	291.864
2180.96	303.23
2181.72	295.273
2182.48	305.588
2183.24	318.926
2184	304.753
2184.76	310.905
2185.52	308.896
2186.28	306.883
2187.04	303.859
2187.79	301.863
2188.55	301.913
2189.31	332.519
2190.07	306.092
2190.83	317.346
2191.58	295.997
2192.34	325.579
2193.1	314.39
2193.85	334.748
2194.61	336.714
2195.37	323.349
2196.12	319.11
2196.88	318.924
2197.63	314.688
2198.39	299.328
2199.15	306.371
2199.9	311.427
2200.66	321.573
2201.41	322.558
2202.16	311.312
2202.92	302.049
2203.67	296.816
2204.43	312.862
2205.18	309.701
2205.93	305.595
2206.69	305.598
2207.44	290.454
2208.19	305.668
2208.95	308.701
2209.7	295.49
2210.45	306.519
2211.2	306.393
2211.95	291.107
2212.71	281.898
2213.46	277.75
2214.21	305.884
2214.96	300.7
2215.71	289.454
2216.46	292.296
2217.21	294.101
2217.96	312.967
2218.71	355.886
2219.46	308.442
2220.21	307.223
2220.96	322.081
2221.71	307.935
2222.46	312.849
2223.21	307.753
2223.96	323.634
2224.71	298.474
2225.46	323.246
2226.21	310.047
2226.95	318.82
2227.7	318.645
2228.45	322.485
2229.2	312.404
2229.94	315.273
2230.69	315.157
2231.44	297.147
2232.18	318.896
2232.93	317.772
2233.68	303.725
2234.42	300.582
2235.17	312.291
2235.92	312.091
2236.66	303.001
2237.41	305.825
2238.15	288.906
2238.9	330.342
2239.64	314.449
2240.38	326.22
2241.13	324.146
2241.87	306.269
2242.62	298.265
2243.36	320.836
2244.1	318.745
2244.85	298.925
2245.59	303.747
2246.33	318.416
2247.08	307.495
2247.82	296.584
2248.56	305.332
2249.3	316.998
2250.05	318.808
2250.79	324.536
2251.53	317.517
2252.27	297.788
2253.01	301.642
2253.75	317.297
2254.49	306.523
2255.23	312.435
2255.97	319.335
2256.71	329.167
2257.45	323.287
2258.19	319.331
2258.93	295.745
2259.67	321.132
2260.41	318.116
2261.15	331.784
2261.89	292.646
2262.63	324.062
2263.36	331.053
2264.1	317.49
2264.84	306.847
2265.58	319.708
2266.32	300.156
2267.05	305.089
2267.79	303.125
2268.53	298.205
2269.26	317.81
2270	324.684
2270.74	300.204
2271.48	321.871
2272.21	314.146
2272.95	303.503
2273.68	331.192
2274.42	296.983
2275.15	310.938
2275.89	298.316
2276.62	321.111
2277.36	292.665
2278.09	320.349
2278.83	320.426
2279.56	316.546
2280.29	304.769
2281.03	329.478
2281.76	352.232
2282.49	315.827
2283.23	323.848
2283.96	327.969
2284.69	328.179
2285.42	333.342
2286.16	301.878
2286.89	295.081
2287.62	310.012
2288.35	317.987
2289.08	305.17
2289.81	295.355
2290.55	326.222
2291.28	291.727
2292.01	285.011
2292.74	317.045
2293.47	289.469
2294.2	301.628
2294.93	307.787
2295.66	288.001
2296.39	295.058
2297.11	293.117
2297.85	301.137
2298.57	321.147
2299.3	313.295
2300.03	314.467
2300.76	308.686
2301.49	312.89
2302.22	306.077
2302.94	323.226
2303.67	312.343
2304.4	287.434
2305.12	306.585
2305.85	284.705
2306.58	289.886
2307.31	297.078
2308.03	306.266
2308.76	302.376
2309.48	323.564
2310.21	277.443
2310.93	298.63
2311.66	302.763
2312.38	321.003
2313.11	283.936
2313.83	292.128
2314.56	270.092
2315.28	295.36
2316.01	287.368
2316.73	287.438
2317.45	305.67
2318.18	294.694
2318.9	285.741
2319.62	294.945
2320.35	287.985
2321.07	279.989
2321.79	283.085
2322.52	280.118
2323.24	275.137
2323.96	267.133
2324.68	280.363
2325.4	271.346
2326.12	271.414
2326.84	255.276
2327.56	224.958
2328.29	209.814
2329.01	204.799
2329.73	224.094
2330.45	223.158
2331.17	270.85
2331.89	260.797
2332.61	267.945
2333.32	278.109
2334.04	265.957
2334.76	286.234
2335.48	275.103
2336.2	280.21
2336.92	268.103
2337.64	270.196
2338.35	265.187
2339.07	274.365
2339.79	269.329
2340.51	281.535
2341.23	267.378
2341.94	273.544
2342.66	289.899
2343.37	271.749
2344.09	267.798
2344.81	272.949
2345.52	265.843
2346.24	264.776
2346.95	262.659
2347.67	254.453
2348.38	276.739
2349.1	269.648
2349.82	270.739
2350.53	276.95
2351.24	285.205
2351.96	278.189
2352.67	267.052
2353.39	267.048
2354.1	272.092
2354.81	287.282
2355.53	235.431
2356.24	253.696
2356.95	276.043
2357.66	259.82
2358.38	289.32
2359.09	252.81
2359.8	255.931
2360.51	264.153
2361.22	261.216
2361.94	267.451
2362.65	281.849
2363.36	249.402
2364.07	262.758
2364.78	286.28
2365.49	264.911
2366.2	264.91
2366.91	259.794
2367.62	287.287
2368.33	262.826
2369.04	270.993
2369.75	266.949
2370.46	280.234
2371.16	278.229
2371.87	263.986
2372.58	247.701
2373.29	280.347
2374	265.091
2374.71	265.128
2375.41	267.201
2376.12	265.192
2376.83	275.418
2377.53	281.575
2378.24	250.01
2378.95	251.091
2379.65	251.155
2380.36	268.557
2381.07	265.525
2381.77	262.473
2382.48	256.357
2383.18	266.595
2383.89	252.378
2384.59	286.197
2385.3	246.49
2386	256.827
2386.71	246.671
2387.41	269.177
2388.12	272.197
2388.82	276.214
2389.52	280.241
2390.23	287.373
2390.93	306.808
2391.63	284.38
2392.34	243.546
2393.04	257.859
2393.74	278.271
2394.44	267.002
2395.15	260.866
2395.85	293.586
2396.55	287.535
2397.25	277.406
2397.95	264.184
2398.65	263.179
2399.35	277.451
2400.05	284.521
2400.75	282.38
2401.45	276.172
2402.15	274.084
2402.85	302.653
2403.55	278.2
2404.25	272.142
2404.95	254.863
2405.65	282.507
2406.35	290.743
2407.05	259.122
2407.75	300.022
2408.44	284.732
2409.14	290.908
2409.84	273.588
2410.54	269.551
2411.24	266.52
2411.93	254.261
2412.63	271.614
2413.33	270.538
2414.02	278.639
2414.72	294.898
2415.42	289.717
2416.11	278.43
2416.81	302.871
2417.5	285.505
2418.2	297.746
2418.9	291.648
2419.59	275.354
2420.28	306.986
2420.98	308.993
2421.67	267.112
2422.37	277.205
2423.06	281.175
2423.75	281.101
2424.45	264.799
2425.14	268.921
2425.84	285.316
2426.53	254.869
2427.22	280.448
2427.91	294.782
2428.61	281.53
2429.3	275.355
2429.99	279.321
2430.68	273.061
2431.37	275.944
2432.07	281.871
2432.76	276.643
2433.45	278.573
2434.14	263.3
2434.83	272.439
2435.52	281.603
2436.21	254.216
2436.9	291.761
2437.59	288.648
2438.28	271.289
2438.97	298.521
2439.66	284.193
2440.35	296.23
2441.04	282.991
2441.72	281.93
2442.41	265.704
2443.1	273.748
2443.79	283.789
2444.48	286.733
2445.16	292.703
2445.85	283.539
2446.54	288.552
2447.23	281.477
2447.91	283.501
2448.6	297.633
2449.29	280.457
2449.97	253.177
2450.66	305.605
2451.34	281.354
2452.03	288.397
2452.72	280.328
2453.4	268.232
2454.09	298.47
2454.77	303.452
2455.46	298.302
2456.14	278.013
2456.82	283.905
2457.51	289.812
2458.19	280.681
2458.88	307.798
2459.56	303.798
2460.24	290.78
2460.92	293.859
2461.61	306.995
2462.29	280.893
2462.97	298.025
2463.66	313.118
2464.34	288.949
2465.02	316.038
2465.7	329.006
2466.38	331.902
2467.06	304.673
2467.75	308.612
2468.42	311.585
2469.11	300.552
2469.79	316.661
2470.47	321.759
2471.15	293.727
2471.83	308.865
2472.51	325.992
2473.19	296.875
2473.86	309.924
2474.54	311.906
2475.22	283.764
2475.9	301.839
2476.58	300.865
2477.26	297.918
2477.94	267.869
2478.61	306.153
2479.29	330.377
2479.97	303.305
2480.65	284.246
2481.32	296.348
2482	304.425
2482.68	288.371
2483.35	335.705
2484.03	309.601
2484.71	282.469
2485.38	303.612
2486.06	279.445
2486.73	305.568
2487.41	304.528
2488.08	289.433
2488.76	276.388
2489.43	298.587
2490.11	304.73
2490.78	310.895
2491.45	302.963
2492.13	334.3
2492.8	299.124
2493.48	300.202
2494.15	306.318
2494.82	288.25
2495.49	289.363
2496.17	300.602
2496.84	304.812
2497.51	292.869
2498.18	313.244
2498.86	297.185
2499.53	289.156
2500.2	304.351
2500.87	324.59
2501.54	314.506
2502.21	305.484
2502.88	290.442
2503.55	317.968
2504.22	278.639
2504.89	311.243
2505.56	322.52
2506.23	310.415
2506.9	314.522
2507.57	308.489
2508.24	323.807
2508.91	323.939
2509.58	310.877
2510.25	328.279
2510.91	316.165
2511.58	346.725
2512.25	317.269
2512.92	329.518
2513.59	304.159
2514.25	315.452
2514.92	330.845
2515.59	315.701
2516.25	324.981
2516.92	302.65
2517.59	320.036
2518.25	343.522
2518.92	299.726
2519.58	304.859
2520.25	322.245
2520.91	318.248
2521.58	320.406
2522.24	337.911
2522.91	318.697
2523.57	296.406
2524.24	340.545
2524.9	315.146
2525.56	314.264
2526.23	342.033
2526.89	330.886
2527.55	304.353
2528.22	317.756
2528.88	314.739
2529.54	309.639
2530.21	322.962
2530.87	342.429
2531.53	313.752
2532.19	300.498
2532.85	284.222
2533.51	305.943
2534.18	329.762
2534.84	313.508
2535.5	316.702
2536.16	328.037
2536.82	302.3
2537.48	343.314
2538.14	327.82
2538.8	329.831
2539.46	327.799
2540.12	324.807
2540.78	329.055
2541.44	343.612
2542.09	313.952
2542.75	325.393
2543.41	312.092
2544.07	344.009
2544.73	323.375
2545.39	327.379
2546.04	329.287
2546.7	319.884
2547.36	357.749
2548.02	336.102
2548.67	339.154
2549.33	333.019
2549.98	348.467
2550.64	351.61
2551.3	353.724
2551.95	342.488
2552.61	341.522
2553.26	349.803
2553.92	345.745
2554.57	359.121
2555.23	341.623
2555.88	367.204
2556.54	355.762
2557.19	372.005
2557.85	340.058
2558.5	348.146
2559.15	339.889
2559.81	358.32
2560.46	354.245
2561.11	372.719
2561.77	381.955
2562.42	381.927
2563.07	362.383
2563.72	352.018
2564.37	375.401
2565.03	379.336
2565.68	366.953
2566.33	359.755
2566.98	399.64
2567.63	377.215
2568.28	378.297
2568.93	382.399
2569.58	351.677
2570.23	373.036
2570.88	366.784
2571.53	376.904
2572.18	365.646
2572.83	366.691
2573.48	400.44
2574.13	362.699
2574.78	354.537
2575.43	381.054
2576.07	370.78
2576.72	369.682
2577.37	359.406
2578.02	357.303
2578.67	337.864
2579.31	364.296
2579.96	361.127
2580.61	354.878
2581.26	370.004
2581.9	354.605
2582.55	374.874
2583.19	363.667
2583.84	362.695
2584.49	357.686
2585.13	339.434
2585.78	341.484
2586.42	343.46
2587.07	360.613
2587.71	338.049
2588.36	364.243
2589	345.761
2589.65	345.603
2590.29	336.374
2590.93	359.642
2591.58	338.349
2592.22	368.792
2592.86	360.744
2593.51	346.634
2594.15	355.863
2594.79	350.9
2595.43	359.122
2596.07	329.761
2596.72	344.011
2597.36	350.093
2598	356.131
2598.64	375.33
2599.28	333.656
2599.92	360.988
2600.56	358.946
2601.2	347.817
2601.85	346.852
2602.49	324.585
2603.13	354.026
2603.76	358.081
2604.4	375.295
2605.04	353.964
2605.68	352.924
2606.32	334.661
2606.96	369.114
2607.6	342.73
2608.24	362.943
2608.88	330.441
2609.51	380.993
2610.15	356.618
2610.79	348.495
2611.43	342.458
2612.06	370.902
2612.7	362.936
2613.34	366.123
2613.97	353.083
2614.61	344.068
2615.25	353.287
2615.88	355.393
2616.52	369.674
2617.15	372.803
2617.79	350.565
2618.42	344.573
2619.06	371.082
2619.69	371.179
2620.33	371.254
2620.96	399.759
2621.6	354.053
2622.23	398.79
2622.86	385.606
2623.5	374.478
2624.13	402.01
2624.76	392.965
2625.4	370.694
2626.03	369.76
2626.66	404.415
2627.29	382.069
2627.93	400.422
2628.56	386.226
2629.19	396.486
2629.82	418.997
2630.45	430.335
2631.08	395.827
2631.71	418.353
2632.34	409.271
2632.98	447.073
2633.61	399.243
2634.24	433.014
2634.87	418.89
2635.5	422.131
2636.12	441.719
2636.75	433.729
2637.38	419.581
2638.01	446.297
2638.64	460.735
2639.27	447.54
2639.9	442.499
2640.53	441.524
2641.15	450.758
2641.78	462.029
2642.41	461.031
2643.04	467.223
2643.66	458.104
2644.29	443.897
2644.92	466.561
2645.54	463.623
2646.17	483.191
2646.8	476.082
2647.42	498.645
2648.05	492.492
2648.67	497.603
2649.3	476.095
2649.92	492.527
2650.55	516.179
2651.17	484.541
2651.8	507.26
2652.42	514.634
2653.05	515.855
2653.67	501.655
2654.29	501.774
2654.92	504.923
2655.54	514.189
2656.16	514.193
2656.79	529.605
2657.41	535.187
2658.03	506.777
2658.65	521.414
2659.27	513.35
2659.9	525.071
2660.52	490.458
2661.14	501.105
2661.76	524.5
2662.38	493.871
2663	502.721
2663.62	519.649
2664.24	513.499
2664.86	505.675
2665.48	502.268
2666.1	531.043
2666.72	509.514
2667.34	531.81
2667.96	526.555
2668.58	505.693
2669.2	536.907
2669.82	535.237
2670.44	517.074
2671.05	504.618
2671.67	553.077
2672.29	542.982
2672.91	573.826
2673.53	539.066
2674.14	547.82
2674.76	554.446
2675.38	554.456
2675.99	552.618
2676.61	583.999
2677.23	579.745
2677.84	610.027
2678.46	614.839
2679.07	643.029
2679.69	653.644
2680.3	677.615
2680.92	716.347
2681.53	758.163
2682.15	755.096
2682.76	786.681
2683.38	784.128
2683.99	788.678
2684.61	784.342
2685.22	778.918
2685.83	766.285
2686.44	752.936
2687.06	757.063
2687.67	781.72
2688.28	773.662
2688.9	765.433
2689.51	764.787
2690.12	779.777
2690.73	789.526
2691.34	785.492
2691.96	776.463
2692.57	782.661
2693.18	817.891
2693.79	810.943
2694.4	789.716
2695.01	778.023
2695.62	802.844
2696.23	792.909
2696.84	791.752
2697.45	816.15
2698.06	806.391
2698.67	802.233
2699.28	782.656
2699.88	787.966
2700.49	796.366
2701.1	799.718
2701.71	794.805
2702.32	792.696
2702.93	790.398
2703.53	789.914
2704.14	817.954
2704.75	805.903
2705.36	805.568
2705.96	809.474
2706.57	800.075
2707.17	800.02
2707.78	808.422
2708.39	818.491
2708.99	814.633
2709.6	826.18
2710.2	825.803
2710.81	845.817
2711.41	858.146
2712.02	847.624
2712.62	850.317
2713.23	845.187
2713.83	857.543
2714.44	868
2715.04	874.68
2715.64	863.646
2716.25	882.767
2716.85	869.527
2717.45	851.692
2718.05	865.988
2718.66	896.378
2719.26	894.342
2719.86	881.197
2720.46	906.441
2721.06	922.998
2721.67	943.456
2722.27	921.337
2722.87	916.963
2723.47	923.861
2724.07	935.856
2724.67	939.864
2725.27	944.728
2725.71	960.093
2726.38	928.363
2727.06	930.089
2727.73	957.148
2728.4	950.592
2729.07	983.73
2729.74	968.21
2730.42	981.33
2731.09	985.508
2731.76	986.813
2732.43	976.027
2733.1	995.779
2733.77	993.117
2734.44	1031.07
2735.11	1029.18
2735.78	1007.81
2736.45	1033.12
2737.12	1045.09
2737.79	1038.66
2738.46	1027.15
2739.13	1045.17
2739.8	1019.59
2740.47	1053.13
2741.14	1026.9
2741.81	1021.15
2742.47	1058.23
2743.14	1029.2
2743.81	1026.57
2744.48	1036.08
2745.15	1005.78
2745.81	1046.75
2746.48	1019.46
2747.15	1043.18
2747.81	1072.03
2748.48	1088.64
2749.15	1081.68
2749.81	1091.91
2750.48	1100.98
2751.15	1072.22
2751.81	1074.11
2752.48	1092.49
2753.14	1052.99
2753.81	1034.11
2754.47	1052.09
2755.14	1016.89
2755.8	996.792
2756.47	1014.28
2757.13	978.454
2757.8	992.648
2758.46	994.64
2759.13	999.85
2759.79	983.761
2760.45	988.209
2761.12	1006.95
2761.78	983.611
2762.44	1008.18
2763.1	1013.17
2763.77	989.514
2764.43	976.19
2765.09	1018.29
2765.76	995.12
2766.42	1025.33
2767.08	1018.76
2767.74	1041.87
2768.4	1048.5
2769.06	1067.32
2769.72	1050.12
2770.38	1086.2
2771.05	1081.21
2771.71	1127.58
2772.37	1125.81
2773.03	1182.68
2773.69	1229.4
2774.35	1250.44
2775.01	1306.35
2775.67	1323.05
2776.33	1379.71
2776.99	1442.45
2777.64	1435.29
2778.3	1559.87
2778.96	1598.17
2779.62	1637.56
2780.28	1666.59
2780.94	1653.29
2781.59	1687.22
2782.25	1661.45
2782.91	1608.03
2783.57	1627.89
2784.22	1617.12
2784.88	1596.18
2785.54	1618.47
2786.2	1598.28
2786.85	1621.96
2787.51	1588.57
2788.16	1591.01
2788.82	1615.07
2789.48	1626.02
2790.13	1667.24
2790.79	1679.04
2791.44	1691.08
2792.1	1716.49
2792.75	1730.28
2793.41	1730.27
2794.06	1726.8
2794.72	1774.6
2795.37	1761.55
2796.02	1780.48
2796.68	1825.29
2797.33	1821.92
2797.98	1837.26
2798.64	1910.39
2799.29	1923.98
2799.94	1933.52
2800.6	1933.85
2801.25	1972.28
2801.9	1986.01
2802.55	2037.79
2803.21	2034.89
2803.86	2028.76
2804.51	2055.41
2805.16	2074.74
2805.81	2143.44
2806.46	2183.33
2807.11	2186.2
2807.77	2204.53
2808.42	2235.13
2809.07	2230.6
2809.72	2307.17
2810.37	2344.49
2811.02	2346.81
2811.67	2403.76
2812.32	2402.38
2812.97	2449.58
2813.61	2489.83
2814.26	2516.87
2814.91	2524.41
2815.56	2560.65
2816.21	2572.11
2816.86	2611.17
2817.51	2651.08
2818.15	2718.53
2818.8	2649.12
2819.45	2735.79
2820.1	2776.26
2820.74	2848.82
2821.39	2810.88
2822.04	2884.21
2822.69	2917.64
2823.33	2952.94
2823.98	2983.68
2824.63	3005.65
2825.27	3045.71
2825.92	3083.6
2826.56	3123.75
2827.21	3160.2
2827.85	3178.65
2828.5	3214.88
2829.14	3237
2829.79	3243.9
2830.43	3253
2831.08	3272.45
2831.72	3292.89
2832.37	3288.52
2833.01	3307.51
2833.65	3426.91
2834.3	3431.91
2834.94	3447.93
2835.58	3437.02
2836.23	3460.88
2836.87	3480.58
2837.51	3439.85
2838.16	3500.1
2838.8	3519.73
2839.44	3575.73
2840.08	3547.72
2840.72	3593.53
2841.36	3597.86
2842.01	3591.54
2842.65	3635.35
2843.29	3561.06
2843.93	3651.24
2844.57	3662.49
2845.21	3653.29
2845.85	3638.97
2846.49	3714.12
2847.13	3771.08
2847.77	3772.02
2848.41	3750.76
2849.05	3786.12
2849.69	3816.03
2850.33	3761.92
2850.97	3773.77
2851.61	3774.62
2852.24	3772.11
2852.88	3844.85
2853.52	3887.5
2854.16	3881.8
2854.8	3901.49
2855.43	3892.61
2856.07	3921.44
2856.71	3897.24
2857.35	3924.94
2857.98	3988.47
2858.62	4017.37
2859.26	3975.98
2859.89	4055.65
2860.53	4085.29
2861.16	4161.1
2861.8	4174.57
2862.44	4268.77
2863.07	4224.49
2863.71	4340.82
2864.34	4370.86
2864.98	4419.81
2865.61	4460.83
2866.25	4533.89
2866.88	4621.26
2867.52	4668.1
2868.15	4702.25
2868.78	4750.63
2869.42	4860.93
2870.05	4923.08
2870.69	5028.06
2871.32	5081.09
2871.95	5136.7
2872.58	5310.25
2873.22	5346.35
2873.85	5484.22
2874.48	5593.69
2875.11	5661.58
2875.75	5801.96
2876.38	5886.09
2877.01	6025.9
2877.64	6129.38
2878.27	6248.05
2878.9	6323.5
2879.53	6412.23
2880.16	6614.41
2880.79	6574.07
2881.42	6661.31
2882.05	6845.38
2882.68	6989.77
2883.31	7040.08
2883.94	7106.9
2884.57	7165.63
2885.2	7336.77
2885.83	7432.97
2886.46	7462.73
2887.09	7543.79
2887.72	7560.1
2888.35	7592.75
2888.97	7749.62
2889.6	7792.18
2890.23	7822.29
2890.86	7849.69
2891.49	7939.73
2892.11	7867.34
2892.74	7987.28
2893.37	7978.5
2893.99	7929.72
2894.62	8075.62
2895.25	8055.76
2895.87	8114.46
2896.5	8089.85
2897.12	8177.96
2897.75	8242.03
2898.38	8251.89
2899	8255.21
2899.63	8325.37
2900.25	8368.48
2900.88	8423.82
2901.5	8489.77
2902.12	8531.01
2902.75	8517.38
2903.37	8567.29
2904	8509.8
2904.62	8526.99
2905.25	8546.2
2905.87	8571.17
2906.49	8576.5
2907.11	8544.35
2907.74	8514.91
2908.36	8401.63
2908.98	8486.08
2909.6	8392.83
2910.23	8403.93
2910.85	8304.84
2911.47	8219.02
2912.09	8150.54
2912.71	8075.31
2913.33	8043.89
2913.96	7996.57
2914.58	7853.59
2915.2	7727.39
2915.82	7616.94
2916.44	7491.94
2917.06	7445.9
2917.68	7285.5
2918.3	7194.25
2918.92	7178.09
2919.54	7116.05
2920.16	6993.47
2920.77	6967.16
2921.39	6948.38
2922.01	6891.49
2922.63	6770.5
2923.25	6787.69
2923.87	6723.32
2924.48	6723.54
2925.1	6771
2925.72	6749.54
2926.34	6738.35
2926.95	6751.5
2927.57	6720.16
2928.19	6744
2928.8	6681.43
2929.42	6736.46
2930.04	6737.78
2930.65	6706.97
2931.27	6801.99
2931.89	6829.04
2932.5	6901.54
2933.12	6864
2933.73	6890.62
2934.35	6939.6
2934.96	6960.68
2935.58	6975.69
2936.19	7093.29
2936.81	7133.82
2937.42	7167.42
2938.03	7272.37
2938.65	7270.69
2939.26	7327.81
2939.88	7284.42
2940.49	7309.53
2941.1	7397.21
2941.71	7345.18
2942.33	7361.97
2942.94	7336.61
2943.55	7260.65
2944.17	7356.11
2944.78	7251.71
2945.39	7309.18
2946	7256.95
2946.61	7245.33
2947.22	7206.14
2947.83	7131.16
2948.45	7180.17
2949.06	7066.36
2949.67	7043.65
2950.28	7015.08
2950.89	7004.97
2951.5	6903.07
2952.11	6820.59
2952.72	6790.25
2953.33	6691.93
2953.94	6607.01
2954.54	6576.17
2955.15	6478.57
2955.76	6391.63
2956.37	6262.82
2956.98	6200.27
2957.59	6144.5
2958.2	6065.67
2958.8	5934.61
2959.41	5930.7
2960.02	5823.93
2960.63	5686.41
2961.23	5600.8
2961.84	5518.86
2962.45	5429.68
2963.05	5383.26
2963.66	5276.91
2964.27	5201.52
2964.87	5090.12
2965.48	5020.74
2966.08	4875.42
2966.69	4833.88
2967.29	4743.18
2967.9	4704.11
2968.5	4597.32
2969.11	4522.17
2969.71	4440.11
2970.32	4336.17
2970.92	4290.66
2971.53	4189.11
2972.13	4100.88
2972.74	3980.13
2973.34	3959.22
2973.94	3843.96
2974.54	3797.29
2975.15	3745.75
2975.75	3653.85
2976.35	3589.47
2976.96	3494.94
2977.56	3347.38
2978.16	3344.44
2978.76	3255.22
2979.36	3222.34
2979.97	3149.56
2980.57	3119.02
2981.17	2995.06
2981.77	2960.01
2982.37	2944.95
2982.97	2858.66
2983.57	2797.78
2984.17	2666.39
2984.77	2639.95
2985.37	2598.76
2985.97	2553.06
2986.57	2428.89
2987.17	2411.31
2987.77	2352.57
2988.37	2328.33
2988.97	2280.15
2989.57	2209.11
2990.17	2168.66
2990.76	2114.92
2991.36	2054.14
2991.96	2038.6
2992.56	1972.99
2993.16	1953.44
2993.75	1893.81
2994.35	1851.4
2994.95	1823.17
2995.54	1800.05
2996.14	1713.7
2996.74	1688.99
2997.33	1637.97
2997.93	1624.97
2998.52	1600.78
2999.12	1529.51
2999.72	1535.95
3000.31	1482.99
3000.91	1468.93
3001.5	1403.66
3002.1	1388.51
3002.69	1364.04
3003.29	1327.17
3003.88	1310.68
3004.47	1301.34
3005.07	1284.95
3005.66	1237.02
3006.26	1242.59
3006.85	1180.69
3007.44	1207
3008.04	1194.27
3008.63	1140.27
3009.22	1152.74
3009.81	1103.39
3010.41	1116.57
3011	1111.29
3011.59	1046.63
3012.18	1054.97
3012.77	1035.71
3013.36	997.984
3013.96	1012.6
3014.55	999.44
3015.14	985.271
3015.73	957.814
3016.32	949.97
3016.91	975.088
3017.5	952.86
3018.09	923.296
3018.68	912.107
3019.27	915.234
3019.86	896.737
3020.45	899.951
3021.04	876.524
3021.63	842.885
3022.22	888.619
3022.8	858.025
3023.39	861.346
3023.98	831.567
3024.57	837.853
3025.16	840.017
3025.74	813.304
3026.33	821.668
3026.92	807.274
3027.5	828.929
3028.09	803.037
3028.68	780.23
3029.26	785.335
3029.85	795.708
3030.44	785.577
3031.02	782.776
3031.61	784.153
3032.19	793.764
3032.78	768.15
3033.37	769.293
3033.95	742.44
3034.54	739.322
3035.12	750.674
3035.71	778.592
3036.29	745.543
3036.87	733.176
3037.46	763.192
3038.04	773.585
3038.63	792.302
3039.21	759.401
3039.79	766.927
3040.38	748.66
3040.96	771.817
3041.54	725.517
3042.12	728.79
3042.71	779.557
3043.29	741.058
3043.87	747.015
3044.45	766.414
3045.03	719.648
3045.62	757.875
3046.2	776.58
3046.78	736.397
3047.36	752.147
3047.94	722.316
3048.52	769.065
3049.1	739.089
3049.68	757.734
3050.26	781.516
3050.84	757.632
3051.42	737.89
3052	777.179
3052.58	737.768
3053.16	776.032
3053.74	763.596
3054.32	765.716
3054.89	768.952
3055.47	734.977
3056.05	745.586
3056.63	752.056
3057.21	761.582
3057.78	745.089
3058.36	767.881
3058.94	764.658
3059.52	762.432
3060.09	771.624
3060.67	798.492
3061.25	805.75
3061.82	807.881
3062.4	778.928
3062.97	779.982
3063.55	777.862
3064.13	800.556
3064.7	799.414
3065.28	755.851
3065.85	775.543
3066.43	801.506
3067	793.284
3067.58	787.066
3068.15	815.95
3068.72	801.203
3069.3	781.213
3069.87	790.209
3070.45	768.254
3071.02	796.078
3071.59	795.076
3072.17	766.227
3072.74	800.471
3073.31	800.51
3073.89	799.407
3074.46	808.559
3075.03	777.36
3075.6	798.951
3076.17	775.166
3076.74	778.377
3077.32	771.341
3077.89	822.26
3078.46	801.781
3079.03	790.527
3079.6	793.651
3080.17	791.494
3080.74	808.903
3081.31	795.218
3081.88	810.467
3082.45	821.574
3083.02	800.667
3083.59	806.643
3084.16	802.299
3084.73	822.738
3085.3	820.479
3085.87	803.827
3086.43	810.994
3087	837.87
3087.57	810.142
3088.14	807.212
3088.71	839.352
3089.28	827.028
3089.84	836.291
3090.41	811.427
3090.98	829.891
3091.54	826.677
3092.11	870.928
3092.68	836.755
3093.24	805.674
3093.81	813.784
3094.38	844.585
3094.94	826.949
3095.51	861.913
3096.07	846.373
3096.64	863.797
3097.2	853.372
3097.77	861.495
3098.33	870.691
3098.9	873.784
3099.46	854.291
3100.03	855.448
3100.59	840.106
3101.15	863.869
3101.72	860.76
3102.28	829.76
3102.84	843.028
3103.41	857.297
3103.97	871.547
3104.53	864.158
3105.1	886.619
3105.66	884.376
3106.22	904.795
3106.78	906.725
3107.34	907.661
3107.91	906.569
3108.47	893.16
3109.03	914.76
3109.59	870.597
3110.15	923.218
3110.71	940.963
3111.27	880.529
3111.83	957.999
3112.39	877.815
3112.95	900.437
3113.51	922.91
3114.07	929.859
3114.63	932.71
3115.19	933.594
3115.75	941.791
3116.31	965.498
3116.87	935.718
3117.43	954.237
3117.98	933.568
3118.54	959.102
3119.1	960.929
3119.66	960.709
3120.22	946.16
3120.77	955.331
3121.33	967.651
3121.89	971.773
3122.44	958.395
3123	968.58
3123.56	947.849
3124.11	984.573
3124.67	980.178
3125.23	1011.75
3125.78	960.267
3126.34	969.463
3126.89	1008.54
3127.45	972.777
3128	996.59
3128.56	990.623
3129.11	995.906
3129.67	1014.47
3130.22	1008.3
3130.78	1004.1
3131.33	1015.23
3131.88	1024.24
3132.44	989.095
3132.99	985.789
3133.54	1012.28
3134.1	1004.99
3134.65	1074.7
3135.2	1054.2
3135.76	1044
3136.31	1039.97
3136.86	1040.02
3137.41	1054.42
3137.96	1027.75
3138.51	1055.43
3139.07	1063.59
3139.62	1052.26
3140.17	1070.68
3140.72	1053.22
3141.27	1068.59
3141.82	1054.23
3142.37	1079.85
3142.92	1005.95
3143.47	1099.2
3144.02	1080.66
3144.57	1056.04
3145.12	1060.22
3145.67	1092.19
3146.22	1111.95
3146.77	1070.18
3147.32	1108.41
3147.86	1135.27
3148.41	1144.56
3148.96	1113.69
3149.51	1111.46
