401.058	2944.7
402.149	3007.35
403.243	3071.61
404.332	2974.97
405.424	2911.35
406.515	2848.77
407.606	2740.29
408.697	2664.19
409.785	2521.66
410.876	2432.86
411.967	2382.45
413.055	2337.33
414.143	2262.87
415.233	2230.17
416.321	2214.04
417.409	2205.27
418.499	2225.41
419.586	2318.1
420.673	2411.02
421.761	2459.96
422.848	2522.39
423.935	2694.19
425.02	2748.05
426.106	2834.22
427.193	3032.57
428.278	3141.02
429.364	3203.06
430.45	3346.91
431.534	3388.97
432.618	3458.36
433.704	3546.98
434.788	3543.51
435.871	3537.66
436.955	3635.68
438.038	3656.37
439.123	3480.38
440.204	3355.29
441.287	3250.22
442.37	3128.45
443.452	2958.24
444.535	2760.99
445.615	2607.24
446.698	2484.01
447.78	2324.04
448.86	2088.89
449.939	1980.47
451.021	1846.44
452.101	1773.7
453.18	1700.03
454.262	1691.92
455.341	1599.89
456.42	1540.78
457.499	1541.73
458.578	1479.6
459.654	1397.23
460.733	1450.61
461.811	1433.63
462.89	1360.94
463.966	1342.08
465.044	1385.48
466.12	1364.66
467.197	1363.31
468.273	1380.41
469.349	1339.43
470.426	1410.63
471.501	1391.97
472.576	1379.59
473.651	1430.43
474.726	1491.66
475.801	1420.51
476.876	1468.45
477.95	1553.6
479.022	1543.1
480.097	1514.75
481.171	1571.41
482.243	1685.19
483.317	1715.42
484.388	1750.19
485.46	1896.66
486.533	1911.71
487.605	2012.39
488.676	2110.97
489.747	2148.67
490.818	2198.55
491.889	2424.43
492.959	2446.51
494.03	2541.51
495.1	2569.41
496.171	2674.18
497.239	2724.21
498.309	2774.61
499.379	2719.25
500.446	2711.71
501.514	2657
502.584	2724.64
503.651	2652.86
504.718	2707.84
505.788	2768.58
506.855	2714.07
507.921	2617.39
508.988	2689.09
510.055	2783.72
511.119	2776.85
512.186	2866.38
513.252	2969.97
514.318	3056.46
515.382	3158.8
516.448	3295.36
517.512	3362.51
518.577	3487.01
519.641	3524.74
520.704	3525.2
521.768	3669.67
522.833	3765.55
523.896	3754.11
524.959	3796.37
526.021	3904.19
527.084	3973.15
528.144	3958.25
529.207	4094.84
530.269	4173.85
531.331	4211.6
532.391	4281.45
533.453	4284.97
534.513	4279.63
535.572	4246.93
536.634	4277.2
537.693	4193.71
538.752	4039.47
539.812	4049.54
540.87	3919.66
541.929	3778.54
542.988	3626.05
544.047	3514.75
545.105	3346.97
546.164	3168.65
547.22	3004.77
548.278	2887.33
549.336	2783.23
550.392	2667.79
551.448	2539.61
552.505	2475.34
553.561	2327.66
554.616	2260.41
555.671	2235.06
556.728	2104.13
557.783	2045.4
558.836	1993.64
559.891	1885.77
560.946	1867.1
562	1767.87
563.055	1832.25
564.107	1720.85
565.161	1703.32
566.213	1721.91
567.267	1616.41
568.318	1583.05
569.37	1574.65
570.424	1588.43
571.475	1547.81
572.526	1640.11
573.577	1586.7
574.628	1585.89
575.679	1597.1
576.73	1589.06
577.781	1585.77
578.829	1601.06
579.88	1574.16
580.93	1513.3
581.978	1503.01
583.026	1460.46
584.076	1503.35
585.124	1499.28
586.172	1561.37
587.221	1564.59
588.269	1588.86
589.316	1674.51
590.363	1584.63
591.41	1593.83
592.457	1664.56
593.502	1640.26
594.549	1598.17
595.595	1570.38
596.64	1491.58
597.686	1474.29
598.73	1449.39
599.776	1422.17
600.82	1355.91
601.864	1349.2
602.908	1335.27
603.953	1282.21
604.997	1259.9
606.04	1251.68
607.083	1246.29
608.125	1286.78
609.168	1254.13
610.211	1258
611.253	1234.92
612.294	1203.5
613.336	1261.63
614.377	1202.74
615.419	1213.05
616.459	1270.33
617.499	1248.13
618.539	1255.31
619.579	1215.41
620.619	1233.63
621.658	1212.29
622.698	1287.86
623.737	1211.37
624.776	1224.39
625.815	1241.16
626.852	1182.39
627.891	1180.88
628.928	1201.56
629.966	1175.1
631.003	1175.24
632.041	1152.95
633.077	1165.5
634.114	1128.07
635.15	1076.85
636.185	1054.4
637.221	1029.4
638.257	1025.78
639.292	1022.23
640.328	1008.45
641.361	1002.77
642.396	995.921
643.431	974.117
644.464	917.244
645.497	929.498
646.532	946.487
647.564	944.371
648.597	945.211
649.629	929.59
650.663	870.723
651.695	967.127
652.727	970.491
653.757	905.724
654.789	920.845
655.821	987.379
656.852	984.245
657.882	955.579
658.913	948.135
659.942	924.231
660.973	976.4
662.002	982.59
663.031	975.866
664.06	972.024
665.09	1012.49
666.119	1027.69
667.147	1039.58
668.175	958.822
669.201	1037.84
670.229	969.429
671.257	954.935
672.285	942.961
673.311	890.443
674.338	951.299
675.363	946.096
676.389	937.376
677.416	950.808
678.441	919.849
679.466	939.394
680.491	897.823
681.515	964.986
682.54	983.248
683.565	917.712
684.589	986.116
685.613	991.082
686.635	1017.42
687.659	1023.52
688.681	1051.78
689.705	1062.43
690.727	1085.04
691.75	1131.65
692.772	1091.22
693.793	1145.13
694.814	1183.22
695.835	1181.36
696.856	1236.79
697.877	1243.03
698.898	1262.19
699.918	1267.48
700.937	1258.94
701.957	1334.66
702.978	1335.45
703.996	1306.61
705.016	1271.25
706.034	1262.66
707.052	1239.24
708.069	1260.21
709.087	1187.86
710.107	1235.75
711.124	1189.45
712.139	1135.84
713.156	1088.73
714.173	1078.56
715.19	1072.9
716.205	1042.13
717.222	1001.05
718.238	1002.31
719.253	993.356
720.267	1017.6
721.283	969.093
722.297	966.763
723.311	953.467
724.325	936.571
725.339	937.244
726.353	949.061
727.366	978.459
728.38	995.972
729.391	949.078
730.404	979.352
731.417	972.648
732.428	939.1
733.441	989.988
734.452	948.974
735.463	940.224
736.475	960.099
737.486	937.05
738.496	957.284
739.506	935.392
740.516	897.882
741.526	903.428
742.534	873.99
743.544	882.098
744.554	850.711
745.561	829.437
746.571	814.634
747.578	768.704
748.587	810.883
749.594	798.992
750.601	781.642
751.608	770.763
752.615	735.158
753.621	751.939
754.628	780.749
755.634	790.364
756.641	725.554
757.647	759.193
758.651	756.985
759.657	756.62
760.663	708.257
761.666	756.704
762.67	737.703
763.676	712.116
764.679	751.101
765.682	701.248
766.686	730.815
767.689	761.299
768.692	771.535
769.694	742.188
770.697	739.87
771.698	749.783
772.7	750.535
773.703	750.303
774.703	736.87
775.703	739.88
776.705	813.255
777.705	789.854
778.705	772.969
779.705	761.78
780.705	759.108
781.704	803.949
782.704	749.398
783.703	818.438
784.702	825.096
785.701	847.473
786.698	889.348
787.697	863.346
788.694	805.779
789.693	869.241
790.689	877.822
791.686	953.384
792.682	926.414
793.68	1012.93
794.676	1022.11
795.672	1021.11
796.666	1100.33
797.662	1082.88
798.658	1137.22
799.653	1178.47
800.647	1231.64
801.642	1196.01
802.636	1202.07
803.631	1208.91
804.624	1195.24
805.617	1121.15
806.61	1134.54
807.602	1108.86
808.595	1061.78
809.587	1069.46
810.58	1054.85
811.572	1028.27
812.564	1025.01
813.554	1056.14
814.546	1078.99
815.536	1060.18
816.528	1126.5
817.518	1123.36
818.507	1173.87
819.499	1210.51
820.488	1255.46
821.477	1353.93
822.466	1432.8
823.455	1536.32
824.444	1599.89
825.431	1699.31
826.42	1839.31
827.408	1942.65
828.395	2147.58
829.383	2336.07
830.369	2477.46
831.356	2794.19
832.342	2978.48
833.33	3202.49
834.315	3496.9
835.301	3738.24
836.287	3920.69
837.27	4167.48
838.256	4187.42
839.241	4341.71
840.226	4337.96
841.209	4279.7
842.194	4263.45
843.177	4145.22
844.16	3932.5
845.145	3809.08
846.127	3632.47
847.11	3482.5
848.092	3474.91
849.074	3388.97
850.056	3330.34
851.039	3378.07
852.018	3385.02
853	3374.25
853.982	3450.81
854.962	3496.3
855.941	3441.13
856.923	3442.55
857.902	3341.46
858.881	3233.25
859.86	3094.63
860.839	2950.22
861.818	2845.9
862.797	2849.83
863.776	2712.49
864.754	2622.79
865.733	2548.64
866.709	2524.23
867.687	2375.72
868.664	2379.28
869.642	2357.29
870.618	2294.08
871.594	2229.17
872.569	2228.77
873.545	2159.31
874.521	2141.38
875.496	2108.61
876.471	2036.07
877.447	2018.65
878.42	2018.56
879.395	2012.81
880.37	1877.08
881.343	1863.06
882.315	1864.87
883.29	1876.99
884.262	1862.52
885.235	1815.8
886.207	1808.59
887.179	1793.86
888.151	1837.06
889.123	1811.08
890.095	1825.7
891.065	1794.32
892.037	1874.55
893.009	1888.45
893.978	1926.32
894.948	1994.66
895.919	2046.55
896.888	2108.79
897.857	2192.42
898.826	2330.57
899.795	2425.21
900.764	2625.68
901.732	2802.6
902.701	2975.38
903.668	3160.78
904.636	3284.33
905.604	3445.91
906.57	3495.41
907.538	3645.02
908.504	3737.15
909.47	3765.25
910.436	3788.2
911.402	3753.15
912.367	3730.88
913.333	3671.32
914.298	3552.13
915.264	3403.89
916.229	3259.17
917.192	3160.78
918.157	3006.17
919.12	2934.14
920.084	2793.7
921.047	2686.49
922.01	2602.2
922.972	2477.75
923.935	2338.23
924.897	2297.84
925.859	2115.59
926.821	2093.91
927.783	2005.51
928.743	1958.85
929.705	1860.06
930.667	1797.33
931.626	1766.09
932.586	1733.94
933.547	1617.33
934.506	1626.39
935.466	1560.27
936.425	1561.2
937.384	1544.38
938.343	1517.16
939.301	1516.83
940.26	1522.95
941.217	1563.65
942.175	1567.15
943.132	1550.24
944.09	1619.45
945.046	1537.23
946.002	1580.29
946.96	1652.32
947.916	1628.72
948.872	1594.69
949.828	1620.56
950.783	1625.7
951.737	1647.6
952.692	1647.73
953.647	1621.41
954.601	1661.62
955.556	1632.46
956.509	1604.48
957.464	1692.24
958.417	1655.47
959.369	1650.69
960.322	1758.49
961.275	1746.52
962.227	1778.23
963.179	1818.05
964.132	1884.08
965.082	1922.18
966.034	1917.52
966.984	1974.35
967.936	2008.87
968.885	2114.77
969.837	2119.74
970.787	2245.5
971.736	2264.57
972.686	2362.32
973.635	2423.4
974.584	2537.22
975.533	2569.62
976.48	2615.39
977.429	2656.59
978.378	2734.45
979.325	2761.6
980.273	2695.79
981.22	2801.65
982.166	2743.11
983.113	2714.31
984.061	2687.03
985.007	2650.02
985.953	2582.84
986.897	2490.49
987.843	2451.81
988.789	2450.03
989.734	2300.83
990.678	2254.75
991.623	2188.09
992.567	2044.61
993.51	2007.49
994.453	1951.48
995.398	1937.41
996.341	1880.38
997.284	1812.27
998.227	1755.51
999.168	1752.97
1000.11	1693.68
1001.05	1673.65
1001.99	1676.08
1002.94	1588.31
1003.88	1600.37
1004.82	1591.2
1005.76	1655.78
1006.7	1693.45
1007.64	1668.62
1008.58	1705.11
1009.52	1717.99
1010.46	1673.75
1011.4	1720.72
1012.34	1734.27
1013.27	1697.89
1014.21	1709.47
1015.15	1732.66
1016.09	1727.2
1017.03	1715.17
1017.96	1778.53
1018.9	1691.24
1019.84	1719.47
1020.77	1766.28
1021.71	1708.55
1022.65	1809.91
1023.58	1790.18
1024.52	1821.32
1025.45	1818.11
1026.39	1820.49
1027.32	1844.19
1028.26	1886.34
1029.19	1874.7
1030.12	1861.96
1031.06	1873.68
1031.99	1870.64
1032.92	1895.2
1033.86	1927.63
1034.79	1910.36
1035.72	1857.2
1036.65	1907.44
1037.59	1915.05
1038.52	1879.06
1039.45	1990.2
1040.38	1956.94
1041.31	1997.33
1042.24	2032.02
1043.17	2020.32
1044.1	2023.64
1045.03	2125.31
1045.96	2100.45
1046.89	2134.57
1047.82	2174.83
1048.75	2224.03
1049.68	2243.13
1050.61	2240.32
1051.53	2214.33
1052.46	2222.98
1053.39	2279.6
1054.32	2396.71
1055.24	2372.93
1056.17	2390.15
1057.1	2412.42
1058.02	2477.79
1058.95	2508.18
1059.88	2546.19
1060.8	2577.47
1061.73	2564.85
1062.65	2537.02
1063.58	2512.16
1064.5	2556.06
1065.43	2516.87
1066.35	2561.19
1067.27	2653.4
1068.2	2721.8
1069.12	2803.77
1070.04	2865.45
1070.97	2889.41
1071.89	2915.13
1072.81	3040.75
1073.73	3055.75
1074.65	3090.02
1075.58	3006.9
1076.5	2988.89
1077.42	2977.91
1078.34	2907.5
1079.26	2835.06
1080.18	2827.36
1081.1	2691.38
1082.02	2629.66
1082.94	2516.64
1083.86	2421.68
1084.78	2350.5
1085.7	2272.78
1086.61	2241.74
1087.53	2141.62
1088.45	2101.41
1089.37	2065
1090.28	2108.13
1091.2	2103.64
1092.12	2044.02
1093.03	2104.71
1093.95	2145.57
1094.87	2208.39
1095.78	2244.94
1096.7	2297.77
1097.61	2361.1
1098.53	2384.66
1099.44	2431.75
1100.36	2482.45
1101.27	2513.1
1102.19	2573.86
1103.1	2538.07
1104.01	2601.54
1104.93	2645.29
1105.84	2655.3
1106.75	2766.84
1107.67	2749.4
1108.58	2774.83
1109.49	2809.79
1110.4	2867.13
1111.31	2878.58
1112.22	2902.8
1113.14	3001.45
1114.05	3015.93
1114.96	3060.91
1115.87	3073.17
1116.78	3178.33
1117.69	3262.71
1118.6	3286.26
1119.51	3382.1
1120.42	3444.4
1121.32	3499.96
1122.23	3470.94
1123.14	3493.85
1124.05	3482.05
1124.96	3556.45
1125.86	3486.83
1126.77	3457.8
1127.68	3368.36
1128.58	3355.53
1129.49	3270.37
1130.4	3312.31
1131.3	3234.27
1132.21	3210.33
1133.11	3239.97
1134.02	3188.9
1134.92	3226.75
1135.83	3189.36
1136.73	3164.5
1137.64	3083.5
1138.54	3079.96
1139.44	2982.05
1140.35	2873.46
1141.25	2869.38
1142.15	2792.3
1143.06	2705.91
1143.96	2568.2
1144.86	2533.15
1145.76	2484.55
1146.66	2397.54
1147.57	2297.84
1148.47	2235.07
1149.37	2075.06
1150.27	2081.78
1151.17	1949.46
1152.07	1862.92
1152.97	1800.21
1153.87	1707.88
1154.77	1646.89
1155.67	1529.55
1156.57	1426.42
1157.46	1383.33
1158.36	1322.24
1159.26	1282.26
1160.16	1230.05
1161.05	1225.56
1161.95	1157.15
1162.85	1124.78
1163.75	1071.17
1164.64	1029.74
1165.54	978.679
1166.44	996.189
1167.33	940.544
1168.23	922.208
1169.12	938.275
1170.02	898.324
1170.91	867.895
1171.81	839.316
1172.7	864.872
1173.59	846.597
1174.49	828.253
1175.38	861.148
1176.27	850.25
1177.17	858.282
1178.06	802.734
1178.95	806.076
1179.84	826.583
1180.74	814.04
1181.63	835.706
1182.52	804.329
1183.41	808.887
1184.3	809.526
1185.19	850.731
1186.08	810.46
1186.97	842.055
1187.86	846.234
1188.75	829.665
1189.64	871.623
1190.53	876.745
1191.42	854.527
1192.31	869.122
1193.2	913.001
1194.09	872.279
1194.97	904.202
1195.86	942.8
1196.75	909.806
1197.64	944.506
1198.52	958.422
1199.41	944.086
1200.29	970.253
1201.18	977.676
1202.07	970.098
1202.95	983.197
1203.84	1001.83
1204.72	976.107
1205.61	1028.29
1206.49	1006.18
1207.38	989.832
1208.26	1032.89
1209.14	1015.19
1210.03	990.214
1210.91	999.18
1211.79	997.776
1212.68	1029.11
1213.56	998.088
1214.44	1067.44
1215.32	1011.49
1216.21	1014.74
1217.09	1000.23
1217.97	1016.94
1218.85	1033.04
1219.73	1029.73
1220.61	1088.77
1221.49	1076.52
1222.37	1094.4
1223.25	1166.84
1224.13	1230.6
1225.01	1257.31
1225.89	1347.02
1226.77	1361.17
1227.65	1399.96
1228.52	1387.1
1229.4	1400.02
1230.28	1381.1
1231.16	1388.81
1232.03	1427.81
1232.91	1410.92
1233.79	1408.07
1234.66	1356.64
1235.54	1377.08
1236.42	1406.85
1237.29	1355.85
1238.17	1303.86
1239.04	1274.71
1239.92	1239.94
1240.79	1237.56
1241.67	1213.38
1242.54	1188.26
1243.41	1197.41
1244.29	1192.31
1245.16	1206.29
1246.03	1203.16
1246.91	1218.13
1247.78	1230.14
1248.65	1231.5
1249.52	1227.88
1250.4	1231.73
1251.27	1235.52
1252.14	1262.26
1253.01	1272.87
1253.88	1294.11
1254.75	1290.58
1255.62	1320.45
1256.49	1327.27
1257.36	1357.81
1258.23	1396.75
1259.1	1357.2
1259.97	1413.09
1260.84	1386.85
1261.71	1425.59
1262.57	1450.1
1263.44	1461.36
1264.31	1469.85
1265.18	1453.56
1266.05	1505.94
1266.91	1500.04
1267.78	1569.38
1268.65	1575.66
1269.51	1654.28
1270.38	1727.07
1271.24	1834.98
1272.11	1863.69
1272.97	1920.86
1273.84	1963.66
1274.7	2035.93
1275.57	1992.21
1276.43	2070.11
1277.3	2110.11
1278.16	2039.99
1279.02	1991.22
1279.89	1889.12
1280.75	1907.02
1281.61	1805.58
1282.48	1756.55
1283.34	1689.94
1284.2	1586.87
1285.06	1554.01
1285.92	1499.13
1286.78	1453.81
1287.65	1375.89
1288.51	1344.53
1289.37	1309.61
1290.23	1290.57
1291.09	1254.04
1291.95	1230.76
1292.81	1223.17
1293.67	1215.61
1294.52	1187.6
1295.38	1135.42
1296.24	1166.8
1297.1	1114.33
1297.96	1127.62
1298.81	1149.57
1299.67	1096.72
1300.53	1116.37
1301.39	1124.44
1302.24	1122.01
1303.1	1097.31
1303.95	1118.04
1304.81	1077.16
1305.67	1096.16
1306.52	1128.91
1307.38	1127.95
1308.23	1154.3
1309.09	1150.67
1309.94	1163.12
1310.8	1167.3
1311.65	1199.74
1312.5	1213.67
1313.35	1232.23
1314.21	1232.18
1315.06	1267.86
1315.91	1298.76
1316.77	1306.11
1317.62	1390.2
1318.47	1405.44
1319.32	1459.87
1320.17	1494.25
1321.02	1535.06
1321.87	1590.08
1322.73	1621.29
1323.57	1689.71
1324.43	1768.03
1325.28	1784.83
1326.13	1842.16
1326.97	1898.9
1327.82	1921.5
1328.67	1987.05
1329.52	2035.94
1330.37	2063.24
1331.22	2119.02
1332.06	2146.78
1332.91	2175.73
1333.76	2235.54
1334.61	2244.78
1335.45	2247.06
1336.3	2265.88
1337.15	2296.67
1337.99	2307.98
1338.84	2327.57
1339.68	2367.9
1340.53	2378.06
1341.37	2389.26
1342.22	2409.88
1343.06	2430.63
1343.91	2463.14
1344.75	2471.07
1345.6	2500.95
1346.44	2517.41
1347.28	2499.74
1348.12	2498.35
1348.97	2508.51
1349.81	2498.23
1350.65	2519.6
1351.49	2490.75
1352.33	2511.78
1353.18	2540.84
1354.02	2501.96
1354.86	2486.71
1355.7	2493.21
1356.54	2487.35
1357.38	2484.92
1358.22	2518.64
1359.06	2551.45
1359.9	2522.16
1360.74	2477.33
1361.58	2523.63
1362.42	2508.97
1363.25	2497.79
1364.09	2515.45
1364.93	2485.58
1365.77	2464.65
1366.6	2509.04
1367.19	2529
1368.1	2476.36
1369.01	2499.35
1369.92	2521.19
1370.83	2489.63
1371.74	2489.34
1372.65	2436.68
1373.56	2401.62
1374.47	2382.24
1375.37	2394.28
1376.28	2341.27
1377.19	2283.21
1378.1	2287.91
1379	2228.68
1379.91	2275.45
1380.82	2227.02
1381.72	2167.77
1382.63	2198.5
1383.54	2157.46
1384.44	2126.97
1385.35	2152.99
1386.25	2133.05
1387.16	2161
1388.06	2101.44
1388.97	2047.99
1389.87	2063.78
1390.78	2014.58
1391.68	2009.21
1392.59	2021.35
1393.49	1940.38
1394.39	1882.64
1395.3	1845.12
1396.2	1824.9
1397.1	1744.75
1398	1648.41
1398.91	1616.02
1399.81	1527.06
1400.71	1496.12
1401.61	1468.14
1402.52	1433.4
1403.42	1390.9
1404.32	1383.85
1405.22	1374.85
1406.12	1365.94
1407.02	1343.8
1407.92	1338.16
1408.82	1321.25
1409.72	1315.01
1410.62	1285.88
1411.52	1258.65
1412.42	1278.11
1413.32	1261.18
1414.21	1244.17
1415.11	1193.76
1416.01	1214.83
1416.91	1200.66
1417.81	1219.88
1418.71	1177.42
1419.6	1168.48
1420.5	1149.31
1421.4	1136.99
1422.29	1116.21
1423.19	1125.81
1424.09	1121.97
1424.98	1138.89
1425.88	1174.69
1426.77	1109.67
1427.67	1091.28
1428.56	1118.57
1429.46	1055.7
1430.35	1074.62
1431.25	1097.44
1432.14	1142.25
1433.04	1112.12
1433.93	1135.37
1434.82	1144.49
1435.72	1159.4
1436.61	1176.27
1437.5	1169.35
1438.39	1219.66
1439.29	1268.09
1440.18	1290.7
1441.07	1308.41
1441.96	1370.01
1442.85	1336.93
1443.75	1377.62
1444.64	1395.57
1445.53	1440.63
1446.42	1499.32
1447.31	1502.38
1448.2	1580.13
1449.09	1596.15
1449.98	1643.64
1450.87	1660.29
1451.76	1684.77
1452.65	1685.54
1453.54	1742.6
1454.43	1759.63
1455.31	1842.4
1456.2	1808.2
1457.09	1848.8
1457.98	1824.05
1458.87	1841.43
1459.75	1847.14
1460.64	1845.47
1461.53	1885.95
1462.41	1867
1463.3	1888.93
1464.19	1929.15
1465.07	1966.01
1465.96	1953.74
1466.85	1977.88
1467.73	1905.79
1468.61	1853.22
1469.5	1799.91
1470.38	1731.27
1471.27	1707.35
1472.15	1738.74
1473.04	1766.09
1473.92	1718.46
1474.8	1729.92
1475.69	1712.22
1476.57	1676.21
1477.45	1662.82
1478.34	1656.52
1479.22	1607.59
1480.1	1550.73
1480.98	1549.85
1481.86	1545.5
1482.75	1504.63
1483.63	1470.25
1484.51	1382.51
1485.39	1291.24
1486.27	1212.05
1487.15	1043.16
1488.03	969.385
1488.91	914.956
1489.79	811.031
1490.67	789.216
1491.55	789.513
1492.43	732.773
1493.31	696.419
1494.19	684.299
1495.07	669.359
1495.94	657.343
1496.82	631.827
1497.7	636.105
1498.58	622.05
1499.45	581.094
1500.33	594.878
1501.21	582.776
1502.09	570.721
1502.96	560.631
1503.84	566.828
1504.72	568.241
1505.59	568.679
1506.47	572.904
1507.34	506.574
1508.22	546.048
1509.09	556.941
1509.97	564.07
1510.84	563.654
1511.72	516.755
1512.59	534.447
1513.46	540.694
1514.34	537.375
1515.21	551.973
1516.08	527.698
1516.96	544.083
1517.83	535.899
1518.7	522.105
1519.57	502.731
1520.45	531.459
1521.32	518.818
1522.19	525.072
1523.06	503.19
1523.93	547.163
1524.8	527.232
1525.67	512.911
1526.54	506.991
1527.41	531.99
1528.28	513.785
1529.16	514.357
1530.02	491.557
1530.89	536.285
1531.76	517.395
1532.63	506.061
1533.5	506.93
1534.37	519.026
1535.24	517.045
1536.11	495.366
1536.97	504.572
1537.84	487.579
1538.71	484.676
1539.57	502.441
1540.44	518.422
1541.31	505.443
1542.18	508.418
1543.04	531.078
1543.91	501.159
1544.77	474.893
1545.64	520.794
1546.5	470.949
1547.37	528.093
1548.24	514.974
1549.1	493.555
1549.96	506.102
1550.83	490.578
1551.69	500.496
1552.56	468.893
1553.42	464.484
1554.28	475.992
1555.15	492.143
1556.01	488.456
1556.87	497.143
1557.73	488.948
1558.6	490.338
1559.46	484.202
1560.32	504.599
1561.18	495.455
1562.04	500.432
1562.9	472.015
1563.77	487.339
1564.63	492.252
1565.49	500.131
1566.35	509.092
1567.21	502.883
1568.07	520.602
1568.93	480.916
1569.79	505.292
1570.64	505.664
1571.5	503.085
1572.36	492.771
1573.22	489.165
1574.08	488.467
1574.94	524.397
1575.8	489.134
1576.65	486.622
1577.51	486.992
1578.37	516.313
1579.22	499.212
1580.08	519.783
1580.94	501.634
1581.79	486.389
1582.65	489.586
1583.51	499.628
1584.36	504.858
1585.22	495.507
1586.07	520.17
1586.93	512.686
1587.78	508.067
1588.63	515.098
1589.49	506.473
1590.34	526.077
1591.2	524.132
1592.05	507.457
1592.9	527.81
1593.76	528.629
1594.61	512.91
1595.46	485.578
1596.32	539.382
1597.17	534.732
1598.02	527.19
1598.87	540.16
1599.72	507.066
1600.58	518.871
1601.43	516.846
1602.28	525.469
1603.13	523.227
1603.98	553.203
1604.83	540.137
1605.68	576.962
1606.53	533.752
1607.38	510.169
1608.23	570.613
1609.08	547.039
1609.93	565.363
1610.77	552.328
1611.62	556.776
1612.47	560.225
1613.32	556.901
1614.17	544.916
1615.01	551.526
1615.86	556.242
1616.71	557.057
1617.55	548.074
1618.4	563.305
1619.25	552.177
1620.09	552.648
1620.94	542.422
1621.79	575.872
1622.63	561.869
1623.48	565.396
1624.32	534.144
1625.17	566.842
1626.01	538.589
1626.86	533.572
1627.7	563.375
1628.54	578.641
1629.39	584.198
1630.23	578.103
1631.07	566.158
1631.92	554.169
1632.76	582.685
1633.6	570.667
1634.45	589.535
1635.29	552.566
1636.13	572.479
1636.97	578.926
1637.81	594.029
1638.66	611.041
1639.5	585.753
1640.34	591.283
1641.18	577.659
1642.02	574.681
1642.86	581.367
1643.7	573.662
1644.54	585.168
1645.38	580.304
1646.22	594.628
1647.06	584.906
1647.89	568.47
1648.73	613.616
1649.57	611.762
1650.41	605.22
1651.25	584.332
1652.09	596.214
1652.92	590.728
1653.76	581.27
1654.6	603.502
1655.43	580.311
1656.27	588.945
1657.11	587.068
1657.94	588.25
1658.78	573.177
1659.62	566.871
1660.45	568.282
1661.29	590.894
1662.12	583.336
1662.96	583.405
1663.79	568.895
1664.62	560.258
1665.46	582.794
1666.29	576.375
1667.13	575.895
1667.96	563.789
1668.79	568.211
1669.63	568.697
1670.46	570.096
1671.29	563.614
1672.12	591.271
1672.96	551.418
1673.79	542.803
1674.62	558.65
1675.45	564.755
1676.28	510.158
1677.11	530.104
1677.95	559.948
1678.78	528.924
1679.61	545.987
1680.44	518.695
1681.27	520.799
1682.1	538.589
1682.93	514.994
1683.75	502.265
1684.58	523.108
1685.41	520.365
1686.24	491.992
1687.07	525.815
1687.9	482.576
1688.73	489.697
1689.55	513.623
1690.38	498.939
1691.21	486.178
1692.04	486.218
1692.86	490.138
1693.69	488.048
1694.52	512.681
1695.34	491.797
1696.17	487.844
1696.99	466.162
1697.82	499.082
1698.64	487.426
1699.47	449.908
1700.29	491.743
1701.12	470.903
1701.94	502.617
1702.77	435.899
1703.59	488.347
1704.41	463.31
1705.24	457.158
1706.06	470.881
1706.88	445.926
1707.71	461.679
1708.53	461.567
1709.35	469.386
1710.17	469.245
1711	462.121
1711.82	457.93
1712.64	459.648
1713.46	431.633
1714.28	451.19
1715.1	440.093
1715.92	455.777
1716.74	436.843
1717.56	481.212
1718.38	459.187
1719.2	459.796
1720.02	459.312
1720.84	451.883
1721.66	460.298
1722.48	433.36
1723.3	455.849
1724.11	458.739
1724.93	445.884
1725.75	457.567
1726.57	426.752
1727.39	426.341
1728.2	454.361
1729.02	422.42
1729.84	434.759
1730.65	438.338
1731.47	446.875
1732.29	473.049
1733.1	452.146
1733.92	452.739
1734.73	464.047
1735.55	435.271
1736.36	442.698
1737.18	442.347
1737.99	439.09
1738.81	462.143
1739.62	424.73
1740.43	426.268
1741.25	454.052
1742.06	433.218
1742.87	420.22
1743.69	419.895
1744.5	440.933
1745.31	439.653
1746.13	423.836
1746.94	448.735
1747.75	432.004
1748.56	417.262
1749.37	443.209
1750.18	413.038
1750.99	433.176
1751.81	443.615
1752.61	427.934
1753.42	415.175
1754.24	469.138
1755.04	429.395
1755.85	437.022
1756.66	431.096
1757.47	399.026
1758.28	427.738
1759.09	408.119
1759.9	424.204
1760.71	412.364
1761.52	427.598
1762.32	399.544
1763.13	435.152
1763.94	440.898
1764.74	430.236
1765.55	426.297
1766.36	428.141
1767.17	415.563
1767.97	404.972
1768.78	409.87
1769.58	418.667
1770.39	402.367
1771.19	417.894
1772	425.663
1772.8	425.68
1773.61	427.631
1774.41	388.995
1775.22	425.796
1776.02	416.19
1776.83	413.352
1777.63	387.276
1778.43	415.435
1779.23	419.431
1780.04	397.308
1780.84	408.201
1781.64	424.006
1782.44	403.885
1783.25	418.739
1784.05	396.591
1784.85	416.275
1785.65	410.623
1786.45	421.544
1787.25	421.75
1788.05	426.85
1788.86	408.498
1789.65	409.675
1790.46	393.217
1791.25	399.243
1792.05	414.084
1792.85	407.375
1793.65	387.931
1794.45	409.739
1795.25	382.505
1796.05	397.561
1796.85	422.519
1797.64	419.929
1798.44	390.66
1799.24	383.009
1800.04	407.898
1800.83	380.374
1801.63	407.198
1802.43	395.445
1803.22	383.678
1804.02	384.774
1804.82	394.778
1805.61	407.747
1806.41	406.825
1807.2	378.117
1808	399.022
1808.79	380.252
1809.59	406.194
1810.38	409.32
1811.18	383.6
1811.97	396.608
1812.76	394.618
1813.56	385.579
1814.35	392.401
1815.14	400.204
1815.94	387.165
1816.73	393.105
1817.52	394.154
1818.31	403.21
1819.1	438.152
1819.9	412.273
1820.69	410.205
1821.48	409.06
1822.27	409.876
1823.06	417.669
1823.85	419.514
1824.64	386.539
1825.43	387.398
1826.22	403.152
1827.01	402.956
1827.8	400.766
1828.59	404.565
1829.38	386.535
1830.17	404.321
1830.96	415.144
1831.74	393.127
1832.53	407.811
1833.32	376.742
1834.11	395.278
1834.89	401.867
1835.68	408.444
1836.47	388.282
1837.26	392.903
1838.04	387.632
1838.83	376.432
1839.61	383.008
1840.4	381.641
1841.19	381.221
1841.97	410.338
1842.76	388.203
1843.54	394.67
1844.33	375.632
1845.11	397.956
1845.89	375.138
1846.68	395.564
1847.46	395.356
1848.25	364.705
1849.03	415.473
1849.81	417.178
1850.6	380.679
1851.38	396.16
1852.16	372.461
1852.94	382.059
1853.72	388.678
1854.51	390.353
1855.29	384.163
1856.07	370.136
1856.85	387.365
1857.63	359.675
1858.41	366.161
1859.19	397.018
1859.97	393.779
1860.75	395.461
1861.53	383.576
1862.31	386.347
1863.09	380.393
1863.87	389.032
1864.65	376.227
1865.43	408.091
1866.21	385.421
1866.99	406.422
1867.76	397.281
1868.54	391.081
1869.32	363.625
1870.1	391.494
1870.87	383.593
1871.65	387.377
1872.43	353.41
1873.2	392.082
1873.98	379.385
1874.76	372.474
1875.53	393.646
1876.31	370.306
1877.08	382.851
1877.86	372.206
1878.63	366.43
1879.41	367.428
1880.18	380.996
1880.96	356.716
1881.73	387.672
1882.5	400.213
1883.28	368.179
1884.05	387.579
1884.82	372.091
1885.6	377.954
1886.37	389.631
1887.14	363.421
1887.91	399.336
1888.68	362.415
1889.46	375.051
1890.23	381.91
1891	383.008
1891.77	398.783
1892.54	396.161
1893.31	377.998
1894.08	376.416
1894.85	388.488
1895.62	362.362
1896.39	388.928
1897.16	401.685
1897.93	367.356
1898.7	405.436
1899.47	388.744
1900.24	379.006
1901.01	375.261
1901.77	376.517
1902.54	362.115
1903.31	354.536
1904.08	363.61
1904.84	382.485
1905.61	363.921
1906.38	359.107
1907.14	370.053
1907.91	369.185
1908.68	369.324
1909.44	389.238
1910.21	331.151
1910.97	393.645
1911.74	381.043
1912.51	357.526
1913.27	356.763
1914.03	369.864
1914.8	376.004
1915.56	387.083
1916.33	383.23
1917.09	364.424
1917.85	357.509
1918.62	369.469
1919.38	343.61
1920.14	380.455
1920.9	359.605
1921.67	357.721
1922.43	367.864
1923.19	350.15
1923.95	365.396
1924.71	372.671
1925.47	355.9
1926.24	355.046
1927	358.107
1927.76	340.057
1928.52	365.015
1929.28	360.893
1930.04	378.785
1930.8	335.598
1931.56	379.522
1932.32	348.391
1933.08	376.363
1933.83	364.349
1934.59	376.417
1935.35	340.417
1936.11	360.495
1936.87	376.497
1937.62	349.3
1938.38	364.115
1939.14	380.878
1939.89	376.614
1940.65	375.409
1941.41	374.263
1942.16	355.143
1942.92	383.029
1943.68	372.836
1944.43	362.56
1945.19	396.169
1945.94	364.793
1946.7	374.344
1947.45	359.987
1948.21	358.635
1948.96	366.281
1949.71	365.003
1950.47	366.734
1951.22	374.444
1951.98	361.297
1952.73	374.96
1953.48	369.718
1954.23	387.233
1954.99	378.874
1955.74	397.187
1956.49	369.932
1957.24	379.299
1957.99	372.923
1958.75	364.673
1959.5	396.927
1960.25	393.719
1961	395.424
1961.75	393.13
1962.5	398.637
1963.25	390.327
1964	402.637
1964.75	407.093
1965.5	373.331
1966.25	383.693
1967	367.575
1967.74	386.61
1968.49	385.027
1969.24	379.508
1969.99	369.147
1970.74	373.463
1971.48	379.815
1972.23	370.733
1972.98	376.305
1973.73	404.228
1974.47	382.627
1975.22	391.983
1975.96	389.616
1976.71	401.699
1977.46	371.208
1978.2	391.013
1978.95	363.586
1979.69	395.111
1980.44	397.794
1981.18	380.305
1981.93	395.6
1982.67	380.976
1983.41	405.76
1984.16	379.395
1984.9	372.211
1985.64	386.122
1986.39	352.984
1987.13	378.431
1987.87	375.17
1988.61	359.543
1989.36	381.314
1990.1	372.49
1990.84	368.466
1991.58	360.62
1992.32	365.212
1993.06	365.049
1993.81	365.89
1994.55	374.447
1995.29	372.568
1996.03	362.146
1996.77	373.765
1997.51	357.638
1998.24	381.708
1998.98	357.839
1999.72	386.638
2000.46	358.843
2001.2	387.615
2001.94	379
2002.68	355.055
2003.41	368.566
2004.15	351.377
2004.89	362.044
2005.63	360.211
2006.36	348.736
2007.1	343.008
2007.84	373.841
2008.57	372.947
2009.31	350.906
2010.05	353.952
2010.78	347.408
2011.52	354.401
2012.25	359.479
2012.99	353.904
2013.72	376.333
2014.46	330.008
2015.19	363.021
2015.92	341.802
2016.66	357.435
2017.39	381.881
2018.13	338.478
2018.86	336.844
2019.59	345.944
2020.32	323.889
2021.06	333.95
2021.79	346.654
2022.52	371.56
2023.25	330.109
2023.98	360.827
2024.72	349.83
2025.45	375.322
2026.18	340.25
2026.91	335.894
2027.64	354.049
2028.37	365.89
2029.1	368.592
2029.83	357.921
2030.56	341.002
2031.29	341.516
2032.02	362.132
2032.75	353.127
2033.47	345.336
2034.2	364.643
2034.93	336.795
2035.66	349.024
2036.39	338.48
2037.11	359.145
2037.84	352.995
2038.57	336.824
2039.3	361.258
2040.02	366.201
2040.75	357.603
2041.47	357.711
2042.2	366.38
2042.93	380.077
2043.65	352.151
2044.38	359.459
2045.1	355.935
2045.83	371.422
2046.55	341.631
2047.28	372.203
2048	354.239
2048.73	347.857
2049.45	367.524
2050.17	358.848
2050.9	352.309
2051.62	377.913
2052.34	343.943
2053.07	365.716
2053.79	360.809
2054.51	359.814
2055.23	367.953
2055.95	354.379
2056.68	366.735
2057.4	345.377
2058.12	348.914
2058.84	349.295
2059.56	366.239
2060.28	364.163
2061	366.427
2061.72	350.753
2062.44	380.516
2063.16	365.833
2063.88	353.647
2064.6	359.971
2065.32	366.284
2066.03	369.471
2066.75	369.75
2067.47	369.087
2068.19	374.228
2068.91	372.132
2069.62	358.914
2070.34	367.365
2071.06	369.171
2071.77	365.12
2072.49	364.497
2073.21	373.979
2073.92	364.353
2074.64	367.219
2075.36	376.036
2076.07	377.56
2076.79	364.609
2077.5	368.126
2078.22	382.452
2078.93	366.64
2079.64	368.581
2080.36	351.266
2081.07	364.978
2081.79	364.639
2082.5	367.868
2083.21	363.516
2083.93	386.117
2084.64	385.342
2085.35	384.567
2086.07	359.989
2086.78	366.105
2087.49	385.968
2088.2	373.105
2088.91	374.928
2089.62	374.056
2090.33	366.954
2091.04	377.178
2091.76	379.209
2092.47	370.417
2093.18	369.51
2093.89	356.612
2094.6	371.229
2095.3	379.487
2096.01	387.264
2096.72	382.696
2097.43	376.884
2098.14	368.348
2098.85	370.406
2099.56	374.602
2100.09	357.787
2100.87	395.202
2101.65	393.087
2102.43	380.111
2103.21	366.134
2103.99	397.526
2104.77	366.642
2105.55	376.143
2106.32	378.685
2107.1	367.459
2107.88	364.181
2108.66	384.579
2109.44	370.708
2110.22	412.857
2110.99	337.198
2111.77	355.676
2112.55	370.085
2113.33	385.334
2114.1	372.167
2114.88	403.06
2115.66	371.544
2116.43	364.59
2117.21	354.796
2117.99	382.117
2118.76	374.255
2119.54	381.947
2120.31	390.558
2121.09	388.411
2121.86	360.93
2122.64	369.538
2123.41	374.267
2124.19	380.968
2124.96	388.678
2125.74	392.547
2126.51	381.879
2127.28	400.478
2128.06	366.485
2128.83	407.507
2129.61	383.179
2130.38	400.731
2131.15	391.938
2131.92	388.032
2132.7	373.426
2133.47	370.546
2134.24	375.482
2135.01	386.269
2135.78	392.171
2136.55	372.69
2137.33	376.657
2138.1	357.211
2138.87	374.932
2139.64	395.652
2140.41	390.023
2141.18	403.039
2141.95	381.791
2142.72	371.304
2143.49	387.294
2144.26	382.613
2145.03	379.843
2145.8	362.285
2146.57	387.067
2147.33	392.228
2148.1	359.982
2148.87	372.14
2149.64	372.461
2150.41	380.654
2151.17	420.48
2151.94	396.928
2152.71	389.208
2153.48	398.382
2154.24	366.923
2155.01	347.37
2155.78	384.499
2156.54	361.946
2157.31	370.229
2158.08	391.47
2158.84	380.753
2159.61	367.978
2160.37	370.14
2161.14	367.269
2161.9	379.404
2162.67	375.569
2163.43	351.757
2164.2	368.104
2164.96	373.496
2165.72	392.989
2166.49	360.139
2167.25	391.618
2168.01	358.531
2168.78	360.636
2169.54	360.708
2170.3	373.929
2171.07	367.036
2171.83	372.327
2172.59	388.794
2173.35	365.814
2174.11	389.344
2174.88	378.357
2175.64	361.189
2176.4	376.397
2177.16	384.571
2177.92	374.531
2178.68	376.719
2179.44	383.033
2180.2	379.239
2180.96	374.435
2181.72	369.601
2182.48	390.155
2183.24	370.99
2184	392.483
2184.76	379.334
2185.52	398.737
2186.28	390.65
2187.04	367.3
2187.79	370.432
2188.55	399.034
2189.31	390.984
2190.07	403.302
2190.83	375.888
2191.58	366.802
2192.34	395.402
2193.1	398.509
2193.85	402.588
2194.61	388.27
2195.37	386.11
2196.12	385.933
2196.88	389.799
2197.63	393.677
2198.39	369.17
2199.15	363.025
2199.9	379.272
2200.66	395.535
2201.41	401.614
2202.16	405.592
2202.92	395.295
2203.67	383.952
2204.43	393.898
2205.18	348.214
2205.93	392.706
2206.69	372.497
2207.44	391.799
2208.19	371.626
2208.95	373.674
2209.7	395.89
2210.45	386.681
2211.2	368.351
2211.95	363.167
2212.71	361.022
2213.46	410.362
2214.21	382.973
2214.96	399.96
2215.71	375.583
2216.46	394.503
2217.21	376.133
2217.96	406.013
2218.71	400.673
2219.46	377.298
2220.21	374.049
2220.96	419.95
2221.71	374.748
2222.46	390.679
2223.21	390.588
2223.96	388.459
2224.71	394.272
2225.46	381.053
2226.21	408.751
2226.95	384.576
2227.7	407.309
2228.45	393.206
2229.2	402.037
2229.94	386.987
2230.69	391.843
2231.44	387.747
2232.18	396.568
2232.93	384.512
2233.68	405.2
2234.42	387.143
2235.17	406.75
2235.92	392.645
2236.66	376.603
2237.41	392.277
2238.15	387.216
2238.9	423.707
2239.64	415.721
2240.38	392.917
2241.13	404.673
2241.87	386.794
2242.62	404.436
2243.36	402.337
2244.1	395.312
2244.85	418.84
2245.59	397.054
2246.33	384.153
2247.08	395.871
2247.82	417.42
2248.56	412.382
2249.3	410.268
2250.05	413.038
2250.79	391.258
2251.53	423.474
2252.27	400.788
2253.01	393.859
2253.75	395.81
2254.49	388.005
2255.23	407.675
2255.97	402.851
2256.71	416.639
2257.45	418.628
2258.19	410.767
2258.93	405.804
2259.67	434.122
2260.41	411.519
2261.15	395.832
2261.89	374.349
2262.63	414.628
2263.36	406.991
2264.1	410.156
2264.84	382.914
2265.58	404.659
2266.32	389.078
2267.05	406.8
2267.79	406.824
2268.53	412.714
2269.26	398.99
2270	396.085
2270.74	375.567
2271.48	401.207
2272.21	384.708
2272.95	406.537
2273.68	411.716
2274.42	391.352
2275.15	423.103
2275.89	373.166
2276.62	397.996
2277.36	402.121
2278.09	398.331
2278.83	375.783
2279.56	386.731
2280.29	409.506
2281.03	399.744
2281.76	403.801
2282.49	385.198
2283.23	416.963
2283.96	404.375
2284.69	392.805
2285.42	358.489
2286.16	383.464
2286.89	411.375
2287.62	372.902
2288.35	399.729
2289.08	397.848
2289.81	396.015
2290.55	407.136
2291.28	394.544
2292.01	379.008
2292.74	413.139
2293.47	376.725
2294.2	395.945
2294.93	393.23
2295.66	383.472
2296.39	407.523
2297.11	384.701
2297.85	375.819
2298.57	376.934
2299.3	394.064
2300.03	405.288
2300.76	388.613
2301.49	389.903
2302.22	368.169
2302.94	411.382
2303.67	388.554
2304.4	377.714
2305.12	391.926
2305.85	376.131
2306.58	363.35
2307.31	358.577
2308.03	379.869
2308.76	385.074
2309.48	387.234
2310.21	370.292
2310.93	373.447
2311.66	389.7
2312.38	400.969
2313.11	373.026
2313.83	385.316
2314.56	354.283
2315.28	394.714
2316.01	382.742
2316.73	389.917
2317.45	364.862
2318.18	366.037
2318.9	379.338
2319.62	388.61
2320.35	382.721
2321.07	362.661
2321.79	364.794
2322.52	376.016
2323.24	342.793
2323.96	338.88
2324.68	366.316
2325.4	326
2326.12	344.318
2326.84	330.245
2327.56	324.249
2328.29	294.98
2329.01	307.215
2329.73	320.491
2330.45	309.489
2331.17	358.251
2331.89	362.438
2332.61	366.592
2333.32	364.63
2334.04	357.575
2334.76	357.611
2335.48	326.242
2336.2	363.819
2336.92	355.812
2337.64	344.772
2338.35	362.12
2339.07	362.213
2339.79	349.099
2340.51	381.632
2341.23	359.401
2341.94	363.591
2342.66	353.612
2343.37	352.787
2344.09	379.382
2344.81	365.277
2345.52	360.232
2346.24	355.108
2346.95	347.908
2347.67	364.066
2348.38	351.847
2349.1	348.846
2349.82	376.383
2350.53	370.479
2351.24	348.32
2351.96	404.375
2352.67	405.483
2353.39	364.839
2354.1	370.91
2354.81	376.962
2355.53	338.328
2356.24	364.735
2356.95	383.047
2357.66	370.922
2358.38	377.104
2359.09	386.358
2359.8	386.493
2360.51	364.292
2361.22	368.543
2361.94	366.72
2362.65	362.874
2363.36	349.85
2364.07	357.164
2364.78	388.895
2365.49	371.643
2366.2	374.725
2366.91	354.336
2367.62	402.228
2368.33	407.338
2369.04	370.704
2369.75	372.812
2370.46	391.232
2371.16	358.69
2371.87	359.77
2372.58	364.925
2373.29	380.279
2374	377.295
2374.71	370.236
2375.41	378.466
2376.12	382.612
2376.83	396.955
2377.53	381.738
2378.24	378.778
2378.95	368.694
2379.65	376.976
2380.36	378.099
2381.07	385.312
2381.77	374.124
2382.48	357.829
2383.18	377.292
2383.89	385.594
2384.59	404.177
2385.3	388.063
2386	377.021
2386.71	394.536
2387.41	378.21
2388.12	371.012
2388.82	401.598
2389.52	387.231
2390.23	395.402
2390.93	411.808
2391.63	383.293
2392.34	381.328
2393.04	374.21
2393.74	393.615
2394.44	374.185
2395.15	403.817
2395.85	384.487
2396.55	392.791
2397.25	396.008
2397.95	394.083
2398.65	400.266
2399.35	404.322
2400.05	387.881
2400.75	388.792
2401.45	391.763
2402.15	391.721
2402.85	385.618
2403.55	394.88
2404.25	390.917
2404.95	409.433
2405.65	417.742
2406.35	397.432
2407.05	381.178
2407.75	407.815
2408.44	389.499
2409.14	414.111
2409.84	383.554
2410.54	407.162
2411.24	411.33
2411.93	379.675
2412.63	402.151
2413.33	386.766
2414.02	392.817
2414.72	429.489
2415.42	391.633
2416.11	404.839
2416.81	410.921
2417.5	404.792
2418.2	395.639
2418.9	429.353
2419.59	397.797
2420.28	404.977
2420.98	401.901
2421.67	387.549
2422.37	410.868
2423.06	406.66
2423.75	410.65
2424.45	427.961
2425.14	398.537
2425.84	410.931
2426.53	385.658
2427.22	432.719
2427.91	406.328
2428.61	389.023
2429.3	402.216
2429.99	405.135
2430.68	409.008
2431.37	395.551
2432.07	405.493
2432.76	420.538
2433.45	388.93
2434.14	416.298
2434.83	414.294
2435.52	403.195
2436.21	391.07
2436.9	417.467
2437.59	382.892
2438.28	409.131
2438.97	430.234
2439.66	405.734
2440.35	417.747
2441.04	395.39
2441.72	393.322
2442.41	395.314
2443.1	374.029
2443.79	415.411
2444.48	398.125
2445.16	410.146
2445.85	399.967
2446.54	407.008
2447.23	399.955
2447.91	395.95
2448.6	410.107
2449.29	431.304
2449.97	404.028
2450.66	414.081
2451.34	393.877
2452.03	432.202
2452.72	395.919
2453.4	419.146
2454.09	409.066
2454.77	404.979
2455.46	397.802
2456.14	401.658
2456.82	410.527
2457.51	425.453
2458.19	415.301
2458.88	415.287
2459.56	415.341
2460.24	406.39
2460.92	432.648
2461.61	429.746
2462.29	428.837
2462.97	420.859
2463.66	429.944
2464.34	420.876
2465.02	461.032
2465.7	440.811
2466.38	429.627
2467.06	446.578
2467.75	468.574
2468.42	438.428
2469.11	438.464
2469.79	427.517
2470.47	454.757
2471.15	420.761
2471.83	424.905
2472.51	454.131
2473.19	423.037
2473.86	406.975
2474.54	472.252
2475.22	435.082
2475.9	448.159
2476.58	422.118
2477.26	452.369
2477.94	431.435
2478.61	431.608
2479.29	430.763
2479.97	448.992
2480.65	439.032
2481.32	451.174
2482	432.135
2482.68	441.271
2483.35	464.509
2484.03	443.483
2484.71	441.549
2485.38	445.614
2486.06	438.568
2486.73	448.599
2487.41	422.422
2488.08	418.412
2488.76	412.445
2489.43	436.714
2490.11	444.943
2490.78	470.317
2491.45	450.388
2492.13	448.556
2492.8	434.6
2493.48	460.933
2494.15	456.02
2494.82	439.025
2495.49	449.296
2496.17	433.388
2496.84	436.689
2497.51	443.037
2498.18	458.463
2498.86	457.655
2499.53	450.696
2500.2	436.59
2500.87	439.661
2501.54	422.533
2502.21	435.827
2502.88	446.179
2503.55	448.502
2504.22	424.485
2504.89	432.853
2505.56	451.302
2506.23	450.413
2506.9	402.808
2507.57	462.793
2508.24	449.752
2508.91	444.881
2509.58	450.19
2510.25	449.374
2510.91	445.452
2511.58	453.685
2512.25	456.811
2512.92	410.111
2513.59	447.87
2514.25	471.446
2514.92	448.241
2515.59	468.813
2516.25	453.72
2516.92	439.602
2517.59	447.866
2518.25	454.067
2518.92	448.025
2519.58	460.337
2520.25	450.244
2520.91	459.563
2521.58	447.514
2522.24	441.629
2522.91	455.178
2523.57	456.498
2524.24	454.741
2524.9	465.233
2525.56	443.972
2526.23	446.219
2526.89	491.468
2527.55	452.715
2528.22	447.736
2528.88	472.441
2529.54	476.602
2530.21	454.075
2530.87	467.416
2531.53	450.045
2532.19	437.873
2532.85	465.781
2533.51	419.908
2534.18	452.04
2534.84	449.237
2535.5	462.781
2536.16	465.931
2536.82	460.753
2537.48	481.202
2538.14	443.104
2538.8	450.261
2539.46	456.477
2540.12	474.086
2540.78	456.844
2541.44	460.181
2542.09	473.8
2542.75	474.011
2543.41	474.148
2544.07	488.6
2544.73	450.476
2545.39	452.406
2546.04	486.15
2546.7	481.833
2547.36	483.719
2548.02	474.384
2548.67	470.266
2549.33	448.769
2549.98	468.367
2550.64	477.717
2551.3	499.387
2551.95	486.147
2552.61	484.204
2553.26	469.936
2553.92	480.305
2554.57	473.166
2555.23	495.746
2555.88	492.558
2556.54	493.408
2557.19	486.02
2557.85	481.733
2558.5	500.05
2559.15	493.841
2559.81	519.463
2560.46	501.079
2561.11	510.371
2561.77	519.638
2562.42	496.063
2563.07	513.392
2563.72	489.692
2564.37	492.579
2565.03	509.789
2565.68	530.109
2566.33	509.628
2566.98	515.816
2567.63	509.793
2568.28	520.122
2568.93	528.345
2569.58	499.672
2570.23	509.775
2570.88	530.062
2571.53	528.934
2572.18	496.249
2572.83	518.771
2573.48	500.487
2574.13	522.015
2574.78	495.5
2575.43	534.283
2576.07	515.841
2576.72	473.918
2577.37	509.563
2578.02	511.54
2578.67	508.414
2579.31	527.697
2579.96	490.873
2580.61	500.9
2581.26	528.21
2581.9	514.816
2582.55	532.021
2583.19	509.643
2583.84	508.714
2584.49	487.479
2585.13	504.897
2585.78	500.873
2586.42	504.881
2587.07	502.671
2587.71	504.447
2588.36	494
2589	522.156
2589.65	494.554
2590.29	496.459
2590.93	513.646
2591.58	499.472
2592.22	499.543
2592.86	515.875
2593.51	479.516
2594.15	508.081
2594.79	496.087
2595.43	489.15
2596.07	499.434
2596.72	489.36
2597.36	511.706
2598	525.865
2598.64	517.655
2599.28	500.32
2599.92	502.298
2600.56	507.374
2601.2	513.52
2601.85	510.574
2602.49	508.639
2603.13	501.602
2603.76	515.823
2604.4	500.597
2605.04	496.52
2605.68	536.05
2606.32	494.486
2606.96	523.889
2607.6	512.721
2608.24	519.757
2608.88	508.518
2609.51	540.82
2610.15	531.625
2610.79	516.429
2611.43	511.445
2612.06	511.604
2612.7	508.779
2613.34	542.451
2613.97	520.376
2614.61	544.904
2615.25	512.609
2615.88	548.254
2616.52	552.451
2617.15	549.556
2617.79	556.828
2618.42	523.5
2619.06	550.084
2619.69	560.411
2620.33	548.354
2620.96	573.858
2621.6	551.564
2622.23	584.137
2622.86	563.876
2623.5	566.012
2624.13	594.625
2624.76	550.062
2625.4	571.597
2626.03	561.576
2626.66	609.513
2627.29	594.333
2627.93	563.881
2628.56	569.069
2629.19	632.325
2629.82	598.922
2630.45	610.339
2631.08	617.684
2631.71	603.605
2632.34	611.915
2632.98	641.624
2633.61	615.274
2634.24	630.769
2634.87	638.169
2635.5	642.547
2636.12	647.957
2636.75	663.573
2637.38	681.216
2638.01	643.631
2638.64	680.643
2639.27	679.794
2639.9	687.091
2640.53	684.119
2641.15	697.484
2641.78	687.301
2642.41	708.849
2643.04	707.929
2643.66	698.881
2644.29	730.827
2644.92	740.29
2645.54	713.896
2646.17	755.056
2646.8	732.637
2647.42	727.57
2648.05	754.224
2648.67	780.868
2649.3	741.971
2649.92	764.594
2650.55	788.316
2651.17	769.07
2651.8	757.049
2652.42	784.028
2653.05	754.593
2653.67	768.206
2654.29	785.865
2654.92	789.075
2655.54	774.763
2656.16	768.632
2656.79	804.608
2657.41	784.481
2658.03	746.842
2658.65	782.947
2659.27	774.894
2659.9	782.255
2660.52	783.942
2661.14	810.697
2661.76	800.561
2662.38	785.905
2663	782.936
2663.62	805.196
2664.24	799.783
2664.86	809.747
2665.48	784.59
2666.1	811.83
2666.72	809.054
2667.34	775.74
2667.96	806.427
2668.58	798.558
2669.2	809.67
2669.82	785.751
2670.44	798.53
2671.05	802.502
2671.67	808.996
2672.29	819.333
2672.91	820.447
2673.53	807.33
2674.14	807.611
2674.76	831.714
2675.38	830.567
2675.99	832.424
2676.61	835.769
2677.23	851.075
2677.84	860.185
2678.46	885.536
2679.07	929.014
2679.69	907.507
2680.3	947.816
2680.92	962.399
2681.53	997.668
2682.15	1016.93
2682.76	1009.41
2683.38	1013.86
2683.99	1005.48
2684.61	1034.19
2685.22	1015.7
2685.83	1011.82
2686.44	986.241
2687.06	997.76
2687.67	998.947
2688.28	982.927
2688.9	1008.98
2689.51	1013.61
2690.12	999.769
2690.73	1015.72
2691.34	1035.77
2691.96	1030.98
2692.57	1040.9
2693.18	1044.39
2693.79	1025.63
2694.4	1058.38
2695.01	1030.55
2695.62	1044.94
2696.23	1047.23
2696.84	1056.69
2697.45	1064.52
2698.06	1034.9
2698.67	1029.47
2699.28	1035.27
2699.88	1037.35
2700.49	1043.94
2701.1	1064.08
2701.71	1048.65
2702.32	1056.51
2702.93	1053.56
2703.53	1068.82
2704.14	1062.77
2704.75	1079.26
2705.36	1073.89
2705.96	1086.22
2706.57	1091.74
2707.17	1094.14
2707.78	1075.98
2708.39	1076.59
2708.99	1113.2
2709.6	1117.37
2710.2	1121.55
2710.81	1111.82
2711.41	1101.62
2712.02	1115.54
2712.62	1134.41
2713.23	1150
2713.83	1167.17
2714.44	1153.63
2715.04	1135.07
2715.64	1152.6
2716.25	1179.61
2716.85	1199.59
2717.45	1181
2718.05	1188.97
2718.66	1191.07
2719.26	1189.95
2719.86	1193.96
2720.46	1202.01
2721.06	1230.82
2721.67	1248.22
2722.27	1263.18
2722.87	1227.88
2723.47	1233.71
2724.07	1250.94
2724.67	1281.98
2725.27	1301.94
2725.71	1289.64
2726.38	1286.36
2727.06	1276.78
2727.73	1291.49
2728.4	1283.76
2729.07	1314.73
2729.74	1302.17
2730.42	1293.93
2731.09	1340.83
2731.76	1334.12
2732.43	1313.31
2733.1	1342.38
2733.77	1327.65
2734.44	1348.4
2735.11	1373.04
2735.78	1366.95
2736.45	1385.1
2737.12	1379.68
2737.79	1378.25
2738.46	1376.8
2739.13	1367.28
2739.8	1384.35
2740.47	1379.28
2741.14	1401.91
2741.81	1389.19
2742.47	1388.79
2743.14	1403.69
2743.81	1401.23
2744.48	1396.61
2745.15	1413.28
2745.81	1403.39
2746.48	1427.15
2747.15	1417.34
2747.81	1431.02
2748.48	1445.68
2749.15	1418.39
2749.81	1437.82
2750.48	1491.74
2751.15	1449.66
2751.81	1433.15
2752.48	1440.33
2753.14	1443.78
2753.81	1430.19
2754.47	1410.64
2755.14	1396.07
2755.8	1416.99
2756.47	1425.34
2757.13	1389.49
2757.8	1411.82
2758.46	1384.17
2759.13	1378.18
2759.79	1378.56
2760.45	1381.11
2761.12	1353.96
2761.78	1415.61
2762.44	1383.92
2763.1	1432.87
2763.77	1413.25
2764.43	1373.33
2765.09	1399.13
2765.76	1406.81
2766.42	1428.02
2767.08	1398.14
2767.74	1458.38
2768.4	1452.9
2769.06	1467.76
2769.72	1458.87
2770.38	1483.73
2771.05	1514.72
2771.71	1526.27
2772.37	1527.69
2773.03	1542.6
2773.69	1622.35
2774.35	1646.64
2775.01	1675.96
2775.67	1717.41
2776.33	1765.88
2776.99	1792.65
2777.64	1808.13
2778.3	1898.8
2778.96	1939.23
2779.62	1924.16
2780.28	1971.76
2780.94	2016.11
2781.59	2016.08
2782.25	1989.29
2782.91	1988.37
2783.57	1904.37
2784.22	1950.32
2784.88	1951.17
2785.54	1903.55
2786.2	1896.84
2786.85	1942.17
2787.51	1946.83
2788.16	1954.27
2788.82	1934.96
2789.48	1971.57
2790.13	2018.99
2790.79	1974.27
2791.44	2018.37
2792.1	2019.2
2792.75	2000.09
2793.41	2036.16
2794.06	2068.69
2794.72	2062.82
2795.37	2115.56
2796.02	2093.2
2796.68	2065.9
2797.33	2142.75
2797.98	2146.78
2798.64	2160.26
2799.29	2200.63
2799.94	2217.43
2800.6	2217.82
2801.25	2257.34
2801.9	2305.11
2802.55	2303.4
2803.21	2327.31
2803.86	2337.67
2804.51	2346.81
2805.16	2349.64
2805.81	2417.28
2806.46	2459.21
2807.11	2452.8
2807.77	2521.53
2808.42	2524.32
2809.07	2510.49
2809.72	2592.14
2810.37	2608.81
2811.02	2666.56
2811.67	2637.11
2812.32	2709.68
2812.97	2726.06
2813.61	2775.59
2814.26	2815.01
2814.91	2754.77
2815.56	2837.3
2816.21	2842.62
2816.86	2889.91
2817.51	2963.73
2818.15	2930.43
2818.8	3035.66
2819.45	3024.65
2820.1	3055.82
2820.74	3074.96
2821.39	3120.21
2822.04	3167.93
2822.69	3204.5
2823.33	3187.46
2823.98	3275.72
2824.63	3286.35
2825.27	3332.48
2825.92	3392.85
2826.56	3404.19
2827.21	3464.2
2827.85	3409.82
2828.5	3511.75
2829.14	3562.66
2829.79	3584.02
2830.43	3544.97
2831.08	3583
2831.72	3587.11
2832.37	3660.92
2833.01	3669.69
2833.65	3709.98
2834.3	3738.62
2834.94	3804.97
2835.58	3726.19
2836.23	3816.76
2836.87	3827.14
2837.51	3794.56
2838.16	3852.73
2838.8	3924.75
2839.44	3938.73
2840.08	3962.14
2840.72	4001.87
2841.36	3973.37
2842.01	4044.09
2842.65	4038.56
2843.29	4068.99
2843.93	4075.97
2844.57	4146.79
2845.21	4169.43
2845.85	4172.59
2846.49	4192.32
2847.13	4240.1
2847.77	4268.92
2848.41	4270.45
2849.05	4331.73
2849.69	4293.93
2850.33	4393.13
2850.97	4330.87
2851.61	4332.57
2852.24	4371.98
2852.88	4496.93
2853.52	4529.23
2854.16	4526.71
2854.8	4549.69
2855.43	4547.21
2856.07	4558.76
2856.71	4601.48
2857.35	4649.75
2857.98	4695.77
2858.62	4717.5
2859.26	4800.71
2859.89	4860.11
2860.53	4864.39
2861.16	4929.2
2861.8	5022.21
2862.44	5104.15
2863.07	5109.32
2863.71	5228.74
2864.34	5241.31
2864.98	5376.92
2865.61	5398.55
2866.25	5461.51
2866.88	5579.97
2867.52	5612.47
2868.15	5712.64
2868.78	5751.74
2869.42	5941.42
2870.05	6060.36
2870.69	6134.6
2871.32	6315.88
2871.95	6373
2872.58	6543.99
2873.22	6660.09
2873.85	6795.24
2874.48	6971.08
2875.11	7070.16
2875.75	7232.46
2876.38	7373.81
2877.01	7480.07
2877.64	7672.27
2878.27	7776.36
2878.9	7943.96
2879.53	8139.39
2880.16	8266.7
2880.79	8499.75
2881.42	8598.74
2882.05	8697.85
2882.68	8908.7
2883.31	9071.24
2883.94	9261.98
2884.57	9403.56
2885.2	9488.65
2885.83	9592.49
2886.46	9790.09
2887.09	9845.36
2887.72	10108.2
2888.35	10136.2
2888.97	10249.5
2889.6	10355.9
2890.23	10475.2
2890.86	10491.3
2891.49	10581.8
2892.11	10732.3
2892.74	10752.4
2893.37	10931.6
2893.99	11017
2894.62	11145.4
2895.25	11212.7
2895.87	11200.2
2896.5	11322.3
2897.12	11486.4
2897.75	11463.3
2898.38	11469.3
2899	11618.1
2899.63	11665.6
2900.25	11830.3
2900.88	11756.8
2901.5	11833.2
2902.12	11811.7
2902.75	11938.9
2903.37	11972.7
2904	12047.2
2904.62	11999.4
2905.25	11947.2
2905.87	11976.1
2906.49	12052.2
2907.11	11978.2
2907.74	12031.6
2908.36	11977.1
2908.98	11961.1
2909.6	11829.5
2910.23	11921
2910.85	11707.2
2911.47	11715.4
2912.09	11565.3
2912.71	11511.3
2913.33	11481
2913.96	11338.1
2914.58	11202.4
2915.2	11120.2
2915.82	11048.5
2916.44	10867.9
2917.06	10861.8
2917.68	10678.4
2918.3	10655.5
2918.92	10516.3
2919.54	10438
2920.16	10381.7
2920.77	10295.6
2921.39	10202.4
2922.01	10154.4
2922.63	10044.7
2923.25	9976.13
2923.87	10064.2
2924.48	10053
2925.1	10030.8
2925.72	10067.3
2926.34	10063.7
2926.95	10003.8
2927.57	9997.13
2928.19	10053.3
2928.8	10030.8
2929.42	10034.7
2930.04	10049.8
2930.65	10078.5
2931.27	10107.9
2931.89	10110.8
2932.5	10150.5
2933.12	10152.4
2933.73	10237.3
2934.35	10358.4
2934.96	10381.7
2935.58	10467
2936.19	10492.9
2936.81	10546.4
2937.42	10718.5
2938.03	10785.6
2938.65	10701.1
2939.26	10886
2939.88	10910.3
2940.49	10886.4
2941.1	10930.9
2941.71	10935.8
2942.33	10928.8
2942.94	10956.3
2943.55	10876.8
2944.17	10861.8
2944.78	10910.2
2945.39	10932.9
2946	10916.5
2946.61	10915.7
2947.22	10883.4
2947.83	10822
2948.45	10809.7
2949.06	10770.5
2949.67	10748.9
2950.28	10644.6
2950.89	10625.8
2951.5	10453.6
2952.11	10400.9
2952.72	10290
2953.33	10228
2953.94	10165.3
2954.54	9986.96
2955.15	9899.05
2955.76	9869.03
2956.37	9622.92
2956.98	9601.43
2957.59	9440.11
2958.2	9288.22
2958.8	9175.35
2959.41	9144.14
2960.02	8974.63
2960.63	8857.62
2961.23	8761.05
2961.84	8547.1
2962.45	8440.5
2963.05	8348.03
2963.66	8173.45
2964.27	8063.4
2964.87	7928.23
2965.48	7721.2
2966.08	7706.23
2966.69	7600.18
2967.29	7394.07
2967.9	7315.33
2968.5	7139.6
2969.11	7082.87
2969.71	6953.5
2970.32	6773.85
2970.92	6635.64
2971.53	6557.91
2972.13	6442.05
2972.74	6362.22
2973.34	6235.6
2973.94	6075.92
2974.54	6018.56
2975.15	5877.41
2975.75	5736.39
2976.35	5618.22
2976.96	5514.38
2977.56	5429.47
2978.16	5346.62
2978.76	5183.55
2979.36	5054.23
2979.97	5020.47
2980.57	4956.22
2981.17	4815.95
2981.77	4689.5
2982.37	4610.45
2982.97	4517.33
2983.57	4367.5
2984.17	4298.87
2984.77	4139.84
2985.37	4119
2985.97	3961.91
2986.57	3941.63
2987.17	3866.19
2987.77	3768.93
2988.37	3672.15
2988.97	3560.41
2989.57	3524.04
2990.17	3417.73
2990.76	3372.93
2991.36	3259.72
2991.96	3222.57
2992.56	3133.37
2993.16	3027.76
2993.75	2998.73
2994.35	2938.66
2994.95	2880.41
2995.54	2807.83
2996.14	2732.48
2996.74	2704.61
2997.33	2558.56
2997.93	2565.16
2998.52	2548.36
2999.12	2459.91
2999.72	2376.47
3000.31	2364.62
3000.91	2279.04
3001.5	2285.61
3002.1	2200.96
3002.69	2156.08
3003.29	2157.11
3003.88	2118.02
3004.47	2023.63
3005.07	2040
3005.66	1974.79
3006.26	1923.25
3006.85	1861.71
3007.44	1862.78
3008.04	1869.88
3008.63	1808.93
3009.22	1809.16
3009.81	1741.31
3010.41	1739
3011	1722.36
3011.59	1665.9
3012.18	1666.11
3012.77	1628.52
3013.36	1599.17
3013.96	1595.44
3014.55	1563.92
3015.14	1579.67
3015.73	1517.45
3016.32	1518.06
3016.91	1477.61
3017.5	1468.98
3018.09	1432.37
3018.68	1435.68
3019.27	1451.19
3019.86	1370.94
3020.45	1390.7
3021.04	1376.7
3021.63	1385.52
3022.22	1375.83
3022.8	1368.12
3023.39	1359.21
3023.98	1295.47
3024.57	1299.75
3025.16	1315.39
3025.74	1312.48
3026.33	1292.02
3026.92	1281.79
3027.5	1309.63
3028.09	1253.77
3028.68	1260.83
3029.26	1284.48
3029.85	1259.81
3030.44	1252.89
3031.02	1243.05
3031.61	1247.73
3032.19	1238.93
3032.78	1241.35
3033.37	1207.43
3033.95	1202.3
3034.54	1240.52
3035.12	1227.06
3035.71	1198.14
3036.29	1206.46
3036.87	1184.82
3037.46	1211.76
3038.04	1239.77
3038.63	1194.45
3039.21	1209.22
3039.79	1186.92
3040.38	1212.33
3040.96	1197.41
3041.54	1185.48
3042.12	1155.7
3042.71	1219.94
3043.29	1214.5
3043.87	1213.05
3044.45	1187.78
3045.03	1185.41
3045.62	1188.42
3046.2	1182.34
3046.78	1183.66
3047.36	1197.48
3047.94	1168.81
3048.52	1200.11
3049.1	1221.97
3049.68	1166.04
3050.26	1209.48
3050.84	1208.36
3051.42	1184.44
3052	1215.41
3052.58	1212.21
3053.16	1172.8
3053.74	1165.54
3054.32	1207.04
3054.89	1205.18
3055.47	1216.9
3056.05	1191.41
3056.63	1205.29
3057.21	1210.8
3057.78	1217.18
3058.36	1225.45
3058.94	1214.9
3059.52	1220.88
3060.09	1240.36
3060.67	1187.41
3061.25	1229.91
3061.82	1275.59
3062.4	1263.26
3062.97	1229.1
3063.55	1243.54
3064.13	1257.89
3064.7	1235.97
3065.28	1252.46
3065.85	1223.48
3066.43	1262.96
3067	1248.56
3067.58	1239.24
3068.15	1238.02
3068.72	1232.47
3069.3	1244.4
3069.87	1254.25
3070.45	1277.67
3071.02	1258.9
3071.59	1241.37
3072.17	1249.83
3072.74	1261.39
3073.31	1249.04
3073.89	1272.73
3074.46	1263.18
3075.03	1242.22
3075.6	1291.66
3076.17	1258.57
3076.74	1293.91
3077.32	1268.4
3077.89	1317.4
3078.46	1273.26
3079.03	1281.75
3079.6	1291.1
3080.17	1296.13
3080.74	1310.33
3081.31	1280.99
3081.88	1306.42
3082.45	1297.74
3083.02	1289.1
3083.59	1329.03
3084.16	1311.13
3084.73	1290.15
3085.3	1296.04
3085.87	1340.19
3086.43	1329.78
3087	1308.2
3087.57	1297.07
3088.14	1341.72
3088.71	1341.95
3089.28	1342.06
3089.84	1355.44
3090.41	1317.11
3090.98	1355.12
3091.54	1347.71
3092.11	1402.21
3092.68	1345.27
3093.24	1341.95
3093.81	1373.69
3094.38	1391.01
3094.94	1362.99
3095.51	1370.08
3096.07	1389.54
3096.64	1360.53
3097.2	1400.53
3097.77	1413.74
3098.33	1407.44
3098.9	1394.05
3099.46	1423.04
3100.03	1421.19
3100.59	1427.57
3101.15	1385.42
3101.72	1433.84
3102.28	1398.66
3102.84	1439.67
3103.41	1443.53
3103.97	1438.1
3104.53	1429.57
3105.1	1463.24
3105.66	1466.03
3106.22	1457.53
3106.78	1434.7
3107.34	1474.68
3107.91	1479.72
3108.47	1468.35
3109.03	1464.24
3109.59	1432.47
3110.15	1466.68
3110.71	1480.46
3111.27	1478.88
3111.83	1515.33
3112.39	1487.76
3112.95	1522.72
3113.51	1498.74
3114.07	1497.3
3114.63	1536.03
3115.19	1524.48
3115.75	1510.03
3116.31	1561.54
3116.87	1563.7
3117.43	1540.04
3117.98	1533.72
3118.54	1526.23
3119.1	1552.61
3119.66	1581.04
3120.22	1549.95
3120.77	1588.88
3121.33	1555.98
3121.89	1584.78
3122.44	1581.67
3123	1540.42
3123.56	1575.06
3124.11	1573.62
3124.67	1607.05
3125.23	1592.28
3125.78	1622.81
3126.34	1619.67
3126.89	1643.41
3127.45	1626.23
3128	1631.7
3128.56	1638.19
3129.11	1617.89
3129.67	1641.65
3130.22	1660.13
3130.78	1631.23
3131.33	1659.71
3131.88	1693.22
3132.44	1677.42
3132.99	1651.38
3133.54	1672.63
3134.1	1649.88
3134.65	1706.23
3135.2	1691.91
3135.76	1673.54
3136.31	1665.45
3136.86	1700.43
3137.41	1685.1
3137.96	1711.79
3138.51	1737.41
3139.07	1755.81
3139.62	1697.26
3140.17	1735.15
3140.72	1718.7
3141.27	1757.66
3141.82	1737.15
3142.37	1773.02
3142.92	1721.65
3143.47	1782.03
3144.02	1777.81
3144.57	1700.89
3145.12	1744.08
3145.67	1794.64
3146.22	1828.94
3146.77	1820.2
3147.32	1808.32
3147.86	1840.43
3148.41	1840.51
3148.96	1840.4
3149.51	1792.91
