401.058	2094.15
402.149	2201.07
403.243	2203.67
404.332	2222.17
405.424	2130.09
406.515	2097.56
407.606	2106.59
408.697	1981.25
409.785	1951.15
410.876	1905.12
411.967	1804.61
413.055	1804.21
414.143	1824
415.233	1769.6
416.321	1688.1
417.409	1775.17
418.499	1728.27
419.586	1801.38
420.673	1871.87
421.761	1879.81
422.848	1976.92
423.935	2030.91
425.02	2110.94
426.106	2121.79
427.193	2241.27
428.278	2259.05
429.364	2318.05
430.45	2374.23
431.534	2426.97
432.618	2472.84
433.704	2475.21
434.788	2474.41
435.871	2583.21
436.955	2558.81
438.038	2485.58
439.123	2539.22
440.204	2378
441.287	2389.26
442.37	2259.42
443.452	2163.91
444.535	1987.06
445.615	1959.14
446.698	1818.88
447.78	1756.62
448.86	1591.56
449.939	1589.29
451.021	1503.13
452.101	1451.42
453.18	1432.15
454.262	1371.89
455.341	1362.27
456.42	1322.58
457.499	1315.15
458.578	1309.59
459.654	1280.08
460.733	1278.62
461.811	1281.05
462.89	1220.33
463.966	1244.16
465.044	1238.19
466.12	1245.2
467.197	1239.13
468.273	1245.93
469.349	1285.02
470.426	1331.08
471.501	1220.34
472.576	1275.02
473.651	1265.55
474.726	1355.64
475.801	1282.67
476.876	1244.34
477.95	1331.35
479.022	1300.46
480.097	1363.03
481.171	1403.99
482.243	1391.92
483.317	1454.72
484.388	1503.53
485.46	1528.2
486.533	1596.15
487.605	1594.69
488.676	1704.7
489.747	1729.84
490.818	1804.85
491.889	1871.84
492.959	1874.8
494.03	1924.87
495.1	1895.01
496.171	2013.75
497.239	2012.68
498.309	2050.7
499.379	2040.8
500.446	2068.55
501.514	2019.69
502.584	1984.12
503.651	2049.68
504.718	2003.04
505.788	2039.87
506.855	1997.13
507.921	1992.79
508.988	2045.16
510.055	2068.27
511.119	2042.02
512.186	2113.02
513.252	2168.68
514.318	2185.13
515.382	2264.1
516.448	2413.94
517.512	2386.87
518.577	2410.52
519.641	2457.48
520.704	2543.47
521.768	2562.55
522.833	2619.49
523.896	2608.85
524.959	2700.19
526.021	2707.73
527.084	2773.72
528.144	2784.7
529.207	2899.14
530.269	2953.96
531.331	2922.76
532.391	2937.93
533.453	2961.33
534.513	2997.13
535.572	2877.65
536.634	2956.07
537.693	2860.77
538.752	2760.1
539.812	2704.8
540.87	2624.69
541.929	2551.69
542.988	2432.64
544.047	2371.49
545.105	2335.23
546.164	2231.95
547.22	2081.9
548.278	1975.85
549.336	1919.77
550.392	1884.1
551.448	1824.36
552.505	1761.24
553.561	1635.09
554.616	1634.95
555.671	1590.99
556.728	1527.25
557.783	1560.01
558.836	1485.32
559.891	1396.5
560.946	1411.73
562	1346.31
563.055	1304.39
564.107	1286.87
565.161	1350.09
566.213	1290.15
567.267	1249.62
568.318	1213.68
569.37	1218.42
570.424	1239.78
571.475	1223.34
572.526	1248.46
573.577	1214.58
574.628	1222.23
575.679	1253.84
576.73	1244.08
577.781	1217.87
578.829	1218.48
579.88	1230.25
580.93	1245.75
581.978	1160.96
583.026	1184.65
584.076	1154.01
585.124	1153.69
586.172	1148.75
587.221	1212.7
588.269	1206.75
589.316	1194.28
590.363	1210.15
591.41	1163.59
592.457	1217.07
593.502	1231.37
594.549	1150.74
595.595	1142
596.64	1106.94
597.686	1121.49
598.73	1079.83
599.776	1076.38
600.82	1019.31
601.864	1042.96
602.908	997.801
603.953	952.003
604.997	1029.71
606.04	991.849
607.083	940.165
608.125	1005.3
609.168	954.066
610.211	962.478
611.253	965.198
612.294	972.503
613.336	937.457
614.377	954.135
615.419	962.54
616.459	961.653
617.499	977.261
618.539	959.556
619.579	951.959
620.619	949.92
621.658	911.986
622.698	956.187
623.737	937.749
624.776	995.9
625.815	1006.16
626.852	947.312
627.891	935.561
628.928	943.217
629.966	918.51
631.003	913.972
632.041	914.769
633.077	874.746
634.114	858.639
635.15	870.231
636.185	848.737
637.221	825.574
638.257	859.727
639.292	842.292
640.328	829.4
641.361	821.876
642.396	826.134
643.431	770.311
644.464	777.091
645.497	754.444
646.532	782.532
647.564	762.047
648.597	746.325
649.629	775.731
650.663	764.656
651.695	752.562
652.727	755.047
653.757	759.256
654.789	732.188
655.821	786.857
656.852	797.534
657.882	789.064
658.913	745.841
659.942	776.036
660.973	813.523
662.002	785.797
663.031	774.523
664.06	830.265
665.09	802.851
666.119	831.682
667.147	833.286
668.175	818.464
669.201	806.286
670.229	762.563
671.257	763.644
672.285	779.262
673.311	756.184
674.338	782.936
675.363	731.602
676.389	767.901
677.416	811.645
678.441	728.023
679.466	764.116
680.491	764.97
681.515	784.164
682.54	797.822
683.565	749.793
684.589	797.852
685.613	819.339
686.635	824.336
687.659	824.761
688.681	859.366
689.705	840.314
690.727	873.914
691.75	864.914
692.772	862.337
693.793	923.59
694.814	944.96
695.835	970.861
696.856	953.132
697.877	963.105
698.898	1010.07
699.918	1018.15
700.937	996.676
701.957	933.612
702.978	1004.73
703.996	987.926
705.016	940.564
706.034	955.132
707.052	923.438
708.069	955.542
709.087	919.275
710.107	912.644
711.124	916.243
712.139	916.204
713.156	852.431
714.173	870.879
715.19	819.939
716.205	804.916
717.222	840.551
718.238	799.423
719.253	804.402
720.267	775.272
721.283	808.872
722.297	817.644
723.311	740.868
724.325	808.675
725.339	747.716
726.353	822.086
727.366	813.75
728.38	807.314
729.391	761.31
730.404	784.214
731.417	795.009
732.428	795.528
733.441	769.295
734.452	786.234
735.463	761.936
736.475	748.811
737.486	789.062
738.496	778.986
739.506	784.575
740.516	745.186
741.526	763.551
742.534	778.153
743.544	740.367
744.554	719.995
745.561	738.169
746.571	749.956
747.578	704.008
748.587	721.399
749.594	692.969
750.601	683.842
751.608	717.887
752.615	688.674
753.621	667.771
754.628	708.466
755.634	659.195
756.641	658.669
757.647	718.937
758.651	694.575
759.657	713.506
760.663	666.941
761.666	673.803
762.67	659.358
763.676	680.846
764.679	683.756
765.682	649.59
766.686	619.973
767.689	720.691
768.692	727.204
769.694	676.551
770.697	682.504
771.698	622.879
772.7	702.303
773.703	700.155
774.703	706.174
775.703	668.276
776.705	678.453
777.705	745.159
778.705	689.251
779.705	688.259
780.705	718.995
781.704	732.21
782.704	694.345
783.703	703.835
784.702	739.282
785.701	767.212
786.698	734.644
787.697	745.821
788.694	738.459
789.693	771.173
790.689	805.776
791.686	830.093
792.682	854.31
793.68	834.661
794.676	856.873
795.672	905.202
796.666	955.525
797.662	975.273
798.658	965.28
799.653	985.038
800.647	1031.65
801.642	997.892
802.636	990.029
803.631	977.397
804.624	992.665
805.617	953.991
806.61	962.783
807.602	924.155
808.595	923.586
809.587	885.84
810.58	928.826
811.572	906.004
812.564	900.912
813.554	963.551
814.546	946.584
815.536	975.93
816.528	1009.86
817.518	1029.86
818.507	993.424
819.499	1059.68
820.488	1124.06
821.477	1136.6
822.466	1197.97
823.455	1326.53
824.444	1333.92
825.431	1447.32
826.42	1542.28
827.408	1630.97
828.395	1783.45
829.383	1851.32
830.369	1993.69
831.356	2221.27
832.342	2224.6
833.33	2441.77
834.315	2654.01
835.301	2838.87
836.287	3055.52
837.27	3243.57
838.256	3335.86
839.241	3445.86
840.226	3489.66
841.209	3390.86
842.194	3322.17
843.177	3239.68
844.16	3125.15
845.145	2900.49
846.127	2768.71
847.11	2682.87
848.092	2589.59
849.074	2544.88
850.056	2556.98
851.039	2568.84
852.018	2591.48
853	2642.45
853.982	2750.37
854.962	2788.58
855.941	2793.12
856.923	2765.93
857.902	2661.87
858.881	2582.82
859.86	2478.89
860.839	2376.59
861.818	2225.16
862.797	2128.64
863.776	2038.27
864.754	2008.48
865.733	1956.51
866.709	1890.77
867.687	1836.18
868.664	1778.08
869.642	1812.18
870.618	1730.47
871.594	1699.48
872.569	1739.45
873.545	1639.46
874.521	1675.74
875.496	1663.13
876.471	1620.92
877.447	1574.89
878.42	1586.77
879.395	1522.98
880.37	1538.41
881.343	1519.79
882.315	1525.26
883.29	1529.04
884.262	1552.28
885.235	1547.89
886.207	1503.76
887.179	1513.89
888.151	1477.8
889.123	1555.06
890.095	1491.33
891.065	1508.79
892.037	1553.04
893.009	1526.34
893.978	1576.16
894.948	1597.44
895.919	1658.47
896.888	1724.29
897.857	1769.97
898.826	1813.84
899.795	1868.66
900.764	1961.06
901.732	2033.73
902.701	2182.68
903.668	2294.5
904.636	2339.89
905.604	2384.54
906.57	2450.69
907.538	2549.49
908.504	2633.04
909.47	2615.52
910.436	2611.15
911.402	2614.28
912.367	2572.06
913.333	2576.72
914.298	2530.24
915.264	2307.82
916.229	2263.73
917.192	2326.08
918.157	2137
919.12	2059.99
920.084	1997.88
921.047	1994.06
922.01	1908.57
922.972	1865.49
923.935	1800
924.897	1713.12
925.859	1649.46
926.821	1633.19
927.783	1603.08
928.743	1579.47
929.705	1501.91
930.667	1476.24
931.626	1429.11
932.586	1403.37
933.547	1352.64
934.506	1348.55
935.466	1374.4
936.425	1287.67
937.384	1308.88
938.343	1293.64
939.301	1306.26
940.26	1327.22
941.217	1297.82
942.175	1278.77
943.132	1297.2
944.09	1313.88
945.046	1335.28
946.002	1339.82
946.96	1345.21
947.916	1278.35
948.872	1342.58
949.828	1337.4
950.783	1400.6
951.737	1346.43
952.692	1319.31
953.647	1344.58
954.601	1373.52
955.556	1357.48
956.509	1367.92
957.464	1398.34
958.417	1345.45
959.369	1379.01
960.322	1436.87
961.275	1431.41
962.227	1471.6
963.179	1469.2
964.132	1481.79
965.082	1550.93
966.034	1506.8
966.984	1529.69
967.936	1573.43
968.885	1635.93
969.837	1664.32
970.787	1668.82
971.736	1776.37
972.686	1788.79
973.635	1813.43
974.584	1887.97
975.533	1935.47
976.48	1963.44
977.429	1990.56
978.378	2002.69
979.325	1988.54
980.273	2002.51
981.22	2044.57
982.166	1986.09
983.113	1980.9
984.061	1982.93
985.007	1965
985.953	1901.95
986.897	1838.98
987.843	1815.57
988.789	1740.07
989.734	1679.84
990.678	1683.36
991.623	1614.87
992.567	1549.07
993.51	1510.21
994.453	1459.06
995.398	1481.62
996.341	1420.13
997.284	1370.87
998.227	1401.93
999.168	1362.21
1000.11	1330.04
1001.05	1367.83
1001.99	1280.89
1002.94	1251.82
1003.88	1250.82
1004.82	1209.93
1005.76	1249.26
1006.7	1268.17
1007.64	1233.91
1008.58	1288.98
1009.52	1285.09
1010.46	1248.39
1011.4	1262.86
1012.34	1301.64
1013.27	1238.23
1014.21	1265.52
1015.15	1268.9
1016.09	1269.66
1017.03	1277.87
1017.96	1292.46
1018.9	1261.98
1019.84	1289.2
1020.77	1275.24
1021.71	1267.88
1022.65	1310.23
1023.58	1347.28
1024.52	1352.84
1025.45	1333.32
1026.39	1364.35
1027.32	1331.48
1028.26	1381.8
1029.19	1384.07
1030.12	1394.67
1031.06	1390.29
1031.99	1365.44
1032.92	1374.66
1033.86	1353.08
1034.79	1398.4
1035.72	1430.55
1036.65	1437.13
1037.59	1359.59
1038.52	1388.45
1039.45	1405
1040.38	1413.99
1041.31	1411.65
1042.24	1449.91
1043.17	1443.68
1044.1	1530.99
1045.03	1520.93
1045.96	1571.53
1046.89	1541.02
1047.82	1575.18
1048.75	1579.32
1049.68	1611.1
1050.61	1608.68
1051.53	1653.51
1052.46	1617.19
1053.39	1661.29
1054.32	1728.88
1055.24	1764.99
1056.17	1784.05
1057.1	1852.81
1058.02	1935.13
1058.95	1931.99
1059.88	1956.45
1060.8	1981.8
1061.73	1957.56
1062.65	1907.61
1063.58	1900.63
1064.5	1827.91
1065.43	1907.71
1066.35	1893.69
1067.27	1955.43
1068.2	1946.86
1069.12	2003.59
1070.04	2063.93
1070.97	2083.58
1071.89	2079.08
1072.81	2099.99
1073.73	2134.73
1074.65	2012.55
1075.58	2147.24
1076.5	2072.99
1077.42	2079.27
1078.34	1974.84
1079.26	1946.48
1080.18	1915.29
1081.1	1867.06
1082.02	1785.62
1082.94	1760.27
1083.86	1668.4
1084.78	1663.93
1085.7	1602.56
1086.61	1541.32
1087.53	1511.53
1088.45	1479.93
1089.37	1487.23
1090.28	1504.86
1091.2	1479.68
1092.12	1461.98
1093.03	1451.84
1093.95	1475.86
1094.87	1568.18
1095.78	1581.14
1096.7	1605.6
1097.61	1687.86
1098.53	1678.29
1099.44	1702.7
1100.36	1714.69
1101.27	1772.92
1102.19	1774.28
1103.1	1795.43
1104.01	1812.79
1104.93	1862.37
1105.84	1841.29
1106.75	1927.27
1107.67	1907.76
1108.58	1964.1
1109.49	1959.05
1110.4	1949.03
1111.31	1985.97
1112.22	2021.61
1113.14	2102.46
1114.05	2107.64
1114.96	2147.04
1115.87	2179.13
1116.78	2227.48
1117.69	2326.88
1118.6	2391.08
1119.51	2401.03
1120.42	2455.08
1121.32	2526.05
1122.23	2579.35
1123.14	2628.62
1124.05	2610.78
1124.96	2550.25
1125.86	2529.86
1126.77	2415.64
1127.68	2378.51
1128.58	2392.75
1129.49	2319.84
1130.4	2332.56
1131.3	2337.33
1132.21	2244.51
1133.11	2328.32
1134.02	2371.95
1134.92	2370.69
1135.83	2357.54
1136.73	2390.09
1137.64	2311.53
1138.54	2377.94
1139.44	2292.16
1140.35	2170.09
1141.25	2140.16
1142.15	2034.33
1143.06	2042.71
1143.96	1971.29
1144.86	1934.06
1145.76	1858.56
1146.66	1838.04
1147.57	1718.24
1148.47	1629.7
1149.37	1551.58
1150.27	1504.91
1151.17	1416.36
1152.07	1347.85
1152.97	1326.99
1153.87	1252.72
1154.77	1195.51
1155.67	1160.12
1156.57	1097.99
1157.46	1051.11
1158.36	1008.12
1159.26	1010.98
1160.16	930.116
1161.05	915.053
1161.95	897.088
1162.85	874.211
1163.75	843.503
1164.64	823.098
1165.54	844.49
1166.44	787.806
1167.33	778.84
1168.23	771.932
1169.12	783.233
1170.02	720.432
1170.91	730.874
1171.81	714.641
1172.7	743.991
1173.59	725.718
1174.49	688.372
1175.38	696.591
1176.27	706.637
1177.17	682.447
1178.06	666.81
1178.95	693.897
1179.84	681.248
1180.74	677.241
1181.63	712.164
1182.52	667.515
1183.41	673.968
1184.3	709.659
1185.19	725.332
1186.08	648.217
1186.97	677.046
1187.86	701.131
1188.75	684.613
1189.64	700.201
1190.53	705.39
1191.42	693.608
1192.31	691.299
1193.2	714.504
1194.09	718.992
1194.97	758.435
1195.86	751.819
1196.75	727.279
1197.64	777.038
1198.52	751.432
1199.41	789.806
1200.29	766.11
1201.18	783.875
1202.07	805.443
1202.95	782.781
1203.84	841.863
1204.72	805.82
1205.61	831.727
1206.49	832.226
1207.38	824.364
1208.26	823.28
1209.14	820.556
1210.03	818.978
1210.91	789.301
1211.79	815.995
1212.68	803.983
1213.56	814.325
1214.44	820.672
1215.32	792.064
1216.21	806.662
1217.09	795.02
1217.97	884.072
1218.85	825.909
1219.73	869.489
1220.61	853.161
1221.49	879.3
1222.37	918.673
1223.25	977.774
1224.13	1034.83
1225.01	1119.02
1225.89	1142.65
1226.77	1187.92
1227.65	1258.77
1228.52	1239.24
1229.4	1287.02
1230.28	1287.86
1231.16	1236.85
1232.03	1268.15
1232.91	1244.49
1233.79	1276.6
1234.66	1252.59
1235.54	1253.05
1236.42	1232.47
1237.29	1157.69
1238.17	1155.02
1239.04	1082.12
1239.92	1083.38
1240.79	1029.6
1241.67	1014.82
1242.54	1007.67
1243.41	959.612
1244.29	959.134
1245.16	982.506
1246.03	982.096
1246.91	965.452
1247.78	1012.65
1248.65	1079.78
1249.52	1017.87
1250.4	998.778
1251.27	965.306
1252.14	1004.43
1253.01	1027.42
1253.88	1204.28
1254.75	1579.04
1255.62	1580.29
1256.49	1625.35
1257.36	1515.37
1258.23	1095.61
1259.1	1031.27
1259.97	1091.06
1260.84	1089.71
1261.71	1076.96
1262.57	1125.37
1263.44	1148.09
1264.31	1170.88
1265.18	1208.01
1266.05	1236.53
1266.91	1248.76
1267.78	1285.69
1268.65	1409.3
1269.51	1417.4
1270.38	1506.44
1271.24	1623.93
1272.11	1706.98
1272.97	1820.34
1273.84	1866.02
1274.7	1913.58
1275.57	1952.57
1276.43	1965.84
1277.3	1982.43
1278.16	1965.86
1279.02	1945.93
1279.89	1868.04
1280.75	1801.14
1281.61	1734.94
1282.48	1654.05
1283.34	1580.01
1284.2	1463.08
1285.06	1418.32
1285.92	1356.58
1286.78	1297.51
1287.65	1225.39
1288.51	1203.96
1289.37	1149.18
1290.23	1116.63
1291.09	1098.13
1291.95	1044.56
1292.81	1007.51
1293.67	1036.57
1294.52	982.386
1295.38	990.512
1296.24	983.034
1297.1	930.576
1297.96	931.31
1298.81	922.343
1299.67	933.452
1300.53	940.767
1301.39	911.303
1302.24	915.588
1303.1	895.228
1303.95	901.616
1304.81	885.952
1305.67	912.941
1306.52	893.993
1307.38	925.909
1308.23	907.284
1309.09	895.049
1309.94	908.107
1310.8	922.592
1311.65	927.537
1312.5	946.794
1313.35	924.855
1314.21	958.408
1315.06	968.149
1315.91	993.631
1316.77	1012.1
1317.62	1029.88
1318.47	1053.28
1319.32	1089.25
1320.17	1095.59
1321.02	1099.03
1321.87	1136.59
1322.73	1176.35
1323.57	1196.77
1324.43	1254.07
1325.28	1281.8
1326.13	1290.04
1326.97	1340.14
1327.82	1360.07
1328.67	1370.21
1329.52	1403.87
1330.37	1436.2
1331.22	1427.17
1332.06	1453.2
1332.91	1489.93
1333.76	1531.35
1334.61	1554.27
1335.45	1554.96
1336.3	1562.64
1337.15	1579.36
1337.99	1583.19
1338.84	1557.3
1339.68	1582.69
1340.53	1604.99
1341.37	1625.55
1342.22	1649.54
1343.06	1664.06
1343.91	1661.64
1344.75	1671.58
1345.6	1689.73
1346.44	1686.19
1347.28	1671.91
1348.12	1715.2
1348.97	1673.93
1349.81	1667.86
1350.65	1690.45
1351.49	1697.92
1352.33	1670.59
1353.18	1676.27
1354.02	1704.17
1354.86	1710.89
1355.7	1681.41
1356.54	1692.34
1357.38	1722.03
1358.22	1706.79
1359.06	1709.74
1359.9	1741.54
1360.74	1714.81
1361.58	1710.79
1362.42	1734.89
1363.25	1717.69
1364.09	1685.73
1364.93	1699.2
1365.77	1686.88
1366.6	1654.36
1367.19	1677.93
1368.1	1692.01
1369.01	1702.06
1369.92	1667.69
1370.83	1684.36
1371.74	1608.33
1372.65	1616.83
1373.56	1653.79
1374.47	1624.76
1375.37	1605.53
1376.28	1573.44
1377.19	1549.11
1378.1	1576.76
1379	1530.68
1379.91	1520.92
1380.82	1527.83
1381.72	1492.52
1382.63	1502.18
1383.54	1488.14
1384.44	1501.3
1385.35	1461.57
1386.25	1491.16
1387.16	1567.52
1388.06	1525.07
1388.97	1460.45
1389.87	1465.04
1390.78	1506.61
1391.68	1454.04
1392.59	1452
1393.49	1442.18
1394.39	1407.1
1395.3	1417.41
1396.2	1301.9
1397.1	1229.05
1398	1212.32
1398.91	1162.01
1399.81	1147.55
1400.71	1133.23
1401.61	1086.25
1402.52	1057.54
1403.42	1035.5
1404.32	1034.52
1405.22	1022.96
1406.12	988.49
1407.02	1002.99
1407.92	991.814
1408.82	976.007
1409.72	993.766
1410.62	991.48
1411.52	952.87
1412.42	929.489
1413.32	955.671
1414.21	928.345
1415.11	918.159
1416.01	927.968
1416.91	891.133
1417.81	900.064
1418.71	893.878
1419.6	894.509
1420.5	892.462
1421.4	853.49
1422.29	868.777
1423.19	883.094
1424.09	884.944
1424.98	886.666
1425.88	906.353
1426.77	879.419
1427.67	880.08
1428.56	868.45
1429.46	887.294
1430.35	876.76
1431.25	889.105
1432.14	892.998
1433.04	902.706
1433.93	883.055
1434.82	956.729
1435.72	969.609
1436.61	973.963
1437.5	1021.25
1438.39	1044.74
1439.29	1103.55
1440.18	1088.79
1441.07	1154.2
1441.96	1160.28
1442.85	1210.33
1443.75	1155.26
1444.64	1188.4
1445.53	1216.04
1446.42	1218.91
1447.31	1240.93
1448.2	1286.8
1449.09	1314.21
1449.98	1270.29
1450.87	1306.08
1451.76	1326.59
1452.65	1306
1453.54	1338.68
1454.43	1399.65
1455.31	1344.05
1456.2	1355.76
1457.09	1386.42
1457.98	1434.05
1458.87	1407.91
1459.75	1380.75
1460.64	1430.23
1461.53	1405.69
1462.41	1427.01
1463.3	1560.94
1464.19	1588.28
1465.07	1679.28
1465.96	1684.41
1466.85	1740.57
1467.73	1695.67
1468.61	1638.25
1469.5	1637.32
1470.38	1597.76
1471.27	1619.43
1472.15	1619.72
1473.04	1600.43
1473.92	1701.38
1474.8	1665.25
1475.69	1690.28
1476.57	1712.53
1477.45	1670.97
1478.34	1693.82
1479.22	1669.2
1480.1	1630.83
1480.98	1623.15
1481.86	1608.07
1482.75	1562.3
1483.63	1551.16
1484.51	1513.78
1485.39	1340.99
1486.27	1214.31
1487.15	1048.32
1488.03	968.729
1488.91	865.886
1489.79	806.493
1490.67	762.427
1491.55	690.245
1492.43	668.35
1493.31	647.482
1494.19	609.353
1495.07	598.308
1495.94	579.585
1496.82	567.589
1497.7	555.556
1498.58	567.512
1499.45	529.48
1500.33	505.895
1501.21	495.784
1502.09	505.823
1502.96	501.52
1503.84	503.932
1504.72	480.546
1505.59	496.322
1506.47	503.464
1507.34	481.028
1508.22	491.954
1509.09	500.032
1509.97	505.296
1510.84	486.859
1511.72	485.574
1512.59	464.364
1513.46	466.854
1514.34	480.645
1515.21	464.041
1516.08	472.958
1516.96	469.551
1517.83	487.87
1518.7	490.149
1519.57	483.988
1520.45	452.472
1521.32	469.042
1522.19	448.983
1523.06	450.624
1523.93	457.01
1524.8	424.878
1525.67	460.367
1526.54	443.195
1527.41	462.59
1528.28	448.173
1529.16	466.586
1530.02	447.55
1530.89	449.2
1531.76	469.651
1532.63	457.376
1533.5	465.73
1534.37	465.645
1535.24	430.884
1536.11	456.964
1536.97	454
1537.84	422.029
1538.71	460.31
1539.57	435.937
1540.44	452.829
1541.31	436.068
1542.18	449.314
1543.04	447.557
1543.91	428.859
1544.77	448.552
1545.64	440.963
1546.5	436.153
1547.37	440.75
1548.24	467.022
1549.1	448.389
1549.96	445.856
1550.83	436.844
1551.69	438.214
1552.56	428.224
1553.42	403.955
1554.28	423.921
1555.15	440.047
1556.01	440.115
1556.87	439.314
1557.73	443.368
1558.6	424.807
1559.46	458.423
1560.32	445.548
1561.18	441.098
1562.04	438.427
1562.9	430.91
1563.77	427.175
1564.63	413.958
1565.49	424.636
1566.35	451.644
1567.21	431.04
1568.07	405.642
1568.93	423.249
1569.79	436.058
1570.64	435.402
1571.5	422.204
1572.36	451.211
1573.22	425.464
1574.08	415.095
1574.94	432.668
1575.8	413.696
1576.65	442.933
1577.51	436.498
1578.37	434.85
1579.22	440.888
1580.08	442.061
1580.94	430.634
1581.79	435.682
1582.65	441.743
1583.51	412.915
1584.36	438.459
1585.22	445.572
1586.07	450.723
1586.93	456.815
1587.78	428.763
1588.63	459.146
1589.49	452.44
1590.34	451.526
1591.2	429.063
1592.05	426.048
1592.9	457.141
1593.76	465.771
1594.61	451.025
1595.46	430.509
1596.32	473.546
1597.17	459.082
1598.02	458.326
1598.87	461.463
1599.72	457.686
1600.58	464.576
1601.43	486.04
1602.28	468.236
1603.13	468.945
1603.98	496.009
1604.83	464.394
1605.68	493.428
1606.53	475.63
1607.38	454.979
1608.23	497.841
1609.08	464.502
1609.93	457.459
1610.77	474.72
1611.62	484.087
1612.47	464.189
1613.32	458.968
1614.17	480.116
1615.01	482.842
1615.86	462.257
1616.71	461.133
1617.55	480.381
1618.4	472.3
1619.25	471.914
1620.09	454.961
1620.94	492.35
1621.79	464.752
1622.63	484.724
1623.48	479.566
1624.32	493.838
1625.17	481.05
1626.01	470.225
1626.86	502.948
1627.7	512.437
1628.54	474.519
1629.39	490.734
1630.23	498.198
1631.07	476.625
1631.92	511.022
1632.76	486.494
1633.6	516.956
1634.45	505.011
1635.29	500.826
1636.13	505.349
1636.97	486.791
1637.81	514.428
1638.66	524.731
1639.5	525.426
1640.34	526.16
1641.18	484.67
1642.02	496.103
1642.86	511.427
1643.7	527.737
1644.54	532.505
1645.38	508.407
1646.22	524.65
1647.06	514.925
1647.89	516.747
1648.73	531.122
1649.57	521.549
1650.41	557.288
1651.25	524.814
1652.09	536.649
1652.92	544.613
1653.76	530.308
1654.6	542.877
1655.43	546.684
1656.27	531.195
1657.11	564.998
1657.94	539.134
1658.78	531.746
1659.62	527.329
1660.45	532.569
1661.29	549.338
1662.12	529.156
1662.96	531.144
1663.79	512.74
1664.62	535.116
1665.46	528.522
1666.29	517.199
1667.13	524.431
1667.96	536.593
1668.79	515.651
1669.63	524.856
1670.46	514.498
1671.29	516.76
1672.12	506.258
1672.96	520.144
1673.79	475.303
1674.62	474.468
1675.45	479.542
1676.28	486.635
1677.11	486.938
1677.95	521.648
1678.78	489.601
1679.61	477.121
1680.44	485.21
1681.27	479.418
1682.1	451.887
1682.93	468.654
1683.75	462.803
1684.58	457.991
1685.41	453.232
1686.24	477.125
1687.07	455.622
1687.9	455.82
1688.73	449.075
1689.55	483.858
1690.38	435.498
1691.21	427.657
1692.04	433.621
1692.86	454.371
1693.69	438.409
1694.52	424.413
1695.34	425.313
1696.17	417.38
1696.99	430.35
1697.82	417.628
1698.64	405.912
1699.47	411.035
1700.29	417.087
1701.12	423.051
1701.94	417.004
1702.77	419.832
1703.59	442.483
1704.41	377.736
1705.24	387.481
1706.06	388.31
1706.88	412.977
1707.71	413.844
1708.53	387.932
1709.35	385.83
1710.17	410.493
1711	410.317
1711.82	387.299
1712.64	404.895
1713.46	389.775
1714.28	409.341
1715.1	407.16
1715.92	407.996
1716.74	380.153
1717.56	393.85
1718.38	403.506
1719.2	398.212
1720.02	407.652
1720.84	396.318
1721.66	399.843
1722.48	394.609
1723.3	404.292
1724.11	413.086
1724.93	376.575
1725.75	390.231
1726.57	370.272
1727.39	363.993
1728.2	376.336
1729.02	374.907
1729.84	388.258
1730.65	396.762
1731.47	379.824
1732.29	407.002
1733.1	377.313
1733.92	384.8
1734.73	402.021
1735.55	387.942
1736.36	370.006
1737.18	354.078
1737.99	364.519
1738.81	391.508
1739.62	388.23
1740.43	390.763
1741.25	392.306
1742.06	363.736
1742.87	393.514
1743.69	397.08
1744.5	373.495
1745.31	388.727
1746.13	349.669
1746.94	389.128
1747.75	367.573
1748.56	369.302
1749.37	367.188
1750.18	355.411
1750.99	372.654
1751.81	379.234
1752.61	366.466
1753.42	388.514
1754.24	385.457
1755.04	343.782
1755.85	395.857
1756.66	378.335
1757.47	354.966
1758.28	393.345
1759.09	368.914
1759.9	358.973
1760.71	351.975
1761.52	382.639
1762.32	377.711
1763.13	370.904
1763.94	350.612
1764.74	382.354
1765.55	380.337
1766.36	384.104
1767.17	361.876
1767.97	371.516
1768.78	354.209
1769.58	362.011
1770.39	363.058
1771.19	385.327
1772	370.86
1772.8	367.959
1773.61	352.492
1774.41	341.87
1775.22	372.847
1776.02	358.38
1776.83	343.902
1777.63	355.556
1778.43	374.98
1779.23	380.89
1780.04	349.043
1780.84	350.192
1781.64	366.915
1782.44	364.236
1783.25	366.406
1784.05	354.923
1784.85	332.682
1785.65	352.316
1786.45	356.366
1787.25	360.429
1788.05	342.038
1788.86	352.948
1789.65	361.907
1790.46	345.414
1791.25	335.739
1792.05	350.54
1792.85	355.556
1793.65	344.905
1794.45	362.749
1795.25	352.175
1796.05	339.657
1796.85	357.659
1797.64	372.738
1798.44	358.219
1799.24	343.625
1800.04	372.434
1800.83	355.76
1801.63	331.133
1802.43	347.046
1803.22	326.34
1804.02	332.356
1804.82	365.125
1805.61	333.464
1806.41	352.345
1807.2	334.526
1808	326.628
1808.79	356.473
1809.59	360.544
1810.38	349.726
1811.18	327.948
1811.97	385.696
1812.76	380.714
1813.56	353.758
1814.35	347.645
1815.14	349.482
1815.94	338.429
1816.73	350.326
1817.52	368.272
1818.31	355.41
1819.1	363.437
1819.9	334.548
1820.69	344.427
1821.48	364.203
1822.27	339.132
1823.06	350.916
1823.85	352.765
1824.64	346.664
1825.43	323.638
1826.22	359.299
1827.01	350.156
1827.8	351.952
1828.59	349.792
1829.38	343.691
1830.17	350.54
1830.96	359.373
1831.74	348.29
1832.53	333.18
1833.32	323.985
1834.11	320.714
1834.89	346.188
1835.68	338.92
1836.47	338.603
1837.26	367.992
1838.04	338.988
1838.83	357.469
1839.61	331.447
1840.4	357.753
1841.19	340.578
1841.97	350.015
1842.76	313.16
1843.54	340.34
1844.33	321.332
1845.11	344.659
1845.89	327.746
1846.68	329.523
1847.46	329.328
1848.25	334.021
1849.03	359.291
1849.81	361.993
1850.6	346.089
1851.38	343.937
1852.16	318.286
1852.94	356.292
1853.72	347.252
1854.51	324.479
1855.29	364.281
1856.07	330.715
1856.85	347.964
1857.63	332.004
1858.41	314.122
1859.19	332.336
1859.97	336.919
1860.75	332.778
1861.53	339.397
1862.31	333.411
1863.09	347.89
1863.87	330.256
1864.65	352.475
1865.43	325.024
1866.21	340.296
1866.99	336.07
1867.76	351.237
1868.54	338.274
1869.32	320.533
1870.1	332.911
1870.87	334.7
1871.65	334.605
1872.43	335.501
1873.2	336.389
1873.98	342.092
1874.76	329.369
1875.53	340.857
1876.31	320.419
1877.08	331.984
1877.86	360.069
1878.63	331.997
1879.41	335.889
1880.18	322.301
1880.96	318.369
1881.73	342.531
1882.5	341.49
1883.28	321.08
1884.05	334.645
1884.82	348.243
1885.6	317.214
1886.37	341.489
1887.14	317.205
1887.91	342.425
1888.68	310.345
1889.46	330.736
1890.23	349.237
1891	327.949
1891.77	338.815
1892.54	337.109
1893.31	343.254
1894.08	318.204
1894.85	339.005
1895.62	321.633
1896.39	336.428
1897.16	317.841
1897.93	345.175
1898.7	340.178
1899.47	347.949
1900.24	326.442
1901.01	330.498
1901.77	331.711
1902.54	323.15
1903.31	305.703
1904.08	338.338
1904.84	323.73
1905.61	337.625
1906.38	323.926
1907.14	322.036
1907.91	318.18
1908.68	305.458
1909.44	316.44
1910.21	309.679
1910.97	354.353
1911.74	317.961
1912.51	333.02
1913.27	305.466
1914.03	319.516
1914.8	319.662
1915.56	334.677
1916.33	323.836
1917.09	319.915
1917.85	326.904
1918.62	318.954
1919.38	319.945
1920.14	357.774
1920.9	311.022
1921.67	319.072
1922.43	324.2
1923.19	313.431
1923.95	300.676
1924.71	318.883
1925.47	335.079
1926.24	291.165
1927	314.225
1927.76	316.193
1928.52	328.125
1929.28	354.043
1930.04	336.884
1930.8	342.754
1931.56	318.6
1932.32	316.494
1933.08	318.431
1933.83	328.428
1934.59	326.456
1935.35	323.498
1936.11	317.506
1936.87	337.507
1937.62	292.268
1938.38	323.127
1939.14	318.871
1939.89	314.627
1940.65	327.444
1941.41	313.292
1942.16	309.178
1942.92	324.058
1943.68	310.873
1944.43	334.608
1945.19	323.277
1945.94	321.896
1946.7	344.44
1947.45	327.11
1948.21	321.791
1948.96	334.427
1949.71	312.271
1950.47	304.077
1951.22	320.75
1951.98	334.436
1952.73	304.413
1953.48	299.198
1954.23	329.645
1954.99	326.281
1955.74	332.759
1956.49	310.511
1957.24	314.006
1957.99	332.354
1958.75	341.876
1959.5	311.047
1960.25	338.412
1961	336.194
1961.75	342.786
1962.5	337.502
1963.25	333.167
1964	321.954
1964.75	321.566
1965.5	338.837
1966.25	337.467
1967	344.867
1967.74	337.526
1968.49	347.71
1969.24	328.583
1969.99	309.517
1970.74	314.866
1971.48	324.177
1972.23	324.832
1972.98	320.712
1973.73	314.688
1974.47	318.332
1975.22	319.967
1975.96	347.672
1976.71	325.926
1977.46	313.868
1978.2	342.409
1978.95	315.977
1979.69	334.985
1980.44	316.472
1981.18	342.359
1981.93	353.797
1982.67	334.358
1983.41	339.892
1984.16	345.325
1984.9	308.355
1985.64	330.968
1986.39	307.473
1987.13	317.614
1987.87	299.063
1988.61	319.853
1989.36	314.836
1990.1	316.55
1990.84	348.881
1991.58	309.48
1992.32	335.109
1993.06	326.344
1993.81	295.646
1994.55	336.686
1995.29	310.891
1996.03	304.263
1996.77	312.018
1997.51	303.511
1998.24	317.011
1998.98	302.695
1999.72	295.041
2000.46	319.002
2001.2	322.824
2001.94	328.578
2002.68	269.105
2003.41	315.219
2004.15	314.33
2004.89	295.186
2005.63	324.083
2006.36	302.973
2007.1	285.68
2007.84	313.603
2008.57	307.869
2009.31	315.65
2010.05	309.997
2010.78	289.915
2011.52	286.239
2012.25	303.814
2012.99	313.663
2013.72	296.394
2014.46	305.199
2015.19	308.173
2015.92	291.77
2016.66	303.494
2017.39	319.168
2018.13	292.212
2018.86	305.108
2019.59	290.815
2020.32	292.077
2021.06	306.001
2021.79	282.734
2022.52	305.965
2023.25	294.01
2023.98	300.934
2024.72	294.605
2025.45	291.172
2026.18	295.114
2026.91	283.117
2027.64	295.55
2028.37	302.966
2029.1	314.306
2029.83	299.394
2030.56	285.684
2031.29	296.397
2032.02	279.894
2032.75	300.138
2033.47	299.331
2034.2	318.26
2034.93	296.268
2035.66	298.053
2036.39	296.344
2037.11	305.032
2037.84	310.662
2038.57	307.163
2039.3	304.544
2040.02	306.509
2040.75	290.631
2041.47	303.486
2042.2	319.566
2042.93	311.641
2043.65	289.165
2044.38	297.705
2045.1	295.167
2045.83	299.8
2046.55	291.769
2047.28	297.823
2048	298.517
2048.73	295.742
2049.45	319.296
2050.17	308.898
2050.9	310.359
2051.62	298.8
2052.34	302.174
2053.07	312.983
2053.79	313.532
2054.51	305.224
2055.23	304.259
2055.95	314.991
2056.68	298.237
2057.4	317.672
2058.12	298.958
2058.84	317.03
2059.56	307.799
2060.28	297.253
2061	311.91
2061.72	300.139
2062.44	309.764
2063.16	309.548
2063.88	304.099
2064.6	318.82
2065.32	320.251
2066.03	318.226
2066.75	316.486
2067.47	321.137
2068.19	314.87
2068.91	315.333
2069.62	302.843
2070.34	316.401
2071.06	319.626
2071.77	320.783
2072.49	324.741
2073.21	311.134
2073.92	299.814
2074.64	307.407
2075.36	312.547
2076.07	312.977
2076.79	308.064
2077.5	316.981
2078.22	312.171
2078.93	316.044
2079.64	309.314
2080.36	300.374
2081.07	311.645
2081.79	321.785
2082.5	315.398
2083.21	310.096
2083.93	318.127
2084.64	315.683
2085.35	314.535
2086.07	313.044
2086.78	317.766
2087.49	309.329
2088.2	311.285
2088.91	323.764
2089.62	329.526
2090.33	314.42
2091.04	301.916
2091.76	305.754
2092.47	319.3
2093.18	318.99
2093.89	300.958
2094.6	321.46
2095.3	326.897
2096.01	335.399
2096.72	318.994
2097.43	323.749
2098.14	316.333
2098.85	302.601
2099.56	309.42
2100.09	316.083
2100.87	331.764
2101.65	304.959
2102.43	314.733
2103.21	321.521
2103.99	304.56
2104.77	312.219
2105.55	317.83
2106.32	318.467
2107.1	310.255
2107.88	318.819
2108.66	317.639
2109.44	311.64
2110.22	341.033
2110.99	309.553
2111.77	317.251
2112.55	319.928
2113.33	326.421
2114.1	300.608
2114.88	306.168
2115.66	327.442
2116.43	315.619
2117.21	303.873
2117.99	315.572
2118.76	318.453
2119.54	326.159
2120.31	322.11
2121.09	321.944
2121.86	324.707
2122.64	309.947
2123.41	330.28
2124.19	318.49
2124.96	328.156
2125.74	308.659
2126.51	308.686
2127.28	345.769
2128.06	315.653
2128.83	344.961
2129.61	317.696
2130.38	306.965
2131.15	319.622
2131.92	320.587
2132.7	317.675
2133.47	300.151
2134.24	322.633
2135.01	326.577
2135.78	307.086
2136.55	319.808
2137.33	331.575
2138.1	299.412
2138.87	322.972
2139.64	306.495
2140.41	307.652
2141.18	336.271
2141.95	318.884
2142.72	330.911
2143.49	319.361
2144.26	298.903
2145.03	332.476
2145.8	308.99
2146.57	303.217
2147.33	320.141
2148.1	321.365
2148.87	336.446
2149.64	293.247
2150.41	321.153
2151.17	322.331
2151.94	318.528
2152.71	304.811
2153.48	326.815
2154.24	325.075
2155.01	317.404
2155.78	318.686
2156.54	314.987
2157.31	307.272
2158.08	313.489
2158.84	330.671
2159.61	309.867
2160.37	314.997
2161.14	308.099
2161.9	312.202
2162.67	316.34
2163.43	327.557
2164.2	317.799
2164.96	319.116
2165.72	319.441
2166.49	313.689
2167.25	312.893
2168.01	323.104
2168.78	286.881
2169.54	310.129
2170.3	317.277
2171.07	299.246
2171.83	316.608
2172.59	326.958
2173.35	293.8
2174.11	304.106
2174.88	309.292
2175.64	303.257
2176.4	299.197
2177.16	323.566
2177.92	324.647
2178.68	318.68
2179.44	335.09
2180.2	312.963
2180.96	329.432
2181.72	310.313
2182.48	320.642
2183.24	316.694
2184	325.938
2184.76	324.973
2185.52	311.775
2186.28	332.165
2187.04	303.698
2187.79	337.345
2188.55	309.913
2189.31	313.029
2190.07	307.997
2190.83	331.483
2191.58	339.688
2192.34	315.28
2193.1	330.588
2193.85	326.501
2194.61	329.495
2195.37	311.049
2196.12	327.173
2196.88	339.187
2197.63	305.479
2198.39	314.504
2199.15	318.503
2199.9	310.368
2200.66	311.386
2201.41	325.573
2202.16	341.727
2202.92	316.229
2203.67	300.859
2204.43	318.936
2205.18	292.496
2205.93	303.581
2206.69	325.855
2207.44	312.744
2208.19	336.063
2208.95	331.005
2209.7	319.818
2210.45	314.662
2211.2	328.691
2211.95	301.275
2212.71	328.423
2213.46	302.052
2214.21	315.048
2214.96	323.982
2215.71	323.812
2216.46	319.586
2217.21	324.393
2217.96	330.171
2218.71	335.925
2219.46	342.681
2220.21	308.36
2220.96	342.258
2221.71	343.128
2222.46	331.02
2223.21	333.929
2223.96	331.803
2224.71	306.643
2225.46	335.411
2226.21	322.208
2226.95	323.999
2227.7	312.866
2228.45	308.748
2229.2	302.662
2229.94	326.438
2230.69	338.258
2231.44	332.173
2232.18	322.116
2232.93	344.833
2233.68	299.015
2234.42	317.704
2235.17	332.38
2235.92	342.076
2236.66	311.197
2237.41	315.013
2238.15	332.703
2238.9	323.721
2239.64	328.587
2240.38	319.617
2241.13	354.087
2241.87	326.334
2242.62	326.22
2243.36	331.035
2244.1	337.817
2244.85	349.523
2245.59	332.665
2246.33	335.516
2247.08	339.355
2247.82	342.21
2248.56	345.046
2249.3	319.355
2250.05	338.849
2250.79	328.867
2251.53	326.757
2252.27	308.012
2253.01	349.12
2253.75	328.51
2254.49	330.484
2255.23	322.682
2255.97	332.531
2256.71	315.902
2257.45	326.694
2258.19	325.685
2258.93	315.822
2259.67	330.435
2260.41	318.61
2261.15	352.844
2261.89	315.672
2262.63	335.349
2263.36	328.637
2264.1	328.802
2264.84	313.268
2265.58	324.177
2266.32	332.103
2267.05	326.252
2267.79	327.237
2268.53	343.902
2269.26	336.046
2270	341.946
2270.74	317.475
2271.48	346.021
2272.21	335.369
2272.95	330.635
2273.68	331.817
2274.42	331.046
2275.15	323.384
2275.89	303.885
2276.62	331.615
2277.36	329.781
2278.09	328.904
2278.83	331.947
2279.56	316.245
2280.29	331.098
2281.03	324.26
2281.76	338.144
2282.49	326.407
2283.23	301.869
2283.96	347.461
2284.69	314.093
2285.42	310.355
2286.16	332.312
2286.89	319.596
2287.62	301.869
2288.35	317.771
2289.08	332.69
2289.81	316.947
2290.55	338.911
2291.28	332.202
2292.01	310.638
2292.74	324.819
2293.47	312.172
2294.2	318.384
2294.93	314.605
2295.66	314.751
2296.39	325.808
2297.11	307.934
2297.85	325.93
2298.57	305.08
2299.3	345.097
2300.03	328.334
2300.76	321.57
2301.49	325.79
2302.22	322.992
2302.94	338.155
2303.67	313.276
2304.4	315.4
2305.12	316.546
2305.85	295.679
2306.58	312.904
2307.31	332.155
2308.03	304.233
2308.76	286.294
2309.48	298.445
2310.21	311.595
2310.93	294.614
2311.66	303.779
2312.38	304.93
2313.11	294.023
2313.83	310.28
2314.56	289.265
2315.28	309.508
2316.01	316.64
2316.73	292.537
2317.45	297.673
2318.18	303.844
2318.9	328.194
2319.62	308.154
2320.35	293.129
2321.07	297.26
2321.79	295.316
2322.52	306.502
2323.24	305.576
2323.96	274.339
2324.68	295.668
2325.4	279.582
2326.12	296.855
2326.84	266.564
2327.56	245.361
2328.29	238.322
2329.01	238.379
2329.73	236.429
2330.45	262.848
2331.17	273.078
2331.89	268.099
2332.61	292.484
2333.32	298.602
2334.04	310.782
2334.76	287.484
2335.48	303.726
2336.2	286.543
2336.92	296.747
2337.64	295.811
2338.35	283.715
2339.07	284.788
2339.79	302.077
2340.51	321.394
2341.23	305.22
2341.94	305.314
2342.66	295.29
2343.37	312.702
2344.09	301.66
2344.81	316.991
2345.52	303.792
2346.24	280.368
2346.95	303.643
2347.67	308.626
2348.38	312.635
2349.1	299.461
2349.82	284.323
2350.53	295.625
2351.24	316.088
2351.96	306.041
2352.67	259.333
2353.39	294.915
2354.1	311.139
2354.81	287.717
2355.53	276.504
2356.24	281.568
2356.95	284.625
2357.66	302.94
2358.38	299.949
2359.09	297.99
2359.8	289.951
2360.51	297.175
2361.22	291.207
2361.94	276.097
2362.65	285.416
2363.36	295.758
2364.07	313.217
2364.78	298.027
2365.49	310.305
2366.2	281.768
2366.91	298.059
2367.62	327.592
2368.33	292.945
2369.04	290.93
2369.75	293.008
2370.46	316.493
2371.16	310.422
2371.87	281.918
2372.58	317.624
2373.29	301.353
2374	302.416
2374.71	307.561
2375.41	306.587
2376.12	308.665
2376.83	313.803
2377.53	302.633
2378.24	310.858
2378.95	290.535
2379.65	294.696
2380.36	302.926
2381.07	311.132
2381.77	311.148
2382.48	298.913
2383.18	322.431
2383.89	301.089
2384.59	306.336
2385.3	315.699
2386	312.783
2386.71	283.218
2387.41	308.798
2388.12	289.323
2388.82	282.099
2389.52	307.587
2390.23	312.679
2390.93	312.712
2391.63	288.249
2392.34	307.71
2393.04	298.527
2393.74	305.658
2394.44	310.734
2395.15	308.687
2395.85	297.496
2396.55	323.125
2397.25	306.882
2397.95	321.272
2398.65	306.986
2399.35	312.058
2400.05	341.598
2400.75	312.889
2401.45	307.697
2402.15	326.019
2402.85	290.304
2403.55	291.37
2404.25	330.234
2404.95	315.019
2405.65	303.878
2406.35	319.275
2407.05	305.031
2407.75	338.79
2408.44	322.489
2409.14	324.588
2409.84	291.95
2410.54	334.943
2411.24	306.369
2411.93	304.338
2412.63	324.756
2413.33	330.825
2414.02	331.762
2414.72	341.883
2415.42	317.3
2416.11	296.828
2416.81	306.99
2417.5	327.371
2418.2	309.018
2418.9	325.367
2419.59	319.283
2420.28	332.56
2420.98	307.035
2421.67	290.649
2422.37	297.681
2423.06	340.353
2423.75	316.849
2424.45	304.621
2425.14	301.629
2425.84	324.154
2426.53	311.053
2427.22	328.504
2427.91	334.697
2428.61	316.352
2429.3	306.098
2429.99	328.392
2430.68	310.909
2431.37	313.771
2432.07	317.646
2432.76	288.023
2433.45	324.476
2434.14	302.094
2434.83	300.072
2435.52	320.411
2436.21	299.124
2436.9	303.175
2437.59	319.345
2438.28	297.922
2438.97	317.037
2439.66	300.679
2440.35	325.878
2441.04	296.442
2441.72	311.575
2442.41	311.535
2443.1	292.268
2443.79	311.409
2444.48	300.202
2445.16	323.347
2445.85	291.964
2446.54	312.126
2447.23	310.104
2447.91	299.011
2448.6	315.168
2449.29	318.184
2449.97	302.004
2450.66	334.25
2451.34	326.141
2452.03	329.15
2452.72	318.061
2453.4	298.911
2454.09	329.154
2454.77	316.997
2455.46	327.97
2456.14	334.86
2456.82	322.609
2457.51	330.514
2458.19	315.343
2458.88	300.241
2459.56	336.459
2460.24	314.404
2460.92	355.707
2461.61	336.676
2462.29	334.726
2462.97	330.743
2463.66	344.836
2464.34	331.733
2465.02	335.691
2465.7	341.624
2466.38	339.498
2467.06	359.472
2467.75	324.248
2468.42	343.285
2469.11	332.259
2469.79	345.367
2470.47	341.442
2471.15	337.524
2471.83	336.607
2472.51	352.739
2473.19	352.763
2473.86	315.588
2474.54	351.726
2475.22	353.713
2475.9	348.694
2476.58	350.743
2477.26	331.741
2477.94	319.794
2478.61	334.985
2479.29	350.176
2479.97	352.277
2480.65	324.18
2481.32	349.366
2482	347.396
2482.68	328.335
2483.35	349.523
2484.03	334.496
2484.71	331.524
2485.38	337.579
2486.06	313.416
2486.73	321.432
2487.41	331.46
2488.08	311.342
2488.76	342.559
2489.43	341.641
2490.11	334.723
2490.78	332.852
2491.45	331.985
2492.13	337.145
2492.8	339.262
2493.48	347.41
2494.15	359.591
2494.82	326.417
2495.49	344.699
2496.17	319.639
2496.84	321.846
2497.51	337.2
2498.18	336.375
2498.86	361.797
2499.53	329.51
2500.2	361.909
2500.87	333.6
2501.54	350.837
2502.21	353.973
2502.88	344.022
2503.55	346.263
2504.22	350.544
2504.89	336.541
2505.56	351.892
2506.23	337.77
2506.9	336.813
2507.57	337.895
2508.24	368.457
2508.91	361.503
2509.58	347.448
2510.25	378.086
2510.91	377.176
2511.58	378.259
2512.25	364.067
2512.92	344.797
2513.59	361.158
2514.25	363.316
2514.92	369.572
2515.59	352.412
2516.25	340.317
2516.92	352.644
2517.59	343.545
2518.25	343.597
2518.92	360.97
2519.58	358.979
2520.25	353.948
2520.91	365.263
2521.58	366.423
2522.24	343.129
2522.91	360.69
2523.57	356.825
2524.24	368.285
2524.9	365.414
2525.56	339.996
2526.23	349.351
2526.89	363.819
2527.55	356.769
2528.22	344.571
2528.88	362.064
2529.54	368.248
2530.21	362.101
2530.87	358
2531.53	362.127
2532.19	336.589
2532.85	357.255
2533.51	335.927
2534.18	352.583
2534.84	334.293
2535.5	361.141
2536.16	369.401
2536.82	366.272
2537.48	363.097
2538.14	366.09
2538.8	330.11
2539.46	358.89
2540.12	387.75
2540.78	331.409
2541.44	357.281
2542.09	356.432
2542.75	366.868
2543.41	380.339
2544.07	354.632
2544.73	380.303
2545.39	351.38
2546.04	366.646
2546.7	353.121
2547.36	359.147
2548.02	380.619
2548.67	378.541
2549.33	359.071
2549.98	371.45
2550.64	395.136
2551.3	399.317
2551.95	390.148
2552.61	383.033
2553.26	411.872
2553.92	379.062
2554.57	364.706
2555.23	399.604
2555.88	396.42
2556.54	394.209
2557.19	402.233
2557.85	370.277
2558.5	405.007
2559.15	397.769
2559.81	415.178
2560.46	397.793
2561.11	412.178
2561.77	420.397
2562.42	413.2
2563.07	381.365
2563.72	416.044
2564.37	398.474
2565.03	418.769
2565.68	421.715
2566.33	385.894
2566.98	404.322
2567.63	422.796
2568.28	434.115
2568.93	409.596
2569.58	408.521
2570.23	390.015
2570.88	417.472
2571.53	431.668
2572.18	397.949
2572.83	424.528
2573.48	417.444
2574.13	417.497
2574.78	410.362
2575.43	417.479
2576.07	406.182
2576.72	409.166
2577.37	388.684
2578.02	389.642
2578.67	380.4
2579.31	387.458
2579.96	421.996
2580.61	395.354
2581.26	433.885
2581.9	394.042
2582.55	412.272
2583.19	381.741
2583.84	395.021
2584.49	386.972
2585.13	378.908
2585.78	401.321
2586.42	385.993
2587.07	403.133
2587.71	366.322
2588.36	404.691
2589	393.294
2589.65	401.233
2590.29	387.935
2590.93	395.994
2591.58	394.98
2592.22	379.816
2592.86	371.776
2593.51	387.083
2594.15	363.87
2594.79	407.62
2595.43	405.714
2596.07	388.551
2596.72	370.324
2597.36	400.776
2598	392.602
2598.64	382.373
2599.28	366.064
2599.92	403.538
2600.56	382.232
2601.2	393.421
2601.85	390.439
2602.49	404.699
2603.13	406.763
2603.76	375.322
2604.4	400.654
2605.04	367.159
2605.68	396.542
2606.32	388.419
2606.96	387.396
2607.6	355.949
2608.24	402.514
2608.88	390.268
2609.51	429.669
2610.15	384.028
2610.79	392.107
2611.43	400.252
2612.06	387.2
2612.7	386.336
2613.34	381.431
2613.97	391.72
2614.61	367.512
2615.25	397.029
2615.88	420.456
2616.52	418.52
2617.15	405.426
2617.79	400.461
2618.42	389.411
2619.06	414.923
2619.69	410.973
2620.33	401.916
2620.96	430.431
2621.6	403.027
2622.23	421.346
2622.86	415.285
2623.5	420.431
2624.13	435.778
2624.76	444.036
2625.4	413.646
2626.03	401.537
2626.66	440.273
2627.29	410.812
2627.93	431.21
2628.56	431.272
2629.19	445.619
2629.82	431.493
2630.45	467.286
2631.08	450.115
2631.71	439.031
2632.34	438.114
2632.98	452.478
2633.61	442.386
2634.24	475.154
2634.87	457.99
2635.5	463.295
2636.12	470.652
2636.75	460.636
2637.38	459.79
2638.01	474.257
2638.64	509.161
2639.27	495.982
2639.9	500.162
2640.53	475.668
2641.15	481.841
2641.78	503.349
2642.41	499.29
2643.04	491.167
2643.66	504.574
2644.29	508.811
2644.92	514.093
2645.54	505.029
2646.17	526.661
2646.8	521.612
2647.42	511.396
2648.05	524.716
2648.67	513.441
2649.3	534.968
2649.92	529.895
2650.55	547.411
2651.17	540.385
2651.8	516.991
2652.42	534.631
2653.05	543.047
2653.67	572.997
2654.29	518.728
2654.92	566.035
2655.54	559.908
2656.16	554.785
2656.79	560.962
2657.41	552.089
2658.03	565.3
2658.65	542.733
2659.27	558.381
2659.9	541.992
2660.52	563.568
2661.14	535.649
2661.76	574.999
2662.38	552.671
2663	558.176
2663.62	565.06
2664.24	561.229
2664.86	546.943
2665.48	574.53
2666.1	565.008
2666.72	558.836
2667.34	570.227
2667.96	591.583
2668.58	561.876
2669.2	572.643
2669.82	530.858
2670.44	550.972
2671.05	574.354
2671.67	577.636
2672.29	592.656
2672.91	585.328
2673.53	582.643
2674.14	606.322
2674.76	593.207
2675.38	603.03
2675.99	618.298
2676.61	627.68
2677.23	619.261
2677.84	663.07
2678.46	676.184
2679.07	690.459
2679.69	722.624
2680.3	747.504
2680.92	782.816
2681.53	814.316
2682.15	830.107
2682.76	839.028
2683.38	848.049
2683.99	850.132
2684.61	836.197
2685.22	856.368
2685.83	814.956
2686.44	831.078
2687.06	812.507
2687.67	817.107
2688.28	824.974
2688.9	834.321
2689.51	827.194
2690.12	829.861
2690.73	846.842
2691.34	852.883
2691.96	848.054
2692.57	834.365
2693.18	867.413
2693.79	857.714
2694.4	865.895
2695.01	860.895
2695.62	853.677
2696.23	850.484
2696.84	859.816
2697.45	873.583
2698.06	845.578
2698.67	862.865
2699.28	839.711
2699.88	832.833
2700.49	856.119
2701.1	850.464
2701.71	827.415
2702.32	845.533
2702.93	859.082
2703.53	878.904
2704.14	858.485
2704.75	871.241
2705.36	852.813
2705.96	883.928
2706.57	879.248
2707.17	875.494
2707.78	877.718
2708.39	886.257
2708.99	886.398
2709.6	901.682
2710.2	911.272
2710.81	923.597
2711.41	923.959
2712.02	905.809
2712.62	909.931
2713.23	929.552
2713.83	941.08
2714.44	920.536
2715.04	924.235
2715.64	938.22
2716.25	957.176
2716.85	934.02
2717.45	923.94
2718.05	968.513
2718.66	982.177
2719.26	964.887
2719.86	959.906
2720.46	986.065
2721.06	982.775
2721.67	990.835
2722.27	1002.63
2722.87	1011.92
2723.47	977.812
2724.07	983.82
2724.67	1007.83
2725.27	1022.6
2725.71	1040.75
2726.38	1028.35
2727.06	1020.89
2727.73	996.028
2728.4	1026.06
2729.07	1018.51
2729.74	1014.16
2730.42	1043.53
2731.09	1043.65
2731.76	1054.12
2732.43	1075.9
2733.1	1072.3
2733.77	1117.49
2734.44	1079.14
2735.11	1081.34
2735.78	1072.18
2736.45	1106.65
2737.12	1078.91
2737.79	1109.09
2738.46	1104.67
2739.13	1109.46
2739.8	1122.49
2740.47	1108.27
2741.14	1118.64
2741.81	1111.91
2742.47	1124.61
2743.14	1080.35
2743.81	1092
2744.48	1091.34
2745.15	1105.88
2745.81	1113.25
2746.48	1137.96
2747.15	1141.31
2747.81	1151.84
2748.48	1133.78
2749.15	1168.66
2749.81	1164.62
2750.48	1154.29
2751.15	1156.12
2751.81	1176.36
2752.48	1143.75
2753.14	1162.41
2753.81	1136.44
2754.47	1103.42
2755.14	1090.73
2755.8	1120.73
2756.47	1107.58
2757.13	1067.65
2757.8	1051.18
2758.46	1068.5
2759.13	1022.62
2759.79	1053.56
2760.45	1031.44
2761.12	1061.45
2761.78	1020.73
2762.44	1075.99
2763.1	1082
2763.77	1069.59
2764.43	1046.03
2765.09	1067.68
2765.76	1109
2766.42	1076.81
2767.08	1137.89
2767.74	1115.97
2768.4	1121.61
2769.06	1154.82
2769.72	1168.42
2770.38	1162.44
2771.05	1193.38
2771.71	1215.14
2772.37	1217.49
2773.03	1266.18
2773.69	1321.15
2774.35	1368.96
2775.01	1387.89
2775.67	1473.5
2776.33	1526.06
2776.99	1562.07
2777.64	1614.56
2778.3	1654.81
2778.96	1711.65
2779.62	1741.79
2780.28	1789.36
2780.94	1795.62
2781.59	1782.21
2782.25	1789.37
2782.91	1823.42
2783.57	1730.11
2784.22	1738.94
2784.88	1736.6
2785.54	1727
2786.2	1753.21
2786.85	1708.88
2787.51	1724.92
2788.16	1738.63
2788.82	1773.96
2789.48	1757.08
2790.13	1782.87
2790.79	1762.78
2791.44	1840.77
2792.1	1813.7
2792.75	1822.36
2793.41	1901.7
2794.06	1897.16
2794.72	1942.85
2795.37	1894.72
2796.02	1942.43
2796.68	1946.03
2797.33	2015.69
2797.98	2010.45
2798.64	2035.23
2799.29	2048.83
2799.94	2125.29
2800.6	2115.35
2801.25	2103.38
2801.9	2185.09
2802.55	2175.11
2803.21	2212.39
2803.86	2203.17
2804.51	2262.77
2805.16	2257.36
2805.81	2313.68
2806.46	2320.61
2807.11	2355.38
2807.77	2346.93
2808.42	2422.79
2809.07	2500.54
2809.72	2504.01
2810.37	2535.09
2811.02	2570.24
2811.67	2603.5
2812.32	2610.31
2812.97	2650.31
2813.61	2653.59
2814.26	2731.01
2814.91	2746.8
2815.56	2764.56
2816.21	2795.57
2816.86	2861.35
2817.51	2932.08
2818.15	2941.94
2818.8	2943.38
2819.45	3000.19
2820.1	3018
2820.74	3024.81
2821.39	3050.55
2822.04	3054.08
2822.69	3169.72
2823.33	3235.87
2823.98	3209.07
2824.63	3272.08
2825.27	3307.94
2825.92	3340.6
2826.56	3422.75
2827.21	3448.89
2827.85	3478.63
2828.5	3485.14
2829.14	3441.62
2829.79	3590.22
2830.43	3487.5
2831.08	3573.78
2831.72	3529.59
2832.37	3560.21
2833.01	3600.82
2833.65	3680.15
2834.3	3650.2
2834.94	3681.62
2835.58	3679.91
2836.23	3765.34
2836.87	3723.35
2837.51	3765.74
2838.16	3732.53
2838.8	3757.31
2839.44	3796.92
2840.08	3826.46
2840.72	3879.51
2841.36	3914.68
2842.01	3876.51
2842.65	3883.31
2843.29	3936.34
2843.93	3908.41
2844.57	3992.56
2845.21	3981.31
2845.85	3995.75
2846.49	4044.22
2847.13	4034.46
2847.77	4048.83
2848.41	4037.94
2849.05	4059.02
2849.69	4106.49
2850.33	4120.29
2850.97	4049.83
2851.61	4051.62
2852.24	4101.41
2852.88	4106.24
2853.52	4199.19
2854.16	4147.3
2854.8	4180.43
2855.43	4162.39
2856.07	4191.31
2856.71	4215.47
2857.35	4227.74
2857.98	4260.41
2858.62	4317.08
2859.26	4301.46
2859.89	4374.04
2860.53	4366.77
2861.16	4455.06
2861.8	4443.89
2862.44	4521.63
2863.07	4588.61
2863.71	4633.85
2864.34	4636.09
2864.98	4661.38
2865.61	4796.22
2866.25	4852.86
2866.88	4929.98
2867.52	4942.82
2868.15	4988.32
2868.78	5108.87
2869.42	5207.82
2870.05	5221.54
2870.69	5335.84
2871.32	5380.72
2871.95	5563.37
2872.58	5595.67
2873.22	5661.83
2873.85	5771.9
2874.48	5921.71
2875.11	6059.91
2875.75	6140.41
2876.38	6250.47
2877.01	6307.69
2877.64	6467.19
2878.27	6591.24
2878.9	6714.57
2879.53	6805.6
2880.16	6930.19
2880.79	7063.2
2881.42	7174.39
2882.05	7198.69
2882.68	7347.24
2883.31	7438.06
2883.94	7499.76
2884.57	7605.36
2885.2	7736.22
2885.83	7771.35
2886.46	7880.39
2887.09	8016.83
2887.72	7958.35
2888.35	7995.24
2888.97	8088.62
2889.6	8196.85
2890.23	8137.46
2890.86	8183.76
2891.49	8239.58
2892.11	8265.46
2892.74	8269.72
2893.37	8315.34
2893.99	8373.17
2894.62	8467.92
2895.25	8455.43
2895.87	8494.38
2896.5	8519.08
2897.12	8550.94
2897.75	8560.78
2898.38	8583.35
2899	8631.8
2899.63	8675.82
2900.25	8743.03
2900.88	8802.55
2901.5	8840.21
2902.12	8878.33
2902.75	8933.89
2903.37	8925.2
2904	8897.16
2904.62	8895.59
2905.25	8892.88
2905.87	8889.61
2906.49	8946.38
2907.11	8999.24
2907.74	8822.91
2908.36	8871.21
2908.98	8734.29
2909.6	8880.35
2910.23	8727.8
2910.85	8667.62
2911.47	8632.26
2912.09	8555.42
2912.71	8446.61
2913.33	8418.34
2913.96	8323.76
2914.58	8168.17
2915.2	8090.27
2915.82	7978.76
2916.44	7927.27
2917.06	7818.23
2917.68	7721.9
2918.3	7541.4
2918.92	7582.98
2919.54	7434.77
2920.16	7324.71
2920.77	7230.09
2921.39	7230.12
2922.01	7210.94
2922.63	7039.59
2923.25	7037.91
2923.87	7084.76
2924.48	7056.67
2925.1	6993.96
2925.72	7091.99
2926.34	6977.97
2926.95	7025.66
2927.57	7051.91
2928.19	7022.3
2928.8	6985.95
2929.42	7028.42
2930.04	6983.65
2930.65	7150.89
2931.27	7053.03
2931.89	7185.78
2932.5	7164.95
2933.12	7171.26
2933.73	7196.7
2934.35	7290.56
2934.96	7301.08
2935.58	7345.28
2936.19	7439.81
2936.81	7407.14
2937.42	7504.43
2938.03	7585.33
2938.65	7665.1
2939.26	7590.56
2939.88	7651.47
2940.49	7610.64
2941.1	7661.62
2941.71	7738.6
2942.33	7625.01
2942.94	7623.51
2943.55	7616.2
2944.17	7569.06
2944.78	7594.75
2945.39	7640.73
2946	7543.7
2946.61	7445.7
2947.22	7469.93
2947.83	7478.17
2948.45	7453.34
2949.06	7426.87
2949.67	7356.24
2950.28	7309.84
2950.89	7280.82
2951.5	7177.68
2952.11	7029.68
2952.72	7032.41
2953.33	6943.34
2953.94	6831.45
2954.54	6814.05
2955.15	6759.9
2955.76	6634.57
2956.37	6614.33
2956.98	6429.56
2957.59	6358.21
2958.2	6265.89
2958.8	6159.61
2959.41	6008.89
2960.02	6044.72
2960.63	5951.54
2961.23	5803.84
2961.84	5748.6
2962.45	5624.21
2963.05	5581.81
2963.66	5456.82
2964.27	5353.59
2964.87	5286.47
2965.48	5199.61
2966.08	5092.44
2966.69	5047.84
2967.29	4950.96
2967.9	4842.82
2968.5	4725.68
2969.11	4666.94
2969.71	4615.7
2970.32	4503.48
2970.92	4373.63
2971.53	4385.23
2972.13	4235.29
2972.74	4187.56
2973.34	4111.05
2973.94	3989.55
2974.54	3976.67
2975.15	3865.49
2975.75	3794.07
2976.35	3720.42
2976.96	3653.58
2977.56	3523.46
2978.16	3533.87
2978.76	3482.6
2979.36	3362.53
2979.97	3286.68
2980.57	3230.5
2981.17	3131.17
2981.77	3126.89
2982.37	3023.59
2982.97	2990.57
2983.57	2915.29
2984.17	2819.69
2984.77	2763.5
2985.37	2739.71
2985.97	2675.6
2986.57	2609.85
2987.17	2529.83
2987.77	2487.52
2988.37	2459.21
2988.97	2406.92
2989.57	2353.29
2990.17	2255.44
2990.76	2203.72
2991.36	2186.97
2991.96	2166.3
2992.56	2099.66
2993.16	2047.34
2993.75	1996.92
2994.35	1927.86
2994.95	1903.7
2995.54	1904.09
2996.14	1811.57
2996.74	1780.72
2997.33	1752.2
2997.93	1723.88
2998.52	1702.79
2999.12	1608
2999.72	1597.06
3000.31	1570.73
3000.91	1549.51
3001.5	1528.29
3002.1	1488.58
3002.69	1453.88
3003.29	1473.34
3003.88	1422.02
3004.47	1375.81
3005.07	1357.37
3005.66	1324.81
3006.26	1330.41
3006.85	1272.66
3007.44	1296.98
3008.04	1264.79
3008.63	1229.3
3009.22	1197.62
3009.81	1183.18
3010.41	1219.95
3011	1191.06
3011.59	1126.39
3012.18	1126.54
3012.77	1088.81
3013.36	1093.2
3013.96	1101.68
3014.55	1072.1
3015.14	1040.48
3015.73	1029.49
3016.32	1014.47
3016.91	1004.65
3017.5	1030.8
3018.09	974.497
3018.68	996.259
3019.27	962.328
3019.86	962.364
3020.45	998.538
3021.04	971.02
3021.63	934.328
3022.22	922.378
3022.8	949.546
3023.39	924.01
3023.98	909.716
3024.57	914.98
3025.16	880.007
3025.74	874.972
3026.33	882.312
3026.92	897.855
3027.5	881.319
3028.09	864.71
3028.68	848.087
3029.26	856.283
3029.85	855.311
3030.44	878.221
3031.02	874.423
3031.61	848.985
3032.19	872.055
3032.78	846.463
3033.37	833.146
3033.95	859.015
3034.54	830.051
3035.12	835.2
3035.71	845.547
3036.29	813.535
3036.87	843.553
3037.46	852.9
3038.04	852.962
3038.63	825.162
3039.21	832.603
3039.79	844.295
3040.38	805.365
3040.96	805.768
3041.54	829.927
3042.12	786.597
3042.71	803.171
3043.29	834.073
3043.87	821.358
3044.45	820.028
3045.03	832.236
3045.62	825.958
3046.2	821.904
3046.78	817.961
3047.36	828.558
3047.94	802.891
3048.52	858.978
3049.1	814.506
3049.68	842.475
3050.26	847.608
3050.84	873.434
3051.42	840.219
3052	825.65
3052.58	843.187
3053.16	834.852
3053.74	835.875
3054.32	842.141
3054.89	835.035
3055.47	874.622
3056.05	825.18
3056.63	842.041
3057.21	857.812
3057.78	857.921
3058.36	834.052
3058.94	854.664
3059.52	841.018
3060.09	876.103
3060.67	877.058
3061.25	882.244
3061.82	862.62
3062.4	860.616
3062.97	860.635
3063.55	846.076
3064.13	881.194
3064.7	883.15
3065.28	865.477
3065.85	864.454
3066.43	842.772
3067	890.498
3067.58	877.028
3068.15	891.397
3068.72	862.13
3069.3	857.642
3069.87	877.988
3070.45	865.316
3071.02	865.206
3071.59	840.42
3072.17	856.054
3072.74	859.277
3073.31	876.906
3073.89	844.764
3074.46	849.771
3075.03	863.023
3075.6	858.758
3076.17	850.479
3076.74	831.989
3077.32	868.401
3077.89	901.764
3078.46	877.168
3079.03	884.553
3079.6	912.516
3080.17	887.581
3080.74	851.175
3081.31	869.538
3081.88	873.391
3082.45	883.445
3083.02	879.05
3083.59	861.249
3084.16	868.25
3084.73	865.961
3085.3	891.557
3085.87	896.563
3086.43	866.58
3087	885.205
3087.57	903.924
3088.14	893.789
3088.71	908.394
3089.28	895.042
3089.84	898.11
3090.41	883.562
3090.98	890.663
3091.54	883.313
3092.11	911.048
3092.68	931.547
3093.24	913.858
3093.81	920.918
3094.38	933.142
3094.94	910.34
3095.51	939.112
3096.07	864.814
3096.64	920.368
3097.2	952.184
3097.77	946.9
3098.33	908.701
3098.9	915.915
3099.46	934.546
3100.03	902.743
3100.59	894.621
3101.15	949.306
3101.72	945.165
3102.28	948.162
3102.84	912.989
3103.41	981.839
3103.97	943.542
3104.53	953.643
3105.1	979.172
3105.66	976.91
3106.22	970.559
3106.78	939.558
3107.34	977.525
3107.91	985.686
3108.47	973.302
3109.03	990.789
3109.59	950.747
3110.15	951.942
3110.71	988.219
3111.27	1005
3111.83	1015.58
3112.39	978.658
3112.95	1019.81
3113.51	1014.46
3114.07	1003.89
3114.63	1005.69
3115.19	1006.57
3115.75	995.215
3116.31	1019.95
3116.87	995.323
3117.43	1063.23
3117.98	1038.43
3118.54	1015.61
3119.1	1037.98
3119.66	1047
3120.22	1039.63
3120.77	1070.38
3121.33	1036.45
3121.89	1051.88
3122.44	999.446
3123	1029.15
3123.56	1060.81
3124.11	1050.25
3124.67	1057.13
3125.23	1024.02
3125.78	1060.8
3126.34	1068.96
3126.89	1076.23
3127.45	1083.59
3128	1075.6
3128.56	1081.97
3129.11	1083.16
3129.67	1069.89
3130.22	1082.21
3130.78	1104.71
3131.33	1096.31
3131.88	1066.29
3132.44	1098.88
3132.99	1091.44
3133.54	1101.5
3134.1	1116.76
3134.65	1120.82
3135.2	1096.22
3135.76	1101.41
3136.31	1115.85
3136.86	1092.32
3137.41	1111.84
3137.96	1108.77
3138.51	1123.11
3139.07	1135.38
3139.62	1148.66
3140.17	1142.46
3140.72	1142.43
3141.27	1158.83
3141.82	1158.83
3142.37	1159.83
3142.92	1158.75
3143.47	1167.89
3144.02	1173.96
3144.57	1157.54
3145.12	1177.1
3145.67	1172.18
3146.22	1169.39
3146.77	1129.69
3147.32	1150.48
3147.86	1188.64
3148.41	1210.25
3148.96	1154.74
3149.51	1176.12
