401.058	2329.99
402.149	2367.65
403.243	2418.35
404.332	2385.66
405.424	2333.07
406.515	2305.06
407.606	2265.89
408.697	2148.9
409.785	2065.11
410.876	2043.41
411.967	2029.99
413.055	1937.57
414.143	1978.72
415.233	1950.24
416.321	1911.32
417.409	1953.36
418.499	1965.6
419.586	2007.76
420.673	2053
421.761	2135.66
422.848	2150.35
423.935	2234.72
425.02	2286.99
426.106	2347.59
427.193	2345.31
428.278	2524.23
429.364	2541.66
430.45	2667.61
431.534	2617.26
432.618	2717.29
433.704	2726.09
434.788	2743.72
435.871	2832.39
436.955	2808.98
438.038	2745.93
439.123	2718.74
440.204	2616.45
441.287	2551.51
442.37	2476.15
443.452	2345.86
444.535	2188.61
445.615	2155.34
446.698	2055.88
447.78	1971.56
448.86	1821.38
449.939	1753.56
451.021	1649.03
452.101	1623.38
453.18	1567.21
454.262	1625.78
455.341	1543.94
456.42	1465.35
457.499	1448.68
458.578	1458.01
459.654	1427.62
460.733	1454.11
461.811	1439
462.89	1361.67
463.966	1355.84
465.044	1421.59
466.12	1399.87
467.197	1348.26
468.273	1419.39
469.349	1375.63
470.426	1392.83
471.501	1415.13
472.576	1426.92
473.651	1422
474.726	1476.75
475.801	1450.17
476.876	1449.87
477.95	1463.61
479.022	1521.77
480.097	1526.81
481.171	1554.75
482.243	1577.81
483.317	1619.23
484.388	1679.97
485.46	1706.4
486.533	1749.31
487.605	1775.43
488.676	1886.22
489.747	1889.15
490.818	1949.35
491.889	2033.77
492.959	2069.79
494.03	2133.64
495.1	2143.27
496.171	2213.29
497.239	2213.99
498.309	2215.21
499.379	2262.98
500.446	2285.1
501.514	2208.68
502.584	2206.03
503.651	2162.7
504.718	2263.42
505.788	2195.99
506.855	2161.54
507.921	2218.59
508.988	2268.29
510.055	2267.64
511.119	2261.61
512.186	2363.85
513.252	2373.81
514.318	2434.38
515.382	2541.94
516.448	2653.41
517.512	2621.01
518.577	2658.64
519.641	2772.96
520.704	2812.32
521.768	2813.27
522.833	2918.45
523.896	2926.58
524.959	3001.54
526.021	3081.32
527.084	3140
528.144	3185.21
529.207	3288.58
530.269	3367.51
531.331	3358.7
532.391	3465.85
533.453	3495.39
534.513	3397.35
535.572	3300.6
536.634	3279.96
537.693	3205.3
538.752	3132.65
539.812	3020.72
540.87	2950.06
541.929	2797.22
542.988	2711.94
544.047	2666
545.105	2565.62
546.164	2413.01
547.22	2301.32
548.278	2241.02
549.336	2127.91
550.392	2058.57
551.448	1996.92
552.505	1894.62
553.561	1872.86
554.616	1846.65
555.671	1775.69
556.728	1699.83
557.783	1701.82
558.836	1646.6
559.891	1577.19
560.946	1569.99
562	1518.38
563.055	1480.99
564.107	1480.07
565.161	1498.79
566.213	1463.8
567.267	1391.76
568.318	1384.44
569.37	1389.11
570.424	1419.64
571.475	1408.66
572.526	1415.27
573.577	1430.21
574.628	1473.72
575.679	1463.81
576.73	1495.42
577.781	1521.63
578.829	1514.86
579.88	1447.51
580.93	1430.82
581.978	1380.08
583.026	1310.88
584.076	1314.28
585.124	1299.24
586.172	1297.05
587.221	1322.41
588.269	1356.88
589.316	1381.11
590.363	1306.07
591.41	1319.11
592.457	1346.89
593.502	1317.19
594.549	1315.43
595.595	1315.96
596.64	1225.07
597.686	1247.08
598.73	1187.15
599.776	1190.2
600.82	1167.15
601.864	1114.55
602.908	1080.45
603.953	1097.19
604.997	1096.85
606.04	1071.03
607.083	1071.94
608.125	1092.04
609.168	1044.56
610.211	1083.45
611.253	1127.71
612.294	1052.97
613.336	1063.15
614.377	1078.03
615.419	1068.96
616.459	1061.66
617.499	1131.73
618.539	1074.37
619.579	1063.1
620.619	1082.29
621.658	1026.86
622.698	1072.02
623.737	1069.29
624.776	1065.71
625.815	1063.1
626.852	1048.58
627.891	1042.43
628.928	1067.69
629.966	995.032
631.003	996.078
632.041	1013.52
633.077	977.2
634.114	943.555
635.15	998.503
636.185	970.555
637.221	921.598
638.257	933.661
639.292	890.445
640.328	926.478
641.361	876.552
642.396	919.549
643.431	906.096
644.464	862.177
645.497	832.152
646.532	828.968
647.564	825.977
648.597	827.756
649.629	851.681
650.663	847.078
651.695	830.411
652.727	858.646
653.757	816.91
654.789	807.298
655.821	859.215
656.852	878.16
657.882	867.875
658.913	842.107
659.942	853.99
660.973	836.476
662.002	873.884
663.031	903.872
664.06	867.976
665.09	880.017
666.119	885.073
667.147	916.125
668.175	879.358
669.201	846.107
670.229	870.54
671.257	838.541
672.285	868.923
673.311	851.401
674.338	822.037
675.363	833.377
676.389	866.996
677.416	841.672
678.441	846.651
679.466	822.827
680.491	844.935
681.515	869.685
682.54	840.937
683.565	812.31
684.589	879.785
685.613	885.645
686.635	892.552
687.659	891.197
688.681	939.731
689.705	891.154
690.727	947.009
691.75	913.076
692.772	946.648
693.793	968.136
694.814	1014.55
695.835	1033.07
696.856	1032.04
697.877	1028.15
698.898	1073.28
699.918	1046.23
700.937	1121.02
701.957	1057.97
702.978	1061.57
703.996	1079.96
705.016	1022.44
706.034	1025.01
707.052	1013.68
708.069	1051.34
709.087	1007.7
710.107	1004.79
711.124	967.76
712.139	977.921
713.156	952.996
714.173	933.59
715.19	899.313
716.205	911.098
717.222	901.479
718.238	919.425
719.253	909.612
720.267	894.284
721.283	894.691
722.297	875.835
723.311	864.43
724.325	857.698
725.339	878.643
726.353	859.205
727.366	861.94
728.38	871.18
729.391	808.652
730.404	915.301
731.417	874.597
732.428	872.362
733.441	821.319
734.452	904.381
735.463	873.641
736.475	814.642
737.486	860.427
738.496	855.895
739.506	845.011
740.516	841.458
741.526	826.819
742.534	830.439
743.544	813.789
744.554	808.119
745.561	838.24
746.571	802.352
747.578	826.145
748.587	775.695
749.594	789.499
750.601	781.335
751.608	787.902
752.615	766.082
753.621	758.094
754.628	789.673
755.634	780.92
756.641	729.911
757.647	784.734
758.651	759.526
759.657	776.687
760.663	769.862
761.666	750.971
762.67	720.894
763.676	782.17
764.679	762.955
765.682	790.765
766.686	748.242
767.689	769.495
768.692	822.273
769.694	736.539
770.697	757.364
771.698	720.986
772.7	758.807
773.703	757.663
774.703	761.891
775.703	783.502
776.705	768.628
777.705	837.211
778.705	823.117
779.705	772.004
780.705	773.063
781.704	831.857
782.704	793.132
783.703	851.039
784.702	866.087
785.701	826.157
786.698	852.23
787.697	858.799
788.694	860.792
789.693	926.142
790.689	921.716
791.686	989.849
792.682	988.967
793.68	998.21
794.676	1004.61
795.672	1043.66
796.666	1101.48
797.662	1114.77
798.658	1144.91
799.653	1132.13
800.647	1188.11
801.642	1208.4
802.636	1124.12
803.631	1207.36
804.624	1198.36
805.617	1147.53
806.61	1161.85
807.602	1149.18
808.595	1134.6
809.587	1108.83
810.58	1095.14
811.572	1106.57
812.564	1111.62
813.554	1147.37
814.546	1157.25
815.536	1158.8
816.528	1205.68
817.518	1235.84
818.507	1251.18
819.499	1315.55
820.488	1378.98
821.477	1426.59
822.466	1504.52
823.455	1635.72
824.444	1759.22
825.431	1817.98
826.42	1902.63
827.408	2060.31
828.395	2201.68
829.383	2336.76
830.369	2505.79
831.356	2736
832.342	2873.41
833.33	3131.54
834.315	3483.89
835.301	3713.31
836.287	4139.03
837.27	4409.69
838.256	4626.14
839.241	4781.46
840.226	4832.91
841.209	4652.56
842.194	4560.11
843.177	4326.17
844.16	4102.45
845.145	3794.37
846.127	3555.27
847.11	3413.56
848.092	3279.08
849.074	3242.78
850.056	3240.26
851.039	3196.95
852.018	3361.18
853	3429.51
853.982	3632
854.962	3747.35
855.941	3816.27
856.923	3733.18
857.902	3555.87
858.881	3441.31
859.86	3171.19
860.839	2910.82
861.818	2739.28
862.797	2555.35
863.776	2426.32
864.754	2358.77
865.733	2219.32
866.709	2183.94
867.687	2124.75
868.664	2067.59
869.642	2064.01
870.618	1973.16
871.594	1920.16
872.569	1918.77
873.545	1886.1
874.521	1880.09
875.496	1861.1
876.471	1779.32
877.447	1778.49
878.42	1808.83
879.395	1814.17
880.37	1678.48
881.343	1674.63
882.315	1713.3
883.29	1721.74
884.262	1718.32
885.235	1719.51
886.207	1700.33
887.179	1594.33
888.151	1617.28
889.123	1755.4
890.095	1672.33
891.065	1658.49
892.037	1763.61
893.009	1709.3
893.978	1758.24
894.948	1780.49
895.919	1805.62
896.888	1886.26
897.857	1929.24
898.826	2006.41
899.795	2130.53
900.764	2172.22
901.732	2274.44
902.701	2368
903.668	2493.64
904.636	2560.23
905.604	2632.52
906.57	2710.68
907.538	2778.19
908.504	2853.52
909.47	2858.25
910.436	2866.94
911.402	2867.45
912.367	2825.37
913.333	2725.72
914.298	2703.35
915.264	2591.96
916.229	2547.01
917.192	2491.05
918.157	2401.04
919.12	2307.5
920.084	2264.96
921.047	2175.14
922.01	2169.44
922.972	2087.52
923.935	2028.6
924.897	1973.33
925.859	1891.2
926.821	1854.61
927.783	1807.91
928.743	1789.04
929.705	1739.44
930.667	1680.41
931.626	1649.15
932.586	1642.08
933.547	1571
934.506	1562.38
935.466	1505.54
936.425	1470.13
937.384	1451.4
938.343	1503.38
939.301	1486.27
940.26	1483.07
941.217	1464.96
942.175	1466.55
943.132	1515
944.09	1515.01
945.046	1498.22
946.002	1452.34
946.96	1476.54
947.916	1442.57
948.872	1500.33
949.828	1440.84
950.783	1535.99
951.737	1482.82
952.692	1465.13
953.647	1527.96
954.601	1505.32
955.556	1483.69
956.509	1479.16
957.464	1576.28
958.417	1459.65
959.369	1512.08
960.322	1536.19
961.275	1581.54
962.227	1568.17
963.179	1617.45
964.132	1587.76
965.082	1646.59
966.034	1655.09
966.984	1704.35
967.936	1723.75
968.885	1776.92
969.837	1798.78
970.787	1829.63
971.736	1881.73
972.686	1942.06
973.635	2002.37
974.584	1972.68
975.533	2054.94
976.48	2135.49
977.429	2134.48
978.378	2152.28
979.325	2155.99
980.273	2213.17
981.22	2155.77
982.166	2178.96
983.113	2169.07
984.061	2067.91
985.007	2072.48
985.953	2049.69
986.897	2008.21
987.843	1929.55
988.789	1887.73
989.734	1875.21
990.678	1783.36
991.623	1756.97
992.567	1757.56
993.51	1674.75
994.453	1630.11
995.398	1631.15
996.341	1587.37
997.284	1539
998.227	1553.25
999.168	1541.47
1000.11	1543.77
1001.05	1535.9
1001.99	1507.64
1002.94	1411.52
1003.88	1358.41
1004.82	1380.89
1005.76	1422.15
1006.7	1419.7
1007.64	1396.69
1008.58	1385.62
1009.52	1405.06
1010.46	1415.89
1011.4	1414.51
1012.34	1447.71
1013.27	1421.59
1014.21	1416.34
1015.15	1416.1
1016.09	1400.19
1017.03	1406.63
1017.96	1428.77
1018.9	1389.02
1019.84	1461.12
1020.77	1464.95
1021.71	1452.97
1022.65	1501.01
1023.58	1506.39
1024.52	1528.92
1025.45	1606
1026.39	1919.31
1027.32	1528.64
1028.26	1558.45
1029.19	1553.29
1030.12	1601.5
1031.06	1547.44
1031.99	1541.47
1032.92	1620.35
1033.86	1587.69
1034.79	1602.15
1035.72	1577.02
1036.65	1573.35
1037.59	1577.96
1038.52	1609.77
1039.45	1567.9
1040.38	1609.09
1041.31	1615.35
1042.24	1681.1
1043.17	1692.94
1044.1	1678.22
1045.03	1755.23
1045.96	1727.42
1046.89	1776.51
1047.82	1824.11
1048.75	1855.96
1049.68	1861.44
1050.61	1857.36
1051.53	1933.74
1052.46	1933.7
1053.39	2013.09
1054.32	2052.21
1055.24	2202.47
1056.17	2267.25
1057.1	2344.67
1058.02	2420.51
1058.95	2475.63
1059.88	2503.16
1060.8	2472.53
1061.73	2405.58
1062.65	2358.65
1063.58	2269.86
1064.5	2258.36
1065.43	2277.27
1066.35	2343.5
1067.27	2361.34
1068.2	2411.76
1069.12	2412
1070.04	2513.99
1070.97	2520.09
1071.89	2501.22
1072.81	2456.52
1073.73	2447.59
1074.65	2386.47
1075.58	2427
1076.5	2375.65
1077.42	2342.88
1078.34	2230.79
1079.26	2234.74
1080.18	2193.02
1081.1	2122.87
1082.02	2037.59
1082.94	2028.35
1083.86	1914.58
1084.78	1885.38
1085.7	1804.99
1086.61	1762.71
1087.53	1733.87
1088.45	1768.68
1089.37	1708.62
1090.28	1722.44
1091.2	1682.07
1092.12	1722.14
1093.03	1700.57
1093.95	1787.98
1094.87	1751.52
1095.78	1831.69
1096.7	1849.54
1097.61	1922.36
1098.53	1898.62
1099.44	1939.14
1100.36	1975.74
1101.27	2023.54
1102.19	1978.53
1103.1	2044.1
1104.01	2088.83
1104.93	2124.21
1105.84	2145.65
1106.75	2233.56
1107.67	2249.11
1108.58	2227.12
1109.49	2293.11
1110.4	2304.94
1111.31	2338.14
1112.22	2359.6
1113.14	2409.21
1114.05	2510.8
1114.96	2575.71
1115.87	2617.28
1116.78	2686.49
1117.69	2846.47
1118.6	3009.97
1119.51	3022.69
1120.42	3206.06
1121.32	3263.6
1122.23	3272.42
1123.14	3267.93
1124.05	3261.72
1124.96	3147.78
1125.86	3046.55
1126.77	2988.7
1127.68	2900.82
1128.58	2882.11
1129.49	2847.2
1130.4	2804.85
1131.3	2830.34
1132.21	2849.21
1133.11	2932.94
1134.02	2898.93
1134.92	3023.9
1135.83	3106.84
1136.73	3092.38
1137.64	3125.25
1138.54	3087.56
1139.44	2968.77
1140.35	2880.13
1141.25	2791.49
1142.15	2686.83
1143.06	2578.53
1143.96	2547.33
1144.86	2425.67
1145.76	2375.13
1146.66	2175.71
1147.57	2083.61
1148.47	1965.6
1149.37	1837.03
1150.27	1810.4
1151.17	1687.61
1152.07	1592.48
1152.97	1527.84
1153.87	1461.24
1154.77	1372.62
1155.67	1375.38
1156.57	1260.85
1157.46	1177.78
1158.36	1180.54
1159.26	1097.7
1160.16	1050.23
1161.05	1048.57
1161.95	1010.64
1162.85	1019.27
1163.75	954.256
1164.64	931.946
1165.54	917.14
1166.44	871.885
1167.33	888.614
1168.23	879.817
1169.12	868.321
1170.02	838.843
1170.91	815.081
1171.81	833.121
1172.7	806.386
1173.59	814.761
1174.49	822.106
1175.38	798.962
1176.27	776.715
1177.17	817.078
1178.06	730.267
1178.95	782.02
1179.84	783.597
1180.74	767.289
1181.63	797.501
1182.52	736.774
1183.41	769.775
1184.3	788.433
1185.19	770.991
1186.08	759.16
1186.97	767.175
1187.86	792.201
1188.75	777.569
1189.64	805.421
1190.53	817.2
1191.42	780.898
1192.31	809.679
1193.2	814.99
1194.09	810.08
1194.97	810.955
1195.86	848.621
1196.75	821.29
1197.64	858.838
1198.52	849.255
1199.41	876.358
1200.29	889.378
1201.18	889.295
1202.07	909.955
1202.95	930.595
1203.84	943.606
1204.72	903.814
1205.61	907.168
1206.49	941.498
1207.38	937.399
1208.26	941.973
1209.14	943.054
1210.03	896.451
1210.91	917.596
1211.79	933.087
1212.68	909.847
1213.56	936.22
1214.44	966.097
1215.32	929.013
1216.21	959.57
1217.09	931.005
1217.97	988.136
1218.85	962.898
1219.73	1001.86
1220.61	1042.08
1221.49	1068.39
1222.37	1143.73
1223.25	1233.18
1224.13	1322.45
1225.01	1475.63
1225.89	1603.11
1226.77	1699.38
1227.65	1764.64
1228.52	1752.83
1229.4	1800.88
1230.28	1734.98
1231.16	1758.1
1232.03	1777.53
1232.91	1715.45
1233.79	1719.45
1234.66	1752.61
1235.54	1706.79
1236.42	1636.06
1237.29	1558.53
1238.17	1464.82
1239.04	1414.82
1239.92	1323.1
1240.79	1304.61
1241.67	1274.76
1242.54	1218.29
1243.41	1209.37
1244.29	1154.77
1245.16	1189.7
1246.03	1148.43
1246.91	1169.1
1247.78	1162.02
1248.65	1152.85
1249.52	1135.86
1250.4	1170.28
1251.27	1165.49
1252.14	1181.73
1253.01	1206.68
1253.88	1175.38
1254.75	1168.96
1255.62	1191.18
1256.49	1234.31
1257.36	1251.48
1258.23	1249.36
1259.1	1248.08
1259.97	1305.93
1260.84	1292.15
1261.71	1344.29
1262.57	1396.51
1263.44	1357.22
1264.31	1455.41
1265.18	1501.15
1266.05	1564.99
1266.91	1636.37
1267.78	1702.85
1268.65	1838.79
1269.51	2002.2
1270.38	2153.03
1271.24	2338.91
1272.11	2543.59
1272.97	2647.1
1273.84	2844.65
1274.7	2914.62
1275.57	2968.45
1276.43	3016.13
1277.3	3034.95
1278.16	2986.43
1279.02	2970.5
1279.89	2796.3
1280.75	2714.2
1281.61	2557.54
1282.48	2466.24
1283.34	2324.63
1284.2	2166.72
1285.06	2012.78
1285.92	1866.95
1286.78	1791.01
1287.65	1709.95
1288.51	1593.84
1289.37	1529.87
1290.23	1443.29
1291.09	1436.35
1291.95	1353.84
1292.81	1331.16
1293.67	1339.6
1294.52	1243.31
1295.38	1236.11
1296.24	1219.52
1297.1	1197.29
1297.96	1172.16
1298.81	1154.98
1299.67	1147.29
1300.53	1130.86
1301.39	1114.56
1302.24	1113.39
1303.1	1077.59
1303.95	1077.81
1304.81	1059.1
1305.67	1058.7
1306.52	1059.66
1307.38	1078.91
1308.23	1074.07
1309.09	1072.07
1309.94	1065.68
1310.8	1079.57
1311.65	1091.35
1312.5	1085.26
1313.35	1093.72
1314.21	1113.28
1315.06	1105.09
1315.91	1130.75
1316.77	1133.79
1317.62	1135.37
1318.47	1187.24
1319.32	1194.94
1320.17	1231.64
1321.02	1255.38
1321.87	1268.39
1322.73	1312.31
1323.57	1334.96
1324.43	1384.75
1325.28	1402.95
1326.13	1426.16
1326.97	1445.51
1327.82	1488.14
1328.67	1526.75
1329.52	1546.11
1330.37	1550.03
1331.22	1606.06
1332.06	1605.34
1332.91	1625.73
1333.76	1643.51
1334.61	1678.61
1335.45	1677.15
1336.3	1676.49
1337.15	1712.61
1337.99	1754.96
1338.84	1736.67
1339.68	1732.58
1340.53	1762.3
1341.37	1777.15
1342.22	1781.87
1343.06	1771.46
1343.91	1795.4
1344.75	1812.45
1345.6	1809.78
1346.44	1818.45
1347.28	1799.15
1348.12	1840.43
1348.97	1807.3
1349.81	1809.75
1350.65	1833.37
1351.49	1819.13
1352.33	1793.95
1353.18	1820.02
1354.02	1837.82
1354.86	1856.09
1355.7	1871.78
1356.54	1858.08
1357.38	1848.05
1358.22	1892.93
1359.06	1917.05
1359.9	1950.08
1360.74	1887.57
1361.58	1896.8
1362.42	1852.28
1363.25	1823.03
1364.09	1804.61
1364.93	1799.79
1365.77	1804.29
1366.6	1814.36
1367.19	1822.39
1368.1	1807.98
1369.01	1806.25
1369.92	1823.11
1370.83	1812.23
1371.74	1773.61
1372.65	1779.15
1373.56	1742.28
1374.47	1759.48
1375.37	1735.31
1376.28	1752.35
1377.19	1649.33
1378.1	1688.73
1379	1685.8
1379.91	1647.51
1380.82	1619.05
1381.72	1612.12
1382.63	1602.12
1383.54	1575.28
1384.44	1607.92
1385.35	1578.82
1386.25	1600.49
1387.16	1571.49
1388.06	1604.01
1388.97	1647.3
1389.87	1659.53
1390.78	1702.91
1391.68	1740.47
1392.59	1791.58
1393.49	1717.57
1394.39	1670.66
1395.3	1583.02
1396.2	1515.69
1397.1	1404
1398	1323.44
1398.91	1279.77
1399.81	1262.35
1400.71	1249.88
1401.61	1198.99
1402.52	1179.82
1403.42	1152.89
1404.32	1112.47
1405.22	1120.03
1406.12	1077.82
1407.02	1102.79
1407.92	1103.99
1408.82	1113.96
1409.72	1088.68
1410.62	1061.54
1411.52	1070.68
1412.42	1035.81
1413.32	1047.63
1414.21	1051.74
1415.11	1013.85
1416.01	1006.46
1416.91	999.091
1417.81	1014.63
1418.71	1007.46
1419.6	986.205
1420.5	984.169
1421.4	997.511
1422.29	1011.89
1423.19	982.506
1424.09	968.21
1424.98	976.595
1425.88	988.67
1426.77	983.59
1427.67	1030.8
1428.56	1007.76
1429.46	1033.26
1430.35	1040.8
1431.25	1050.32
1432.14	1082.78
1433.04	1115.38
1433.93	1081.59
1434.82	1147.78
1435.72	1209.37
1436.61	1197.71
1437.5	1312.87
1438.39	1358.53
1439.29	1387.97
1440.18	1473.7
1441.07	1485.78
1441.96	1538.86
1442.85	1560.38
1443.75	1582.99
1444.64	1571.4
1445.53	1597.45
1446.42	1592.04
1447.31	1600.96
1448.2	1602.91
1449.09	1620.88
1449.98	1607.83
1450.87	1636.02
1451.76	1647.04
1452.65	1586.22
1453.54	1608.55
1454.43	1671.74
1455.31	1653.11
1456.2	1660.29
1457.09	1672.8
1457.98	1686.68
1458.87	1683.76
1459.75	1671.13
1460.64	1777.72
1461.53	1809.48
1462.41	1909.55
1463.3	2025.53
1464.19	2110.48
1465.07	2258.06
1465.96	2359.42
1466.85	2420.44
1467.73	2417.2
1468.61	2346.18
1469.5	2313.3
1470.38	2236.04
1471.27	2323.91
1472.15	2338.95
1473.04	2473.22
1473.92	2508.17
1474.8	2586.59
1475.69	2671.76
1476.57	2651.32
1477.45	2633.25
1478.34	2610.79
1479.22	2552.58
1480.1	2530.11
1480.98	2537.14
1481.86	2484.9
1482.75	2442.49
1483.63	2417
1484.51	2257.59
1485.39	2072.61
1486.27	1836.11
1487.15	1558.61
1488.03	1325.02
1488.91	1178.58
1489.79	1074.58
1490.67	954.921
1491.55	886.47
1492.43	858.626
1493.31	745.943
1494.19	737.651
1495.07	695.701
1495.94	675.007
1496.82	641.786
1497.7	648.947
1498.58	621.431
1499.45	612.166
1500.33	576.042
1501.21	559.169
1502.09	578.74
1502.96	551.425
1503.84	552.854
1504.72	540.907
1505.59	552.828
1506.47	532.271
1507.34	515.537
1508.22	524.539
1509.09	518.331
1509.97	484.616
1510.84	483.305
1511.72	514.319
1512.59	509.241
1513.46	503.18
1514.34	490.417
1515.21	496.54
1516.08	503.541
1516.96	508.615
1517.83	471.209
1518.7	491.431
1519.57	491.875
1520.45	482.959
1521.32	473.177
1522.19	460.653
1523.06	454.784
1523.93	475.281
1524.8	486.383
1525.67	442.023
1526.54	468.066
1527.41	463.06
1528.28	452.406
1529.16	464.269
1530.02	469.608
1530.89	453.469
1531.76	447.712
1532.63	464.486
1533.5	469.11
1534.37	454.994
1535.24	456.773
1536.11	467.884
1536.97	458.38
1537.84	441.402
1538.71	456.297
1539.57	440.366
1540.44	469.453
1541.31	454.592
1542.18	465.055
1543.04	464.263
1543.91	454.034
1544.77	454.045
1545.64	481.19
1546.5	444.494
1547.37	473.501
1548.24	458.507
1549.1	450.218
1549.96	474.021
1550.83	450.012
1551.69	441.061
1552.56	418.84
1553.42	433.28
1554.28	445.729
1555.15	444.878
1556.01	425.122
1556.87	430.952
1557.73	453.947
1558.6	425.947
1559.46	455.796
1560.32	465.732
1561.18	430.908
1562.04	452.027
1562.9	442.633
1563.77	417.981
1564.63	453.347
1565.49	429.767
1566.35	464.433
1567.21	435.273
1568.07	442.412
1568.93	449.556
1569.79	441.336
1570.64	463.726
1571.5	431.374
1572.36	451.763
1573.22	452.951
1574.08	454.165
1574.94	454.464
1575.8	431.68
1576.65	470.602
1577.51	458.424
1578.37	453.917
1579.22	464.827
1580.08	437.974
1580.94	425.597
1581.79	423.879
1582.65	444.498
1583.51	449.664
1584.36	451.95
1585.22	455.208
1586.07	442.871
1586.93	472.353
1587.78	460.9
1588.63	476.694
1589.49	471.967
1590.34	460.343
1591.2	454.493
1592.05	445.638
1592.9	462.105
1593.76	460.016
1594.61	454.068
1595.46	453.09
1596.32	489.32
1597.17	459.255
1598.02	454.609
1598.87	487.111
1599.72	471.621
1600.58	485.387
1601.43	472.602
1602.28	481.245
1603.13	511.317
1603.98	510.991
1604.83	486.224
1605.68	508.424
1606.53	497.475
1607.38	497.347
1608.23	500.181
1609.08	476.625
1609.93	477.403
1610.77	484.911
1611.62	471.855
1612.47	495.832
1613.32	498.398
1614.17	506.889
1615.01	505.73
1615.86	490.998
1616.71	484.047
1617.55	498.441
1618.4	486.476
1619.25	499.698
1620.09	507.983
1620.94	521.086
1621.79	487.662
1622.63	473.722
1623.48	488.92
1624.32	520.63
1625.17	491.397
1626.01	512.519
1626.86	515.257
1627.7	497.675
1628.54	491.69
1629.39	508.882
1630.23	521.187
1631.07	497.685
1631.92	503.12
1632.76	521.063
1633.6	517.77
1634.45	534.747
1635.29	520.93
1636.13	533.162
1636.97	529.045
1637.81	563.417
1638.66	546.788
1639.5	537.875
1640.34	530.932
1641.18	558.65
1642.02	529.737
1642.86	544.12
1643.7	575.829
1644.54	583.502
1645.38	552.694
1646.22	557.417
1647.06	575.583
1647.89	582.226
1648.73	604.314
1649.57	601.508
1650.41	582.47
1651.25	584.682
1652.09	589.837
1652.92	593.036
1653.76	582.628
1654.6	588.476
1655.43	595.197
1656.27	646.286
1657.11	609.699
1657.94	612.838
1658.78	561.087
1659.62	607.005
1660.45	614.277
1661.29	602.066
1662.12	584.836
1662.96	574.254
1663.79	598.536
1664.62	570.524
1665.46	595.99
1666.29	564.347
1667.13	534.707
1667.96	588.749
1668.79	563.988
1669.63	576.188
1670.46	583.466
1671.29	573.102
1672.12	565.589
1672.96	578.549
1673.79	537.67
1674.62	512.409
1675.45	550.828
1676.28	530.542
1677.11	544.634
1677.95	549.96
1678.78	529.752
1679.61	524.209
1680.44	503.807
1681.27	515.763
1682.1	509.928
1682.93	473.531
1683.75	486.422
1684.58	494.455
1685.41	476.913
1686.24	485.047
1687.07	483.322
1687.9	480.591
1688.73	458.058
1689.55	455.266
1690.38	459.376
1691.21	435.718
1692.04	415.948
1692.86	442.657
1693.69	433.646
1694.52	423.629
1695.34	446.336
1696.17	434.461
1696.99	419.707
1697.82	427.822
1698.64	434.986
1699.47	408.372
1700.29	416.428
1701.12	411.48
1701.94	389.553
1702.77	405.315
1703.59	412.095
1704.41	411.91
1705.24	385.927
1706.06	402.651
1706.88	393.594
1707.71	383.564
1708.53	392.397
1709.35	394.279
1710.17	409.037
1711	403.919
1711.82	371.995
1712.64	370.783
1713.46	370.552
1714.28	398.063
1715.1	368.181
1715.92	380.917
1716.74	374.867
1717.56	364.833
1718.38	382.428
1719.2	387.048
1720.02	370.832
1720.84	386.188
1721.66	376.918
1722.48	375.654
1723.3	378.461
1724.11	382.344
1724.93	383.288
1725.75	378.242
1726.57	375.043
1727.39	350.08
1728.2	367.365
1729.02	383.636
1729.84	387.181
1730.65	365.298
1731.47	378.779
1732.29	395.194
1733.1	361.609
1733.92	372.057
1734.73	378.544
1735.55	364.498
1736.36	371.982
1737.18	360.947
1737.99	356.769
1738.81	376.954
1739.62	368.83
1740.43	368.472
1741.25	370.047
1742.06	359.003
1742.87	362.574
1743.69	393.353
1744.5	373.666
1745.31	376.307
1746.13	336.301
1746.94	372.876
1747.75	349.407
1748.56	358.902
1749.37	362.613
1750.18	355.691
1750.99	350.7
1751.81	370.842
1752.61	384.197
1753.42	366.626
1754.24	338.462
1755.04	348.024
1755.85	374.991
1756.66	344.928
1757.47	330.276
1758.28	380.268
1759.09	370.334
1759.9	362.336
1760.71	355.353
1761.52	353.263
1762.32	330.042
1763.13	348.308
1763.94	364.659
1764.74	349.184
1765.55	350.076
1766.36	350.967
1767.17	362.495
1767.97	330.689
1768.78	343.288
1769.58	330.836
1770.39	334.783
1771.19	334.843
1772	327.142
1772.8	350.341
1773.61	335.854
1774.41	326.21
1775.22	324.315
1776.02	347.582
1776.83	337.957
1777.63	331.231
1778.43	351.632
1779.23	343.982
1780.04	350.915
1780.84	336.558
1781.64	344.547
1782.44	333.12
1783.25	347.928
1784.05	340.343
1784.85	333.698
1785.65	327.029
1786.45	334.008
1787.25	354.668
1788.05	327.499
1788.86	327.664
1789.65	366.948
1790.46	314.261
1791.25	317.317
1792.05	313.508
1792.85	341.07
1793.65	331.409
1794.45	324.717
1795.25	321.99
1796.05	316.345
1796.85	332.372
1797.64	345.472
1798.44	340.811
1799.24	330.17
1800.04	336.263
1800.83	331.449
1801.63	325.62
1802.43	337.589
1803.22	330.757
1804.02	305.095
1804.82	313.094
1805.61	302.249
1806.41	338.987
1807.2	316.221
1808	312.303
1808.79	323.294
1809.59	328.359
1810.38	334.437
1811.18	312.669
1811.97	346.552
1812.76	330.634
1813.56	318.62
1814.35	323.473
1815.14	337.267
1815.94	322.253
1816.73	324.217
1817.52	353.117
1818.31	327.324
1819.1	331.373
1819.9	328.393
1820.69	332.312
1821.48	335.174
1822.27	326.059
1823.06	355.783
1823.85	344.707
1824.64	334.642
1825.43	340.495
1826.22	337.364
1827.01	332.222
1827.8	331.057
1828.59	321.958
1829.38	336.753
1830.17	335.667
1830.96	352.469
1831.74	340.41
1832.53	306.443
1833.32	308.2
1834.11	328.772
1834.89	339.381
1835.68	323.214
1836.47	314.01
1837.26	329.573
1838.04	321.382
1838.83	327.037
1839.61	316.859
1840.4	334.307
1841.19	317.168
1841.97	315.803
1842.76	304.593
1843.54	334.748
1844.33	322.641
1845.11	316.507
1845.89	323.194
1846.68	326.952
1847.46	320.885
1848.25	325.597
1849.03	318.519
1849.81	332.038
1850.6	324.983
1851.38	320.893
1852.16	311.918
1852.94	312.729
1853.72	305.679
1854.51	304.47
1855.29	319.853
1856.07	313.695
1856.85	321.206
1857.63	310.162
1858.41	302.063
1859.19	318.352
1859.97	321.985
1860.75	329.55
1861.53	304.069
1862.31	312.702
1863.09	298.981
1863.87	310.556
1864.65	335.714
1865.43	333.569
1866.21	332.331
1866.99	306.761
1867.76	300.617
1868.54	316.799
1869.32	314.594
1870.1	328.929
1870.87	322.017
1871.65	309.347
1872.43	307.353
1873.2	301.476
1873.98	303.324
1874.76	321.614
1875.53	305.037
1876.31	323.35
1877.08	314.595
1877.86	330.1
1878.63	315.601
1879.41	307.874
1880.18	295.266
1880.96	307.83
1881.73	299.044
1882.5	332.923
1883.28	309.62
1884.05	328.048
1884.82	318.376
1885.6	313.558
1886.37	302.901
1887.14	317.465
1887.91	309.682
1888.68	316.466
1889.46	304.814
1890.23	307.772
1891	277.728
1891.77	328.471
1892.54	313.136
1893.31	319.272
1894.08	306.9
1894.85	303.275
1895.62	315.229
1896.39	324.165
1897.16	324.19
1897.93	297.701
1898.7	316.216
1899.47	325.959
1900.24	304.461
1901.01	312.439
1901.77	325.421
1902.54	298.216
1903.31	314.174
1904.08	285.854
1904.84	315.515
1905.61	299.88
1906.38	321.646
1907.14	313.857
1907.91	307.055
1908.68	300.263
1909.44	303.359
1910.21	281.783
1910.97	296.784
1911.74	315.785
1912.51	322.933
1913.27	298.361
1914.03	292.58
1914.8	288.753
1915.56	321.646
1916.33	312.802
1917.09	297.956
1917.85	303.96
1918.62	313.927
1919.38	288.066
1920.14	313.958
1920.9	294.092
1921.67	290.194
1922.43	306.285
1923.19	310.482
1923.95	318.713
1924.71	295.969
1925.47	313.163
1926.24	272.254
1927	295.324
1927.76	285.287
1928.52	318.267
1929.28	307.151
1930.04	292.017
1930.8	315.931
1931.56	293.798
1932.32	310.729
1933.08	287.656
1933.83	322.695
1934.59	304.711
1935.35	319.797
1936.11	302.794
1936.87	301.76
1937.62	311.668
1938.38	319.493
1939.14	303.238
1939.89	291.01
1940.65	298.847
1941.41	298.725
1942.16	296.63
1942.92	302.524
1943.68	275.361
1944.43	321.123
1945.19	333.793
1945.94	320.444
1946.7	282.177
1947.45	306.765
1948.21	308.447
1948.96	294.242
1949.71	295.994
1950.47	313.673
1951.22	285.64
1951.98	287.437
1952.73	299.154
1953.48	287.013
1954.23	317.485
1954.99	297.302
1955.74	301.848
1956.49	317.231
1957.24	284.189
1957.99	325.281
1958.75	305.24
1959.5	308.946
1960.25	303.814
1961	325.266
1961.75	314.163
1962.5	322.69
1963.25	323.299
1964	307.205
1964.75	321.562
1965.5	325.129
1966.25	306.158
1967	301.863
1967.74	315.115
1968.49	317.537
1969.24	313.094
1969.99	287.253
1970.74	321.82
1971.48	301.025
1972.23	302.684
1972.98	334.5
1973.73	294.531
1974.47	318.568
1975.22	336.697
1975.96	315.986
1976.71	315.574
1977.46	311.277
1978.2	325.357
1978.95	300.887
1979.69	306.422
1980.44	301.43
1981.18	320.59
1981.93	353.248
1982.67	318.41
1983.41	323.006
1984.16	305.37
1984.9	301.148
1985.64	331.472
1986.39	313.753
1987.13	301.858
1987.87	315.908
1988.61	289.792
1989.36	317.345
1990.1	308.552
1990.84	320.816
1991.58	312.995
1992.32	308.051
1993.06	305.999
1993.81	294.432
1994.55	292.48
1995.29	316.401
1996.03	314.573
1996.77	301.295
1997.51	308.118
1998.24	306.307
1998.98	276.667
1999.72	296.824
2000.46	294.911
2001.2	284.356
2001.94	302.589
2002.68	291.107
2003.41	297.884
2004.15	283.555
2004.89	291.318
2005.63	284.659
2006.36	298.171
2007.1	305.905
2007.84	304.018
2008.57	290.594
2009.31	288.751
2010.05	274.422
2010.78	301.587
2011.52	298.9
2012.25	266.264
2012.99	299.301
2013.72	311.062
2014.46	284.073
2015.19	258.968
2015.92	299.723
2016.66	291.108
2017.39	303.878
2018.13	273.038
2018.86	283.01
2019.59	258.974
2020.32	286.517
2021.06	283.869
2021.79	271.169
2022.52	293.402
2023.25	267.337
2023.98	303.257
2024.72	299.962
2025.45	308.14
2026.18	301.721
2026.91	264.9
2027.64	297.736
2028.37	305.366
2029.1	302.433
2029.83	276.497
2030.56	293.333
2031.29	272.507
2032.02	283.419
2032.75	289.922
2033.47	283.472
2034.2	306.23
2034.93	293.905
2035.66	295.422
2036.39	280.916
2037.11	282.78
2037.84	290.848
2038.57	291.374
2039.3	297.647
2040.02	273.721
2040.75	297.545
2041.47	305.223
2042.2	287.51
2042.93	285.063
2043.65	282.403
2044.38	294.127
2045.1	290.409
2045.83	298.726
2046.55	281.632
2047.28	290.118
2048	286.929
2048.73	292.148
2049.45	298.357
2050.17	282.608
2050.9	290.98
2051.62	301.423
2052.34	294.602
2053.07	295.814
2053.79	290.334
2054.51	294.622
2055.23	295.248
2055.95	300.612
2056.68	288.245
2057.4	291.27
2058.12	292.165
2058.84	310.027
2059.56	311.739
2060.28	300.717
2061	305.516
2061.72	292.336
2062.44	296.674
2063.16	306.344
2063.88	296.781
2064.6	319.007
2065.32	326.045
2066.03	317.458
2066.75	308.578
2067.47	308.549
2068.19	308.727
2068.91	303.402
2069.62	312.646
2070.34	305.633
2071.06	308.818
2071.77	301.38
2072.49	307.766
2073.21	308.977
2073.92	301.626
2074.64	317.044
2075.36	317.351
2076.07	299.817
2076.79	297.438
2077.5	318.667
2078.22	308.611
2078.93	302.857
2079.64	305.164
2080.36	303.445
2081.07	305.423
2081.79	298.803
2082.5	295.964
2083.21	298.757
2083.93	309.299
2084.64	303.169
2085.35	305.127
2086.07	293.566
2086.78	306.964
2087.49	303.291
2088.2	297.318
2088.91	301.493
2089.62	308.992
2090.33	312.033
2091.04	301.403
2091.76	302.665
2092.47	309.774
2093.18	307.717
2093.89	295.279
2094.6	293.502
2095.3	309.668
2096.01	330.393
2096.72	315.538
2097.43	304.43
2098.14	293.628
2098.85	292.797
2099.56	305.612
2100.09	303.544
2100.87	303.413
2101.65	336.908
2102.43	302.212
2103.21	304.068
2103.99	301.926
2104.77	302.682
2105.55	315.201
2106.32	311.903
2107.1	301.732
2107.88	308.339
2108.66	325.824
2109.44	321.789
2110.22	289.34
2110.99	300.074
2111.77	295.024
2112.55	321.247
2113.33	296.404
2114.1	302.902
2114.88	329.956
2115.66	329.734
2116.43	303.27
2117.21	306.17
2117.99	297.371
2118.76	307.089
2119.54	306.992
2120.31	335.145
2121.09	307.673
2121.86	315.318
2122.64	311.28
2123.41	324.796
2124.19	313.984
2124.96	328.522
2125.74	346.997
2126.51	316.848
2127.28	320.817
2128.06	328.701
2128.83	338.521
2129.61	336.608
2130.38	317.106
2131.15	320.016
2131.92	347.313
2132.7	298.569
2133.47	295.676
2134.24	305.476
2135.01	308.443
2135.78	307.5
2136.55	327.06
2137.33	311.486
2138.1	314.492
2138.87	314.604
2139.64	325.512
2140.41	313.963
2141.18	326.92
2141.95	323.256
2142.72	349.032
2143.49	315.893
2144.26	281.676
2145.03	323.112
2145.8	331.116
2146.57	308.621
2147.33	318.656
2148.1	324.814
2148.87	332.006
2149.64	313.515
2150.41	299.901
2151.17	315.916
2151.94	308.151
2152.71	309.299
2153.48	329.327
2154.24	311.71
2155.01	286.143
2155.78	318.238
2156.54	310.559
2157.31	299.855
2158.08	298.088
2158.84	309.27
2159.61	300.448
2160.37	292.578
2161.14	305.681
2161.9	304.783
2162.67	294.902
2163.43	315.127
2164.2	339.467
2164.96	297.632
2165.72	331.117
2166.49	293.173
2167.25	317.55
2168.01	295.514
2168.78	312.725
2169.54	306.735
2170.3	316.912
2171.07	292.827
2171.83	308.169
2172.59	333.685
2173.35	283.331
2174.11	301.738
2174.88	323.142
2175.64	305.963
2176.4	309.004
2177.16	315.153
2177.92	313.222
2178.68	293.081
2179.44	300.375
2180.2	334.113
2180.96	300.834
2181.72	307.15
2182.48	334.804
2183.24	329.874
2184	331.009
2184.76	331.093
2185.52	301.638
2186.28	317.987
2187.04	319.073
2187.79	307.953
2188.55	307.024
2189.31	342.761
2190.07	312.299
2190.83	317.479
2191.58	312.469
2192.34	355.336
2193.1	326.863
2193.85	337.07
2194.61	333.979
2195.37	322.688
2196.12	337.816
2196.88	366.121
2197.63	324.297
2198.39	335.374
2199.15	338.381
2199.9	317.077
2200.66	311.019
2201.41	332.341
2202.16	322.144
2202.92	317.981
2203.67	311.761
2204.43	331.885
2205.18	296.358
2205.93	339.858
2206.69	279.178
2207.44	320.745
2208.19	334.987
2208.95	335.019
2209.7	325.886
2210.45	311.654
2211.2	348.965
2211.95	304.393
2212.71	347.727
2213.46	309.264
2214.21	315.225
2214.96	338.305
2215.71	307.926
2216.46	331.935
2217.21	332.737
2217.96	332.507
2218.71	355.36
2219.46	326.011
2220.21	317.797
2220.96	347.712
2221.71	325.58
2222.46	337.531
2223.21	325.459
2223.96	332.368
2224.71	333.224
2225.46	346.022
2226.21	347.809
2226.95	305.738
2227.7	336.499
2228.45	332.399
2229.2	328.323
2229.94	313.313
2230.69	341.082
2231.44	323.097
2232.18	338.909
2232.93	356.682
2233.68	335.703
2234.42	336.544
2235.17	341.325
2235.92	346.092
2236.66	349.884
2237.41	334.913
2238.15	330.872
2238.9	329.828
2239.64	341.64
2240.38	352.452
2241.13	342.506
2241.87	333.541
2242.62	338.388
2243.36	323.506
2244.1	314.551
2244.85	337.136
2245.59	321.298
2246.33	334.029
2247.08	350.692
2247.82	334.884
2248.56	346.603
2249.3	343.545
2250.05	344.395
2250.79	333.459
2251.53	351.979
2252.27	331.292
2253.01	341.054
2253.75	322.436
2254.49	355.805
2255.23	347.055
2255.97	348.114
2256.71	336.418
2257.45	332.536
2258.19	343.318
2258.93	325.642
2259.67	343.22
2260.41	329.464
2261.15	351.979
2261.89	326.585
2262.63	344.337
2263.36	346.476
2264.1	342.758
2264.84	365.503
2265.58	364.688
2266.32	356.956
2267.05	326.608
2267.79	338.416
2268.53	351.186
2269.26	340.418
2270	348.31
2270.74	312.099
2271.48	334.787
2272.21	352.625
2272.95	353.822
2273.68	347.186
2274.42	352.353
2275.15	332.928
2275.89	332.168
2276.62	344.183
2277.36	379.822
2278.09	352.38
2278.83	343.63
2279.56	330.918
2280.29	337.915
2281.03	355.763
2281.76	376.587
2282.49	353.05
2283.23	368.032
2283.96	349.501
2284.69	332.962
2285.42	337.177
2286.16	342.359
2286.89	318.789
2287.62	321.883
2288.35	339.798
2289.08	349.799
2289.81	330.128
2290.55	367.985
2291.28	328.597
2292.01	341.799
2292.74	361.997
2293.47	333.501
2294.2	323.837
2294.93	310.133
2295.66	360.114
2296.39	309.436
2297.11	315.507
2297.85	331.54
2298.57	337.637
2299.3	329.828
2300.03	339.028
2300.76	359.259
2301.49	325.566
2302.22	330.794
2302.94	334.988
2303.67	318.142
2304.4	308.286
2305.12	328.484
2305.85	330.697
2306.58	332.934
2307.31	325.142
2308.03	332.372
2308.76	319.493
2309.48	305.571
2310.21	312.725
2310.93	332.954
2311.66	323.063
2312.38	329.281
2313.11	321.433
2313.83	333.706
2314.56	309.708
2315.28	309.84
2316.01	314.986
2316.73	291.92
2317.45	315.231
2318.18	320.429
2318.9	314.55
2319.62	324.812
2320.35	306.793
2321.07	335.194
2321.79	313.086
2322.52	312.182
2323.24	302.192
2323.96	309.394
2324.68	289.308
2325.4	293.477
2326.12	277.401
2326.84	275.465
2327.56	251.258
2328.29	243.238
2329.01	257.495
2329.73	254.568
2330.45	260.767
2331.17	288.247
2331.89	282.289
2332.61	315.827
2333.32	314.882
2334.04	310.876
2334.76	297.744
2335.48	313.003
2336.2	287.742
2336.92	287.838
2337.64	304.168
2338.35	289.061
2339.07	297.265
2339.79	299.368
2340.51	296.397
2341.23	266.044
2341.94	303.709
2342.66	316.05
2343.37	303.026
2344.09	305.22
2344.81	291.105
2345.52	314.527
2346.24	292.148
2346.95	313.419
2347.67	292.034
2348.38	312.319
2349.1	310.341
2349.82	315.54
2350.53	308.601
2351.24	287.437
2351.96	311.969
2352.67	292.74
2353.39	302.937
2354.1	312.077
2354.81	281.575
2355.53	260.238
2356.24	303.928
2356.95	296.859
2357.66	313.175
2358.38	321.388
2359.09	285.936
2359.8	323.653
2360.51	301.437
2361.22	310.754
2361.94	303.821
2362.65	295.876
2363.36	299.122
2364.07	294.192
2364.78	307.566
2365.49	284.197
2366.2	309.716
2366.91	306.67
2367.62	335.214
2368.33	325.052
2369.04	317.973
2369.75	327.216
2370.46	308.951
2371.16	292.717
2371.87	288.705
2372.58	290.805
2373.29	318.394
2374	307.256
2374.71	281.846
2375.41	335.957
2376.12	312.577
2376.83	332.021
2377.53	301.506
2378.24	306.7
2378.95	292.527
2379.65	304.881
2380.36	317.225
2381.07	311.172
2381.77	318.363
2382.48	305.139
2383.18	328.687
2383.89	313.501
2384.59	317.76
2385.3	298.542
2386	312.005
2386.71	289.627
2387.41	314.215
2388.12	304.995
2388.82	328.457
2389.52	330.466
2390.23	316.176
2390.93	357.104
2391.63	330.632
2392.34	325.603
2393.04	275.578
2393.74	333.827
2394.44	315.437
2395.15	319.548
2395.85	309.41
2396.55	326.897
2397.25	340.321
2397.95	325.103
2398.65	346.625
2399.35	351.721
2400.05	330.198
2400.75	320.93
2401.45	324.955
2402.15	312.69
2402.85	322.926
2403.55	343.415
2404.25	349.655
2404.95	333.453
2405.65	331.537
2406.35	341.861
2407.05	341.952
2407.75	339.985
2408.44	354.367
2409.14	351.39
2409.84	327.984
2410.54	319.903
2411.24	319.981
2411.93	304.691
2412.63	344.561
2413.33	347.591
2414.02	317.913
2414.72	354.619
2415.42	365.789
2416.11	335.132
2416.81	335.116
2417.5	342.265
2418.2	357.6
2418.9	353.581
2419.59	327.128
2420.28	337.375
2420.98	335.338
2421.67	351.6
2422.37	339.276
2423.06	345.295
2423.75	306.55
2424.45	322.861
2425.14	338.229
2425.84	338.385
2426.53	317.165
2427.22	354.014
2427.91	327.615
2428.61	344.984
2429.3	325.582
2429.99	326.508
2430.68	339.603
2431.37	315.015
2432.07	352.469
2432.76	338.097
2433.45	322.779
2434.14	316.671
2434.83	339.041
2435.52	310.687
2436.21	324.959
2436.9	305.694
2437.59	310.734
2438.28	298.478
2438.97	361.212
2439.66	327.643
2440.35	336.664
2441.04	326.488
2441.72	324.445
2442.41	333.539
2443.1	316.322
2443.79	327.401
2444.48	339.464
2445.16	353.536
2445.85	332.274
2446.54	325.201
2447.23	346.428
2447.91	321.232
2448.6	342.466
2449.29	312.203
2449.97	314.221
2450.66	342.461
2451.34	336.4
2452.03	344.483
2452.72	356.619
2453.4	351.618
2454.09	344.576
2454.77	335.473
2455.46	352.518
2456.14	349.359
2456.82	340.154
2457.51	354.121
2458.19	371.148
2458.88	358.079
2459.56	367.187
2460.24	357.23
2460.92	387.508
2461.61	371.529
2462.29	382.69
2462.97	377.734
2463.66	374.755
2464.34	368.72
2465.02	385.772
2465.7	367.597
2466.38	371.522
2467.06	358.379
2467.75	353.306
2468.42	402.48
2469.11	375.425
2469.79	377.526
2470.47	373.637
2471.15	391.849
2471.83	374.899
2472.51	371.978
2473.19	371.028
2473.86	375.068
2474.54	380.094
2475.22	389.139
2475.9	376.115
2476.58	374.179
2477.26	392.374
2477.94	363.392
2478.61	371.589
2479.29	371.738
2479.97	380.911
2480.65	380
2481.32	378.064
2482	355.003
2482.68	377.216
2483.35	400.452
2484.03	380.43
2484.71	365.416
2485.38	374.52
2486.06	367.489
2486.73	353.397
2487.41	343.336
2488.08	368.505
2488.76	359.524
2489.43	369.704
2490.11	381.943
2490.78	380.117
2491.45	386.344
2492.13	372.407
2492.8	375.569
2493.48	369.642
2494.15	383.872
2494.82	365.857
2495.49	377.118
2496.17	365.219
2496.84	382.624
2497.51	375.81
2498.18	379.074
2498.86	404.537
2499.53	381.391
2500.2	389.544
2500.87	365.311
2501.54	365.383
2502.21	370.574
2502.88	384.951
2503.55	376.099
2504.22	383.464
2504.89	384.716
2505.56	428.518
2506.23	411.395
2506.9	399.312
2507.57	385.207
2508.24	400.58
2508.91	394.68
2509.58	405.053
2510.25	404.226
2510.91	427.754
2511.58	407.517
2512.25	390.306
2512.92	430.06
2513.59	429.172
2514.25	407.972
2514.92	397.983
2515.59	435.855
2516.25	412.608
2516.92	406.638
2517.59	417.961
2518.25	426.204
2518.92	386.527
2519.58	416.171
2520.25	398.942
2520.91	434.771
2521.58	400.275
2522.24	412.746
2522.91	403.817
2523.57	386.717
2524.24	412.533
2524.9	413.801
2525.56	416.064
2526.23	403.972
2526.89	395.952
2527.55	402.257
2528.22	398.297
2528.88	385.077
2529.54	402.567
2530.21	384.151
2530.87	414.925
2531.53	392.436
2532.19	385.384
2532.85	411.224
2533.51	393.031
2534.18	388.183
2534.84	378.156
2535.5	395.794
2536.16	416.421
2536.82	423.592
2537.48	408.105
2538.14	424.468
2538.8	404.939
2539.46	403.973
2540.12	409.25
2540.78	413.565
2541.44	398.382
2542.09	405.805
2542.75	417.314
2543.41	414.358
2544.07	423.672
2544.73	410.263
2545.39	422.502
2546.04	439.822
2546.7	432.457
2547.36	426.16
2548.02	431.222
2548.67	448.67
2549.33	419.994
2549.98	434.462
2550.64	459.213
2551.3	461.379
2551.95	489.217
2552.61	451.332
2553.26	471.992
2553.92	473.122
2554.57	444.414
2555.23	498.85
2555.88	475.13
2556.54	474.97
2557.19	499.399
2557.85	481.784
2558.5	470.387
2559.15	482.635
2559.81	496.995
2560.46	469.397
2561.11	504.308
2561.77	496.163
2562.42	488.99
2563.07	498.134
2563.72	485.709
2564.37	499.86
2565.03	484.348
2565.68	490.372
2566.33	483.192
2566.98	509.83
2567.63	530.392
2568.28	505.968
2568.93	514.197
2569.58	509.046
2570.23	492.583
2570.88	515.949
2571.53	496.452
2572.18	487.262
2572.83	517.958
2573.48	519.082
2574.13	497.727
2574.78	471.219
2575.43	503.886
2576.07	502.812
2576.72	470.084
2577.37	496.555
2578.02	508.741
2578.67	496.445
2579.31	493.309
2579.96	478.926
2580.61	488.966
2581.26	494.909
2581.9	490.695
2582.55	479.428
2583.19	443.836
2583.84	459.186
2584.49	465.423
2585.13	461.471
2585.78	479.844
2586.42	461.479
2587.07	457.263
2587.71	455.012
2588.36	464.921
2589	449.465
2589.65	469.583
2590.29	447.17
2590.93	479.58
2591.58	475.552
2592.22	462.449
2592.86	461.547
2593.51	456.619
2594.15	424.321
2594.79	455.94
2595.43	433.773
2596.07	451.159
2596.72	437.027
2597.36	456.339
2598	472.545
2598.64	465.373
2599.28	440.96
2599.92	453.099
2600.56	467.312
2601.2	464.337
2601.85	441.107
2602.49	448.301
2603.13	435.182
2603.76	449.414
2604.4	432.175
2605.04	469.689
2605.68	459.549
2606.32	462.605
2606.96	429.169
2607.6	432.21
2608.24	468.658
2608.88	437.18
2609.51	462.424
2610.15	453.257
2610.79	461.36
2611.43	459.416
2612.06	450.455
2612.7	450.652
2613.34	449.851
2613.97	467.286
2614.61	456.31
2615.25	455.444
2615.88	456.59
2616.52	469.909
2617.15	467.003
2617.79	452.942
2618.42	478.489
2619.06	463.421
2619.69	455.446
2620.33	472.845
2620.96	485.136
2621.6	478.09
2622.23	483.228
2622.86	468.052
2623.5	466.117
2624.13	479.467
2624.76	466.406
2625.4	472.668
2626.03	466.702
2626.66	493.264
2627.29	510.647
2627.93	513.779
2628.56	478.257
2629.19	493.657
2629.82	506.045
2630.45	526.607
2631.08	531.895
2631.71	500.475
2632.34	489.404
2632.98	530.312
2633.61	513.124
2634.24	531.658
2634.87	508.416
2635.5	545.41
2636.12	548.741
2636.75	535.715
2637.38	520.612
2638.01	525.922
2638.64	561.887
2639.27	556.929
2639.9	535.571
2640.53	568.4
2641.15	588.929
2641.78	569.545
2642.41	563.472
2643.04	598.359
2643.66	590.32
2644.29	600.747
2644.92	586.626
2645.54	599.117
2646.17	577.768
2646.8	592.221
2647.42	624.043
2648.05	590.261
2648.67	614.871
2649.3	625.158
2649.92	597.58
2650.55	630.504
2651.17	612.25
2651.8	613.512
2652.42	628.134
2653.05	640.714
2653.67	633.769
2654.29	622.659
2654.92	637.151
2655.54	621.815
2656.16	639.309
2656.79	620.875
2657.41	625.344
2658.03	636.37
2658.65	641.414
2659.27	649.802
2659.9	613.608
2660.52	664.807
2661.14	657.189
2661.76	655.291
2662.38	613.846
2663	643.592
2663.62	635.478
2664.24	653.107
2664.86	657.741
2665.48	635.681
2666.1	652.848
2666.72	650.856
2667.34	643.916
2667.96	658.22
2668.58	651.369
2669.2	667.44
2669.82	645.973
2670.44	642.157
2671.05	662.372
2671.67	683.395
2672.29	690.672
2672.91	696.13
2673.53	690.803
2674.14	712.7
2674.76	717.903
2675.38	744.165
2675.99	758.553
2676.61	789.092
2677.23	816.829
2677.84	851.65
2678.46	883.183
2679.07	944.318
2679.69	968.219
2680.3	1012.61
2680.92	1076.29
2681.53	1122.67
2682.15	1185.93
2682.76	1199.01
2683.38	1216.57
2683.99	1209.27
2684.61	1214.19
2685.22	1179.93
2685.83	1147.78
2686.44	1148.54
2687.06	1153.28
2687.67	1155.78
2688.28	1138.59
2688.9	1133.02
2689.51	1150.02
2690.12	1176.64
2690.73	1181.65
2691.34	1171.65
2691.96	1170.9
2692.57	1204.86
2693.18	1188.61
2693.79	1185.58
2694.4	1208.97
2695.01	1204.28
2695.62	1202.16
2696.23	1199.52
2696.84	1196.07
2697.45	1185.34
2698.06	1162.51
2698.67	1183.57
2699.28	1157.66
2699.88	1154.37
2700.49	1169.59
2701.1	1171.3
2701.71	1158.21
2702.32	1168.48
2702.93	1183.15
2703.53	1193.23
2704.14	1199.69
2704.75	1193.3
2705.36	1191.36
2705.96	1172.47
2706.57	1204.47
2707.17	1212.47
2707.78	1225.98
2708.39	1222.44
2708.99	1243.66
2709.6	1240.49
2710.2	1243.55
2710.81	1256.26
2711.41	1278.58
2712.02	1279.32
2712.62	1270.28
2713.23	1279.61
2713.83	1292.56
2714.44	1290.84
2715.04	1309.83
2715.64	1302.69
2716.25	1311.54
2716.85	1327.46
2717.45	1323.86
2718.05	1310.41
2718.66	1315.87
2719.26	1334.21
2719.86	1348.09
2720.46	1354.69
2721.06	1369.03
2721.67	1375.7
2722.27	1387.45
2722.87	1380.4
2723.47	1408.78
2724.07	1404.86
2724.67	1389.64
2725.27	1406.81
2725.71	1436.96
2726.38	1443.84
2727.06	1417.92
2727.73	1436.63
2728.4	1411.55
2729.07	1436.37
2729.74	1425.81
2730.42	1452.1
2731.09	1454.31
2731.76	1452.72
2732.43	1449.25
2733.1	1487.52
2733.77	1500.33
2734.44	1509.94
2735.11	1504.06
2735.78	1479.64
2736.45	1500.83
2737.12	1514.73
2737.79	1518.34
2738.46	1540.23
2739.13	1496.11
2739.8	1549.74
2740.47	1491.82
2741.14	1574.46
2741.81	1515.01
2742.47	1538.08
2743.14	1520.47
2743.81	1559.81
2744.48	1492.09
2745.15	1566.86
2745.81	1536.62
2746.48	1548.18
2747.15	1552.68
2747.81	1580.67
2748.48	1593.34
2749.15	1581.37
2749.81	1595.71
2750.48	1594.53
2751.15	1600.37
2751.81	1607.29
2752.48	1607.34
2753.14	1583.28
2753.81	1523.84
2754.47	1512.52
2755.14	1466.33
2755.8	1460.7
2756.47	1430.22
2757.13	1453.65
2757.8	1401.37
2758.46	1365.55
2759.13	1390.22
2759.79	1400.82
2760.45	1396.23
2761.12	1369.09
2761.78	1367.31
2762.44	1416.45
2763.1	1383.55
2763.77	1409.97
2764.43	1405.85
2765.09	1407.11
2765.76	1440.38
2766.42	1474.92
2767.08	1472.72
2767.74	1525.83
2768.4	1549.1
2769.06	1552.71
2769.72	1572.57
2770.38	1633.36
2771.05	1647.95
2771.71	1691.35
2772.37	1716.42
2773.03	1776.58
2773.69	1866.7
2774.35	1925.01
2775.01	2013.01
2775.67	2163.53
2776.33	2206.89
2776.99	2385.86
2777.64	2418.84
2778.3	2534.25
2778.96	2651.93
2779.62	2737.81
2780.28	2764.94
2780.94	2786.69
2781.59	2844.26
2782.25	2792.75
2782.91	2783.64
2783.57	2740.95
2784.22	2695.56
2784.88	2655.53
2785.54	2677.23
2786.2	2702.66
2786.85	2664.51
2787.51	2693.7
2788.16	2691.56
2788.82	2740.93
2789.48	2720.74
2790.13	2786.71
2790.79	2747.35
2791.44	2785.6
2792.1	2883.59
2792.75	2854.37
2793.41	2947.11
2794.06	2983.57
2794.72	3037.11
2795.37	3072.99
2796.02	3136.75
2796.68	3106.09
2797.33	3217.75
2797.98	3190.86
2798.64	3262
2799.29	3287.06
2799.94	3280.34
2800.6	3375.59
2801.25	3434.88
2801.9	3456.08
2802.55	3480.28
2803.21	3524.9
2803.86	3641.34
2804.51	3655.56
2805.16	3699.41
2805.81	3754.52
2806.46	3804.52
2807.11	3870.02
2807.77	3938.63
2808.42	3930.94
2809.07	4013.57
2809.72	4075.28
2810.37	4151.12
2811.02	4258.73
2811.67	4257.65
2812.32	4352.58
2812.97	4348.36
2813.61	4438.08
2814.26	4419.13
2814.91	4531.78
2815.56	4634.02
2816.21	4639.44
2816.86	4747.37
2817.51	4757.33
2818.15	4868.69
2818.8	4918.03
2819.45	4991.82
2820.1	4999.94
2820.74	5047.58
2821.39	5089.79
2822.04	5180.93
2822.69	5282.61
2823.33	5388.08
2823.98	5361.21
2824.63	5382.69
2825.27	5515.39
2825.92	5578.04
2826.56	5673.91
2827.21	5705.87
2827.85	5749.96
2828.5	5820.31
2829.14	5815.19
2829.79	5922.25
2830.43	5945.44
2831.08	5927.69
2831.72	5940.67
2832.37	5967.76
2833.01	6045.73
2833.65	6106.7
2834.3	6182.5
2834.94	6156.07
2835.58	6209.39
2836.23	6256.23
2836.87	6243.44
2837.51	6246.31
2838.16	6288.84
2838.8	6304.48
2839.44	6334.23
2840.08	6482.41
2840.72	6447.59
2841.36	6449.02
2842.01	6426.15
2842.65	6513.85
2843.29	6500.91
2843.93	6519.05
2844.57	6582.64
2845.21	6608.39
2845.85	6597.21
2846.49	6663.27
2847.13	6684.65
2847.77	6712.02
2848.41	6743.2
2849.05	6810.56
2849.69	6750.86
2850.33	6715.57
2850.97	6671.52
2851.61	6575.83
2852.24	6612.3
2852.88	6718.03
2853.52	6800.38
2854.16	6720.05
2854.8	6681.01
2855.43	6743.03
2856.07	6756.21
2856.71	6846.5
2857.35	6829.95
2857.98	6824.42
2858.62	6864.71
2859.26	6918.51
2859.89	6937.53
2860.53	6973.64
2861.16	7055.79
2861.8	7054.59
2862.44	7143.96
2863.07	7151.2
2863.71	7248.94
2864.34	7316.19
2864.98	7452.05
2865.61	7508.08
2866.25	7591.04
2866.88	7707.81
2867.52	7733.29
2868.15	7823.21
2868.78	7931.35
2869.42	7985.96
2870.05	8074.08
2870.69	8226
2871.32	8439.86
2871.95	8492.64
2872.58	8689.3
2873.22	8852.68
2873.85	8972.96
2874.48	9134.73
2875.11	9290.92
2875.75	9422.55
2876.38	9571.67
2877.01	9731.52
2877.64	9904.19
2878.27	9980.66
2878.9	10154.8
2879.53	10278
2880.16	10395.9
2880.79	10593.4
2881.42	10691.7
2882.05	10832.4
2882.68	10988.3
2883.31	11107.4
2883.94	11184.4
2884.57	11242.6
2885.2	11429.5
2885.83	11408.8
2886.46	11597.1
2887.09	11593
2887.72	11688.9
2888.35	11623.4
2888.97	11692.1
2889.6	11723.7
2890.23	11755.8
2890.86	11794.4
2891.49	11822
2892.11	11742.6
2892.74	11760.2
2893.37	11716.1
2893.99	11832
2894.62	11823.6
2895.25	11759.3
2895.87	11834.7
2896.5	11820.2
2897.12	11897.8
2897.75	11933.5
2898.38	11889.5
2899	11905.3
2899.63	12080.7
2900.25	12159.5
2900.88	12247.2
2901.5	12314.2
2902.12	12213.2
2902.75	12212.6
2903.37	12400.5
2904	12273.8
2904.62	12356.1
2905.25	12354.4
2905.87	12363.4
2906.49	12349.3
2907.11	12342.5
2907.74	12187.2
2908.36	12206.1
2908.98	12168
2909.6	12146.7
2910.23	11983.2
2910.85	11978.3
2911.47	11739.8
2912.09	11634.9
2912.71	11526.3
2913.33	11363.6
2913.96	11305.8
2914.58	10990.5
2915.2	10838
2915.82	10645.6
2916.44	10511.1
2917.06	10360.1
2917.68	10110.6
2918.3	9912.27
2918.92	9848.71
2919.54	9645.56
2920.16	9561.17
2920.77	9492.1
2921.39	9409.66
2922.01	9384.83
2922.63	9231.2
2923.25	9204.49
2923.87	9084.78
2924.48	9173.2
2925.1	9072.49
2925.72	9113.43
2926.34	9135.18
2926.95	9140.46
2927.57	9148.61
2928.19	9058.15
2928.8	9084.77
2929.42	9165.15
2930.04	9232.62
2930.65	9217.37
2931.27	9229.12
2931.89	9255.35
2932.5	9408.51
2933.12	9325.94
2933.73	9450.98
2934.35	9521.09
2934.96	9489.19
2935.58	9629.01
2936.19	9719.91
2936.81	9722.37
2937.42	9743.13
2938.03	9867.74
2938.65	9932.69
2939.26	9913.09
2939.88	9946.02
2940.49	9925.81
2941.1	9913.66
2941.71	9954.7
2942.33	9807.62
2942.94	9735.65
2943.55	9789.46
2944.17	9699.58
2944.78	9756.4
2945.39	9704.33
2946	9637.13
2946.61	9638.65
2947.22	9592.99
2947.83	9503.44
2948.45	9424.56
2949.06	9357.41
2949.67	9248.84
2950.28	9263.83
2950.89	9130.63
2951.5	9095.6
2952.11	8956.67
2952.72	8814.37
2953.33	8729.98
2953.94	8534.95
2954.54	8527.72
2955.15	8439.06
2955.76	8244.87
2956.37	8144.31
2956.98	8015.83
2957.59	7846.75
2958.2	7752.07
2958.8	7635.27
2959.41	7501.92
2960.02	7386.54
2960.63	7351.74
2961.23	7234.29
2961.84	7023.37
2962.45	6924.98
2963.05	6764.33
2963.66	6661.51
2964.27	6511.66
2964.87	6434.21
2965.48	6323.82
2966.08	6192.16
2966.69	6118.87
2967.29	5907.63
2967.9	5860.09
2968.5	5740.52
2969.11	5681.33
2969.71	5571.04
2970.32	5343.39
2970.92	5335.9
2971.53	5229.28
2972.13	5039.28
2972.74	4979.14
2973.34	4849.92
2973.94	4797.9
2974.54	4704.39
2975.15	4630.76
2975.75	4461.55
2976.35	4382.64
2976.96	4315.78
2977.56	4195.96
2978.16	4128.44
2978.76	4082.31
2979.36	3970.45
2979.97	3882.31
2980.57	3857.99
2981.17	3653.03
2981.77	3623.09
2982.37	3591.47
2982.97	3465.96
2983.57	3402.74
2984.17	3347.89
2984.77	3253.66
2985.37	3178.65
2985.97	3125.87
2986.57	3062.32
2987.17	2999.89
2987.77	2918.79
2988.37	2822.9
2988.97	2846.47
2989.57	2740.52
2990.17	2688.7
2990.76	2615.38
2991.36	2538.14
2991.96	2485.7
2992.56	2421.11
2993.16	2359.57
2993.75	2352.12
2994.35	2316.78
2994.95	2232.13
2995.54	2182.28
2996.14	2151.06
2996.74	2109.96
2997.33	2022.16
2997.93	2012.31
2998.52	1981.07
2999.12	1890.45
2999.72	1884.69
3000.31	1849.21
3000.91	1800.41
3001.5	1775.14
3002.1	1751.87
3002.69	1732.57
3003.29	1688.53
3003.88	1662.81
3004.47	1607.37
3005.07	1601.22
3005.66	1530.83
3006.26	1508.84
3006.85	1503.48
3007.44	1491.01
3008.04	1482.54
3008.63	1420.44
3009.22	1425.76
3009.81	1354.85
3010.41	1400.84
3011	1376.04
3011.59	1315.49
3012.18	1337.22
3012.77	1306.74
3013.36	1259.86
3013.96	1262.21
3014.55	1214.19
3015.14	1227.82
3015.73	1241.56
3016.32	1181.4
3016.91	1190.18
3017.5	1148.5
3018.09	1131.36
3018.68	1154.19
3019.27	1103.8
3019.86	1148.12
3020.45	1107.11
3021.04	1112.59
3021.63	1074.94
3022.22	1047.6
3022.8	1054.2
3023.39	1080.28
3023.98	1023.72
3024.57	1039.33
3025.16	1033.27
3025.74	1013.82
3026.33	991.258
3026.92	990.305
3027.5	1021.26
3028.09	986.064
3028.68	971.499
3029.26	1005.49
3029.85	998.348
3030.44	973.827
3031.02	980.401
3031.61	993.238
3032.19	971.944
3032.78	966.029
3033.37	975.481
3033.95	967.251
3034.54	968.272
3035.12	985.832
3035.71	954.844
3036.29	965.227
3036.87	943.577
3037.46	947.771
3038.04	919.938
3038.63	925.244
3039.21	937.891
3039.79	942.391
3040.38	954.235
3040.96	937.12
3041.54	921.978
3042.12	907.692
3042.71	937.746
3043.29	942.73
3043.87	945.52
3044.45	925.522
3045.03	941.852
3045.62	913.845
3046.2	943.961
3046.78	884.162
3047.36	928.959
3047.94	923.008
3048.52	962.554
3049.1	905.67
3049.68	940.901
3050.26	947.074
3050.84	963.581
3051.42	953.153
3052	934.442
3052.58	959.228
3053.16	946.755
3053.74	959.175
3054.32	969.602
3054.89	905.57
3055.47	967.977
3056.05	948.625
3056.63	977.977
3057.21	950.249
3057.78	981.487
3058.36	942.073
3058.94	955.422
3059.52	967.677
3060.09	977.88
3060.67	976.763
3061.25	994.394
3061.82	985.151
3062.4	989.384
3062.97	979.053
3063.55	1004.91
3064.13	1002.72
3064.7	977.734
3065.28	998.39
3065.85	972.52
3066.43	961.216
3067	975.811
3067.58	979.962
3068.15	967.395
3068.72	996.102
3069.3	977.078
3069.87	951.862
3070.45	997.1
3071.02	969.06
3071.59	984.622
3072.17	954.777
3072.74	958.024
3073.31	963.254
3073.89	945.597
3074.46	985.757
3075.03	959.698
3075.6	969.901
3076.17	954.395
3076.74	956.609
3077.32	1004.44
3077.89	957.167
3078.46	965.706
3079.03	994.849
3079.6	982.465
3080.17	969.95
3080.74	975.95
3081.31	953.953
3081.88	965.025
3082.45	975.06
3083.02	952.051
3083.59	979.686
3084.16	977.372
3084.73	970.936
3085.3	959.364
3085.87	996.356
3086.43	974.631
3087	995.336
3087.57	985.189
3088.14	989.531
3088.71	1003.13
3089.28	1005.28
3089.84	968.095
3090.41	961.808
3090.98	982.326
3091.54	976.005
3092.11	1005.8
3092.68	979.873
3093.24	1002.41
3093.81	1012.56
3094.38	1046.43
3094.94	992.7
3095.51	1013.23
3096.07	1013.14
3096.64	1038.81
3097.2	1028.37
3097.77	1026.17
3098.33	1030.22
3098.9	1021.99
3099.46	1023.13
3100.03	1021.23
3100.59	1013.13
3101.15	1023.52
3101.72	1020.42
3102.28	1013.12
3102.84	1028.43
3103.41	1049.88
3103.97	1059.99
3104.53	1051.54
3105.1	1048.23
3105.66	1080.96
3106.22	1069.46
3106.78	1074.46
3107.34	1051.73
3107.91	1076.36
3108.47	1054.72
3109.03	1066.05
3109.59	1049.68
3110.15	1070.45
3110.71	1086.19
3111.27	1090.66
3111.83	1074.5
3112.39	1060.26
3112.95	1113.78
3113.51	1089.89
3114.07	1081.36
3114.63	1102.71
3115.19	1097.4
3115.75	1104.58
3116.31	1097.44
3116.87	1109.86
3117.43	1100.61
3117.98	1091.26
3118.54	1119.86
3119.1	1129.88
3119.66	1145.05
3120.22	1107.87
3120.77	1122.18
3121.33	1114.98
3121.89	1144.81
3122.44	1107.8
3123	1152.92
3123.56	1121.89
3124.11	1134.96
3124.67	1170.58
3125.23	1151.81
3125.78	1163.95
3126.34	1147.49
3126.89	1187.62
3127.45	1154.98
3128	1152.14
3128.56	1148.27
3129.11	1188.51
3129.67	1170.13
3130.22	1204.02
3130.78	1165.92
3131.33	1169.85
3131.88	1185
3132.44	1202.16
3132.99	1183.43
3133.54	1209.9
3134.1	1195.41
3134.65	1196.4
3135.2	1233.36
3135.76	1200.61
3136.31	1215.06
3136.86	1225.4
3137.41	1213.14
3137.96	1209.06
3138.51	1222.38
3139.07	1212.08
3139.62	1232.55
3140.17	1241.74
3140.72	1240.7
3141.27	1196.6
3141.82	1267.37
3142.37	1261.21
3142.92	1210.9
3143.47	1282.6
3144.02	1246.64
3144.57	1213.82
3145.12	1240.58
3145.67	1257.21
3146.22	1288.31
3146.77	1264.04
3147.32	1284.88
3147.86	1274.82
3148.41	1295.42
3148.96	1266.6
3149.51	1285.92
