401.058	2387.77
402.149	2409.23
403.243	2387.98
404.332	2426.1
405.424	2325.29
406.515	2252
407.606	2202.47
408.697	2206.8
409.785	2152.03
410.876	2011.91
411.967	2024.72
413.055	1980
414.143	1944.35
415.233	1917.73
416.321	1945.92
417.409	1953.41
418.499	2001.81
419.586	1986.37
420.673	2052.87
421.761	2161.36
422.848	2211.99
423.935	2220.56
425.02	2365.05
426.106	2381.28
427.193	2394.59
428.278	2550.4
429.364	2604.56
430.45	2715.69
431.534	2715.8
432.618	2727.54
433.704	2746.38
434.788	2808.97
435.871	2768.95
436.955	2827.26
438.038	2783.46
439.123	2746.11
440.204	2643.77
441.287	2620.18
442.37	2486.82
443.452	2379.52
444.535	2251.76
445.615	2194.49
446.698	2070.97
447.78	1957.95
448.86	1880.74
449.939	1787.92
451.021	1742.56
452.101	1702.1
453.18	1637.6
454.262	1577.47
455.341	1605.02
456.42	1505.05
457.499	1429.86
458.578	1519.86
459.654	1541.41
460.733	1517.73
461.811	1479.38
462.89	1367.63
463.966	1426.83
465.044	1391.16
466.12	1414.97
467.197	1420.11
468.273	1397.13
469.349	1479.98
470.426	1497.08
471.501	1458.78
472.576	1475.11
473.651	1471.02
474.726	1480.19
475.801	1463.75
476.876	1456.9
477.95	1546.64
479.022	1524.04
480.097	1556.84
481.171	1555.97
482.243	1583.6
483.317	1646.24
484.388	1681.94
485.46	1711.07
486.533	1839.77
487.605	1821.47
488.676	1869.49
489.747	1928.54
490.818	1987.73
491.889	2072.07
492.959	2066.65
494.03	2158.01
495.1	2170.34
496.171	2287.13
497.239	2232.64
498.309	2354.89
499.379	2228.31
500.446	2298.95
501.514	2247.17
502.584	2204.18
503.651	2160.8
504.718	2255.97
505.788	2219.59
506.855	2163.12
507.921	2163.36
508.988	2225.8
510.055	2274.54
511.119	2234.57
512.186	2317.51
513.252	2334.72
514.318	2408.06
515.382	2470.61
516.448	2624.2
517.512	2594.48
518.577	2689.93
519.641	2665.35
520.704	2780.96
521.768	2825.14
522.833	2867.56
523.896	2824.81
524.959	2928.29
526.021	2966.39
527.084	3024.08
528.144	3043.35
529.207	3193.8
530.269	3144.17
531.331	3290.58
532.391	3308.78
533.453	3246.39
534.513	3288.06
535.572	3196.72
536.634	3212.18
537.693	3161.61
538.752	3095.39
539.812	2978.75
540.87	2875.45
541.929	2764.41
542.988	2683.71
544.047	2625.57
545.105	2528.84
546.164	2341.6
547.22	2356.86
548.278	2234.86
549.336	2153.43
550.392	2025.24
551.448	1961.67
552.505	1881.7
553.561	1809.56
554.616	1763.72
555.671	1783.09
556.728	1685.74
557.783	1697.92
558.836	1619.38
559.891	1535.05
560.946	1599.34
562	1471.55
563.055	1495.32
564.107	1420.21
565.161	1382.41
566.213	1467.74
567.267	1360.48
568.318	1350.34
569.37	1329.09
570.424	1361.44
571.475	1308.91
572.526	1360.7
573.577	1394.04
574.628	1400.65
575.679	1434.92
576.73	1410.32
577.781	1402.44
578.829	1427.84
579.88	1354
580.93	1336.34
581.978	1323.27
583.026	1317.48
584.076	1279.43
585.124	1301.11
586.172	1253.83
587.221	1320.49
588.269	1322.74
589.316	1318.46
590.363	1339.75
591.41	1354.54
592.457	1366.66
593.502	1346.97
594.549	1354.32
595.595	1341.98
596.64	1259.31
597.686	1229.87
598.73	1243.38
599.776	1208.71
600.82	1177.34
601.864	1130.19
602.908	1124.5
603.953	1113.62
604.997	1126.12
606.04	1086.47
607.083	1081.82
608.125	1135.97
609.168	1073.71
610.211	1098.71
611.253	1105.1
612.294	1063.5
613.336	1084.69
614.377	1075.54
615.419	1085.78
616.459	1100.56
617.499	1099.54
618.539	1116.84
619.579	1036.33
620.619	1083.13
621.658	1063.6
622.698	1081.96
623.737	1074.57
624.776	1070.92
625.815	1047.97
626.852	1057.37
627.891	1012.41
628.928	1022.84
629.966	994.439
631.003	1025.9
632.041	1023.9
633.077	1008.74
634.114	966.712
635.15	994.837
636.185	973.283
637.221	945.475
638.257	959.327
639.292	918.825
640.328	911.45
641.361	900.203
642.396	928.376
643.431	882.601
644.464	867.175
645.497	839.84
646.532	879.816
647.564	816.062
648.597	839.849
649.629	851.763
650.663	855.377
651.695	831.294
652.727	829.134
653.757	814.908
654.789	806.15
655.821	845.152
656.852	855.782
657.882	859.2
658.913	837.959
659.942	856.203
660.973	868.895
662.002	884.228
663.031	880.233
664.06	858.944
665.09	879.178
666.119	876.845
667.147	923.451
668.175	880.214
669.201	894.745
670.229	871.302
671.257	888.959
672.285	866.811
673.311	853.833
674.338	873.209
675.363	826.49
676.389	864.663
677.416	864.184
678.441	874.656
679.466	866.468
680.491	864.527
681.515	864.306
682.54	872.391
683.565	807.734
684.589	872.385
685.613	906.797
686.635	898.892
687.659	911.348
688.681	961.692
689.705	946.366
690.727	950.383
691.75	1010.8
692.772	957.323
693.793	989.869
694.814	1039.93
695.835	1013.02
696.856	1071.2
697.877	1069.09
698.898	1100.26
699.918	1059.26
700.937	1120.11
701.957	1100.49
702.978	1110.5
703.996	1117.72
705.016	1055.51
706.034	1046.92
707.052	1017.95
708.069	1067.57
709.087	1010.92
710.107	1018.12
711.124	976.407
712.139	979.117
713.156	956.907
714.173	963.318
715.19	973.332
716.205	936.999
717.222	899.6
718.238	943.321
719.253	904.831
720.267	882.983
721.283	902.675
722.297	922.424
723.311	858.467
724.325	911.486
725.339	885.436
726.353	896.292
727.366	891.61
728.38	920.112
729.391	852.929
730.404	901.561
731.417	920.578
732.428	866.776
733.441	879.981
734.452	894.071
735.463	874.282
736.475	870.271
737.486	850.852
738.496	840.756
739.506	841.744
740.516	830.793
741.526	822.521
742.534	803.136
743.544	846.079
744.554	788.042
745.561	816.269
746.571	786.744
747.578	795.802
748.587	781.067
749.594	777.385
750.601	764.576
751.608	801.367
752.615	786.841
753.621	793.501
754.628	792.894
755.634	760.197
756.641	753.278
757.647	772.176
758.651	767.18
759.657	801.82
760.663	752.533
761.666	762.202
762.67	745.014
763.676	773.909
764.679	743.548
765.682	771.299
766.686	729.642
767.689	807.226
768.692	762.877
769.694	749.209
770.697	782.953
771.698	780.832
772.7	822.385
773.703	737.732
774.703	786.482
775.703	787.611
776.705	794.976
777.705	830.98
778.705	778.747
779.705	765.654
780.705	790.807
781.704	813.317
782.704	790.337
783.703	796.117
784.702	829.702
785.701	836.222
786.698	842.702
787.697	865.029
788.694	839.054
789.693	876.424
790.689	905.446
791.686	950.244
792.682	912.055
793.68	965.937
794.676	991.834
795.672	1048.51
796.666	1096.03
797.662	1058.98
798.658	1082.53
799.653	1101.36
800.647	1121.87
801.642	1157.95
802.636	1095.98
803.631	1145.64
804.624	1111.48
805.617	1098.76
806.61	1099.08
807.602	1102.17
808.595	1046.68
809.587	1047.81
810.58	1048.93
811.572	1049.19
812.564	1040.29
813.554	1050.99
814.546	1098.8
815.536	1073.45
816.528	1149.9
817.518	1170.76
818.507	1144.43
819.499	1219.87
820.488	1249.97
821.477	1303.1
822.466	1401.34
823.455	1516.83
824.444	1585.89
825.431	1690.79
826.42	1761.62
827.408	1882.44
828.395	1973.12
829.383	2087
830.369	2282.7
831.356	2430.99
832.342	2648.54
833.33	2846.99
834.315	3026.76
835.301	3307.78
836.287	3485.72
837.27	3783.88
838.256	3871.64
839.241	4029.49
840.226	4095.43
841.209	3958.1
842.194	3870.14
843.177	3732.55
844.16	3588.64
845.145	3369.56
846.127	3107.33
847.11	3041.78
848.092	2935.67
849.074	2879.03
850.056	2879.18
851.039	2910.32
852.018	2947.62
853	3051.82
853.982	3139.41
854.962	3180.3
855.941	3184.82
856.923	3246.84
857.902	3108.87
858.881	2945.34
859.86	2824.05
860.839	2620.59
861.818	2482.08
862.797	2324.78
863.776	2223.32
864.754	2180.6
865.733	2090.83
866.709	1997.42
867.687	1954.76
868.664	1897.55
869.642	1920.59
870.618	1852.68
871.594	1820.77
872.569	1797.21
873.545	1783.79
874.521	1741.77
875.496	1751.27
876.471	1768.04
877.447	1627.05
878.42	1726.47
879.395	1617.48
880.37	1617.2
881.343	1628.04
882.315	1638.09
883.29	1583.8
884.262	1615.32
885.235	1610.92
886.207	1605.49
887.179	1545.53
888.151	1623.73
889.123	1613.39
890.095	1596.63
891.065	1571.67
892.037	1595.62
893.009	1625.12
893.978	1645.42
894.948	1727.53
895.919	1740.61
896.888	1805.51
897.857	1899.16
898.826	1971.65
899.795	2090.18
900.764	2094.88
901.732	2231.2
902.701	2320.09
903.668	2429.07
904.636	2566.62
905.604	2689.56
906.57	2671.77
907.538	2732.76
908.504	2855.07
909.47	2814.54
910.436	2790.86
911.402	2828.23
912.367	2768.53
913.333	2700.24
914.298	2646.38
915.264	2552.49
916.229	2482.51
917.192	2407.98
918.157	2366.94
919.12	2252.05
920.084	2190.93
921.047	2113.06
922.01	2070.22
922.972	2027.17
923.935	1921.82
924.897	1909.13
925.859	1820.44
926.821	1773.58
927.783	1748.15
928.743	1669.79
929.705	1627.53
930.667	1630.66
931.626	1550.1
932.586	1550.39
933.547	1447.62
934.506	1456.57
935.466	1454.54
936.425	1378.08
937.384	1321.99
938.343	1345.9
939.301	1394.89
940.26	1401.87
941.217	1343.55
942.175	1403.87
943.132	1393.39
944.09	1372.71
945.046	1364.21
946.002	1415.55
946.96	1419.09
947.916	1364.43
948.872	1412.74
949.828	1385.06
950.783	1368.52
951.737	1381.88
952.692	1345.35
953.647	1357.46
954.601	1361.98
955.556	1356.24
956.509	1379.79
957.464	1386.73
958.417	1367.62
959.369	1403.99
960.322	1405.45
961.275	1461.06
962.227	1457.98
963.179	1453.68
964.132	1541.39
965.082	1510.95
966.034	1513.75
966.984	1553.52
967.936	1516.44
968.885	1640.94
969.837	1620.42
970.787	1638.06
971.736	1720.22
972.686	1775.84
973.635	1823
974.584	1828.03
975.533	1882.09
976.48	1928.8
977.429	1954.02
978.378	1936.1
979.325	1957.58
980.273	1919.91
981.22	1959.13
982.166	1960.7
983.113	1987.38
984.061	1915.29
985.007	1929.23
985.953	1877.41
986.897	1831.27
987.843	1740.46
988.789	1745.41
989.734	1723.49
990.678	1673.68
991.623	1630.41
992.567	1570.19
993.51	1532.23
994.453	1513.74
995.398	1505.42
996.341	1453.22
997.284	1426.31
998.227	1431.2
999.168	1368.13
1000.11	1414.21
1001.05	1398.85
1001.99	1389.18
1002.94	1336.79
1003.88	1324.59
1004.82	1304.17
1005.76	1369.59
1006.7	1318.62
1007.64	1364.51
1008.58	1386.93
1009.52	1393.27
1010.46	1337.87
1011.4	1370.92
1012.34	1370.53
1013.27	1319.2
1014.21	1380.02
1015.15	1408.61
1016.09	1352.56
1017.03	1385.06
1017.96	1414.62
1018.9	1400.97
1019.84	1386.15
1020.77	1368.44
1021.71	1387.22
1022.65	1404.35
1023.58	1392.82
1024.52	1451.73
1025.45	1433.21
1026.39	1424.01
1027.32	1456.8
1028.26	1483.72
1029.19	1475.67
1030.12	1499.41
1031.06	1488.46
1031.99	1461.76
1032.92	1486.99
1033.86	1449.5
1034.79	1497.7
1035.72	1466.81
1036.65	1484.71
1037.59	1484.52
1038.52	1516.24
1039.45	1492.23
1040.38	1542.79
1041.31	1573.54
1042.24	1619.39
1043.17	1576.33
1044.1	1615.43
1045.03	1623.34
1045.96	1685.3
1046.89	1686.07
1047.82	1737.36
1048.75	1667.69
1049.68	1726.11
1050.61	1760.81
1051.53	1781.98
1052.46	1785.63
1053.39	1882.05
1054.32	1876.4
1055.24	2001.88
1056.17	2002.87
1057.1	2082.1
1058.02	2178.74
1058.95	2238.49
1059.88	2234.48
1060.8	2162.75
1061.73	2182.37
1062.65	2058.12
1063.58	2099.8
1064.5	2070.06
1065.43	2047.84
1066.35	2071.99
1067.27	2161.35
1068.2	2172.69
1069.12	2204.45
1070.04	2245.56
1070.97	2247.93
1071.89	2289.02
1072.81	2229.04
1073.73	2341.83
1074.65	2224.46
1075.58	2278.23
1076.5	2235.39
1077.42	2214
1078.34	2153.28
1079.26	2091.53
1080.18	2055.5
1081.1	1970.11
1082.02	1904.76
1082.94	1860.34
1083.86	1764.6
1084.78	1744.88
1085.7	1731.86
1086.61	1668.65
1087.53	1643.56
1088.45	1636.58
1089.37	1575.53
1090.28	1657.59
1091.2	1666.46
1092.12	1618.33
1093.03	1625.15
1093.95	1648.13
1094.87	1659.91
1095.78	1695.54
1096.7	1752.15
1097.61	1820.18
1098.53	1833.3
1099.44	1842.53
1100.36	1874.34
1101.27	1881.43
1102.19	1949.87
1103.1	1916.1
1104.01	1974.04
1104.93	2024.49
1105.84	2033.6
1106.75	2057.21
1107.67	2053.76
1108.58	2122.41
1109.49	2170.36
1110.4	2168.88
1111.31	2243.63
1112.22	2253.69
1113.14	2265.43
1114.05	2314.98
1114.96	2381.74
1115.87	2465.8
1116.78	2514.14
1117.69	2579.51
1118.6	2625.72
1119.51	2745.25
1120.42	2751.92
1121.32	2815.21
1122.23	2878.82
1123.14	2967.76
1124.05	2912.25
1124.96	2840.57
1125.86	2805.3
1126.77	2714.06
1127.68	2716.96
1128.58	2672.52
1129.49	2639.44
1130.4	2551.54
1131.3	2545.77
1132.21	2550.45
1133.11	2580.17
1134.02	2631.36
1134.92	2651.01
1135.83	2747.97
1136.73	2752.25
1137.64	2715.62
1138.54	2673.93
1139.44	2580.61
1140.35	2476.64
1141.25	2475.27
1142.15	2417.05
1143.06	2307.65
1143.96	2236.34
1144.86	2150.66
1145.76	2085.7
1146.66	2001.41
1147.57	1926.37
1148.47	1820.68
1149.37	1720.63
1150.27	1677.74
1151.17	1551.07
1152.07	1535.92
1152.97	1462.64
1153.87	1374.06
1154.77	1346.37
1155.67	1254.73
1156.57	1230.67
1157.46	1154.21
1158.36	1109.28
1159.26	1054.01
1160.16	1023.63
1161.05	1009.53
1161.95	1020.16
1162.85	959.13
1163.75	895.017
1164.64	885.041
1165.54	906.365
1166.44	886.731
1167.33	855.807
1168.23	845.046
1169.12	863.924
1170.02	817.27
1170.91	782.037
1171.81	787.653
1172.7	798.9
1173.59	812.913
1174.49	813.532
1175.38	789.365
1176.27	792.684
1177.17	787.395
1178.06	735.615
1178.95	792.023
1179.84	796.364
1180.74	726.92
1181.63	749.494
1182.52	760.707
1183.41	769.957
1184.3	764.869
1185.19	770.071
1186.08	762.884
1186.97	762.302
1187.86	764.572
1188.75	735.708
1189.64	794.638
1190.53	784.648
1191.42	761.474
1192.31	804.314
1193.2	794.483
1194.09	790.45
1194.97	842.1
1195.86	801.571
1196.75	799.6
1197.64	838.027
1198.52	872.616
1199.41	851.657
1200.29	860.852
1201.18	865.412
1202.07	862.495
1202.95	893.424
1203.84	888.504
1204.72	878.744
1205.61	880.151
1206.49	917.231
1207.38	923.395
1208.26	901.615
1209.14	904.517
1210.03	905.775
1210.91	893.991
1211.79	894.388
1212.68	908.723
1213.56	901.171
1214.44	931.926
1215.32	900.419
1216.21	883.918
1217.09	895.701
1217.97	922.714
1218.85	932.174
1219.73	931.614
1220.61	974.574
1221.49	976.335
1222.37	1050.64
1223.25	1080.6
1224.13	1163.16
1225.01	1284.17
1225.89	1377.62
1226.77	1432.3
1227.65	1473.89
1228.52	1499.71
1229.4	1498.5
1230.28	1449.38
1231.16	1478.88
1232.03	1484.81
1232.91	1499.21
1233.79	1495.45
1234.66	1478.19
1235.54	1473.98
1236.42	1425.92
1237.29	1336.91
1238.17	1291.52
1239.04	1265.18
1239.92	1181.93
1240.79	1178.54
1241.67	1133.39
1242.54	1121.52
1243.41	1078.26
1244.29	1067.36
1245.16	1084.11
1246.03	1097.09
1246.91	1069.05
1247.78	1078.11
1248.65	1064.1
1249.52	1081.42
1250.4	1095.73
1251.27	1066.05
1252.14	1140.48
1253.01	1114.76
1253.88	1126.38
1254.75	1153.34
1255.62	1153.52
1256.49	1150.72
1257.36	1197.46
1258.23	1153.24
1259.1	1203.49
1259.97	1181.07
1260.84	1171.07
1261.71	1218.4
1262.57	1227.63
1263.44	1260.81
1264.31	1293.11
1265.18	1355.97
1266.05	1371.1
1266.91	1432.89
1267.78	1510.78
1268.65	1587.58
1269.51	1699.51
1270.38	1781.75
1271.24	1884.81
1272.11	2030.56
1272.97	2178.01
1273.84	2230.14
1274.7	2300.32
1275.57	2357.17
1276.43	2403.26
1277.3	2417.74
1278.16	2363.36
1279.02	2316.8
1279.89	2244.79
1280.75	2172.37
1281.61	2090.7
1282.48	1982.46
1283.34	1902.51
1284.2	1776.38
1285.06	1672.7
1285.92	1562.92
1286.78	1505.76
1287.65	1429.37
1288.51	1372.92
1289.37	1308.78
1290.23	1270.86
1291.09	1218.34
1291.95	1209.66
1292.81	1183.75
1293.67	1155.32
1294.52	1113.38
1295.38	1103.65
1296.24	1075.94
1297.1	1090.84
1297.96	1054.51
1298.81	1036.86
1299.67	1036.6
1300.53	1031.18
1301.39	1031.86
1302.24	993.388
1303.1	1024.96
1303.95	1000.8
1304.81	1032.85
1305.67	990.294
1306.52	1004.68
1307.38	1023
1308.23	998.738
1309.09	998.969
1309.94	1015.33
1310.8	989.333
1311.65	1022.46
1312.5	1051.99
1313.35	1037.14
1314.21	1071.86
1315.06	1056.61
1315.91	1062.97
1316.77	1112.53
1317.62	1130.77
1318.47	1135.47
1319.32	1166.88
1320.17	1212.91
1321.02	1224.15
1321.87	1240.05
1322.73	1311.24
1323.57	1314.22
1324.43	1345.04
1325.28	1395.75
1326.13	1400.82
1326.97	1439.49
1327.82	1453.34
1328.67	1506.08
1329.52	1513.84
1330.37	1559.82
1331.22	1590.28
1332.06	1594.73
1332.91	1599.24
1333.76	1642.62
1334.61	1667.52
1335.45	1646.83
1336.3	1680.89
1337.15	1694.51
1337.99	1703.36
1338.84	1702.51
1339.68	1728.28
1340.53	1763.88
1341.37	1756.63
1342.22	1735.73
1343.06	1752.55
1343.91	1773.32
1344.75	1765.28
1345.6	1776.75
1346.44	1796.72
1347.28	1813.42
1348.12	1805.08
1348.97	1800.52
1349.81	1787.72
1350.65	1796.59
1351.49	1776.44
1352.33	1787.74
1353.18	1810.93
1354.02	1821.99
1354.86	1831.17
1355.7	1833.47
1356.54	1838.19
1357.38	1854.1
1358.22	1866.85
1359.06	1881.56
1359.9	1849.72
1360.74	1852.98
1361.58	1854.24
1362.42	1853.45
1363.25	1851.45
1364.09	1810.3
1364.93	1785.4
1365.77	1790.01
1366.6	1804.73
1367.19	1823.76
1368.1	1816.19
1369.01	1830.18
1369.92	1779.06
1370.83	1774.04
1371.74	1778.71
1372.65	1748.77
1373.56	1789.62
1374.47	1761.51
1375.37	1724.52
1376.28	1722.85
1377.19	1672.89
1378.1	1643.48
1379	1620.91
1379.91	1615.01
1380.82	1597.33
1381.72	1602.15
1382.63	1599.96
1383.54	1574.08
1384.44	1581.29
1385.35	1590.29
1386.25	1567.05
1387.16	1604.34
1388.06	1571.58
1388.97	1612.93
1389.87	1596.98
1390.78	1602.5
1391.68	1619.72
1392.59	1617.56
1393.49	1640.55
1394.39	1537.52
1395.3	1565.11
1396.2	1441.72
1397.1	1365.81
1398	1311.32
1398.91	1279.21
1399.81	1239.61
1400.71	1235.79
1401.61	1195.46
1402.52	1152.24
1403.42	1158.92
1404.32	1117.52
1405.22	1112.59
1406.12	1109.63
1407.02	1076.18
1407.92	1105.11
1408.82	1084.45
1409.72	1060.1
1410.62	1063.51
1411.52	1056.38
1412.42	1037.71
1413.32	1040.92
1414.21	1038.32
1415.11	1017.56
1416.01	1008.24
1416.91	1025.6
1417.81	1006.84
1418.71	941.637
1419.6	985.964
1420.5	979.135
1421.4	993.384
1422.29	952.573
1423.19	948.808
1424.09	935.42
1424.98	967.545
1425.88	959.62
1426.77	963.067
1427.67	981.742
1428.56	959.623
1429.46	970.836
1430.35	1029.63
1431.25	1005.86
1432.14	996.448
1433.04	1045.14
1433.93	1013.16
1434.82	1067.85
1435.72	1052.2
1436.61	1129.95
1437.5	1135.35
1438.39	1178.93
1439.29	1226.34
1440.18	1280.41
1441.07	1280.88
1441.96	1353.91
1442.85	1368.61
1443.75	1361.43
1444.64	1340.08
1445.53	1391.77
1446.42	1385.16
1447.31	1410.17
1448.2	1394.65
1449.09	1401.9
1449.98	1429.11
1450.87	1465.87
1451.76	1491.22
1452.65	1520.72
1453.54	1473.61
1454.43	1517.32
1455.31	1482.07
1456.2	1499.67
1457.09	1524.59
1457.98	1529.69
1458.87	1570.22
1459.75	1542.08
1460.64	1607.03
1461.53	1649.29
1462.41	1669.81
1463.3	1708.96
1464.19	1814.94
1465.07	1889.54
1465.96	1953.89
1466.85	2002.26
1467.73	1955.37
1468.61	1954.19
1469.5	1907.65
1470.38	1900.14
1471.27	1859.74
1472.15	1898.9
1473.04	1942.75
1473.92	2007.75
1474.8	2036.64
1475.69	2025.68
1476.57	2061.51
1477.45	2014.16
1478.34	2027.38
1479.22	2013.58
1480.1	2005.45
1480.98	1955.97
1481.86	1911.62
1482.75	1909.37
1483.63	1862.97
1484.51	1763.21
1485.39	1644.48
1486.27	1465.32
1487.15	1250.83
1488.03	1103.41
1488.91	1002.46
1489.79	919.774
1490.67	853.377
1491.55	794.642
1492.43	758.157
1493.31	692.812
1494.19	702.851
1495.07	680.167
1495.94	633.445
1496.82	639.686
1497.7	605.461
1498.58	626.969
1499.45	572.545
1500.33	574.805
1501.21	582.827
1502.09	569.793
1502.96	528.106
1503.84	559.165
1504.72	547.185
1505.59	559.074
1506.47	547.07
1507.34	524.579
1508.22	524.978
1509.09	491.154
1509.97	526.827
1510.84	521.66
1511.72	503.246
1512.59	508.582
1513.46	531.893
1514.34	506.759
1515.21	506.213
1516.08	499.937
1516.96	510.662
1517.83	493.997
1518.7	505.685
1519.57	486.304
1520.45	507.491
1521.32	512.717
1522.19	493.558
1523.06	470.721
1523.93	493.057
1524.8	498.481
1525.67	486.959
1526.54	504.499
1527.41	467.534
1528.28	485.922
1529.16	504.295
1530.02	498.339
1530.89	481.219
1531.76	474.483
1532.63	492.153
1533.5	484.562
1534.37	481.644
1535.24	493.683
1536.11	506.624
1536.97	492.395
1537.84	482.863
1538.71	483.675
1539.57	489.239
1540.44	490.2
1541.31	467.806
1542.18	496.038
1543.04	493.337
1543.91	469.001
1544.77	486.799
1545.64	485.754
1546.5	463.092
1547.37	494.873
1548.24	488.286
1549.1	467.758
1549.96	459.573
1550.83	467.477
1551.69	486.746
1552.56	426.801
1553.42	442.138
1554.28	466.82
1555.15	442.314
1556.01	481.102
1556.87	432.073
1557.73	453.124
1558.6	460.121
1559.46	477.622
1560.32	471.384
1561.18	464.074
1562.04	461.388
1562.9	468.127
1563.77	451.054
1564.63	450.201
1565.49	464.687
1566.35	467.855
1567.21	480.66
1568.07	464.85
1568.93	482.494
1569.79	454.13
1570.64	484.152
1571.5	463.283
1572.36	457.71
1573.22	474.231
1574.08	481.182
1574.94	475.675
1575.8	463.457
1576.65	479.209
1577.51	453.469
1578.37	468.231
1579.22	480.068
1580.08	449.306
1580.94	467.872
1581.79	486.482
1582.65	472.19
1583.51	452.093
1584.36	465.986
1585.22	455.591
1586.07	472.399
1586.93	443.417
1587.78	475.752
1588.63	457.376
1589.49	485.765
1590.34	477.028
1591.2	475.043
1592.05	503.24
1592.9	465.981
1593.76	489.225
1594.61	483.236
1595.46	480.268
1596.32	505.723
1597.17	494.182
1598.02	480.712
1598.87	487.749
1599.72	482.979
1600.58	490.829
1601.43	486.816
1602.28	480.735
1603.13	491.203
1603.98	512.367
1604.83	514.934
1605.68	513.638
1606.53	503.627
1607.38	507.365
1608.23	512.113
1609.08	483.633
1609.93	512.684
1610.77	510.382
1611.62	509.955
1612.47	490.995
1613.32	518.852
1614.17	529.246
1615.01	517.338
1615.86	516.19
1616.71	525.739
1617.55	496.307
1618.4	517.369
1619.25	511.104
1620.09	501.87
1620.94	521.738
1621.79	501.855
1622.63	501.436
1623.48	506.902
1624.32	511.462
1625.17	509.294
1626.01	493.603
1626.86	502.111
1627.7	508.676
1628.54	512.321
1629.39	492.731
1630.23	532.066
1631.07	516.251
1631.92	500.402
1632.76	512.524
1633.6	525.594
1634.45	510.732
1635.29	515.193
1636.13	530.279
1636.97	507.84
1637.81	544.107
1638.66	539.951
1639.5	553.117
1640.34	545.171
1641.18	536.33
1642.02	547.738
1642.86	545.743
1643.7	554.343
1644.54	536.018
1645.38	561.884
1646.22	578.102
1647.06	557.777
1647.89	549.002
1648.73	559.51
1649.57	581.649
1650.41	563.519
1651.25	565.674
1652.09	557.283
1652.92	562.341
1653.76	570.196
1654.6	550.921
1655.43	588.464
1656.27	597.069
1657.11	566.217
1657.94	579.907
1658.78	556.099
1659.62	562.314
1660.45	568.527
1661.29	587.232
1662.12	549.598
1662.96	543.811
1663.79	554.471
1664.62	566.166
1665.46	557.622
1666.29	566.689
1667.13	542.834
1667.96	534.55
1668.79	556.444
1669.63	526.652
1670.46	559.216
1671.29	539.017
1672.12	558.805
1672.96	535.529
1673.79	535.681
1674.62	535.829
1675.45	518.381
1676.28	505.87
1677.11	523.818
1677.95	523.186
1678.78	528.457
1679.61	548.438
1680.44	511.274
1681.27	496.606
1682.1	485.798
1682.93	495.652
1683.75	488.799
1684.58	508.619
1685.41	467.366
1686.24	487.292
1687.07	490.462
1687.9	465.948
1688.73	502.694
1689.55	472.178
1690.38	462.392
1691.21	485.235
1692.04	457.511
1692.86	443.567
1693.69	449.374
1694.52	461.106
1695.34	447.125
1696.17	449.078
1696.99	441.223
1697.82	426.499
1698.64	458.424
1699.47	429.793
1700.29	443.775
1701.12	428.855
1701.94	423.778
1702.77	431.548
1703.59	448.215
1704.41	417.202
1705.24	435.849
1706.06	412.826
1706.88	421.589
1707.71	421.439
1708.53	425.269
1709.35	414.211
1710.17	430.911
1711	430.709
1711.82	414.601
1712.64	432.164
1713.46	401.16
1714.28	430.602
1715.1	406.613
1715.92	433.161
1716.74	424.096
1717.56	406.097
1718.38	422.65
1719.2	441.047
1720.02	409.934
1720.84	407.458
1721.66	403.065
1722.48	410.617
1723.3	401.556
1724.11	432
1724.93	402.363
1725.75	395.305
1726.57	399.938
1727.39	388.696
1728.2	400.995
1729.02	403.45
1729.84	383.391
1730.65	401.684
1731.47	391.583
1732.29	428.531
1733.1	412.52
1733.92	406.26
1734.73	408.773
1735.55	392.714
1736.36	390.377
1737.18	416.379
1737.99	369.215
1738.81	403.003
1739.62	406.515
1740.43	408.039
1741.25	405.656
1742.06	391.633
1742.87	399.031
1743.69	390.923
1744.5	383.812
1745.31	393.198
1746.13	391.914
1746.94	402.268
1747.75	381.654
1748.56	381.419
1749.37	406.377
1750.18	392.633
1750.99	381.79
1751.81	401.885
1752.61	397.789
1753.42	393.708
1754.24	387.727
1755.04	370.187
1755.85	396.147
1756.66	388.263
1757.47	403.505
1758.28	391.634
1759.09	398.061
1759.9	395.797
1760.71	403.221
1761.52	378.912
1762.32	398.054
1763.13	384.478
1763.94	404.648
1764.74	384.314
1765.55	386.129
1766.36	386.016
1767.17	405.218
1767.97	389.774
1768.78	383.06
1769.58	380.235
1770.39	391.887
1771.19	381.302
1772	373.572
1772.8	387.077
1773.61	361.924
1774.41	354.18
1775.22	372.563
1776.02	381.293
1776.83	395.834
1777.63	364.881
1778.43	381.379
1779.23	385.329
1780.04	370.913
1780.84	373.024
1781.64	400.423
1782.44	372.477
1783.25	393.112
1784.05	364.1
1784.85	373.99
1785.65	368.28
1786.45	366.463
1787.25	380.27
1788.05	385.311
1788.86	347.351
1789.65	395.409
1790.46	341.719
1791.25	352.583
1792.05	366.389
1792.85	367.468
1793.65	385.25
1794.45	366.774
1795.25	360.109
1796.05	362.327
1796.85	385.251
1797.64	375.693
1798.44	353.26
1799.24	357.397
1800.04	369.395
1800.83	364.559
1801.63	372.552
1802.43	375.596
1803.22	358.841
1804.02	371.782
1804.82	389.679
1805.61	351.064
1806.41	359.018
1807.2	363.004
1808	368.987
1808.79	385.918
1809.59	364.152
1810.38	400.026
1811.18	348.417
1811.97	378.293
1812.76	380.251
1813.56	354.267
1814.35	399.863
1815.14	396.694
1815.94	365.721
1816.73	360.687
1817.52	370.652
1818.31	369.714
1819.1	369.754
1819.9	380.69
1820.69	343.725
1821.48	359.493
1822.27	368.256
1823.06	383.993
1823.85	359.932
1824.64	347.835
1825.43	367.578
1826.22	384.301
1827.01	342.302
1827.8	374.904
1828.59	374.703
1829.38	363.605
1830.17	345.579
1830.96	406.073
1831.74	373.095
1832.53	382.789
1833.32	359.644
1834.11	371.214
1834.89	368.862
1835.68	377.412
1836.47	365.162
1837.26	373.725
1838.04	363.489
1838.83	356.227
1839.61	366.736
1840.4	364.362
1841.19	365.899
1841.97	370.361
1842.76	347.246
1843.54	359.618
1844.33	366.132
1845.11	355.023
1845.89	360.674
1846.68	357.507
1847.46	348.446
1848.25	362.92
1849.03	381.289
1849.81	363.367
1850.6	356.26
1851.38	360.94
1852.16	343.097
1852.94	354.631
1853.72	359.272
1854.51	345.276
1855.29	360.594
1856.07	362.186
1856.85	333.491
1857.63	368.262
1858.41	331.803
1859.19	351.929
1859.97	335.049
1860.75	337.699
1861.53	358.893
1862.31	344.121
1863.09	333.276
1863.87	343.835
1864.65	358.245
1865.43	371.609
1866.21	350.872
1866.99	329.133
1867.76	349.132
1868.54	346.813
1869.32	334.858
1870.1	356.894
1870.87	340.251
1871.65	347.881
1872.43	341.973
1873.2	344.775
1873.98	344.642
1874.76	355.139
1875.53	356.916
1876.31	364.535
1877.08	350.901
1877.86	344.095
1878.63	366.381
1879.41	322.767
1880.18	358.594
1880.96	337.19
1881.73	360.36
1882.5	373.839
1883.28	349.531
1884.05	333.981
1884.82	346.585
1885.6	335.913
1886.37	364.053
1887.14	322.273
1887.91	351.355
1888.68	326.052
1889.46	334.765
1890.23	361.018
1891	348.465
1891.77	355.431
1892.54	354.692
1893.31	342.31
1894.08	335.783
1894.85	343.877
1895.62	344.093
1896.39	326.584
1897.16	342.232
1897.93	328.428
1898.7	352.775
1899.47	324.302
1900.24	333.121
1901.01	367.537
1901.77	362.876
1902.54	338.617
1903.31	342.783
1904.08	338.052
1904.84	335.232
1905.61	340.248
1906.38	326.528
1907.14	343.345
1907.91	328.629
1908.68	333.652
1909.44	326.857
1910.21	344.784
1910.97	329.141
1911.74	328.336
1912.51	335.457
1913.27	330.685
1914.03	318.938
1914.8	342.888
1915.56	342.001
1916.33	355.987
1917.09	308.309
1917.85	329.196
1918.62	329.182
1919.38	314.231
1920.14	355.021
1920.9	337.122
1921.67	329.222
1922.43	333.339
1923.19	314.574
1923.95	337.751
1924.71	345.975
1925.47	348.166
1926.24	314.247
1927	321.271
1927.76	318.21
1928.52	312.091
1929.28	344.996
1930.04	352.847
1930.8	326.653
1931.56	330.506
1932.32	327.374
1933.08	337.297
1933.83	346.273
1934.59	348.291
1935.35	322.273
1936.11	335.301
1936.87	336.235
1937.62	320.038
1938.38	337.838
1939.14	333.549
1939.89	323.267
1940.65	334.055
1941.41	330.885
1942.16	328.746
1942.92	318.59
1943.68	327.385
1944.43	339.091
1945.19	340.716
1945.94	324.323
1946.7	322.904
1947.45	329.479
1948.21	326.122
1948.96	315.843
1949.71	338.427
1950.47	342.126
1951.22	326.958
1951.98	326.71
1952.73	325.46
1953.48	320.21
1954.23	316.894
1954.99	331.352
1955.74	352.646
1956.49	349.137
1957.24	317.002
1957.99	348.149
1958.75	327.061
1959.5	346.485
1960.25	355.09
1961	356.778
1961.75	356.441
1962.5	319.646
1963.25	332.988
1964	330.585
1964.75	348.802
1965.5	354.261
1966.25	345.994
1967	339.659
1967.74	344.026
1968.49	338.553
1969.24	330.132
1969.99	317.85
1970.74	337.747
1971.48	347.01
1972.23	325.292
1972.98	347.35
1973.73	338.381
1974.47	349.749
1975.22	358.122
1975.96	340.252
1976.71	345.574
1977.46	359.561
1978.2	328.168
1978.95	335.486
1979.69	333.244
1980.44	337.841
1981.18	337.678
1981.93	362.584
1982.67	341.191
1983.41	336.103
1984.16	347.286
1984.9	343.94
1985.64	342.474
1986.39	362.119
1987.13	332.875
1987.87	347.814
1988.61	321.636
1989.36	332.862
1990.1	347.94
1990.84	344.847
1991.58	336.02
1992.32	337.719
1993.06	332.751
1993.81	324.008
1994.55	335.399
1995.29	313.406
1996.03	307.714
1996.77	331.718
1997.51	327.989
1998.24	338.607
1998.98	300.317
1999.72	334.824
2000.46	319.456
2001.2	339.56
2001.94	350.092
2002.68	313.636
2003.41	333.825
2004.15	333.883
2004.89	310.884
2005.63	335.92
2006.36	313.832
2007.1	335.964
2007.84	341.747
2008.57	323.486
2009.31	298.507
2010.05	309.206
2010.78	316.109
2011.52	323.053
2012.25	301.032
2012.99	317.626
2013.72	332.268
2014.46	317.839
2015.19	308.208
2015.92	310.193
2016.66	330.631
2017.39	347.275
2018.13	316.441
2018.86	308.933
2019.59	306.304
2020.32	323.155
2021.06	313.689
2021.79	302.011
2022.52	313.345
2023.25	298.671
2023.98	310.787
2024.72	315.199
2025.45	318.689
2026.18	285.949
2026.91	296.581
2027.64	317.542
2028.37	307.99
2029.1	307.553
2029.83	312.301
2030.56	298.617
2031.29	311.771
2032.02	315.042
2032.75	303.454
2033.47	301.269
2034.2	306.895
2034.93	318.883
2035.66	317.538
2036.39	314.555
2037.11	312.77
2037.84	324.53
2038.57	301.509
2039.3	313.057
2040.02	303.607
2040.75	310.251
2041.47	309.283
2042.2	320.361
2042.93	317.338
2043.65	309.976
2044.38	320.043
2045.1	320.378
2045.83	298.749
2046.55	301.235
2047.28	314.849
2048	319.353
2048.73	308.03
2049.45	309.653
2050.17	326.937
2050.9	326.838
2051.62	317.374
2052.34	296.812
2053.07	314.807
2053.79	302.747
2054.51	322.064
2055.23	289.334
2055.95	315.063
2056.68	303.462
2057.4	303.346
2058.12	303.723
2058.84	335.259
2059.56	325.403
2060.28	325.89
2061	328.107
2061.72	314.062
2062.44	314.68
2063.16	329.176
2063.88	322.236
2064.6	334.981
2065.32	336.568
2066.03	325.877
2066.75	326.956
2067.47	315.477
2068.19	322.081
2068.91	329.787
2069.62	315.004
2070.34	317.611
2071.06	330.036
2071.77	317.187
2072.49	316.031
2073.21	310.044
2073.92	319.324
2074.64	316.943
2075.36	325.599
2076.07	321.728
2076.79	331.802
2077.5	322.712
2078.22	316.513
2078.93	315.048
2079.64	320.726
2080.36	321.75
2081.07	315.995
2081.79	306.097
2082.5	310.83
2083.21	319.76
2083.93	326.766
2084.64	333.187
2085.35	318.5
2086.07	310.693
2086.78	334.551
2087.49	321.56
2088.2	318.347
2088.91	318.674
2089.62	328.514
2090.33	321.788
2091.04	320.388
2091.76	326.656
2092.47	334.477
2093.18	329.941
2093.89	318.038
2094.6	313.175
2095.3	333.167
2096.01	333.198
2096.72	329.408
2097.43	326.097
2098.14	323.365
2098.85	323.888
2099.56	319.5
2100.09	302.61
2100.87	336.089
2101.65	345.848
2102.43	324.977
2103.21	343.611
2103.99	314.789
2104.77	315.534
2105.55	331.982
2106.32	321.773
2107.1	321.426
2107.88	337.839
2108.66	326.826
2109.44	323.766
2110.22	352.172
2110.99	321.667
2111.77	309.736
2112.55	329.082
2113.33	330.669
2114.1	319.522
2114.88	317.246
2115.66	346.323
2116.43	319.848
2117.21	301.264
2117.99	345.174
2118.76	345.119
2119.54	317.682
2120.31	343.874
2121.09	316.394
2121.86	311.359
2122.64	349.212
2123.41	351.023
2124.19	331.435
2124.96	335.254
2125.74	321.593
2126.51	332.329
2127.28	336.293
2128.06	317.862
2128.83	344.24
2129.61	337.444
2130.38	345.236
2131.15	319.86
2131.92	336.423
2132.7	319.853
2133.47	320.858
2134.24	313.091
2135.01	338.499
2135.78	325.838
2136.55	331.724
2137.33	351.301
2138.1	338.679
2138.87	305.558
2139.64	329.163
2140.41	332.286
2141.18	341.327
2141.95	321.975
2142.72	341.847
2143.49	319.494
2144.26	338.348
2145.03	344.397
2145.8	334.688
2146.57	318.091
2147.33	316.296
2148.1	338.219
2148.87	319.741
2149.64	325.93
2150.41	327.15
2151.17	343.173
2151.94	326.499
2152.71	329.629
2153.48	325.855
2154.24	332.048
2155.01	341.27
2155.78	317.697
2156.54	333.906
2157.31	316.233
2158.08	326.44
2158.84	322.653
2159.61	317.826
2160.37	325.952
2161.14	324.055
2161.9	334.163
2162.67	324.288
2163.43	316.463
2164.2	326.747
2164.96	308.984
2165.72	333.419
2166.49	326.666
2167.25	315.799
2168.01	333.06
2168.78	319.018
2169.54	322.097
2170.3	312.09
2171.07	317.27
2171.83	334.638
2172.59	325.781
2173.35	287.553
2174.11	319.12
2174.88	334.441
2175.64	308.132
2176.4	330.427
2177.16	322.35
2177.92	315.315
2178.68	350.931
2179.44	310.517
2180.2	314.773
2180.96	331.238
2181.72	318.216
2182.48	345.839
2183.24	325.612
2184	337.908
2184.76	323.708
2185.52	305.417
2186.28	326.822
2187.04	312.604
2187.79	334.031
2188.55	331.034
2189.31	351.464
2190.07	325.043
2190.83	325.098
2191.58	300.697
2192.34	336.397
2193.1	323.174
2193.85	336.404
2194.61	328.19
2195.37	350.465
2196.12	354.355
2196.88	369.401
2197.63	345.834
2198.39	321.324
2199.15	334.457
2199.9	325.302
2200.66	338.498
2201.41	340.499
2202.16	345.486
2202.92	325.056
2203.67	315.76
2204.43	317.622
2205.18	313.452
2205.93	331.614
2206.69	319.477
2207.44	315.471
2208.19	332.714
2208.95	326.642
2209.7	339.737
2210.45	325.469
2211.2	326.35
2211.95	316.111
2212.71	318.004
2213.46	295.675
2214.21	303.628
2214.96	344.833
2215.71	298.298
2216.46	340.408
2217.21	319.04
2217.96	346.936
2218.71	342.633
2219.46	350.388
2220.21	319.068
2220.96	335.928
2221.71	330.792
2222.46	345.712
2223.21	337.608
2223.96	337.479
2224.71	342.298
2225.46	345.073
2226.21	345.832
2226.95	330.654
2227.7	357.383
2228.45	324.358
2229.2	332.2
2229.94	331.086
2230.69	319.034
2231.44	340.791
2232.18	350.602
2232.93	340.529
2233.68	348.313
2234.42	326.3
2235.17	344.934
2235.92	353.63
2236.66	350.457
2237.41	340.4
2238.15	335.336
2238.9	356.993
2239.64	350.978
2240.38	335.084
2241.13	365.596
2241.87	325.006
2242.62	327.851
2243.36	353.372
2244.1	354.229
2244.85	312.724
2245.59	345.121
2246.33	339.106
2247.08	321.294
2247.82	345.795
2248.56	337.812
2249.3	343.571
2250.05	340.461
2250.79	359.924
2251.53	331.308
2252.27	361.59
2253.01	341.901
2253.75	350.695
2254.49	356.586
2255.23	342.901
2255.97	333.143
2256.71	339.059
2257.45	344.946
2258.19	351.772
2258.93	322.303
2259.67	342.789
2260.41	347.604
2261.15	358.335
2261.89	317.244
2262.63	347.689
2263.36	335.1
2264.1	347.025
2264.84	337.379
2265.58	341.425
2266.32	342.484
2267.05	344.479
2267.79	375.873
2268.53	352.311
2269.26	325.816
2270	335.636
2270.74	327.837
2271.48	351.477
2272.21	345.729
2272.95	324.302
2273.68	358.884
2274.42	344.359
2275.15	337.685
2275.89	348.705
2276.62	312.436
2277.36	336.207
2278.09	333.356
2278.83	344.282
2279.56	319.706
2280.29	346.389
2281.03	334.619
2281.76	348.501
2282.49	338.736
2283.23	335.912
2283.96	339.055
2284.69	346.19
2285.42	330.604
2286.16	340.695
2286.89	340.846
2287.62	344.901
2288.35	337.041
2289.08	341.066
2289.81	318.387
2290.55	359.178
2291.28	341.568
2292.01	342.835
2292.74	341.144
2293.47	320.55
2294.2	340.695
2294.93	332.941
2295.66	337.076
2296.39	328.207
2297.11	319.299
2297.85	328.323
2298.57	327.407
2299.3	344.492
2300.03	343.688
2300.76	329.941
2301.49	310.182
2302.22	335.362
2302.94	328.522
2303.67	317.644
2304.4	289.737
2305.12	337.932
2305.85	331.099
2306.58	307.237
2307.31	330.492
2308.03	332.674
2308.76	323.777
2309.48	311.832
2310.21	351.101
2310.93	321.064
2311.66	321.187
2312.38	335.416
2313.11	304.396
2313.83	297.5
2314.56	304.674
2315.28	324.918
2316.01	335.072
2316.73	301.899
2317.45	321.147
2318.18	330.348
2318.9	306.28
2319.62	302.375
2320.35	320.661
2321.07	302.578
2321.79	310.732
2322.52	298.681
2323.24	277.54
2323.96	282.68
2324.68	305.018
2325.4	278.818
2326.12	289.006
2326.84	268.828
2327.56	249.645
2328.29	241.592
2329.01	239.622
2329.73	257.916
2330.45	253.957
2331.17	271.271
2331.89	286.554
2332.61	305.872
2333.32	314.014
2334.04	315.042
2334.76	299.85
2335.48	299.872
2336.2	288.767
2336.92	288.83
2337.64	298.03
2338.35	296.073
2339.07	312.359
2339.79	313.416
2340.51	293.166
2341.23	299.307
2341.94	309.544
2342.66	304.594
2343.37	301.69
2344.09	277.43
2344.81	304.948
2345.52	301.911
2346.24	283.566
2346.95	302.776
2347.67	300.65
2348.38	304.66
2349.1	290.468
2349.82	298.674
2350.53	304.9
2351.24	286.75
2351.96	328.528
2352.67	306.219
2353.39	302.15
2354.1	316.338
2354.81	295.961
2355.53	255.287
2356.24	281.679
2356.95	297.935
2357.66	263.436
2358.38	300.051
2359.09	309.264
2359.8	300.208
2360.51	309.465
2361.22	317.736
2361.94	282.285
2362.65	310.945
2363.36	295.832
2364.07	295.964
2364.78	310.324
2365.49	314.445
2366.2	289.982
2366.91	293.02
2367.62	308.286
2368.33	313.376
2369.04	300.15
2369.75	297.131
2370.46	291.059
2371.16	267.656
2371.87	302.34
2372.58	308.485
2373.29	317.693
2374	302.444
2374.71	314.723
2375.41	324.961
2376.12	300.527
2376.83	304.641
2377.53	302.646
2378.24	312.907
2378.95	299.722
2379.65	295.719
2380.36	298.843
2381.07	330.52
2381.77	282.563
2382.48	283.594
2383.18	328.543
2383.89	296.988
2384.59	318.572
2385.3	320.783
2386	295.373
2386.71	313.864
2387.41	285.242
2388.12	310.755
2388.82	309.653
2389.52	316.741
2390.23	313.657
2390.93	329.011
2391.63	318.851
2392.34	314.809
2393.04	306.645
2393.74	310.708
2394.44	302.502
2395.15	298.41
2395.85	320.923
2396.55	323.055
2397.25	317.028
2397.95	311.995
2398.65	297.706
2399.35	322.195
2400.05	314.952
2400.75	308.719
2401.45	316.796
2402.15	306.54
2402.85	327.968
2403.55	331.075
2404.25	331.156
2404.95	330.231
2405.65	311.942
2406.35	316.101
2407.05	318.199
2407.75	333.565
2408.44	317.261
2409.14	326.509
2409.84	303.067
2410.54	317.437
2411.24	317.482
2411.93	302.159
2412.63	286.802
2413.33	330.686
2414.02	328.557
2414.72	320.298
2415.42	341.652
2416.11	323.212
2416.81	326.224
2417.5	318.04
2418.2	338.443
2418.9	317.05
2419.59	321.163
2420.28	314.037
2420.98	325.227
2421.67	304.756
2422.37	295.475
2423.06	306.572
2423.75	313.623
2424.45	330.917
2425.14	299.416
2425.84	303.602
2426.53	335.323
2427.22	334.431
2427.91	316.152
2428.61	328.391
2429.3	293.67
2429.99	311.894
2430.68	304.602
2431.37	313.571
2432.07	305.248
2432.76	316.264
2433.45	323.258
2434.14	292.753
2434.83	348.587
2435.52	327.306
2436.21	315.152
2436.9	310.064
2437.59	328.259
2438.28	306.83
2438.97	315.803
2439.66	307.548
2440.35	307.431
2441.04	315.447
2441.72	317.419
2442.41	297.144
2443.1	294.06
2443.79	304.1
2444.48	316.137
2445.16	307.958
2445.85	307.883
2446.54	318.953
2447.23	320.966
2447.91	309.87
2448.6	309.873
2449.29	322.98
2449.97	324.961
2450.66	330.969
2451.34	326.892
2452.03	333.933
2452.72	321.833
2453.4	318.815
2454.09	318.802
2454.77	302.614
2455.46	313.592
2456.14	317.469
2456.82	307.24
2457.51	319.176
2458.19	329.143
2458.88	350.225
2459.56	348.241
2460.24	317.135
2460.92	349.385
2461.61	328.338
2462.29	329.402
2462.97	345.535
2463.66	327.435
2464.34	354.563
2465.02	345.441
2465.7	353.378
2466.38	349.236
2467.06	333.053
2467.75	372.123
2468.42	348.993
2469.11	365.064
2469.79	362.112
2470.47	334.091
2471.15	343.223
2471.83	350.339
2472.51	336.331
2473.19	347.403
2473.86	338.353
2474.54	375.489
2475.22	364.415
2475.9	355.377
2476.58	359.432
2477.26	334.401
2477.94	323.456
2478.61	341.66
2479.29	345.79
2479.97	362.97
2480.65	330.848
2481.32	364.078
2482	328.913
2482.68	339.019
2483.35	367.249
2484.03	342.158
2484.71	340.19
2485.38	358.318
2486.06	346.223
2486.73	312.987
2487.41	343.129
2488.08	350.162
2488.76	311.98
2489.43	350.286
2490.11	362.487
2490.78	357.603
2491.45	341.635
2492.13	341.757
2492.8	340.849
2493.48	336.899
2494.15	377.302
2494.82	339.086
2495.49	331.142
2496.17	328.274
2496.84	349.668
2497.51	317.545
2498.18	344.002
2498.86	337.059
2499.53	356.352
2500.2	366.495
2500.87	338.183
2501.54	328.104
2502.21	347.421
2502.88	327.339
2503.55	347.798
2504.22	362.212
2504.89	363.424
2505.56	370.665
2506.23	368.72
2506.9	351.526
2507.57	342.456
2508.24	356.771
2508.91	376.217
2509.58	353.019
2510.25	380.606
2510.91	367.491
2511.58	392.977
2512.25	380.817
2512.92	380.87
2513.59	347.386
2514.25	378.03
2514.92	343.567
2515.59	397.683
2516.25	349.942
2516.92	345.964
2517.59	366.418
2518.25	399.086
2518.92	373.646
2519.58	365.537
2520.25	369.68
2520.91	348.36
2521.58	385.217
2522.24	375.197
2522.91	366.219
2523.57	356.222
2524.24	381.992
2524.9	353.548
2525.56	354.732
2526.23	376.375
2526.89	366.268
2527.55	373.558
2528.22	360.336
2528.88	346.054
2529.54	373.76
2530.21	348.136
2530.87	369.655
2531.53	355.331
2532.19	351.315
2532.85	376.086
2533.51	369.132
2534.18	342.677
2534.84	348.009
2535.5	355.329
2536.16	375.921
2536.82	374.843
2537.48	383.991
2538.14	355.139
2538.8	360.23
2539.46	384.9
2540.12	389.114
2540.78	374.897
2541.44	366.862
2542.09	363.957
2542.75	380.565
2543.41	388.891
2544.07	388.909
2544.73	386.79
2545.39	390.773
2546.04	385.458
2546.7	376.03
2547.36	396.418
2548.02	410.69
2548.67	400.395
2549.33	390.16
2549.98	387.142
2550.64	421.094
2551.3	417.061
2551.95	397.622
2552.61	434.67
2553.26	420.369
2553.92	430.707
2554.57	396.828
2555.23	396.793
2555.88	423.387
2556.54	410.897
2557.19	438.4
2557.85	402.323
2558.5	400.144
2559.15	401.102
2559.81	444.12
2560.46	390.874
2561.11	438.043
2561.77	452.406
2562.42	426.763
2563.07	420.526
2563.72	412.19
2564.37	420.2
2565.03	443.551
2565.68	442.396
2566.33	439.277
2566.98	487.346
2567.63	488.45
2568.28	477.28
2568.93	469.117
2569.58	413.85
2570.23	433.149
2570.88	441.179
2571.53	435.964
2572.18	422.661
2572.83	423.713
2573.48	426.837
2574.13	426.887
2574.78	418.729
2575.43	440.136
2576.07	427.812
2576.72	416.499
2577.37	388.872
2578.02	442.869
2578.67	419.335
2579.31	419.243
2579.96	423.193
2580.61	430.163
2581.26	454.422
2581.9	399.303
2582.55	430.755
2583.19	403.272
2583.84	412.481
2584.49	412.572
2585.13	409.599
2585.78	395.37
2586.42	390.216
2587.07	401.25
2587.71	395.945
2588.36	401.792
2589	416.784
2589.65	409.492
2590.29	401.259
2590.93	405.258
2591.58	401.2
2592.22	410.362
2592.86	410.435
2593.51	392.282
2594.15	404.57
2594.79	378.316
2595.43	400.757
2596.07	416.075
2596.72	406.984
2597.36	389.718
2598	416.052
2598.64	391.609
2599.28	395.582
2599.92	404.652
2600.56	369.147
2601.2	404.67
2601.85	391.544
2602.49	413.915
2603.13	400.762
2603.76	386.561
2604.4	408.847
2605.04	404.755
2605.68	405.741
2606.32	404.712
2606.96	385.438
2607.6	389.463
2608.24	430.951
2608.88	395.395
2609.51	410.487
2610.15	407.371
2610.79	395.198
2611.43	397.267
2612.06	390.286
2612.7	433.992
2613.34	417.955
2613.97	393.785
2614.61	372.616
2615.25	378.801
2615.88	393.09
2616.52	414.484
2617.15	413.566
2617.79	412.66
2618.42	415.827
2619.06	413.917
2619.69	419.108
2620.33	431.389
2620.96	418.237
2621.6	437.579
2622.23	435.57
2622.86	414.261
2623.5	424.486
2624.13	431.697
2624.76	423.679
2625.4	443.124
2626.03	440.174
2626.66	432.105
2627.29	416.887
2627.93	455.6
2628.56	441.414
2629.19	474.082
2629.82	440.614
2630.45	448.905
2631.08	475.537
2631.71	470.57
2632.34	434.999
2632.98	475.867
2633.61	442.322
2634.24	490.387
2634.87	455.879
2635.5	485.679
2636.12	490.999
2636.75	482.009
2637.38	482.19
2638.01	500.749
2638.64	483.503
2639.27	512.251
2639.9	506.201
2640.53	500.119
2641.15	516.521
2641.78	509.381
2642.41	522.712
2643.04	545.285
2643.66	546.417
2644.29	508.691
2644.92	542.641
2645.54	529.484
2646.17	519.359
2646.8	532.75
2647.42	552.243
2648.05	545.068
2648.67	534.814
2649.3	539.946
2649.92	544.091
2650.55	532.914
2651.17	566.879
2651.8	558.87
2652.42	573.445
2653.05	535.7
2653.67	569.749
2654.29	563.728
2654.92	555.593
2655.54	577.185
2656.16	580.273
2656.79	565.913
2657.41	579.597
2658.03	568.096
2658.65	545.405
2659.27	571.469
2659.9	593.641
2660.52	561.351
2661.14	554.803
2661.76	570.292
2662.38	558.048
2663	562.751
2663.62	579.899
2664.24	567.217
2664.86	564.059
2665.48	621.546
2666.1	601.384
2666.72	590.624
2667.34	576.684
2667.96	601.773
2668.58	590.402
2669.2	583.306
2669.82	593.34
2670.44	563.911
2671.05	590.459
2671.67	611.741
2672.29	623.834
2672.91	620.65
2673.53	593.705
2674.14	642.77
2674.76	625.258
2675.38	623.662
2675.99	636.85
2676.61	660.282
2677.23	675.572
2677.84	678.295
2678.46	728.432
2679.07	782.136
2679.69	796.008
2680.3	827.265
2680.92	866.441
2681.53	898.352
2682.15	915.385
2682.76	951.917
2683.38	961.92
2683.99	940.971
2684.61	954.874
2685.22	936.646
2685.83	932.858
2686.44	918.967
2687.06	919.394
2687.67	911.431
2688.28	912.384
2688.9	900.899
2689.51	926.517
2690.12	927.345
2690.73	940.493
2691.34	939.501
2691.96	930.941
2692.57	949.119
2693.18	927.67
2693.79	946.962
2694.4	975.941
2695.01	936.902
2695.62	946.204
2696.23	950.497
2696.84	944.119
2697.45	943.074
2698.06	965.35
2698.67	943.613
2699.28	944
2699.88	947.23
2700.49	957.213
2701.1	947.341
2701.71	929.345
2702.32	938.997
2702.93	934.882
2703.53	952.163
2704.14	946.541
2704.75	954.854
2705.36	951.22
2705.96	972.074
2706.57	966.106
2707.17	975.152
2707.78	980.079
2708.39	963.82
2708.99	966.219
2709.6	968.075
2710.2	994.559
2710.81	1002.8
2711.41	1016.88
2712.02	1003.44
2712.62	1012.52
2713.23	1009.29
2713.83	1021.6
2714.44	1033.28
2715.04	1032.42
2715.64	1043.13
2716.25	1062.57
2716.85	1065.29
2717.45	1035.15
2718.05	1050.95
2718.66	1063.87
2719.26	1065.84
2719.86	1072.32
2720.46	1083.43
2721.06	1098.88
2721.67	1095.27
2722.27	1123.33
2722.87	1122.26
2723.47	1105
2724.07	1112.18
2724.67	1115.53
2725.27	1122.47
2725.71	1156.51
2726.38	1130.86
2727.06	1117.25
2727.73	1162.54
2728.4	1144.7
2729.07	1146.25
2729.74	1146.94
2730.42	1168.17
2731.09	1157.13
2731.76	1173.73
2732.43	1139.64
2733.1	1181.84
2733.77	1203.67
2734.44	1165.34
2735.11	1206.23
2735.78	1213.36
2736.45	1213.21
2737.12	1193.58
2737.79	1222.72
2738.46	1230.46
2739.13	1215.89
2739.8	1238.06
2740.47	1230.95
2741.14	1200.68
2741.81	1242.79
2742.47	1269.79
2743.14	1218.47
2743.81	1246.47
2744.48	1230.59
2745.15	1224.78
2745.81	1202.62
2746.48	1234.48
2747.15	1229.71
2747.81	1267.8
2748.48	1242.63
2749.15	1253.04
2749.81	1296.95
2750.48	1310.07
2751.15	1281.28
2751.81	1276
2752.48	1267.87
2753.14	1277.38
2753.81	1217.78
2754.47	1225.66
2755.14	1191.58
2755.8	1215.48
2756.47	1208.47
2757.13	1122.55
2757.8	1156.14
2758.46	1156.08
2759.13	1161.31
2759.79	1135.04
2760.45	1133.41
2761.12	1134.81
2761.78	1125.82
2762.44	1164.71
2763.1	1157.41
2763.77	1142.94
2764.43	1183.82
2765.09	1178.89
2765.76	1203.88
2766.42	1187.1
2767.08	1193.94
2767.74	1243.8
2768.4	1251.55
2769.06	1278.65
2769.72	1263.55
2770.38	1310.94
2771.05	1350.11
2771.71	1332.89
2772.37	1362.99
2773.03	1394.27
2773.69	1465.73
2774.35	1502.29
2775.01	1575.75
2775.67	1597.64
2776.33	1716.02
2776.99	1788.03
2777.64	1848.75
2778.3	1933.25
2778.96	2002.48
2779.62	2016.21
2780.28	2107.03
2780.94	2092.73
2781.59	2121.5
2782.25	2109.09
2782.91	2112.29
2783.57	2047.85
2784.22	2049.58
2784.88	2031.92
2785.54	2035.84
2786.2	2022.96
2786.85	2002.33
2787.51	2041.99
2788.16	2039.09
2788.82	2056.8
2789.48	2038.82
2790.13	2107.85
2790.79	2056.96
2791.44	2114.48
2792.1	2124.6
2792.75	2166.32
2793.41	2186.91
2794.06	2218.38
2794.72	2247.47
2795.37	2301.15
2796.02	2295.19
2796.68	2339.86
2797.33	2352.87
2797.98	2335.27
2798.64	2418.71
2799.29	2437.49
2799.94	2450.2
2800.6	2479.43
2801.25	2508.7
2801.9	2537.96
2802.55	2558.93
2803.21	2559.17
2803.86	2630.28
2804.51	2671.32
2805.16	2680.28
2805.81	2743.75
2806.46	2810.33
2807.11	2828.58
2807.77	2843.76
2808.42	2861.93
2809.07	2920.05
2809.72	2981.01
2810.37	3001.66
2811.02	3007.88
2811.67	3063.63
2812.32	3146.4
2812.97	3197.69
2813.61	3232.86
2814.26	3243.55
2814.91	3278.94
2815.56	3311.15
2816.21	3352.47
2816.86	3398.71
2817.51	3456.04
2818.15	3489.47
2818.8	3538.06
2819.45	3575.2
2820.1	3621.64
2820.74	3637.61
2821.39	3686.98
2822.04	3787.15
2822.69	3771.44
2823.33	3868.49
2823.98	3842.69
2824.63	3944.6
2825.27	3973.04
2825.92	4045.49
2826.56	4030.98
2827.21	4165.78
2827.85	4196.53
2828.5	4249.28
2829.14	4226.43
2829.79	4225.34
2830.43	4198.77
2831.08	4221.58
2831.72	4317.29
2832.37	4301.86
2833.01	4329.22
2833.65	4326.37
2834.3	4471.09
2834.94	4468.5
2835.58	4482.05
2836.23	4477.93
2836.87	4455.29
2837.51	4563.23
2838.16	4600.79
2838.8	4585.56
2839.44	4571.91
2840.08	4636.52
2840.72	4639.38
2841.36	4627.34
2842.01	4662.07
2842.65	4673.93
2843.29	4647.8
2843.93	4670.15
2844.57	4700.89
2845.21	4713.27
2845.85	4735.93
2846.49	4796.76
2847.13	4761.41
2847.77	4856.1
2848.41	4897.91
2849.05	4899.78
2849.69	4890.94
2850.33	4853.39
2850.97	4784.89
2851.61	4815.23
2852.24	4848.27
2852.88	4865.19
2853.52	4932.36
2854.16	4954.53
2854.8	4938.58
2855.43	4921.84
2856.07	4945.82
2856.71	4949.5
2857.35	5055.34
2857.98	4996.44
2858.62	5044.9
2859.26	5053.09
2859.89	5111.54
2860.53	5167.39
2861.16	5205.54
2861.8	5242.98
2862.44	5317.73
2863.07	5343.49
2863.71	5406.24
2864.34	5487.83
2864.98	5545.16
2865.61	5584.33
2866.25	5637.01
2866.88	5688.48
2867.52	5792.12
2868.15	5814.96
2868.78	5909.72
2869.42	6073.62
2870.05	6130.69
2870.69	6214.21
2871.32	6366.62
2871.95	6432.01
2872.58	6478.1
2873.22	6649.93
2873.85	6787.13
2874.48	6953.67
2875.11	7087.86
2875.75	7157.15
2876.38	7286.06
2877.01	7411.93
2877.64	7525.45
2878.27	7653.25
2878.9	7718.2
2879.53	7917.63
2880.16	8051.04
2880.79	8173.01
2881.42	8240.81
2882.05	8361.67
2882.68	8423.09
2883.31	8570.01
2883.94	8716.02
2884.57	8809.62
2885.2	8946.32
2885.83	8985.35
2886.46	8983.87
2887.09	9125.07
2887.72	9172.15
2888.35	9224.89
2888.97	9278.79
2889.6	9236.13
2890.23	9304.11
2890.86	9410.33
2891.49	9376.12
2892.11	9356.78
2892.74	9450.34
2893.37	9483.83
2893.99	9514.7
2894.62	9510.31
2895.25	9621.23
2895.87	9633.34
2896.5	9550.85
2897.12	9605.25
2897.75	9655.43
2898.38	9663.81
2899	9640.29
2899.63	9816.42
2900.25	9898.31
2900.88	9952.57
2901.5	9915.85
2902.12	9934.12
2902.75	10021.2
2903.37	10012.8
2904	10016.5
2904.62	10037.2
2905.25	10113.5
2905.87	10008.7
2906.49	10078.3
2907.11	10095.5
2907.74	9974.76
2908.36	9972.7
2908.98	9895.66
2909.6	9909.65
2910.23	9816.09
2910.85	9772.92
2911.47	9684.18
2912.09	9503.5
2912.71	9375.82
2913.33	9434.73
2913.96	9300.23
2914.58	9133.07
2915.2	8948.03
2915.82	8862.76
2916.44	8619.09
2917.06	8553.12
2917.68	8417.97
2918.3	8298.38
2918.92	8256.96
2919.54	8149.59
2920.16	8084.48
2920.77	7969.69
2921.39	7949.57
2922.01	7901.94
2922.63	7800.82
2923.25	7660.73
2923.87	7749.6
2924.48	7714.19
2925.1	7717.48
2925.72	7711.53
2926.34	7644.53
2926.95	7713.03
2927.57	7648.02
2928.19	7609.99
2928.8	7627.11
2929.42	7716.8
2930.04	7671
2930.65	7758.55
2931.27	7765.35
2931.89	7770.07
2932.5	7878.82
2933.12	7846.1
2933.73	7862.91
2934.35	7950.27
2934.96	7903.11
2935.58	8137.39
2936.19	8128.29
2936.81	8163.41
2937.42	8210.47
2938.03	8272.51
2938.65	8261.34
2939.26	8451.95
2939.88	8369.53
2940.49	8414.89
2941.1	8377.73
2941.71	8356.27
2942.33	8339.19
2942.94	8292.68
2943.55	8286.32
2944.17	8295.36
2944.78	8335.58
2945.39	8288.86
2946	8188.6
2946.61	8221.57
2947.22	8240.52
2947.83	8152.02
2948.45	8113.67
2949.06	8037.24
2949.67	7947.73
2950.28	7916.62
2950.89	7910.02
2951.5	7759.69
2952.11	7745.07
2952.72	7628.24
2953.33	7552.48
2953.94	7462.25
2954.54	7322.54
2955.15	7312.82
2955.76	7158.33
2956.37	7090.27
2956.98	6965.31
2957.59	6830.7
2958.2	6787.92
2958.8	6643.32
2959.41	6573.16
2960.02	6463.14
2960.63	6384.26
2961.23	6235.3
2961.84	6200.43
2962.45	6021.09
2963.05	5960.94
2963.66	5830.64
2964.27	5749.97
2964.87	5644.73
2965.48	5514.66
2966.08	5446.71
2966.69	5322.81
2967.29	5210.47
2967.9	5179.55
2968.5	5072.58
2969.11	5031.19
2969.71	4890.28
2970.32	4869.55
2970.92	4738.64
2971.53	4638.15
2972.13	4484.1
2972.74	4428.12
2973.34	4328.9
2973.94	4192.89
2974.54	4193.24
2975.15	4083.98
2975.75	4031.95
2976.35	3896.71
2976.96	3858.58
2977.56	3724.37
2978.16	3718.37
2978.76	3608.63
2979.36	3519.34
2979.97	3404.51
2980.57	3396.56
2981.17	3311.59
2981.77	3261.14
2982.37	3187.55
2982.97	3150.36
2983.57	2989.95
2984.17	3010.05
2984.77	2897.49
2985.37	2815.34
2985.97	2763.52
2986.57	2718.28
2987.17	2691.58
2987.77	2563.23
2988.37	2538.01
2988.97	2471.37
2989.57	2416.7
2990.17	2363.92
2990.76	2324.47
2991.36	2290.28
2991.96	2182.55
2992.56	2183.5
2993.16	2092.27
2993.75	2066.42
2994.35	2020.89
2994.95	1956.79
2995.54	1940.79
2996.14	1894.28
2996.74	1810.25
2997.33	1795.03
2997.93	1786.15
2998.52	1767.12
2999.12	1657
2999.72	1670.63
3000.31	1628.96
3000.91	1552.46
3001.5	1547.63
3002.1	1521.24
3002.69	1519.32
3003.29	1466.05
3003.88	1467.99
3004.47	1430.99
3005.07	1393.09
3005.66	1372.84
3006.26	1312.88
3006.85	1300.22
3007.44	1251.73
3008.04	1256.47
3008.63	1235.34
3009.22	1224.2
3009.81	1196.41
3010.41	1191.1
3011	1191.98
3011.59	1135.52
3012.18	1138.74
3012.77	1110.26
3013.36	1077.69
3013.96	1114.92
3014.55	1057.61
3015.14	1072.23
3015.73	1018.07
3016.32	1007.17
3016.91	990.141
3017.5	1001.88
3018.09	968.214
3018.68	991.006
3019.27	958.104
3019.86	945.787
3020.45	960.336
3021.04	931.778
3021.63	923.921
3022.22	906.813
3022.8	914.382
3023.39	903.279
3023.98	911.677
3024.57	864.324
3025.16	867.524
3025.74	869.712
3026.33	839.896
3026.92	863.694
3027.5	877.092
3028.09	847.068
3028.68	839.734
3029.26	832.455
3029.85	823.227
3030.44	848.194
3031.02	857.807
3031.61	809.64
3032.19	833.728
3032.78	828.797
3033.37	806.176
3033.95	831.01
3034.54	821.688
3035.12	822.704
3035.71	813.411
3036.29	795.871
3036.87	801.079
3037.46	827.999
3038.04	832.195
3038.63	803.359
3039.21	833.547
3039.79	795.582
3040.38	798.03
3040.96	829.497
3041.54	806.012
3042.12	759.569
3042.71	822.771
3043.29	802.909
3043.87	815.058
3044.45	790.958
3045.03	773.163
3045.62	794.83
3046.2	810.436
3046.78	784.754
3047.36	777.74
3047.94	785.202
3048.52	814.354
3049.1	799.921
3049.68	791.634
3050.26	799.878
3050.84	809.137
3051.42	774.893
3052	796.575
3052.58	795.476
3053.16	807.853
3053.74	816.125
3054.32	805.824
3054.89	803.89
3055.47	819.646
3056.05	789.873
3056.63	784.957
3057.21	803.825
3057.78	818.444
3058.36	811.167
3058.94	826.599
3059.52	821.251
3060.09	824.216
3060.67	843.828
3061.25	851.087
3061.82	817.991
3062.4	802.512
3062.97	821.185
3063.55	854.295
3064.13	823.104
3064.7	845.787
3065.28	798.078
3065.85	812.593
3066.43	838.56
3067	827.235
3067.58	823.09
3068.15	838.504
3068.72	819.609
3069.3	814.104
3069.87	809.637
3070.45	836.291
3071.02	831.014
3071.59	791.749
3072.17	827.029
3072.74	824.042
3073.31	842.705
3073.89	811.601
3074.46	817.65
3075.03	805.061
3075.6	828.717
3076.17	797.697
3076.74	824.692
3077.32	811.463
3077.89	825.156
3078.46	813.992
3079.03	826.544
3079.6	844.157
3080.17	832.683
3080.74	815.945
3081.31	809.499
3081.88	838.185
3082.45	858.586
3083.02	855.232
3083.59	847.767
3084.16	843.413
3084.73	839.067
3085.3	856.414
3085.87	824.28
3086.43	856.21
3087	865.548
3087.57	820.282
3088.14	854.515
3088.71	869.114
3089.28	847.501
3089.84	844.377
3090.41	852.545
3090.98	879.261
3091.54	852.307
3092.11	887.27
3092.68	838.653
3093.24	876.68
3093.81	837.34
3094.38	891.854
3094.94	866.996
3095.51	854.541
3096.07	861.678
3096.64	855.398
3097.2	885.163
3097.77	879.889
3098.33	882.904
3098.9	914.842
3099.46	889.174
3100.03	913.005
3100.59	869.848
3101.15	871.972
3101.72	887.415
3102.28	885.266
3102.84	912.95
3103.41	888.064
3103.97	911.578
3104.53	910.36
3105.1	916.342
3105.66	926.444
3106.22	911.871
3106.78	923.061
3107.34	934.284
3107.91	911.59
3108.47	923.897
3109.03	915.67
3109.59	927.055
3110.15	928.247
3110.71	944.966
3111.27	933.944
3111.83	933.176
3112.39	951.852
3112.95	961.086
3113.51	962.956
3114.07	969.896
3114.63	914.086
3115.19	953.04
3115.75	960.209
3116.31	978.774
3116.87	956.199
3117.43	975.748
3117.98	950.964
3118.54	980.61
3119.1	971.122
3119.66	1012.02
3120.22	981.02
3120.77	1010.74
3121.33	961.401
3121.89	969.636
3122.44	950.093
3123	989.053
3123.56	1002.22
3124.11	1000.93
3124.67	949.3
3125.23	1021.94
3125.78	999.197
3126.34	999.157
3126.89	1024.89
3127.45	1012.75
3128	993.446
3128.56	1010.07
3129.11	1037.95
3129.67	1011.33
3130.22	991.812
3130.78	1021.51
3131.33	1054.19
3131.88	1052.93
3132.44	1035.23
3132.99	1047.3
3133.54	1036.86
3134.1	1035.71
3134.65	1073.62
3135.2	1072.62
3135.76	1026.52
3136.31	1074.8
3136.86	1043.06
3137.41	1073.88
3137.96	1062.6
3138.51	1041.03
3139.07	1078.95
3139.62	1080.95
3140.17	1089.11
3140.72	1093.19
3141.27	1066.52
3141.82	1073.69
3142.37	1133.16
3142.92	1067.47
3143.47	1118.66
3144.02	1097.05
3144.57	1078.58
3145.12	1078.66
3145.67	1098.33
3146.22	1109.89
3146.77	1094.8
3147.32	1109.43
3147.86	1097.28
3148.41	1147.63
3148.96	1113.68
3149.51	1137.12
