401.058	3309.35
402.149	3433.23
403.243	3470.65
404.332	3419.92
405.424	3309.63
406.515	3274.93
407.606	3187.69
408.697	3070.74
409.785	2964.51
410.876	2970.13
411.967	2817.92
413.055	2782.61
414.143	2830.99
415.233	2760.98
416.321	2786.81
417.409	2831.91
418.499	2776.66
419.586	2877.76
420.673	2986.58
421.761	2996.98
422.848	3216
423.935	3228.58
425.02	3401.21
426.106	3416.07
427.193	3544.07
428.278	3666.04
429.364	3754.42
430.45	3831.67
431.534	3837.63
432.618	3956.51
433.704	3997.32
434.788	3989.33
435.871	4057.1
436.955	4103.78
438.038	4054.72
439.123	4025
440.204	3878.02
441.287	3691.37
442.37	3630.74
443.452	3452.77
444.535	3265.28
445.615	3119.38
446.698	2950.29
447.78	2876.47
448.86	2684.03
449.939	2660.92
451.021	2448.65
452.101	2428.24
453.18	2347.72
454.262	2333.6
455.341	2205.72
456.42	2221.94
457.499	2330.58
458.578	2456.9
459.654	2151.06
460.733	2149.97
461.811	2151.94
462.89	2073.15
463.966	2022.14
465.044	2084.52
466.12	2097.55
467.197	2143.07
468.273	2095.22
469.349	2132.53
470.426	2120.63
471.501	2089.43
472.576	2138.78
473.651	2146.3
474.726	2350.05
475.801	2413.14
476.876	2497.11
477.95	2522.81
479.022	2425.01
480.097	2292.57
481.171	2247.86
482.243	2320.51
483.317	2394.74
484.388	2524.29
485.46	2504.81
486.533	2618.19
487.605	2660.18
488.676	2770.19
489.747	2823
490.818	2855.85
491.889	3029.9
492.959	3042.62
494.03	3149.46
495.1	3133.17
496.171	3207.48
497.239	3205.87
498.309	3276.16
499.379	3283.71
500.446	3255.64
501.514	3234.52
502.584	3237.93
503.651	3148.73
504.718	3144.28
505.788	3221.59
506.855	3207.47
507.921	3191.46
508.988	3255.94
510.055	3305.81
511.119	3247.77
512.186	3323.72
513.252	3397.26
514.318	3464.71
515.382	3600.3
516.448	3683
517.512	3799.08
518.577	3821
519.641	3881.1
520.704	3986.86
521.768	4023.1
522.833	4117.52
523.896	4092.58
524.959	4258.89
526.021	4311.49
527.084	4387.02
528.144	4558.86
529.207	4742.6
530.269	4775.5
531.331	4867.16
532.391	4897.76
533.453	4923.26
534.513	4833.36
535.572	4706.56
536.634	4773.47
537.693	4515.49
538.752	4401.35
539.812	4406.88
540.87	4190.63
541.929	3998.5
542.988	3907.71
544.047	3739.83
545.105	3644.14
546.164	3469.77
547.22	3361.07
548.278	3194.11
549.336	3056.29
550.392	2941.67
551.448	2842.3
552.505	2758.39
553.561	2632.14
554.616	2545.34
555.671	2567.53
556.728	2441.22
557.783	2449.41
558.836	2307.15
559.891	2300.36
560.946	2247.88
562	2148.32
563.055	2159.6
564.107	2103.63
565.161	2107.25
566.213	2060.9
567.267	1990.41
568.318	1983.68
569.37	1974.14
570.424	1974.79
571.475	1982.9
572.526	1986.47
573.577	2032.49
574.628	2002.02
575.679	2094.12
576.73	2091.44
577.781	2132.21
578.829	2145.58
579.88	2078.18
580.93	2043.07
581.978	1967.47
583.026	1945.11
584.076	1891.39
585.124	1877.16
586.172	1884.96
587.221	1926.73
588.269	1989.5
589.316	1919.85
590.363	1938.18
591.41	1947.24
592.457	1950.91
593.502	1924.74
594.549	1933.13
595.595	1905.51
596.64	1792.1
597.686	1738.33
598.73	1723.73
599.776	1688.33
600.82	1634.05
601.864	1585.07
602.908	1582.18
603.953	1522.77
604.997	1590.73
606.04	1499.99
607.083	1558.39
608.125	1602.82
609.168	1510.41
610.211	1594.59
611.253	1534.66
612.294	1504.2
613.336	1498.75
614.377	1542.31
615.419	1513.04
616.459	1510.41
617.499	1531.6
618.539	1498.2
619.579	1503.48
620.619	1481.13
621.658	1460.73
622.698	1496.69
623.737	1500.46
624.776	1555.97
625.815	1504.58
626.852	1458.82
627.891	1449.13
628.928	1457.93
629.966	1421.43
631.003	1393.93
632.041	1410.44
633.077	1396.18
634.114	1400.22
635.15	1351.7
636.185	1347.66
637.221	1283.95
638.257	1286.85
639.292	1247.4
640.328	1274.26
641.361	1253.84
642.396	1255.23
643.431	1210.28
644.464	1165.26
645.497	1190.28
646.532	1163.04
647.564	1210.56
648.597	1115.8
649.629	1148.03
650.663	1137.94
651.695	1195.74
652.727	1157.71
653.757	1159.97
654.789	1163.07
655.821	1181.8
656.852	1172.22
657.882	1169.24
658.913	1178.33
659.942	1197.56
660.973	1173.62
662.002	1155.97
663.031	1162.99
664.06	1205.9
665.09	1192.35
666.119	1259.05
667.147	1230.78
668.175	1184.24
669.201	1196.35
670.229	1176.84
671.257	1141.27
672.285	1184.57
673.311	1138.53
674.338	1139.61
675.363	1140.03
676.389	1148.96
677.416	1186.52
678.441	1141.87
679.466	1148.58
680.491	1155.94
681.515	1173.28
682.54	1145.43
683.565	1143.57
684.589	1179.77
685.613	1191.3
686.635	1168.84
687.659	1200
688.681	1272.75
689.705	1281.69
690.727	1287.77
691.75	1331.71
692.772	1302.48
693.793	1320.36
694.814	1379.81
695.835	1384.47
696.856	1425.11
697.877	1423.02
698.898	1460.7
699.918	1492.83
700.937	1454.69
701.957	1469.36
702.978	1479.43
703.996	1477.44
705.016	1394
706.034	1384.5
707.052	1368.49
708.069	1410.73
709.087	1365.2
710.107	1341.02
711.124	1320.63
712.139	1304.02
713.156	1249.56
714.173	1236.65
715.19	1170.96
716.205	1195.64
717.222	1182.24
718.238	1222.21
719.253	1169.81
720.267	1135
721.283	1199.79
722.297	1165.16
723.311	1141.71
724.325	1129.39
725.339	1145.7
726.353	1226.52
727.366	1149.25
728.38	1155.77
729.391	1145.72
730.404	1142.91
731.417	1205.18
732.428	1166.06
733.441	1141.52
734.452	1143.62
735.463	1120.14
736.475	1116.14
737.486	1118.81
738.496	1129.92
739.506	1158.56
740.516	1119.29
741.526	1102.86
742.534	1126.68
743.544	1073.31
744.554	1009.81
745.561	1067.45
746.571	997.617
747.578	1057.2
748.587	1037.96
749.594	1012.37
750.601	992.329
751.608	1009.97
752.615	997.419
753.621	965.664
754.628	1026.76
755.634	1019.08
756.641	993.082
757.647	1016.82
758.651	955.878
759.657	1035.89
760.663	989.608
761.666	967.188
762.67	992.669
763.676	963.525
764.679	985.05
765.682	1012.91
766.686	981.509
767.689	1058.25
768.692	1048.22
769.694	968.138
770.697	1030.78
771.698	977.991
772.7	989.201
773.703	1017.99
774.703	1041.92
775.703	1063.65
776.705	1018.14
777.705	1113.64
778.705	1031.73
779.705	1067.94
780.705	1081.15
781.704	1078.74
782.704	1119.15
783.703	1079.55
784.702	1109.55
785.701	1129.2
786.698	1149.73
787.697	1126.58
788.694	1135.16
789.693	1176.4
790.689	1262.36
791.686	1218.85
792.682	1333.47
793.68	1336.2
794.676	1325.84
795.672	1422.62
796.666	1442.33
797.662	1423.13
798.658	1479.47
799.653	1541.34
800.647	1565.68
801.642	1546.81
802.636	1532.3
803.631	1535.3
804.624	1540.12
805.617	1491.95
806.61	1470.81
807.602	1451.51
808.595	1460.94
809.587	1406.23
810.58	1434.13
811.572	1453.74
812.564	1423.46
813.554	1440.61
814.546	1469.88
815.536	1479.73
816.528	1522.84
817.518	1582.54
818.507	1613.53
819.499	1677.83
820.488	1757.83
821.477	1872.82
822.466	2003.25
823.455	2066.81
824.444	2238.05
825.431	2364.76
826.42	2519.17
827.408	2686.77
828.395	2840.92
829.383	3075.41
830.369	3254.47
831.356	3553.5
832.342	3722.7
833.33	4147.58
834.315	4521.28
835.301	4940.22
836.287	5347.25
837.27	5600.47
838.256	5846.51
839.241	6048.05
840.226	6113.55
841.209	6004.12
842.194	5853
843.177	5614.58
844.16	5265.16
845.145	4948.11
846.127	4567.73
847.11	4360.08
848.092	4236.85
849.074	4096.8
850.056	4201.97
851.039	4146.71
852.018	4247.41
853	4498.57
853.982	4585.06
854.962	4772.01
855.941	4829.92
856.923	4774.6
857.902	4619.68
858.881	4387.8
859.86	4103.35
860.839	3719.96
861.818	3491.54
862.797	3293.89
863.776	3132.63
864.754	2978.46
865.733	2870.23
866.709	2783.22
867.687	2699.13
868.664	2645.66
869.642	2544.58
870.618	2512.73
871.594	2416.59
872.569	2427.32
873.545	2324.79
874.521	2276.53
875.496	2321.23
876.471	2228.48
877.447	2226.77
878.42	2199.06
879.395	2192.41
880.37	2144.24
881.343	2116.41
882.315	2093.38
883.29	2133.2
884.262	2115.12
885.235	2056.49
886.207	2081.62
887.179	2044.8
888.151	2061.29
889.123	2093.4
890.095	2097.9
891.065	2081.31
892.037	2134.86
893.009	2186.6
893.978	2231.9
894.948	2252.36
895.919	2355.96
896.888	2409.08
897.857	2493.76
898.826	2627.41
899.795	2788.61
900.764	2936.52
901.732	3046.08
902.701	3251.14
903.668	3348.87
904.636	3478.86
905.604	3626.6
906.57	3717.62
907.538	3830.41
908.504	3858.05
909.47	3939.74
910.436	3933.26
911.402	3914.94
912.367	3792.99
913.333	3751.04
914.298	3728.98
915.264	3523.48
916.229	3435.23
917.192	3347.08
918.157	3232.34
919.12	3133.58
920.084	3015.48
921.047	2930.63
922.01	2839.97
922.972	2742.51
923.935	2625.33
924.897	2559.06
925.859	2435.34
926.821	2400.79
927.783	2344.08
928.743	2293.85
929.705	2197.99
930.667	2142.82
931.626	2159.07
932.586	2024.81
933.547	1960.38
934.506	1909.17
935.466	1860.91
936.425	1884.4
937.384	1824.93
938.343	1770.84
939.301	1823.8
940.26	1857.13
941.217	1757.98
942.175	1830.7
943.132	1783.14
944.09	1815.12
945.046	1808.83
946.002	1760.35
946.96	1835.31
947.916	1745.31
948.872	1802.28
949.828	1764.49
950.783	1797.85
951.737	1735.37
952.692	1754.31
953.647	1740.23
954.601	1793.6
955.556	1724.14
956.509	1743.11
957.464	1736.16
958.417	1705.07
959.369	1730.4
960.322	1716.08
961.275	1785.93
962.227	1822.37
963.179	1803.96
964.132	1870.98
965.082	1869.68
966.034	1861.3
966.984	1918.15
967.936	1990.27
968.885	1990.91
969.837	2043.84
970.787	2087.86
971.736	2129.57
972.686	2255.61
973.635	2264.18
974.584	2326.45
975.533	2395.53
976.48	2380.35
977.429	2430.04
978.378	2505.12
979.325	2496.65
980.273	2492.83
981.22	2502.08
982.166	2456.75
983.113	2432.75
984.061	2441.25
985.007	2412.85
985.953	2373.97
986.897	2338.9
987.843	2223.61
988.789	2241.59
989.734	2199.1
990.678	2143.72
991.623	2092.07
992.567	2027.18
993.51	1977.96
994.453	1928.56
995.398	1899.6
996.341	1814.64
997.284	1833.37
998.227	1785.04
999.168	1791.85
1000.11	1759.62
1001.05	1760.11
1001.99	1759.77
1002.94	1711.15
1003.88	1682.27
1004.82	1743.93
1005.76	1772.24
1006.7	1733.56
1007.64	1743.26
1008.58	1800.29
1009.52	1776.86
1010.46	1809.98
1011.4	1805.72
1012.34	1834.2
1013.27	1803.44
1014.21	1843.96
1015.15	1856.06
1016.09	1828.32
1017.03	1893.83
1017.96	1826.59
1018.9	1847.68
1019.84	1870.37
1020.77	1903.2
1021.71	1866.08
1022.65	1956.3
1023.58	1875.91
1024.52	1961.38
1025.45	1949.88
1026.39	2025.47
1027.32	2009.95
1028.26	2028.75
1029.19	2028.45
1030.12	2011.08
1031.06	2042.59
1031.99	1995.5
1032.92	2106.62
1033.86	2031.07
1034.79	2042.14
1035.72	2047.5
1036.65	2070.56
1037.59	2022.63
1038.52	2034.84
1039.45	2051.68
1040.38	2136.5
1041.31	2105.2
1042.24	2231.61
1043.17	2208.66
1044.1	2217.73
1045.03	2269.36
1045.96	2280.52
1046.89	2320.44
1047.82	2424.29
1048.75	2348.6
1049.68	2437.09
1050.61	2493.34
1051.53	2574.93
1052.46	2541.95
1053.39	2657.64
1054.32	2718.7
1055.24	2843.32
1056.17	2901.49
1057.1	3050.39
1058.02	3115.98
1058.95	3193.26
1059.88	3216.32
1060.8	3132.59
1061.73	3132.55
1062.65	2978.16
1063.58	3022.14
1064.5	2972.8
1065.43	2970.04
1066.35	3053.59
1067.27	3119.07
1068.2	3165.38
1069.12	3219.46
1070.04	3249.46
1070.97	3348.43
1071.89	3277.96
1072.81	3249.47
1073.73	3274.07
1074.65	3181.81
1075.58	3190.16
1076.5	3100.77
1077.42	3055.54
1078.34	2998.48
1079.26	2960.31
1080.18	2842.28
1081.1	2766.24
1082.02	2724.51
1082.94	2611.5
1083.86	2496.6
1084.78	2458.68
1085.7	2394.26
1086.61	2338.56
1087.53	2285.91
1088.45	2284.61
1089.37	2256.74
1090.28	2240.13
1091.2	2239.44
1092.12	2262.26
1093.03	2219.66
1093.95	2358.99
1094.87	2365
1095.78	2462.15
1096.7	2466.74
1097.61	2599.2
1098.53	2493.12
1099.44	2606.48
1100.36	2660.04
1101.27	2696.37
1102.19	2789.28
1103.1	2796.02
1104.01	2764
1104.93	2943.81
1105.84	2914.15
1106.75	2941.65
1107.67	2990.42
1108.58	3067.94
1109.49	3061.43
1110.4	3128.31
1111.31	3166.3
1112.22	3196.2
1113.14	3310.9
1114.05	3350.89
1114.96	3428.96
1115.87	3474.34
1116.78	3602.26
1117.69	3745.31
1118.6	3844.53
1119.51	3995.15
1120.42	4154.64
1121.32	4210.03
1122.23	4340.53
1123.14	4270.98
1124.05	4244.41
1124.96	4128.36
1125.86	4079.15
1126.77	3938.9
1127.68	3855.51
1128.58	3775.56
1129.49	3721.78
1130.4	3737.11
1131.3	3700.67
1132.21	3699.36
1133.11	3809.47
1134.02	3842.79
1134.92	3933.93
1135.83	4040.07
1136.73	4005.25
1137.64	3987.35
1138.54	4012.69
1139.44	3817.25
1140.35	3752.58
1141.25	3591.94
1142.15	3488.51
1143.06	3461.38
1143.96	3266.95
1144.86	3173.22
1145.76	3076.32
1146.66	2932.35
1147.57	2697.49
1148.47	2579.54
1149.37	2465.3
1150.27	2339.64
1151.17	2189.28
1152.07	2098.99
1152.97	1969.63
1153.87	1906.89
1154.77	1809.73
1155.67	1718.14
1156.57	1601.69
1157.46	1569.1
1158.36	1488.98
1159.26	1435.71
1160.16	1310.19
1161.05	1354.36
1161.95	1305.07
1162.85	1288.95
1163.75	1204.86
1164.64	1190.1
1165.54	1143.77
1166.44	1133.64
1167.33	1068.47
1168.23	1037.78
1169.12	1036.76
1170.02	1007.31
1170.91	1014.02
1171.81	938.871
1172.7	995.84
1173.59	984.238
1174.49	967.799
1175.38	986.437
1176.27	953.688
1177.17	969.31
1178.06	948.852
1178.95	937.95
1179.84	955.612
1180.74	938.345
1181.63	944.878
1182.52	951.425
1183.41	955.052
1184.3	926.337
1185.19	943.877
1186.08	955.626
1186.97	955.05
1187.86	951.658
1188.75	963.408
1189.64	979.868
1190.53	975.552
1191.42	989.15
1192.31	976.409
1193.2	1002.4
1194.09	1010.66
1194.97	1041.67
1195.86	1015.35
1196.75	1017.23
1197.64	1051.96
1198.52	1040.49
1199.41	1057.23
1200.29	1089.07
1201.18	1082.41
1202.07	1116.26
1202.95	1098.35
1203.84	1120.77
1204.72	1091.3
1205.61	1081.45
1206.49	1118.55
1207.38	1135.08
1208.26	1149.99
1209.14	1112.62
1210.03	1118.72
1210.91	1127.77
1211.79	1133.98
1212.68	1179.5
1213.56	1109.94
1214.44	1122.88
1215.32	1108.33
1216.21	1150.11
1217.09	1139.36
1217.97	1179.58
1218.85	1204.18
1219.73	1205.67
1220.61	1252.62
1221.49	1302.66
1222.37	1389.52
1223.25	1446.16
1224.13	1641.2
1225.01	1827.5
1225.89	1986.17
1226.77	2097.57
1227.65	2193.09
1228.52	2194.62
1229.4	2177.73
1230.28	2132.89
1231.16	2123.23
1232.03	2121.2
1232.91	2183.49
1233.79	2105.34
1234.66	2102.68
1235.54	2039.94
1236.42	1977.86
1237.29	1879.54
1238.17	1792.55
1239.04	1689.47
1239.92	1588.36
1240.79	1575.69
1241.67	1459.45
1242.54	1467.77
1243.41	1441.86
1244.29	1366.44
1245.16	1389.12
1246.03	1399.46
1246.91	1405.97
1247.78	1383.75
1248.65	1373.72
1249.52	1373.02
1250.4	1375.01
1251.27	1414.17
1252.14	1403.71
1253.01	1443.02
1253.88	1461.46
1254.75	1466.6
1255.62	1472.65
1256.49	1511.06
1257.36	1503.4
1258.23	1550.01
1259.1	1553.45
1259.97	1586.41
1260.84	1559.21
1261.71	1617.99
1262.57	1661.6
1263.44	1702.46
1264.31	1736.73
1265.18	1824.47
1266.05	1867.33
1266.91	1966.38
1267.78	2051.9
1268.65	2207.82
1269.51	2411.19
1270.38	2620.04
1271.24	2890.56
1272.11	3033.15
1272.97	3227.85
1273.84	3449.89
1274.7	3587.12
1275.57	3652.11
1276.43	3718.09
1277.3	3682.46
1278.16	3624.29
1279.02	3559.85
1279.89	3391.53
1280.75	3250.06
1281.61	3112.3
1282.48	3011.62
1283.34	2769.48
1284.2	2567.08
1285.06	2411.04
1285.92	2276.66
1286.78	2181.6
1287.65	2022.45
1288.51	1884.66
1289.37	1808.24
1290.23	1705.47
1291.09	1666.46
1291.95	1625.02
1292.81	1577.43
1293.67	1539.07
1294.52	1497.66
1295.38	1428.01
1296.24	1414.98
1297.1	1393.32
1297.96	1352.27
1298.81	1306.01
1299.67	1346.32
1300.53	1303.25
1301.39	1320.04
1302.24	1305.8
1303.1	1276.27
1303.95	1289.76
1304.81	1268.43
1305.67	1243.7
1306.52	1264.74
1307.38	1281.96
1308.23	1241.55
1309.09	1244.66
1309.94	1271.29
1310.8	1277.19
1311.65	1286.67
1312.5	1284.71
1313.35	1299.44
1314.21	1304.35
1315.06	1353.91
1315.91	1363.79
1316.77	1399.03
1317.62	1424.71
1318.47	1468.72
1319.32	1485.02
1320.17	1519.83
1321.02	1586.07
1321.87	1613.34
1322.73	1656.43
1323.57	1687.23
1324.43	1727.18
1325.28	1784.69
1326.13	1801.31
1326.97	1886.87
1327.82	1927.42
1328.67	1947.76
1329.52	2004.76
1330.37	2035.74
1331.22	2060.91
1332.06	2077.53
1332.91	2103.71
1333.76	2139.86
1334.61	2183.8
1335.45	2185.36
1336.3	2188.86
1337.15	2226.35
1337.99	2232.38
1338.84	2285.47
1339.68	2283.06
1340.53	2289.53
1341.37	2315.63
1342.22	2326.62
1343.06	2309.95
1343.91	2378.81
1344.75	2404.33
1345.6	2377.59
1346.44	2402.61
1347.28	2422.38
1348.12	2370.33
1348.97	2407.94
1349.81	2423.68
1350.65	2392.96
1351.49	2371.64
1352.33	2413.62
1353.18	2425.48
1354.02	2408.21
1354.86	2419.84
1355.7	2431.68
1356.54	2456.17
1357.38	2500.07
1358.22	2535.85
1359.06	2529.9
1359.9	2503.98
1360.74	2498.49
1361.58	2510.93
1362.42	2446.3
1363.25	2429.86
1364.09	2431.91
1364.93	2417.42
1365.77	2401.89
1366.6	2392.44
1367.19	2377.78
1368.1	2375.31
1369.01	2417.99
1369.92	2425.06
1370.83	2369.89
1371.74	2364.7
1372.65	2375.06
1373.56	2315.42
1374.47	2271.48
1375.37	2282.57
1376.28	2235.51
1377.19	2185.36
1378.1	2194.04
1379	2118.18
1379.91	2143.43
1380.82	2142.15
1381.72	2103.54
1382.63	2110.81
1383.54	2167.7
1384.44	2116.67
1385.35	2114.38
1386.25	2088.63
1387.16	2115.65
1388.06	2102.86
1388.97	2110.7
1389.87	2186.7
1390.78	2205.4
1391.68	2230.95
1392.59	2237.12
1393.49	2223.84
1394.39	2192.03
1395.3	2068.13
1396.2	1968.43
1397.1	1801.22
1398	1745.34
1398.91	1696.47
1399.81	1689.31
1400.71	1642.86
1401.61	1526.31
1402.52	1489.61
1403.42	1439.39
1404.32	1425.58
1405.22	1410.79
1406.12	1385.57
1407.02	1397.87
1407.92	1376.9
1408.82	1360.94
1409.72	1356.6
1410.62	1337.02
1411.52	1283.99
1412.42	1291.03
1413.32	1305.6
1414.21	1307.64
1415.11	1297.23
1416.01	1255.36
1416.91	1221.19
1417.81	1222.33
1418.71	1231.22
1419.6	1220.37
1420.5	1224.97
1421.4	1212.67
1422.29	1169.1
1423.19	1225.33
1424.09	1159.69
1424.98	1178.52
1425.88	1193.4
1426.77	1188.26
1427.67	1187.92
1428.56	1173.4
1429.46	1194.14
1430.35	1240.63
1431.25	1196.02
1432.14	1276.97
1433.04	1259.26
1433.93	1285.45
1434.82	1339.4
1435.72	1329.69
1436.61	1403.87
1437.5	1447.67
1438.39	1564.03
1439.29	1573.56
1440.18	1630.74
1441.07	1668.71
1441.96	1740.02
1442.85	1755.88
1443.75	1816.86
1444.64	1783.38
1445.53	1889.13
1446.42	1883.02
1447.31	1891.23
1448.2	1892.42
1449.09	1934.55
1449.98	1921.6
1450.87	1974.87
1451.76	1987.92
1452.65	1977.32
1453.54	1983.58
1454.43	2040.4
1455.31	1956.54
1456.2	2021.95
1457.09	2052.06
1457.98	2022.55
1458.87	2055.41
1459.75	2112.37
1460.64	2191.98
1461.53	2192.02
1462.41	2319.51
1463.3	2426.17
1464.19	2591.94
1465.07	2788.3
1465.96	2915.01
1466.85	2972.14
1467.73	2952.35
1468.61	2895.86
1469.5	2824.2
1470.38	2845.08
1471.27	2806.9
1472.15	2911.39
1473.04	3122.47
1473.92	3121.5
1474.8	3226.1
1475.69	3285.98
1476.57	3280.1
1477.45	3327.21
1478.34	3214.64
1479.22	3216.01
1480.1	3150.03
1480.98	3076.42
1481.86	3116.41
1482.75	3084.29
1483.63	2976.69
1484.51	2835.19
1485.39	2576.1
1486.27	2247.32
1487.15	1858.36
1488.03	1589.88
1488.91	1412.42
1489.79	1267.69
1490.67	1159.53
1491.55	1068.69
1492.43	991.439
1493.31	921.108
1494.19	890.514
1495.07	831.123
1495.94	756.411
1496.82	738.538
1497.7	728.313
1498.58	682.468
1499.45	697.149
1500.33	673.415
1501.21	643.992
1502.09	629.014
1502.96	608.355
1503.84	611.651
1504.72	609.212
1505.59	623.94
1506.47	596.645
1507.34	566.51
1508.22	582.128
1509.09	571.113
1509.97	581.087
1510.84	546.464
1511.72	580.293
1512.59	563.792
1513.46	553.902
1514.34	547.734
1515.21	554.749
1516.08	557.904
1516.96	549.689
1517.83	528.283
1518.7	542.789
1519.57	511.15
1520.45	513.515
1521.32	522.529
1522.19	498.695
1523.06	518.195
1523.93	520.82
1524.8	537.551
1525.67	536.386
1526.54	505.112
1527.41	511.348
1528.28	500.665
1529.16	543.433
1530.02	499.076
1530.89	505.408
1531.76	530.549
1532.63	493.005
1533.5	506.997
1534.37	495.693
1535.24	504.026
1536.11	489.85
1536.97	498.132
1537.84	468.045
1538.71	517.575
1539.57	486.675
1540.44	484.874
1541.31	501.877
1542.18	504.869
1543.04	530.358
1543.91	477.939
1544.77	474.203
1545.64	517.302
1546.5	464.653
1547.37	488.971
1548.24	487.12
1549.1	484.482
1549.96	466.973
1550.83	473.067
1551.69	454.731
1552.56	457.049
1553.42	439.438
1554.28	469.837
1555.15	472.777
1556.01	443.583
1556.87	439.026
1557.73	465.818
1558.6	490.891
1559.46	479.09
1560.32	471.967
1561.18	469.469
1562.04	462.085
1562.9	459.358
1563.77	455.657
1564.63	478.665
1565.49	463.684
1566.35	486.941
1567.21	489.326
1568.07	464.984
1568.93	470.248
1569.79	478.345
1570.64	476.796
1571.5	481.895
1572.36	462.941
1573.22	454.529
1574.08	499.995
1574.94	487.822
1575.8	464.11
1576.65	468.348
1577.51	473.55
1578.37	461.332
1579.22	481.921
1580.08	492.824
1580.94	480.486
1581.79	472.997
1582.65	450.022
1583.51	484.315
1584.36	468.18
1585.22	457.845
1586.07	465.953
1586.93	476.953
1587.78	492.795
1588.63	465.705
1589.49	475.611
1590.34	459.111
1591.2	497.188
1592.05	484.43
1592.9	477.469
1593.76	495.871
1594.61	470.408
1595.46	473.338
1596.32	494.933
1597.17	494.184
1598.02	482.723
1598.87	489.813
1599.72	506.626
1600.58	504.74
1601.43	490.979
1602.28	500.597
1603.13	499.351
1603.98	492.185
1604.83	515.322
1605.68	520.9
1606.53	507.994
1607.38	499.076
1608.23	489.216
1609.08	526.205
1609.93	497.683
1610.77	512.987
1611.62	507.714
1612.47	492.685
1613.32	530.313
1614.17	504.716
1615.01	522.052
1615.86	522.891
1616.71	521.775
1617.55	511.838
1618.4	528.066
1619.25	504.334
1620.09	514.555
1620.94	505.335
1621.79	511.672
1622.63	505.466
1623.48	504.186
1624.32	534.922
1625.17	516.332
1626.01	512.291
1626.86	517.932
1627.7	535.174
1628.54	491.464
1629.39	503.822
1630.23	546.089
1631.07	504.22
1631.92	523.168
1632.76	526.624
1633.6	535.861
1634.45	550.9
1635.29	532.259
1636.13	514.639
1636.97	551.914
1637.81	562.225
1638.66	573.487
1639.5	543.414
1640.34	560.499
1641.18	540.163
1642.02	566.988
1642.86	539.089
1643.7	555.421
1644.54	546.753
1645.38	514.022
1646.22	559.121
1647.06	546.528
1647.89	540.678
1648.73	594.487
1649.57	553.22
1650.41	559.174
1651.25	558.489
1652.09	548.218
1652.92	566.815
1653.76	537.113
1654.6	563.207
1655.43	563.176
1656.27	547.707
1657.11	550.658
1657.94	571.146
1658.78	571.537
1659.62	563.316
1660.45	559.905
1661.29	568
1662.12	548.819
1662.96	547.924
1663.79	559.599
1664.62	547.095
1665.46	549.263
1666.29	544.78
1667.13	523.875
1667.96	539.956
1668.79	560.938
1669.63	539.007
1670.46	528.688
1671.29	517.309
1672.12	519.539
1672.96	523.674
1673.79	528.761
1674.62	519.164
1675.45	511.551
1676.28	506.927
1677.11	501.385
1677.95	501.768
1678.78	496.263
1679.61	495.616
1680.44	511.613
1681.27	496.008
1682.1	499.033
1682.93	479.382
1683.75	492.278
1684.58	484.543
1685.41	461.081
1686.24	500.794
1687.07	467.478
1687.9	470.671
1688.73	476.814
1689.55	457.215
1690.38	470.238
1691.21	465.403
1692.04	432.765
1692.86	456.506
1693.69	440.561
1694.52	467.192
1695.34	440.377
1696.17	447.326
1696.99	423.66
1697.82	459.548
1698.64	444.906
1699.47	425.253
1700.29	447.226
1701.12	424.403
1701.94	445.201
1702.77	427.179
1703.59	422.036
1704.41	409.934
1705.24	408.769
1706.06	422.512
1706.88	421.391
1707.71	423.266
1708.53	422.176
1709.35	405.208
1710.17	414.014
1711	409.887
1711.82	414.645
1712.64	410.442
1713.46	405.241
1714.28	420.856
1715.1	408.788
1715.92	417.559
1716.74	418.434
1717.56	429.173
1718.38	421.025
1719.2	411.78
1720.02	370.849
1720.84	397.057
1721.66	414.396
1722.48	400.3
1723.3	392.266
1724.11	393.196
1724.93	398.083
1725.75	414.71
1726.57	401.647
1727.39	378.63
1728.2	400.801
1729.02	390.522
1729.84	396.022
1730.65	391.786
1731.47	386.629
1732.29	409.899
1733.1	387.079
1733.92	376.956
1734.73	412.776
1735.55	387.953
1736.36	401.279
1737.18	407.792
1737.99	367.498
1738.81	377.928
1739.62	389.285
1740.43	394.75
1741.25	384.632
1742.06	408.564
1742.87	380.049
1743.69	429.261
1744.5	374.627
1745.31	371.449
1746.13	366.336
1746.94	382.553
1747.75	349.396
1748.56	359.859
1749.37	391.637
1750.18	366.325
1750.99	366.169
1751.81	385.34
1752.61	374.521
1753.42	383.051
1754.24	396.441
1755.04	381.84
1755.85	390.448
1756.66	392.267
1757.47	373.74
1758.28	374.472
1759.09	390.595
1759.9	380.657
1760.71	366.917
1761.52	401.449
1762.32	362.807
1763.13	381.076
1763.94	394.541
1764.74	370.394
1765.55	378.034
1766.36	363.504
1767.17	382.747
1767.97	356.734
1768.78	341.371
1769.58	370.419
1770.39	369.56
1771.19	381.227
1772	363.88
1772.8	388.056
1773.61	369.714
1774.41	363.95
1775.22	384.315
1776.02	386.32
1776.83	359.29
1777.63	361.288
1778.43	366.206
1779.23	355.659
1780.04	362.603
1780.84	370.577
1781.64	381.513
1782.44	340.962
1783.25	372.32
1784.05	358.917
1784.85	340.597
1785.65	344.661
1786.45	346.777
1787.25	367.45
1788.05	361.784
1788.86	376.64
1789.65	379.768
1790.46	357.436
1791.25	323.305
1792.05	373.396
1792.85	347.072
1793.65	347.229
1794.45	347.425
1795.25	350.617
1796.05	344.023
1796.85	352.207
1797.64	381.103
1798.44	345.897
1799.24	341.19
1800.04	375.947
1800.83	360.286
1801.63	379.202
1802.43	378.336
1803.22	344.795
1804.02	346.879
1804.82	366.791
1805.61	369.85
1806.41	365.954
1807.2	339.231
1808	376.016
1808.79	377.109
1809.59	362.336
1810.38	369.43
1811.18	349.672
1811.97	382.578
1812.76	346.769
1813.56	344.707
1814.35	368.459
1815.14	346.437
1815.94	342.364
1816.73	357.265
1817.52	376.228
1818.31	362.395
1819.1	366.46
1819.9	363.491
1820.69	388.332
1821.48	350.349
1822.27	366.125
1823.06	371.948
1823.85	359.874
1824.64	353.791
1825.43	340.733
1826.22	345.563
1827.01	343.404
1827.8	369.085
1828.59	363.955
1829.38	362.84
1830.17	345.85
1830.96	356.688
1831.74	354.567
1832.53	346.425
1833.32	317.381
1834.11	354.816
1834.89	345.573
1835.68	340.303
1836.47	331.086
1837.26	366.434
1838.04	343.382
1838.83	347.046
1839.61	361.552
1840.4	358.234
1841.19	356.855
1841.97	360.378
1842.76	358.971
1843.54	334.974
1844.33	346.459
1845.11	348.173
1845.89	356.813
1846.68	362.526
1847.46	359.393
1848.25	340.541
1849.03	377.596
1849.81	351.873
1850.6	371.274
1851.38	336.796
1852.16	348.388
1852.94	342.334
1853.72	337.231
1854.51	358.51
1855.29	341.591
1856.07	353.985
1856.85	342.913
1857.63	338.682
1858.41	314.96
1859.19	343.909
1859.97	341.683
1860.75	330.741
1861.53	321.806
1862.31	323.625
1863.09	338.122
1863.87	337.047
1864.65	347.609
1865.43	374.631
1866.21	368.511
1866.99	369.137
1867.76	362.943
1868.54	372.291
1869.32	338.071
1870.1	360.147
1870.87	357.105
1871.65	341.53
1872.43	336.633
1873.2	334.632
1873.98	340.354
1874.76	348.956
1875.53	345.933
1876.31	319.702
1877.08	321.602
1877.86	329.361
1878.63	347.81
1879.41	327.494
1880.18	334.281
1880.96	351.698
1881.73	340.976
1882.5	350.618
1883.28	349.622
1884.05	365.152
1884.82	330.268
1885.6	307.987
1886.37	365.285
1887.14	328.402
1887.91	342.96
1888.68	348.78
1889.46	343.939
1890.23	347.885
1891	345.092
1891.77	339.448
1892.54	358.217
1893.31	352.707
1894.08	337.45
1894.85	351.453
1895.62	351.718
1896.39	352.85
1897.16	317.645
1897.93	330.314
1898.7	342.956
1899.47	341.935
1900.24	339.05
1901.01	343.135
1901.77	335.553
1902.54	340.762
1903.31	327.284
1904.08	338.32
1904.84	354.242
1905.61	348.479
1906.38	336.775
1907.14	358.569
1907.91	321.219
1908.68	309.505
1909.44	358.032
1910.21	324.641
1910.97	323.858
1911.74	346.844
1912.51	342.136
1913.27	331.463
1914.03	340.593
1914.8	344.744
1915.56	321.053
1916.33	327.12
1917.09	326.202
1917.85	318.294
1918.62	336.226
1919.38	309.378
1920.14	347.223
1920.9	322.392
1921.67	315.523
1922.43	333.629
1923.19	331.867
1923.95	319.15
1924.71	313.405
1925.47	333.618
1926.24	319.752
1927	319.81
1927.76	313.786
1928.52	318.725
1929.28	360.685
1930.04	355.559
1930.8	313.388
1931.56	335.303
1932.32	335.217
1933.08	342.179
1933.83	336.178
1934.59	346.247
1935.35	313.256
1936.11	336.346
1936.87	341.332
1937.62	313.149
1938.38	361.051
1939.14	331.757
1939.89	327.525
1940.65	330.348
1941.41	339.227
1942.16	339.131
1942.92	330.016
1943.68	340.85
1944.43	316.606
1945.19	342.264
1945.94	315.932
1946.7	327.528
1947.45	309.232
1948.21	317.881
1948.96	328.546
1949.71	320.335
1950.47	352.915
1951.22	334.804
1951.98	326.648
1952.73	344.308
1953.48	325.197
1954.23	334.814
1954.99	357.229
1955.74	349.831
1956.49	358.236
1957.24	317.245
1957.99	349.423
1958.75	362.895
1959.5	342.916
1960.25	344.667
1961	368.071
1961.75	357.927
1962.5	350.683
1963.25	329.646
1964	358.71
1964.75	350.459
1965.5	368.704
1966.25	340.881
1967	345.359
1967.74	372.246
1968.49	343.353
1969.24	372.018
1969.99	346.095
1970.74	347.528
1971.48	351.968
1972.23	325.436
1972.98	365.978
1973.73	343.463
1974.47	349.053
1975.22	345.84
1975.96	347.392
1976.71	356.623
1977.46	335.851
1978.2	347.009
1978.95	331.202
1979.69	331.9
1980.44	354.855
1981.18	362.442
1981.93	356.549
1982.67	340.982
1983.41	362.903
1984.16	359.676
1984.9	348.672
1985.64	336.68
1986.39	355.417
1987.13	343.482
1987.87	334.508
1988.61	339.977
1989.36	336.884
1990.1	342.436
1990.84	376.69
1991.58	334.43
1992.32	350.511
1993.06	326.469
1993.81	327.326
1994.55	345.449
1995.29	340.707
1996.03	308.287
1996.77	317.019
1997.51	340.132
1998.24	339.3
1998.98	320.219
1999.72	331.763
2000.46	326.983
2001.2	351.925
2001.94	352.908
2002.68	318.412
2003.41	334.803
2004.15	329.139
2004.89	328.278
2005.63	327.405
2006.36	303.43
2007.1	303.472
2007.84	324.683
2008.57	320.896
2009.31	301.734
2010.05	298.982
2010.78	318.453
2011.52	322.541
2012.25	317.946
2012.99	317.189
2013.72	317.355
2014.46	287.469
2015.19	300.138
2015.92	301.19
2016.66	339.112
2017.39	340.278
2018.13	335.692
2018.86	305.883
2019.59	320.803
2020.32	289.968
2021.06	310.736
2021.79	319.561
2022.52	343.636
2023.25	303.971
2023.98	335.094
2024.72	323.796
2025.45	313.716
2026.18	333.958
2026.91	302.861
2027.64	325.988
2028.37	334.042
2029.1	313.884
2029.83	308.844
2030.56	313.677
2031.29	318.929
2032.02	323.761
2032.75	333.412
2033.47	337.281
2034.2	330.837
2034.93	338.942
2035.66	308.368
2036.39	331.75
2037.11	324.821
2037.84	323.124
2038.57	315.298
2039.3	339.638
2040.02	321.649
2040.75	326.281
2041.47	330.621
2042.2	322.917
2042.93	330.022
2043.65	330.063
2044.38	319.229
2045.1	346.001
2045.83	323.268
2046.55	336.377
2047.28	330.959
2048	333.52
2048.73	316.825
2049.45	320.878
2050.17	321.057
2050.9	330.025
2051.62	342.393
2052.34	339.515
2053.07	321.416
2053.79	337.641
2054.51	337.345
2055.23	336.23
2055.95	332.949
2056.68	339.275
2057.4	336.883
2058.12	320.983
2058.84	343.082
2059.56	338.452
2060.28	343.161
2061	339.391
2061.72	319.592
2062.44	333.729
2063.16	345.849
2063.88	332.039
2064.6	339.56
2065.32	350.107
2066.03	343.106
2066.75	345.366
2067.47	332.862
2068.19	340.5
2068.91	344.69
2069.62	340.412
2070.34	333.178
2071.06	342.556
2071.77	335.033
2072.49	341.343
2073.21	342.852
2073.92	342.951
2074.64	334.913
2075.36	345.586
2076.07	348.344
2076.79	345.608
2077.5	343.054
2078.22	338.361
2078.93	347.417
2079.64	339.492
2080.36	334.388
2081.07	333.85
2081.79	341.144
2082.5	337.444
2083.21	333.12
2083.93	345.658
2084.64	352.033
2085.35	338.345
2086.07	348.639
2086.78	334.606
2087.49	354.88
2088.2	329.363
2088.91	328.913
2089.62	341.037
2090.33	339.083
2091.04	332.187
2091.76	332.9
2092.47	347.539
2093.18	356.864
2093.89	349.762
2094.6	347.335
2095.3	340.239
2096.01	347.813
2096.72	353.163
2097.43	346.503
2098.14	338.364
2098.85	341.76
2099.56	337.432
2100.09	311.828
2100.87	346.295
2101.65	377.798
2102.43	358.897
2103.21	328.135
2103.99	345.724
2104.77	364.205
2105.55	351.039
2106.32	332.934
2107.1	354.211
2107.88	352.91
2108.66	349.745
2109.44	356.5
2110.22	370.182
2110.99	347.53
2111.77	360.117
2112.55	337.271
2113.33	353.537
2114.1	378.55
2114.88	363.515
2115.66	355.458
2116.43	371.936
2117.21	344.571
2117.99	357.247
2118.76	356.219
2119.54	363.916
2120.31	370.582
2121.09	352.842
2121.86	354.617
2122.64	353.484
2123.41	354.322
2124.19	358.106
2124.96	380.423
2125.74	352.162
2126.51	372.647
2127.28	373.708
2128.06	351.398
2128.83	393.389
2129.61	369.058
2130.38	380.757
2131.15	351.486
2131.92	347.576
2132.7	365.149
2133.47	335.927
2134.24	386.715
2135.01	367.249
2135.78	374.122
2136.55	339.99
2137.33	383.991
2138.1	359.662
2138.87	383.249
2139.64	363.873
2140.41	339.623
2141.18	365.33
2141.95	344.046
2142.72	354.132
2143.49	349.477
2144.26	361.479
2145.03	344.926
2145.8	367.697
2146.57	360.972
2147.33	353.303
2148.1	355.541
2148.87	354.859
2149.64	352.196
2150.41	333.664
2151.17	370.484
2151.94	349.872
2152.71	361.943
2153.48	359.193
2154.24	354.502
2155.01	344.873
2155.78	349.168
2156.54	353.466
2157.31	330.835
2158.08	348.048
2158.84	349.278
2159.61	343.476
2160.37	369.62
2161.14	350.743
2161.9	354.864
2162.67	342.002
2163.43	383.3
2164.2	343.504
2164.96	341.837
2165.72	350.231
2166.49	331.425
2167.25	363.886
2168.01	369.085
2168.78	356.068
2169.54	323.863
2170.3	339.087
2171.07	346.307
2171.83	350.57
2172.59	366.005
2173.35	333.894
2174.11	347.269
2174.88	340.313
2175.64	328.203
2176.4	354.561
2177.16	353.638
2177.92	355.791
2178.68	361.046
2179.44	345.054
2180.2	341.266
2180.96	347.645
2181.72	349.942
2182.48	365.43
2183.24	374.779
2184	362.714
2184.76	374.023
2185.52	360.88
2186.28	372.163
2187.04	376.33
2187.79	375.42
2188.55	385.723
2189.31	367.517
2190.07	365.601
2190.83	355.53
2191.58	349.528
2192.34	367.968
2193.1	367.028
2193.85	395.592
2194.61	381.306
2195.37	385.288
2196.12	396.333
2196.88	389.039
2197.63	366.531
2198.39	387.768
2199.15	362.357
2199.9	359.346
2200.66	386.807
2201.41	368.558
2202.16	362.432
2202.92	379.568
2203.67	355.092
2204.43	379.266
2205.18	386.257
2205.93	403.445
2206.69	362.014
2207.44	363.128
2208.19	382.456
2208.95	388.581
2209.7	371.364
2210.45	387.48
2211.2	373.224
2211.95	338.768
2212.71	368.981
2213.46	349.711
2214.21	379.888
2214.96	355.569
2215.71	375.587
2216.46	370.373
2217.21	367.145
2217.96	403.095
2218.71	394.778
2219.46	389.499
2220.21	353.191
2220.96	390.121
2221.71	389.021
2222.46	396.97
2223.21	361.888
2223.96	362.804
2224.71	363.667
2225.46	396.442
2226.21	370.275
2226.95	385.048
2227.7	397.848
2228.45	367.846
2229.2	400.61
2229.94	381.612
2230.69	395.453
2231.44	369.516
2232.18	392.287
2232.93	387.217
2233.68	376.172
2234.42	395.86
2235.17	398.641
2235.92	385.564
2236.66	375.498
2237.41	388.237
2238.15	381.231
2238.9	396.009
2239.64	390.039
2240.38	381.103
2241.13	387.958
2241.87	368.143
2242.62	393.716
2243.36	379.82
2244.1	382.694
2244.85	371.776
2245.59	360.873
2246.33	397.239
2247.08	394.223
2247.82	392.195
2248.56	398.015
2249.3	392.008
2250.05	367.32
2250.79	412.347
2251.53	394.55
2252.27	389.56
2253.01	378.743
2253.75	376.806
2254.49	380.793
2255.23	394.611
2255.97	383.934
2256.71	385.987
2257.45	407.613
2258.19	407.625
2258.93	406.613
2259.67	425.167
2260.41	376.16
2261.15	391.838
2261.89	382.133
2262.63	394.044
2263.36	384.468
2264.1	383.729
2264.84	374.154
2265.58	408.676
2266.32	404.898
2267.05	405.971
2267.79	400.138
2268.53	392.326
2269.26	390.405
2270	417.936
2270.74	389.602
2271.48	387.801
2272.21	386.049
2272.95	388.265
2273.68	425.887
2274.42	388.844
2275.15	417.669
2275.89	371.694
2276.62	390.642
2277.36	381
2278.09	381.174
2278.83	395.123
2279.56	414.975
2280.29	409.189
2281.03	386.636
2281.76	400.583
2282.49	416.539
2283.23	379.255
2283.96	390.375
2284.69	382.775
2285.42	416.707
2286.16	417.009
2286.89	396.46
2287.62	388.704
2288.35	385.857
2289.08	397.868
2289.81	389.128
2290.55	399.283
2291.28	391.671
2292.01	415.861
2292.74	393.423
2293.47	399.773
2294.2	394.159
2294.93	390.475
2295.66	396.681
2296.39	372.937
2297.11	390.997
2297.85	388.125
2298.57	383.29
2299.3	392.472
2300.03	393.744
2300.76	383.078
2301.49	386.389
2302.22	381.675
2302.94	364.908
2303.67	388.118
2304.4	391.319
2305.12	397.553
2305.85	400.824
2306.58	380.064
2307.31	372.319
2308.03	369.557
2308.76	355.71
2309.48	358.893
2310.21	368.091
2310.93	381.323
2311.66	386.548
2312.38	366.667
2313.11	365.901
2313.83	363.115
2314.56	378.425
2315.28	363.487
2316.01	383.779
2316.73	347.648
2317.45	346.803
2318.18	375.227
2318.9	370.399
2319.62	356.482
2320.35	373.831
2321.07	354.806
2321.79	371.107
2322.52	370.236
2323.24	339.06
2323.96	345.283
2324.68	333.316
2325.4	334.485
2326.12	321.474
2326.84	332.72
2327.56	291.339
2328.29	280.31
2329.01	295.608
2329.73	300.81
2330.45	302.995
2331.17	329.496
2331.89	353.969
2332.61	350.043
2333.32	351.149
2334.04	360.341
2334.76	325.948
2335.48	375.689
2336.2	333.226
2336.92	336.393
2337.64	340.587
2338.35	345.793
2339.07	370.256
2339.79	352.1
2340.51	330.894
2341.23	356.373
2341.94	353.486
2342.66	346.575
2343.37	352.885
2344.09	339.876
2344.81	352.217
2345.52	351.268
2346.24	360.403
2346.95	350.186
2347.67	343.026
2348.38	362.308
2349.1	338.023
2349.82	360.509
2350.53	360.719
2351.24	356.872
2351.96	380.431
2352.67	359.199
2353.39	375.514
2354.1	342.996
2354.81	342.991
2355.53	327.759
2356.24	336.933
2356.95	360.354
2357.66	341.147
2358.38	386.969
2359.09	352.568
2359.8	359.836
2360.51	332.57
2361.22	352.089
2361.94	351.301
2362.65	347.472
2363.36	349.745
2364.07	362.18
2364.78	353.168
2365.49	354.291
2366.2	365.558
2366.91	358.452
2367.62	377.842
2368.33	376.871
2369.04	350.455
2369.75	360.743
2370.46	364.923
2371.16	371.138
2371.87	353.902
2372.58	351.951
2373.29	369.372
2374	350.105
2374.71	350.21
2375.41	379.879
2376.12	354.484
2376.83	374.973
2377.53	366.921
2378.24	348.687
2378.95	355.968
2379.65	360.194
2380.36	369.508
2381.07	387.977
2381.77	349.261
2382.48	373.821
2383.18	384.129
2383.89	389.397
2384.59	368.173
2385.3	369.438
2386	369.66
2386.71	366.748
2387.41	380.108
2388.12	385.21
2388.82	400.495
2389.52	387.182
2390.23	404.578
2390.93	403.646
2391.63	402.746
2392.34	363.004
2393.04	369.2
2393.74	382.507
2394.44	392.733
2395.15	385.626
2395.85	373.473
2396.55	396.105
2397.25	374.822
2397.95	397.454
2398.65	387.311
2399.35	409.797
2400.05	406.669
2400.75	399.436
2401.45	386.105
2402.15	395.281
2402.85	379.005
2403.55	406.664
2404.25	384.358
2404.95	404.942
2405.65	416.34
2406.35	429.766
2407.05	419.675
2407.75	387.086
2408.44	411.712
2409.14	406.72
2409.84	405.829
2410.54	416.18
2411.24	400.955
2411.93	380.576
2412.63	390.817
2413.33	368.316
2414.02	399.943
2414.72	412.141
2415.42	414.132
2416.11	353.895
2416.81	388.585
2417.5	391.671
2418.2	421.307
2418.9	419.352
2419.59	428.626
2420.28	428.695
2420.98	402.191
2421.67	408.262
2422.37	379.636
2423.06	382.608
2423.75	392.749
2424.45	402.966
2425.14	384.767
2425.84	402.275
2426.53	400.461
2427.22	406.778
2427.91	414.055
2428.61	406.976
2429.3	379.428
2429.99	406.842
2430.68	380.212
2431.37	372.918
2432.07	400.195
2432.76	387.853
2433.45	394.878
2434.14	380.658
2434.83	412.184
2435.52	423.445
2436.21	396.124
2436.9	399.205
2437.59	418.448
2438.28	360.528
2438.97	411.091
2439.66	390.69
2440.35	394.647
2441.04	399.658
2441.72	408.753
2442.41	385.483
2443.1	385.471
2443.79	398.576
2444.48	395.479
2445.16	407.536
2445.85	405.47
2446.54	381.244
2447.23	387.347
2447.91	398.515
2448.6	412.703
2449.29	401.632
2449.97	394.577
2450.66	386.504
2451.34	424.842
2452.03	431.93
2452.72	406.77
2453.4	400.782
2454.09	390.735
2454.77	421.969
2455.46	443.033
2456.14	424.744
2456.82	397.407
2457.51	405.337
2458.19	425.389
2458.88	440.483
2459.56	405.383
2460.24	442.708
2460.92	437.827
2461.61	431.936
2462.29	425.02
2462.97	452.28
2463.66	446.305
2464.34	450.341
2465.02	454.324
2465.7	463.288
2466.38	465.19
2467.06	444.002
2467.75	482.094
2468.42	477.07
2469.11	440
2469.79	444.138
2470.47	457.352
2471.15	450.499
2471.83	453.672
2472.51	442.745
2473.19	467.939
2473.86	458.936
2474.54	476.027
2475.22	463.994
2475.9	448.982
2476.58	454.103
2477.26	469.32
2477.94	422.295
2478.61	429.525
2479.29	468.92
2479.97	425.844
2480.65	458.149
2481.32	450.206
2482	453.324
2482.68	431.307
2483.35	454.572
2484.03	439.609
2484.71	432.673
2485.38	426.705
2486.06	401.581
2486.73	454.908
2487.41	435.803
2488.08	453.948
2488.76	408.788
2489.43	431.07
2490.11	444.355
2490.78	460.692
2491.45	451.863
2492.13	469.198
2492.8	443.181
2493.48	432.249
2494.15	446.512
2494.82	441.642
2495.49	436.808
2496.17	454.221
2496.84	439.379
2497.51	447.771
2498.18	435.926
2498.86	461.429
2499.53	466.637
2500.2	428.284
2500.87	471.847
2501.54	452.726
2502.21	455.936
2502.88	444.049
2503.55	487.922
2504.22	433.543
2504.89	475.406
2505.56	498.969
2506.23	468.688
2506.9	470.842
2507.57	480.114
2508.24	486.394
2508.91	469.374
2509.58	498.089
2510.25	462.752
2510.91	486.314
2511.58	511.868
2512.25	514.01
2512.92	480.567
2513.59	467.501
2514.25	493.143
2514.92	474.043
2515.59	505.852
2516.25	498.947
2516.92	508.304
2517.59	494.184
2518.25	529.978
2518.92	485.233
2519.58	487.382
2520.25	482.419
2520.91	492.792
2521.58	472.618
2522.24	489.223
2522.91	492.608
2523.57	499.08
2524.24	456.47
2524.9	516.09
2525.56	477.476
2526.23	464.402
2526.89	490.221
2527.55	485.303
2528.22	478.308
2528.88	475.371
2529.54	501.087
2530.21	487.814
2530.87	499.133
2531.53	492.042
2532.19	495.281
2532.85	484.266
2533.51	468.185
2534.18	505.504
2534.84	475.01
2535.5	478.309
2536.16	507.186
2536.82	461.953
2537.48	524.557
2538.14	491.615
2538.8	490.581
2539.46	508.123
2540.12	504.202
2540.78	527.068
2541.44	518.126
2542.09	509.168
2542.75	540.284
2543.41	507.529
2544.07	519.953
2544.73	509.635
2545.39	517.748
2546.04	525.797
2546.7	535.878
2547.36	518.266
2548.02	547.961
2548.67	544.891
2549.33	514.189
2549.98	531.769
2550.64	577.089
2551.3	524.872
2551.95	565.064
2552.61	568.295
2553.26	546.877
2553.92	548.037
2554.57	576.887
2555.23	564.558
2555.88	553.166
2556.54	582.763
2557.19	601.008
2557.85	561.841
2558.5	552.491
2559.15	562.697
2559.81	596.54
2560.46	592.532
2561.11	598.783
2561.77	606.031
2562.42	616.285
2563.07	597.768
2563.72	569.974
2564.37	585.136
2565.03	583.93
2565.68	618.571
2566.33	605.262
2566.98	605.349
2567.63	623.901
2568.28	602.577
2568.93	631.278
2569.58	617.951
2570.23	626.003
2570.88	636.066
2571.53	621.665
2572.18	626.778
2572.83	639.123
2573.48	603.52
2574.13	608.746
2574.78	621.065
2575.43	657.821
2576.07	607.738
2576.72	581.133
2577.37	594.339
2578.02	589.188
2578.67	597.296
2579.31	597.217
2579.96	572.633
2580.61	558.213
2581.26	598.769
2581.9	571.133
2582.55	590.392
2583.19	559.901
2583.84	569.179
2584.49	576.475
2585.13	551.189
2585.78	562.461
2586.42	537.998
2587.07	546.997
2587.71	551.835
2588.36	553.583
2589	523.892
2589.65	569.359
2590.29	558.092
2590.93	576.314
2591.58	562.167
2592.22	561.255
2592.86	561.402
2593.51	532.178
2594.15	556.724
2594.79	551.872
2595.43	529.75
2596.07	527.887
2596.72	525.966
2597.36	562.552
2598	552.375
2598.64	538.105
2599.28	533.986
2599.92	560.33
2600.56	549.207
2601.2	565.525
2601.85	536.243
2602.49	567.811
2603.13	544.576
2603.76	540.568
2604.4	558.839
2605.04	553.771
2605.68	552.771
2606.32	545.705
2606.96	548.78
2607.6	540.681
2608.24	562.946
2608.88	543.624
2609.51	565.824
2610.15	553.62
2610.79	538.453
2611.43	549.698
2612.06	543.816
2612.7	556.219
2613.34	557.504
2613.97	550.665
2614.61	556.972
2615.25	539.92
2615.88	557.334
2616.52	567.648
2617.15	572.901
2617.79	565.991
2618.42	569.247
2619.06	564.38
2619.69	563.56
2620.33	582.015
2620.96	574.013
2621.6	593.417
2622.23	606.711
2622.86	575.3
2623.5	566.283
2624.13	584.755
2624.76	594.112
2625.4	611.615
2626.03	582.296
2626.66	604.825
2627.29	610.026
2627.93	590.797
2628.56	603.141
2629.19	633.853
2629.82	631.023
2630.45	632.288
2631.08	644.758
2631.71	644.978
2632.34	639.052
2632.98	661.655
2633.61	649.611
2634.24	658
2634.87	641.964
2635.5	667.802
2636.12	689.583
2636.75	643.938
2637.38	696.346
2638.01	649.587
2638.64	673.332
2639.27	690.918
2639.9	705.404
2640.53	696.324
2641.15	723.018
2641.78	711.842
2642.41	729.327
2643.04	741.74
2643.66	721.466
2644.29	736.04
2644.92	732.216
2645.54	737.596
2646.17	728.589
2646.8	768.693
2647.42	759.558
2648.05	787.266
2648.67	755.543
2649.3	777.12
2649.92	770.063
2650.55	794.836
2651.17	771.518
2651.8	764.646
2652.42	797.804
2653.05	806.36
2653.67	771.773
2654.29	784.325
2654.92	779.348
2655.54	782.52
2656.16	822.623
2656.79	826.799
2657.41	807.467
2658.03	774.426
2658.65	821.053
2659.27	823.24
2659.9	805.508
2660.52	803.585
2661.14	798.616
2661.76	834.263
2662.38	786.615
2663	808.182
2663.62	841.669
2664.24	832.372
2664.86	802.014
2665.48	838.823
2666.1	846.625
2666.72	806.883
2667.34	828.36
2667.96	812.133
2668.58	842.999
2669.2	845.719
2669.82	849.204
2670.44	840.671
2671.05	840.318
2671.67	862.915
2672.29	860.299
2672.91	864.247
2673.53	868.959
2674.14	892.878
2674.76	908.769
2675.38	927.342
2675.99	943.883
2676.61	972.493
2677.23	992.652
2677.84	1033.48
2678.46	1073.88
2679.07	1167.77
2679.69	1215.53
2680.3	1275.33
2680.92	1331.87
2681.53	1397.18
2682.15	1444.2
2682.76	1506.29
2683.38	1530.89
2683.99	1499.98
2684.61	1486.26
2685.22	1461.11
2685.83	1442.64
2686.44	1432.81
2687.06	1414.29
2687.67	1395.15
2688.28	1423.38
2688.9	1414.09
2689.51	1428.35
2690.12	1449.69
2690.73	1473.55
2691.34	1442.79
2691.96	1474.82
2692.57	1458.44
2693.18	1484.18
2693.79	1497.12
2694.4	1483.07
2695.01	1481.53
2695.62	1478.66
2696.23	1478.69
2696.84	1480.2
2697.45	1492.56
2698.06	1460.55
2698.67	1457.41
2699.28	1460.96
2699.88	1463.04
2700.49	1452.2
2701.1	1451.61
2701.71	1461.33
2702.32	1470.71
2702.93	1461.7
2703.53	1478.81
2704.14	1499.36
2704.75	1484.48
2705.36	1480.02
2705.96	1488.65
2706.57	1516.55
2707.17	1523
2707.78	1512.38
2708.39	1486.84
2708.99	1509.72
2709.6	1524.21
2710.2	1544.96
2710.81	1565.38
2711.41	1565.23
2712.02	1578.3
2712.62	1572.25
2713.23	1580.23
2713.83	1593.79
2714.44	1605.17
2715.04	1611.59
2715.64	1622.48
2716.25	1640.31
2716.85	1645.58
2717.45	1622.12
2718.05	1633.08
2718.66	1622.96
2719.26	1624.57
2719.86	1647.13
2720.46	1663.18
2721.06	1702.54
2721.67	1742.11
2722.27	1726.28
2722.87	1740.87
2723.47	1737.69
2724.07	1732.52
2724.67	1738.18
2725.27	1749.02
2725.71	1749.26
2726.38	1764.23
2727.06	1756.53
2727.73	1739.49
2728.4	1756.97
2729.07	1800.96
2729.74	1783.19
2730.42	1773.89
2731.09	1784.27
2731.76	1812.25
2732.43	1822.15
2733.1	1817.88
2733.77	1837.94
2734.44	1846.64
2735.11	1835.73
2735.78	1860.18
2736.45	1892.51
2737.12	1908.35
2737.79	1890.49
2738.46	1884.81
2739.13	1938.19
2739.8	1936.87
2740.47	1909.44
2741.14	1935.24
2741.81	1931.86
2742.47	1947.98
2743.14	1891.9
2743.81	1877.43
2744.48	1878.07
2745.15	1923.39
2745.81	1918.71
2746.48	1933.42
2747.15	1947.19
2747.81	1997.74
2748.48	1970.74
2749.15	2015.98
2749.81	2032.37
2750.48	1982.18
2751.15	2014.47
2751.81	2014.2
2752.48	1984.69
2753.14	1981.14
2753.81	1918.83
2754.47	1916.94
2755.14	1888.35
2755.8	1836.88
2756.47	1795.19
2757.13	1793.06
2757.8	1761.19
2758.46	1744.76
2759.13	1753.12
2759.79	1727.03
2760.45	1690.86
2761.12	1759.98
2761.78	1743.96
2762.44	1748.08
2763.1	1762.21
2763.77	1739.49
2764.43	1775.25
2765.09	1756.11
2765.76	1812.03
2766.42	1771.01
2767.08	1806.89
2767.74	1886.84
2768.4	1913.36
2769.06	1957.11
2769.72	1933.97
2770.38	2015.34
2771.05	2054.61
2771.71	2112.46
2772.37	2133.53
2773.03	2216.44
2773.69	2345.78
2774.35	2391.96
2775.01	2513.01
2775.67	2615.3
2776.33	2775.93
2776.99	2896.29
2777.64	3024.93
2778.3	3182.57
2778.96	3268.46
2779.62	3353.43
2780.28	3458.85
2780.94	3472.41
2781.59	3514.53
2782.25	3485.64
2782.91	3372.65
2783.57	3374.33
2784.22	3392.99
2784.88	3336.79
2785.54	3344.34
2786.2	3342.13
2786.85	3348.28
2787.51	3350.51
2788.16	3305.88
2788.82	3346.77
2789.48	3402.61
2790.13	3472.72
2790.79	3467.53
2791.44	3509.18
2792.1	3555.95
2792.75	3562.97
2793.41	3602.11
2794.06	3700.25
2794.72	3728.83
2795.37	3807.68
2796.02	3846.48
2796.68	3845.47
2797.33	3930.28
2797.98	3945.54
2798.64	3992.02
2799.29	4035.68
2799.94	4204.02
2800.6	4182.1
2801.25	4239.48
2801.9	4289.65
2802.55	4313.98
2803.21	4374.13
2803.86	4489.57
2804.51	4533.6
2805.16	4537.2
2805.81	4604.56
2806.46	4744.01
2807.11	4778.55
2807.77	4826.49
2808.42	4930.87
2809.07	4901.17
2809.72	5106.66
2810.37	5153.38
2811.02	5258.61
2811.67	5311.74
2812.32	5347.96
2812.97	5439.27
2813.61	5472.56
2814.26	5530.82
2814.91	5626.15
2815.56	5654.5
2816.21	5764.84
2816.86	5832.68
2817.51	5898.08
2818.15	6017.5
2818.8	5961.8
2819.45	6057.93
2820.1	6134.63
2820.74	6188.3
2821.39	6351.71
2822.04	6379.36
2822.69	6486.41
2823.33	6618.75
2823.98	6693.55
2824.63	6732.22
2825.27	6764.87
2825.92	6905.08
2826.56	7038.53
2827.21	7078.49
2827.85	7111.28
2828.5	7210.51
2829.14	7243.6
2829.79	7289.42
2830.43	7292.44
2831.08	7329.53
2831.72	7369.63
2832.37	7363.14
2833.01	7459.82
2833.65	7503.4
2834.3	7528.79
2834.94	7661.48
2835.58	7632.33
2836.23	7728.15
2836.87	7667.77
2837.51	7691.92
2838.16	7682.99
2838.8	7819.83
2839.44	7796.43
2840.08	7912.05
2840.72	7828.18
2841.36	7859.49
2842.01	7888.96
2842.65	7937.48
2843.29	7992.19
2843.93	8001.02
2844.57	7988.6
2845.21	7979.45
2845.85	8007.32
2846.49	8085.78
2847.13	8100.15
2847.77	8111.45
2848.41	8176.02
2849.05	8107.19
2849.69	8135.3
2850.33	8093.98
2850.97	8052.84
2851.61	7992.69
2852.24	8062.53
2852.88	8182.17
2853.52	8243.79
2854.16	8147.2
2854.8	8217.54
2855.43	8222.54
2856.07	8289.6
2856.71	8188.81
2857.35	8271.99
2857.98	8301.35
2858.62	8303.63
2859.26	8371.09
2859.89	8388.59
2860.53	8453.16
2861.16	8577.11
2861.8	8602.07
2862.44	8652.47
2863.07	8735.94
2863.71	8840.88
2864.34	8971.03
2864.98	8947.4
2865.61	9018.14
2866.25	9203.46
2866.88	9341.12
2867.52	9365.74
2868.15	9472.2
2868.78	9588.57
2869.42	9752.46
2870.05	9958.23
2870.69	10098.1
2871.32	10248.6
2871.95	10411.4
2872.58	10588.2
2873.22	10791.6
2873.85	10993
2874.48	11213
2875.11	11410.8
2875.75	11593.4
2876.38	11839.2
2877.01	11945.1
2877.64	12231.7
2878.27	12406.9
2878.9	12544.3
2879.53	12713.4
2880.16	12943.5
2880.79	13297.5
2881.42	13421.1
2882.05	13567.2
2882.68	13772
2883.31	13896.5
2883.94	14071.6
2884.57	14256.5
2885.2	14307.8
2885.83	14470.9
2886.46	14710.2
2887.09	14783.7
2887.72	14868.3
2888.35	14804.4
2888.97	14920.3
2889.6	14989.7
2890.23	14971.7
2890.86	15005.3
2891.49	15013
2892.11	15034.6
2892.74	15050.7
2893.37	15122.7
2893.99	15300.8
2894.62	15140.2
2895.25	15149.5
2895.87	15155.8
2896.5	15197.1
2897.12	15269.3
2897.75	15258.7
2898.38	15315.6
2899	15304.1
2899.63	15428.6
2900.25	15661.4
2900.88	15673.7
2901.5	15772.1
2902.12	15745.6
2902.75	15890
2903.37	15955
2904	15896.3
2904.62	15931.4
2905.25	15898.2
2905.87	15846.2
2906.49	15733.9
2907.11	15803.9
2907.74	15780.7
2908.36	15587.7
2908.98	15522.6
2909.6	15545.7
2910.23	15553
2910.85	15367.2
2911.47	14982.2
2912.09	14864
2912.71	14803.8
2913.33	14688.5
2913.96	14424.8
2914.58	14191.4
2915.2	13867.6
2915.82	13667.8
2916.44	13367.4
2917.06	13174.5
2917.68	12841
2918.3	12696.3
2918.92	12516
2919.54	12319.8
2920.16	12174.9
2920.77	12107.1
2921.39	11933.7
2922.01	11834
2922.63	11701.2
2923.25	11642.1
2923.87	11643.3
2924.48	11577.6
2925.1	11492.3
2925.72	11495
2926.34	11467.9
2926.95	11513.5
2927.57	11474.2
2928.19	11506.2
2928.8	11475.3
2929.42	11438.5
2930.04	11556.4
2930.65	11559.9
2931.27	11619.3
2931.89	11660.5
2932.5	11850.3
2933.12	11811.7
2933.73	11948.3
2934.35	12001.9
2934.96	12105.3
2935.58	12236.1
2936.19	12259.5
2936.81	12350.4
2937.42	12454.4
2938.03	12471.2
2938.65	12617.4
2939.26	12671.4
2939.88	12635.5
2940.49	12681.6
2941.1	12691.5
2941.71	12669.1
2942.33	12596.6
2942.94	12565.3
2943.55	12655.2
2944.17	12566.2
2944.78	12545.9
2945.39	12483.1
2946	12404
2946.61	12438.4
2947.22	12448.6
2947.83	12322.6
2948.45	12231.3
2949.06	12220.2
2949.67	12044.3
2950.28	12070.3
2950.89	11823
2951.5	11850.2
2952.11	11559
2952.72	11504.6
2953.33	11373.8
2953.94	11113.1
2954.54	11022.7
2955.15	10871.4
2955.76	10718.9
2956.37	10541.8
2956.98	10393.8
2957.59	10249.8
2958.2	10153.6
2958.8	9828.66
2959.41	9706.39
2960.02	9590.51
2960.63	9469.14
2961.23	9307.21
2961.84	9106.34
2962.45	8883.88
2963.05	8812.81
2963.66	8648.33
2964.27	8474.33
2964.87	8273.23
2965.48	8160
2966.08	8071.97
2966.69	7831
2967.29	7679.51
2967.9	7565.69
2968.5	7405.32
2969.11	7341.28
2969.71	7105.83
2970.32	7005.37
2970.92	6777.67
2971.53	6592.97
2972.13	6509.01
2972.74	6413.75
2973.34	6328.26
2973.94	6166.48
2974.54	6037.17
2975.15	5877.55
2975.75	5742.69
2976.35	5617.34
2976.96	5512.49
2977.56	5425.54
2978.16	5281.15
2978.76	5203.23
2979.36	5050.33
2979.97	4918.1
2980.57	4858.98
2981.17	4767.96
2981.77	4632.29
2982.37	4483.53
2982.97	4445.82
2983.57	4340.1
2984.17	4205.94
2984.77	4167.76
2985.37	4000.54
2985.97	3947.88
2986.57	3868.2
2987.17	3731.27
2987.77	3621.69
2988.37	3606.89
2988.97	3498.24
2989.57	3437.29
2990.17	3342.28
2990.76	3288.29
2991.36	3165.88
2991.96	3131.83
2992.56	2992.46
2993.16	2948.31
2993.75	2913.15
2994.35	2857.2
2994.95	2807.17
2995.54	2696.78
2996.14	2632.72
2996.74	2573.17
2997.33	2516.09
2997.93	2430.64
2998.52	2423.03
2999.12	2329.44
2999.72	2281.81
3000.31	2238.21
3000.91	2227.37
3001.5	2175.57
3002.1	2114.47
3002.69	2053.21
3003.29	2067.56
3003.88	2009.03
3004.47	1936.16
3005.07	1884.96
3005.66	1868.9
3006.26	1859.34
3006.85	1795.72
3007.44	1771.12
3008.04	1787.43
3008.63	1736.73
3009.22	1691.79
3009.81	1685.54
3010.41	1657.59
3011	1633.79
3011.59	1587.6
3012.18	1587.82
3012.77	1581.02
3013.36	1500.33
3013.96	1527.39
3014.55	1479.43
3015.14	1460.25
3015.73	1431.92
3016.32	1419.14
3016.91	1411.57
3017.5	1401.9
3018.09	1398.22
3018.68	1362.41
3019.27	1365.57
3019.86	1326.51
3020.45	1299.94
3021.04	1314.76
3021.63	1301.93
3022.22	1291.19
3022.8	1283.45
3023.39	1222.95
3023.98	1258.24
3024.57	1193.4
3025.16	1202.85
3025.74	1232.97
3026.33	1178.44
3026.92	1178.54
3027.5	1188.85
3028.09	1166.03
3028.68	1146.29
3029.26	1161.7
3029.85	1145.29
3030.44	1150.74
3031.02	1151.19
3031.61	1167.21
3032.19	1137.72
3032.78	1112.22
3033.37	1107.23
3033.95	1128.99
3034.54	1130.01
3035.12	1103.13
3035.71	1111.42
3036.29	1091.84
3036.87	1114.65
3037.46	1097.15
3038.04	1068.3
3038.63	1080.87
3039.21	1069.78
3039.79	1097.1
3040.38	1095.56
3040.96	1099.24
3041.54	1080.02
3042.12	1051.27
3042.71	1097.91
3043.29	1057.29
3043.87	1050.72
3044.45	1062.78
3045.03	1062.53
3045.62	1055.21
3046.2	1059.47
3046.78	1025.59
3047.36	1052.83
3047.94	1055.21
3048.52	1052.31
3049.1	1054.49
3049.68	1075.22
3050.26	1083.47
3050.84	1082.36
3051.42	1039.83
3052	1061.5
3052.58	1063.5
3053.16	1081.06
3053.74	1069.67
3054.32	1064.58
3054.89	1069.95
3055.47	1059.9
3056.05	1051.98
3056.63	1096.92
3057.21	1051.61
3057.78	1043.46
3058.36	1063.16
3058.94	1073.38
3059.52	1061.78
3060.09	1075.08
3060.67	1070.86
3061.25	1094.71
3061.82	1104.13
3062.4	1090.77
3062.97	1098.06
3063.55	1084.54
3064.13	1079.24
3064.7	1108.12
3065.28	1079.05
3065.85	1064.58
3066.43	1087.48
3067	1113.49
3067.58	1080.35
3068.15	1069.84
3068.72	1098.53
3069.3	1070.15
3069.87	1083.18
3070.45	1083.91
3071.02	1090
3071.59	1068.34
3072.17	1086.09
3072.74	1086.26
3073.31	1098.74
3073.89	1123.49
3074.46	1091.23
3075.03	1107.55
3075.6	1151.85
3076.17	1077.42
3076.74	1094.13
3077.32	1091.33
3077.89	1128.92
3078.46	1141.65
3079.03	1151.16
3079.6	1169.83
3080.17	1120.05
3080.74	1118.78
3081.31	1131.91
3081.88	1104.68
3082.45	1141.55
3083.02	1130.89
3083.59	1127.5
3084.16	1107.6
3084.73	1138.29
3085.3	1120.5
3085.87	1149.21
3086.43	1129.55
3087	1151.3
3087.57	1151.5
3088.14	1125.95
3088.71	1174.68
3089.28	1154.14
3089.84	1113.85
3090.41	1145.75
3090.98	1160.06
3091.54	1136.17
3092.11	1197.94
3092.68	1166.83
3093.24	1141.9
3093.81	1184
3094.38	1206.51
3094.94	1178.53
3095.51	1161.94
3096.07	1159.78
3096.64	1164.82
3097.2	1200.74
3097.77	1178.95
3098.33	1219.05
3098.9	1199.49
3099.46	1183.14
3100.03	1213.21
3100.59	1211.33
3101.15	1197.01
3101.72	1247.5
3102.28	1197.93
3102.84	1211.15
3103.41	1256.27
3103.97	1215.88
3104.53	1229.03
3105.1	1276.13
3105.66	1238.83
3106.22	1244.8
3106.78	1250.81
3107.34	1265.1
3107.91	1262.98
3108.47	1231.05
3109.03	1269.13
3109.59	1269.24
3110.15	1255.08
3110.71	1279.1
3111.27	1253.79
3111.83	1269.6
3112.39	1261.57
3112.95	1295.52
3113.51	1312.79
3114.07	1295.97
3114.63	1318.3
3115.19	1326.34
3115.75	1316.02
3116.31	1322.27
3116.87	1317.22
3117.43	1332.67
3117.98	1324.33
3118.54	1324.09
3119.1	1343.33
3119.66	1338.92
3120.22	1309.94
3120.77	1329.37
3121.33	1322.18
3121.89	1349.96
3122.44	1339.68
3123	1344.7
3123.56	1350.63
3124.11	1375.97
3124.67	1374.55
3125.23	1383.46
3125.78	1354.51
3126.34	1363.71
3126.89	1407.96
3127.45	1346.62
3128	1382.85
3128.56	1383.13
3129.11	1401.84
3129.67	1354.72
3130.22	1394.79
3130.78	1416.24
3131.33	1428.34
3131.88	1418.8
3132.44	1415.39
3132.99	1429.45
3133.54	1429.2
3134.1	1444.45
3134.65	1474.15
3135.2	1421.88
3135.76	1435.31
3136.31	1480.56
3136.86	1444.75
3137.41	1460.21
3137.96	1443.82
3138.51	1478.68
3139.07	1489.93
3139.62	1495
3140.17	1488.8
3140.72	1501.09
3141.27	1505.19
3141.82	1505.21
3142.37	1473.4
3142.92	1478.47
3143.47	1484.53
3144.02	1510.08
3144.57	1503.92
3145.12	1517.37
3145.67	1544.31
3146.22	1534.45
3146.77	1538.99
3147.32	1530.14
3147.86	1569.4
3148.41	1607.46
3148.96	1565.29
3149.51	1577.38
