401.058	2710.75
402.149	2790.61
403.243	2764.29
404.332	2735.93
405.424	2653.66
406.515	2660.13
407.606	2653.49
408.697	2581.21
409.785	2405.83
410.876	2473.88
411.967	2434.64
413.055	2435.33
414.143	2416.8
415.233	2352.07
416.321	2410.25
417.409	2369.46
418.499	2397.62
419.586	2458.49
420.673	2488.22
421.761	2566.63
422.848	2620.61
423.935	2712
425.02	2792.57
426.106	2822.43
427.193	2787.57
428.278	2970.76
429.364	2940.87
430.45	3135.45
431.534	3044.34
432.618	3067.9
433.704	3162.05
434.788	3176.9
435.871	3239.87
436.955	3148.48
438.038	3209.52
439.123	3122.6
440.204	3035.09
441.287	2958.35
442.37	2818.82
443.452	2863.02
444.535	2683.17
445.615	2639.2
446.698	2549.22
447.78	2452.08
448.86	2256.69
449.939	2237.07
451.021	2189.19
452.101	2183.34
453.18	2121.09
454.262	2127.15
455.341	2064.05
456.42	2017.07
457.499	2032.85
458.578	2027.31
459.654	2027.61
460.733	1986.48
461.811	1974.37
462.89	1999.52
463.966	1904.71
465.044	2033.01
466.12	1996.62
467.197	2005.73
468.273	1960.57
469.349	2004.32
470.426	2012.88
471.501	2015.18
472.576	1995.72
473.651	1997.71
474.726	2061.33
475.801	1987.14
476.876	2042.36
477.95	2053.2
479.022	2126.99
480.097	2097.48
481.171	2100.06
482.243	2156.06
483.317	2159.09
484.388	2211.06
485.46	2232.41
486.533	2262.84
487.605	2360.42
488.676	2368.33
489.747	2472.99
490.818	2483.02
491.889	2561.58
492.959	2576.23
494.03	2627.05
495.1	2611.72
496.171	2628.26
497.239	2683.79
498.309	2710.33
499.379	2671.49
500.446	2674.95
501.514	2617.48
502.584	2633.85
503.651	2600.48
504.718	2598.69
505.788	2666.71
506.855	2601.17
507.921	2650
508.988	2628.29
510.055	2661.53
511.119	2665.59
512.186	2730.33
513.252	2710.13
514.318	2750.63
515.382	2845.46
516.448	2928.6
517.512	2920.2
518.577	2989.24
519.641	2973.19
520.704	3100.15
521.768	3122.54
522.833	3147.75
523.896	3143.11
524.959	3214.48
526.021	3291.54
527.084	3323.4
528.144	3410.16
529.207	3505.15
530.269	3462.97
531.331	3548.48
532.391	3533.58
533.453	3556.67
534.513	3642.3
535.572	3491.92
536.634	3446.3
537.693	3287.09
538.752	3301.82
539.812	3232.66
540.87	3113.65
541.929	3059.54
542.988	2932.51
544.047	2809.34
545.105	2799.58
546.164	2635.86
547.22	2540.04
548.278	2412.41
549.336	2395.3
550.392	2316.44
551.448	2194
552.505	2182.93
553.561	2107.03
554.616	2091.01
555.671	2048.87
556.728	1965.45
557.783	1994.28
558.836	1922.05
559.891	1803.06
560.946	1856.88
562	1798.44
563.055	1770.06
564.107	1740.19
565.161	1772.62
566.213	1661.56
567.267	1679.1
568.318	1690.04
569.37	1666.75
570.424	1639.82
571.475	1626.82
572.526	1610.21
573.577	1685.85
574.628	1659.16
575.679	1688.72
576.73	1691.65
577.781	1744.44
578.829	1689.73
579.88	1704.19
580.93	1664.45
581.978	1578.69
583.026	1579.31
584.076	1580.77
585.124	1565.62
586.172	1556.88
587.221	1624.39
588.269	1582.48
589.316	1604.74
590.363	1587.36
591.41	1571.76
592.457	1549.87
593.502	1562.23
594.549	1568.69
595.595	1538.1
596.64	1489.54
597.686	1443.75
598.73	1454.64
599.776	1417.28
600.82	1448.4
601.864	1378.25
602.908	1305.48
603.953	1321.31
604.997	1335.77
606.04	1290.78
607.083	1290.92
608.125	1353.53
609.168	1306.12
610.211	1297.06
611.253	1302.54
612.294	1271.1
613.336	1336.57
614.377	1270.29
615.419	1258.43
616.459	1293.54
617.499	1307.29
618.539	1304.29
619.579	1291.08
620.619	1298.2
621.658	1238.1
622.698	1316.4
623.737	1284.14
624.776	1263.02
625.815	1294.53
626.852	1278.17
627.891	1265.59
628.928	1295.5
629.966	1202.56
631.003	1244.22
632.041	1208.04
633.077	1197.46
634.114	1200.59
635.15	1194.5
636.185	1167.38
637.221	1147.87
638.257	1114.73
639.292	1150.82
640.328	1149.93
641.361	1104.55
642.396	1121.6
643.431	1069.28
644.464	1023.35
645.497	1013.42
646.532	1090.11
647.564	1018.96
648.597	1036.32
649.629	1051.93
650.663	1026.14
651.695	1046.18
652.727	1019.16
653.757	1004.86
654.789	1033.67
655.821	1071.67
656.852	1068.47
657.882	1048.93
658.913	1039.61
659.942	1017.5
660.973	1053.12
662.002	1020.75
663.031	980.069
664.06	1056.85
665.09	1043.21
666.119	1063.91
667.147	1073.05
668.175	1060.3
669.201	1034.54
670.229	1066.41
671.257	1019.7
672.285	1032.55
673.311	1010.37
674.338	1008.61
675.363	976.69
676.389	1055.5
677.416	1059.76
678.441	1060.18
679.466	991.153
680.491	1007.68
681.515	1024.97
682.54	1026.59
683.565	1000.68
684.589	1067.23
685.613	1072.2
686.635	1040.38
687.659	1052.01
688.681	1098.74
689.705	1074.25
690.727	1084.8
691.75	1101.78
692.772	1118.7
693.793	1120.74
694.814	1201.39
695.835	1194.88
696.856	1186.38
697.877	1225
698.898	1259.86
699.918	1233.65
700.937	1247.3
701.957	1242.49
702.978	1221.05
703.996	1270.82
705.016	1177.16
706.034	1209.25
707.052	1180.26
708.069	1190.11
709.087	1163.96
710.107	1122.17
711.124	1126.67
712.139	1115.54
713.156	1091.5
714.173	1109.02
715.19	1076.53
716.205	1070.67
717.222	1108.96
718.238	1051.06
719.253	1047.57
720.267	1042.24
721.283	1025.93
722.297	1011.57
723.311	1019.39
724.325	1030.97
725.339	1077.58
726.353	1063.59
727.366	1054.32
728.38	1038.7
729.391	979.813
730.404	1010.05
731.417	1042.86
732.428	1026.71
733.441	1034.33
734.452	1033.65
735.463	976.183
736.475	973.992
737.486	1024.31
738.496	997.722
739.506	1016.19
740.516	1001.6
741.526	952.054
742.534	976.735
743.544	982.96
744.554	963.45
745.561	1013.68
746.571	957.546
747.578	980.369
748.587	982.161
749.594	941.817
750.601	948.309
751.608	951.199
752.615	958.758
753.621	933.357
754.628	948.445
755.634	951.697
756.641	939.397
757.647	975.928
758.651	955.438
759.657	928.467
760.663	955.853
761.666	978.591
762.67	893.185
763.676	936.015
764.679	951
765.682	964
766.686	925.135
767.689	991.642
768.692	995.404
769.694	960.56
770.697	927.819
771.698	948.069
772.7	973.114
773.703	948.013
774.703	964.413
775.703	952.607
776.705	972.995
777.705	1027.56
778.705	1028.25
779.705	987.301
780.705	1016.22
781.704	1033.25
782.704	985.27
783.703	1043.2
784.702	1021.05
785.701	1044.34
786.698	1055.5
787.697	1045.3
788.694	1068.68
789.693	1100.54
790.689	1090.53
791.686	1146.55
792.682	1148.43
793.68	1147.38
794.676	1205.86
795.672	1247.65
796.666	1266.34
797.662	1239.59
798.658	1281.83
799.653	1327.75
800.647	1337.1
801.642	1336.82
802.636	1299.02
803.631	1351.4
804.624	1309.71
805.617	1280.17
806.61	1302.74
807.602	1259.28
808.595	1271.52
809.587	1227.98
810.58	1209.53
811.572	1283.87
812.564	1244.31
813.554	1293.86
814.546	1283.28
815.536	1314.39
816.528	1368.57
817.518	1389.38
818.507	1346.35
819.499	1401.4
820.488	1492.49
821.477	1538.17
822.466	1615.08
823.455	1662.15
824.444	1772.65
825.431	1831.34
826.42	1901.19
827.408	2078.16
828.395	2143.96
829.383	2221.9
830.369	2433.26
831.356	2611.89
832.342	2741.96
833.33	2970.7
834.315	3202.77
835.301	3482.79
836.287	3683.64
837.27	3931.32
838.256	4132.96
839.241	4097.13
840.226	4284.33
841.209	4120.41
842.194	4099.53
843.177	3879.29
844.16	3649.05
845.145	3497.07
846.127	3272.57
847.11	3095.82
848.092	2970.43
849.074	2977.27
850.056	3016.07
851.039	3027.9
852.018	3081.76
853	3163.88
853.982	3302.03
854.962	3382.44
855.941	3455.91
856.923	3328.6
857.902	3242.17
858.881	3136.66
859.86	2976.81
860.839	2736.58
861.818	2565.89
862.797	2482.28
863.776	2339.39
864.754	2284.7
865.733	2237.27
866.709	2187.11
867.687	2052.42
868.664	2030.18
869.642	2053.24
870.618	2027.7
871.594	1971.91
872.569	2008.25
873.545	1924.9
874.521	1924.39
875.496	1912.74
876.471	1872.4
877.447	1858.63
878.42	1930.4
879.395	1820.49
880.37	1826.65
881.343	1805.24
882.315	1798.72
883.29	1786.85
884.262	1769.57
885.235	1819.58
886.207	1849.23
887.179	1748.72
888.151	1802.04
889.123	1856.22
890.095	1782.32
891.065	1808.06
892.037	1856
893.009	1856.03
893.978	1956.56
894.948	1918.86
895.919	1957.8
896.888	2027.37
897.857	2086.04
898.826	2178.91
899.795	2269.8
900.764	2318.84
901.732	2425.61
902.701	2522.78
903.668	2646.48
904.636	2743.4
905.604	2756.6
906.57	2837.47
907.538	2864.38
908.504	2985.8
909.47	2966.55
910.436	2887.58
911.402	2946.24
912.367	2854.28
913.333	2911.73
914.298	2831.13
915.264	2736.36
916.229	2639.61
917.192	2628.94
918.157	2462.14
919.12	2434.31
920.084	2378.82
921.047	2397.4
922.01	2209.18
922.972	2245.9
923.935	2173.06
924.897	2118.7
925.859	2059.75
926.821	1977.72
927.783	1914.31
928.743	1908.44
929.705	1861.62
930.667	1845.32
931.626	1757.38
932.586	1793.98
933.547	1713.61
934.506	1681.77
935.466	1627.76
936.425	1588.66
937.384	1582.09
938.343	1614.52
939.301	1594.62
940.26	1609.15
941.217	1597.59
942.175	1594.54
943.132	1586.97
944.09	1599.15
945.046	1636.64
946.002	1549.63
946.96	1559.81
947.916	1568.95
948.872	1568.61
949.828	1565.37
950.783	1586.42
951.737	1521.97
952.692	1556.77
953.647	1575.46
954.601	1542.46
955.556	1563
956.509	1492.75
957.464	1556.99
958.417	1550.18
959.369	1515.25
960.322	1563.77
961.275	1568.66
962.227	1571.22
963.179	1618.58
964.132	1632.98
965.082	1592.21
966.034	1622.26
966.984	1639.53
967.936	1657.93
968.885	1661.23
969.837	1680.21
970.787	1745.81
971.736	1804.46
972.686	1858.19
973.635	1842.41
974.584	1887.82
975.533	1941.88
976.48	1943.55
977.429	1967.85
978.378	1970.59
979.325	2030.57
980.273	2006.99
981.22	2049.98
982.166	2021.52
983.113	1983.47
984.061	1924.53
985.007	1950.67
985.953	1938.2
986.897	1819.96
987.843	1845.2
988.789	1811.78
989.734	1760.87
990.678	1742.87
991.623	1708.96
992.567	1637.52
993.51	1603.3
994.453	1596.94
995.398	1617.55
996.341	1540.11
997.284	1573.81
998.227	1530.17
999.168	1582.67
1000.11	1547.62
1001.05	1508.03
1001.99	1498.35
1002.94	1459
1003.88	1423.53
1004.82	1383.58
1005.76	1456.47
1006.7	1497.79
1007.64	1442.14
1008.58	1466.45
1009.52	1472.79
1010.46	1464.92
1011.4	1462.54
1012.34	1430.48
1013.27	1451.82
1014.21	1494.05
1015.15	1505
1016.09	1452.74
1017.03	1439.6
1017.96	1492.53
1018.9	1451.83
1019.84	1468.79
1020.77	1488.46
1021.71	1500.73
1022.65	1530.99
1023.58	1511.11
1024.52	1513.98
1025.45	1533.9
1026.39	1550.09
1027.32	1513.59
1028.26	1575.25
1029.19	1592.59
1030.12	1605.1
1031.06	1570.72
1031.99	1592.9
1032.92	1593.78
1033.86	1575.18
1034.79	1612.2
1035.72	1604.96
1036.65	1594.68
1037.59	1644.54
1038.52	1595.2
1039.45	1636.36
1040.38	1673.76
1041.31	1643.18
1042.24	1731.58
1043.17	1690.47
1044.1	1674.77
1045.03	1772.54
1045.96	1755.1
1046.89	1806.08
1047.82	1788.32
1048.75	1827.7
1049.68	1863.5
1050.61	1853.7
1051.53	1886.34
1052.46	1910.98
1053.39	1972.25
1054.32	2048.41
1055.24	2127.31
1056.17	2162.55
1057.1	2244.68
1058.02	2250.04
1058.95	2326
1059.88	2320.13
1060.8	2315.11
1061.73	2270
1062.65	2209.65
1063.58	2197.04
1064.5	2209.32
1065.43	2174.76
1066.35	2220.89
1067.27	2220.56
1068.2	2314.87
1069.12	2330.35
1070.04	2385.67
1070.97	2386.07
1071.89	2349.11
1072.81	2294.85
1073.73	2374.36
1074.65	2343.65
1075.58	2317.47
1076.5	2258.46
1077.42	2275.17
1078.34	2179.23
1079.26	2149.83
1080.18	2151.85
1081.1	2081.66
1082.02	1926.94
1082.94	1930.04
1083.86	1860.9
1084.78	1814.57
1085.7	1795.85
1086.61	1763.96
1087.53	1726.53
1088.45	1714.81
1089.37	1678.42
1090.28	1725.39
1091.2	1739
1092.12	1706.97
1093.03	1699.56
1093.95	1764.2
1094.87	1807.2
1095.78	1855.13
1096.7	1854.96
1097.61	1923
1098.53	1911.52
1099.44	1951.05
1100.36	1974.34
1101.27	1991.83
1102.19	1987.44
1103.1	2029.31
1104.01	2053.2
1104.93	2063.03
1105.84	2095.76
1106.75	2122.22
1107.67	2167.94
1108.58	2212.06
1109.49	2190.07
1110.4	2238.74
1111.31	2237.84
1112.22	2289.53
1113.14	2306
1114.05	2397.16
1114.96	2411.94
1115.87	2512.08
1116.78	2546.26
1117.69	2645.68
1118.6	2716.49
1119.51	2819.95
1120.42	2909.77
1121.32	2992.86
1122.23	2982.79
1123.14	2962.18
1124.05	2929.35
1124.96	2866.21
1125.86	2827.18
1126.77	2733.12
1127.68	2696.22
1128.58	2657.48
1129.49	2664.25
1130.4	2579.2
1131.3	2625.58
1132.21	2584.77
1133.11	2633.44
1134.02	2719.71
1134.92	2756.45
1135.83	2793.73
1136.73	2815.12
1137.64	2813.66
1138.54	2792.9
1139.44	2705.33
1140.35	2605.2
1141.25	2525
1142.15	2458.25
1143.06	2354.59
1143.96	2287.11
1144.86	2226.21
1145.76	2188.9
1146.66	2062.74
1147.57	1942.96
1148.47	1873.48
1149.37	1766.77
1150.27	1723.9
1151.17	1656.32
1152.07	1542.09
1152.97	1476.45
1153.87	1459.36
1154.77	1392.62
1155.67	1319.09
1156.57	1297.9
1157.46	1249.08
1158.36	1141.28
1159.26	1178.44
1160.16	1075.68
1161.05	1086.38
1161.95	1091.32
1162.85	1064.63
1163.75	996.699
1164.64	1011.47
1165.54	972.756
1166.44	974.045
1167.33	908.855
1168.23	955.166
1169.12	912.232
1170.02	884.614
1170.91	915.976
1171.81	835.055
1172.7	865.332
1173.59	879.348
1174.49	840.044
1175.38	835.838
1176.27	849.601
1177.17	839.555
1178.06	806.739
1178.95	812.881
1179.84	853.248
1180.74	806.549
1181.63	812.075
1182.52	814.772
1183.41	813.609
1184.3	831.25
1185.19	842.117
1186.08	809.372
1186.97	822.016
1187.86	823.326
1188.75	823.72
1189.64	862.805
1190.53	813.188
1191.42	849.399
1192.31	850.764
1193.2	851.292
1194.09	872.683
1194.97	875.39
1195.86	875.357
1196.75	852.688
1197.64	888.302
1198.52	885.252
1199.41	893.477
1200.29	866.931
1201.18	928.892
1202.07	938.217
1202.95	958.81
1203.84	952.016
1204.72	948.837
1205.61	932.376
1206.49	946.906
1207.38	938.992
1208.26	939.762
1209.14	956.77
1210.03	926.115
1210.91	905.889
1211.79	923.23
1212.68	928.177
1213.56	915.935
1214.44	951.408
1215.32	945.299
1216.21	920.338
1217.09	924.611
1217.97	976.057
1218.85	975.205
1219.73	986.891
1220.61	1034.6
1221.49	1040.18
1222.37	1068.38
1223.25	1137.96
1224.13	1243.2
1225.01	1362.35
1225.89	1428.45
1226.77	1512.4
1227.65	1565.34
1228.52	1566.65
1229.4	1583.42
1230.28	1523.97
1231.16	1545.02
1232.03	1563.32
1232.91	1563.57
1233.79	1543.75
1234.66	1557.82
1235.54	1474.9
1236.42	1458.17
1237.29	1409.99
1238.17	1300.08
1239.04	1273.74
1239.92	1206.65
1240.79	1183.33
1241.67	1174.32
1242.54	1114.92
1243.41	1128.77
1244.29	1104.57
1245.16	1090.86
1246.03	1121.01
1246.91	1113.02
1247.78	1100.16
1248.65	1107.17
1249.52	1065.31
1250.4	1101.59
1251.27	1099.62
1252.14	1118.69
1253.01	1123.53
1253.88	1128.48
1254.75	1122.01
1255.62	1166.16
1256.49	1161.47
1257.36	1174.77
1258.23	1178.35
1259.1	1199
1259.97	1208.1
1260.84	1199.07
1261.71	1226.36
1262.57	1248.97
1263.44	1283.12
1264.31	1331.65
1265.18	1384.03
1266.05	1405.85
1266.91	1459.07
1267.78	1541.75
1268.65	1567.06
1269.51	1733.35
1270.38	1844.19
1271.24	2010.12
1272.11	2124.42
1272.97	2291.83
1273.84	2348.68
1274.7	2431.18
1275.57	2487.05
1276.43	2488.52
1277.3	2535.62
1278.16	2434.23
1279.02	2417.52
1279.89	2308.96
1280.75	2254.07
1281.61	2111.85
1282.48	2031.78
1283.34	1926.5
1284.2	1822.43
1285.06	1768.17
1285.92	1616.6
1286.78	1548.81
1287.65	1475.9
1288.51	1441.94
1289.37	1338.73
1290.23	1310.86
1291.09	1272.69
1291.95	1251.38
1292.81	1207.28
1293.67	1197.76
1294.52	1156.06
1295.38	1130.72
1296.24	1115.65
1297.1	1090.52
1297.96	1073.55
1298.81	1058
1299.67	1063.65
1300.53	1038.94
1301.39	1072.67
1302.24	1032.03
1303.1	1018.77
1303.95	1016.42
1304.81	1054.38
1305.67	998.147
1306.52	1020.22
1307.38	1028.16
1308.23	1021.41
1309.09	1024.26
1309.94	1026.43
1310.8	1033.69
1311.65	1021.04
1312.5	1035.14
1313.35	1062.66
1314.21	1056.87
1315.06	1054.73
1315.91	1111.26
1316.77	1095.13
1317.62	1128.62
1318.47	1135.16
1319.32	1149.29
1320.17	1175.76
1321.02	1188.97
1321.87	1227.08
1322.73	1264.73
1323.57	1287.89
1324.43	1308.33
1325.28	1354.12
1326.13	1371.01
1326.97	1399.22
1327.82	1416.15
1328.67	1470
1329.52	1472.96
1330.37	1494.68
1331.22	1503.35
1332.06	1539.93
1332.91	1544.45
1333.76	1568.88
1334.61	1580.83
1335.45	1590.15
1336.3	1623.21
1337.15	1635.54
1337.99	1649.35
1338.84	1656.81
1339.68	1667.72
1340.53	1679.11
1341.37	1699.52
1342.22	1701.49
1343.06	1692.19
1343.91	1716.48
1344.75	1726.62
1345.6	1709.04
1346.44	1705.23
1347.28	1709.76
1348.12	1719.33
1348.97	1750.17
1349.81	1705.62
1350.65	1719.09
1351.49	1747.65
1352.33	1736.43
1353.18	1751.54
1354.02	1776.83
1354.86	1764.87
1355.7	1740.52
1356.54	1730.52
1357.38	1758.9
1358.22	1799.16
1359.06	1816.16
1359.9	1791.98
1360.74	1794.56
1361.58	1795.91
1362.42	1761.86
1363.25	1773.23
1364.09	1765.73
1364.93	1753.16
1365.77	1746.43
1366.6	1731.97
1367.19	1714.03
1368.1	1734.01
1369.01	1682.03
1369.92	1752
1370.83	1740.1
1371.74	1690.63
1372.65	1663.66
1373.56	1681.9
1374.47	1703.02
1375.37	1636.54
1376.28	1641.79
1377.19	1599.73
1378.1	1613.59
1379	1594.96
1379.91	1581.23
1380.82	1576.33
1381.72	1534.12
1382.63	1546.67
1383.54	1533.56
1384.44	1569.16
1385.35	1573.3
1386.25	1522.76
1387.16	1516.24
1388.06	1523.49
1388.97	1524.03
1389.87	1558.7
1390.78	1589.5
1391.68	1637.8
1392.59	1584.22
1393.49	1569.45
1394.39	1572.99
1395.3	1525.09
1396.2	1425.91
1397.1	1348.09
1398	1346.67
1398.91	1256.7
1399.81	1240.24
1400.71	1201.78
1401.61	1207.64
1402.52	1155.77
1403.42	1123.08
1404.32	1096.1
1405.22	1099.82
1406.12	1094
1407.02	1099.8
1407.92	1084.73
1408.82	1088.94
1409.72	1081.8
1410.62	1057.5
1411.52	1042.73
1412.42	1029.8
1413.32	1041.61
1414.21	1031.39
1415.11	1007.78
1416.01	1017.52
1416.91	1025.35
1417.81	1011.36
1418.71	991.799
1419.6	988.586
1420.5	983.664
1421.4	991.266
1422.29	966.626
1423.19	982.841
1424.09	951.391
1424.98	978.765
1425.88	976.549
1426.77	1017.07
1427.67	954.961
1428.56	976.557
1429.46	987.775
1430.35	982.924
1431.25	998.111
1432.14	1032.42
1433.04	1056.41
1433.93	1013.99
1434.82	1077.24
1435.72	1102.56
1436.61	1157.48
1437.5	1220.12
1438.39	1199.83
1439.29	1272.09
1440.18	1316.64
1441.07	1324.78
1441.96	1363.41
1442.85	1370.48
1443.75	1361.39
1444.64	1413.77
1445.53	1432.95
1446.42	1432.14
1447.31	1442.8
1448.2	1427.31
1449.09	1458.61
1449.98	1422.4
1450.87	1463.97
1451.76	1485.48
1452.65	1494.78
1453.54	1489.06
1454.43	1510.63
1455.31	1498.55
1456.2	1541.27
1457.09	1523.71
1457.98	1533.65
1458.87	1550.99
1459.75	1529.62
1460.64	1587.8
1461.53	1641.67
1462.41	1720.27
1463.3	1772.08
1464.19	1861.63
1465.07	1984.77
1465.96	2025.87
1466.85	2060.65
1467.73	2057.43
1468.61	2047.52
1469.5	1974.79
1470.38	1937.22
1471.27	1931.78
1472.15	1983.58
1473.04	2026.48
1473.92	2082.75
1474.8	2185.45
1475.69	2201.68
1476.57	2215.18
1477.45	2193.11
1478.34	2186.97
1479.22	2103.27
1480.1	2085.45
1480.98	2068.08
1481.86	2070.38
1482.75	2015.56
1483.63	2004.99
1484.51	1902.19
1485.39	1754.29
1486.27	1542.14
1487.15	1378.96
1488.03	1198.61
1488.91	1068.61
1489.79	972.362
1490.67	898.201
1491.55	849.102
1492.43	798.09
1493.31	757.807
1494.19	695.481
1495.07	718.102
1495.94	673.29
1496.82	661.221
1497.7	645.26
1498.58	650.401
1499.45	586.358
1500.33	589.569
1501.21	620.583
1502.09	585.497
1502.96	557.197
1503.84	570.072
1504.72	581.018
1505.59	572.836
1506.47	551.287
1507.34	552.621
1508.22	552.047
1509.09	537.232
1509.97	535.801
1510.84	543.934
1511.72	515.068
1512.59	524.199
1513.46	537.072
1514.34	528.999
1515.21	535.065
1516.08	524.034
1516.96	522.453
1517.83	508.611
1518.7	534.435
1519.57	514.09
1520.45	522.079
1521.32	515.07
1522.19	506.259
1523.06	504.105
1523.93	538.657
1524.8	495.215
1525.67	496.851
1526.54	529.416
1527.41	491.504
1528.28	482.683
1529.16	510.437
1530.02	509.169
1530.89	496.733
1531.76	501.24
1532.63	473.963
1533.5	488.855
1534.37	475.642
1535.24	500.798
1536.11	505.316
1536.97	484.54
1537.84	482.504
1538.71	495.492
1539.57	474.849
1540.44	514.209
1541.31	485.275
1542.18	512.585
1543.04	523.03
1543.91	481.824
1544.77	506.199
1545.64	488.272
1546.5	486.257
1547.37	524.612
1548.24	481.439
1549.1	463.732
1549.96	491.26
1550.83	473.808
1551.69	469.546
1552.56	482.199
1553.42	488.154
1554.28	458.099
1555.15	480.831
1556.01	449.709
1556.87	462.13
1557.73	462.395
1558.6	487.41
1559.46	506.851
1560.32	478.814
1561.18	436.352
1562.04	465.042
1562.9	481.303
1563.77	463.29
1564.63	480.545
1565.49	448.364
1566.35	470.603
1567.21	448.087
1568.07	479.095
1568.93	500.593
1569.79	482.798
1570.64	465.856
1571.5	485.297
1572.36	482.628
1573.22	486.678
1574.08	473.446
1574.94	522.813
1575.8	484.63
1576.65	484.979
1577.51	469.873
1578.37	476.927
1579.22	466.538
1580.08	484.157
1580.94	462.085
1581.79	497.171
1582.65	482.895
1583.51	503.58
1584.36	482.555
1585.22	474.129
1586.07	480.255
1586.93	490.245
1587.78	499.228
1588.63	493.551
1589.49	513.183
1590.34	454.689
1591.2	485.895
1592.05	477.982
1592.9	484.652
1593.76	495.213
1594.61	497.037
1595.46	460.895
1596.32	497.09
1597.17	518.766
1598.02	481.858
1598.87	519.229
1599.72	513.502
1600.58	498.851
1601.43	479.18
1602.28	493.662
1603.13	500.217
1603.98	501.823
1604.83	516.13
1605.68	545.128
1606.53	507.764
1607.38	534.948
1608.23	536.771
1609.08	510.248
1609.93	504.153
1610.77	517.472
1611.62	522.897
1612.47	523.424
1613.32	502.57
1614.17	516.871
1615.01	531.252
1615.86	527.188
1616.71	516.307
1617.55	542.335
1618.4	528.376
1619.25	520.165
1620.09	535.205
1620.94	542.438
1621.79	528.361
1622.63	523.087
1623.48	524.675
1624.32	514.713
1625.17	531.907
1626.01	533.635
1626.86	528.598
1627.7	553.543
1628.54	520.434
1629.39	525.018
1630.23	551.783
1631.07	511.814
1631.92	530.729
1632.76	526.435
1633.6	547.215
1634.45	558.365
1635.29	527.17
1636.13	532.629
1636.97	540.993
1637.81	551.277
1638.66	553.857
1639.5	560.294
1640.34	562.924
1641.18	533.906
1642.02	552.047
1642.86	569.28
1643.7	556.743
1644.54	566.302
1645.38	546.994
1646.22	592.057
1647.06	562.126
1647.89	563.93
1648.73	587.904
1649.57	602.365
1650.41	597.718
1651.25	574.875
1652.09	557.829
1652.92	585.063
1653.76	574.614
1654.6	567.885
1655.43	614.117
1656.27	603.437
1657.11	616.012
1657.94	585.328
1658.78	581.82
1659.62	592.903
1660.45	590.44
1661.29	585.921
1662.12	575.429
1662.96	572.564
1663.79	557.058
1664.62	545.484
1665.46	571.869
1666.29	593.579
1667.13	557.122
1667.96	567.352
1668.79	570.778
1669.63	573.19
1670.46	560.903
1671.29	564.157
1672.12	567.352
1672.96	564.626
1673.79	557.95
1674.62	555.179
1675.45	547.544
1676.28	551.723
1677.11	554.019
1677.95	521.02
1678.78	513.521
1679.61	557.103
1680.44	524.872
1681.27	520.062
1682.1	525.025
1682.93	502.387
1683.75	514.266
1684.58	500.585
1685.41	501.75
1686.24	511.835
1687.07	506.139
1687.9	465.828
1688.73	483.793
1689.55	507.691
1690.38	488.031
1691.21	467.318
1692.04	469.312
1692.86	446.46
1693.69	461.188
1694.52	486.792
1695.34	458.951
1696.17	446.053
1696.99	438.204
1697.82	446.292
1698.64	442.514
1699.47	447.64
1700.29	451.703
1701.12	450.701
1701.94	438.676
1702.77	441.483
1703.59	445.241
1704.41	413.243
1705.24	437.852
1706.06	421.782
1706.88	429.558
1707.71	446.282
1708.53	411.422
1709.35	436.087
1710.17	436.919
1711	439.696
1711.82	419.626
1712.64	403.497
1713.46	418.08
1714.28	435.639
1715.1	436.404
1715.92	453.055
1716.74	401.437
1717.56	418.082
1718.38	434.636
1719.2	436.226
1720.02	421.914
1720.84	419.431
1721.66	420.95
1722.48	404.849
1723.3	415.499
1724.11	446.935
1724.93	417.306
1725.75	416.163
1726.57	427.686
1727.39	411.508
1728.2	395.283
1729.02	410.516
1729.84	411.066
1730.65	401.887
1731.47	410.418
1732.29	400.331
1733.1	404.906
1733.92	398.657
1734.73	429.542
1735.55	419.336
1736.36	427.727
1737.18	418.58
1737.99	392.879
1738.81	418.861
1739.62	430.161
1740.43	426.806
1741.25	403.988
1742.06	387.057
1742.87	400.291
1743.69	414.515
1744.5	412.248
1745.31	414.838
1746.13	383.504
1746.94	404.524
1747.75	399.408
1748.56	418.534
1749.37	405.745
1750.18	399.749
1750.99	395.682
1751.81	436.088
1752.61	411.685
1753.42	408.573
1754.24	411.294
1755.04	387.96
1755.85	418.757
1756.66	391.553
1757.47	408.733
1758.28	391.072
1759.09	411.015
1759.9	391.39
1760.71	402.678
1761.52	395.724
1762.32	389.814
1763.13	386.846
1763.94	425.336
1764.74	384.767
1765.55	397.192
1766.36	382.626
1767.17	393.158
1767.97	416.287
1768.78	389.333
1769.58	402.924
1770.39	392.386
1771.19	396.296
1772	389.543
1772.8	388.562
1773.61	380.815
1774.41	378.884
1775.22	383.741
1776.02	415.702
1776.83	389.611
1777.63	398.358
1778.43	402.285
1779.23	384.933
1780.04	378.28
1780.84	371.67
1781.64	400.046
1782.44	367.246
1783.25	372.318
1784.05	367.636
1784.85	365.844
1785.65	404.979
1786.45	368.075
1787.25	389.698
1788.05	384.984
1788.86	365.603
1789.65	390.204
1790.46	363.923
1791.25	346.406
1792.05	370.014
1792.85	369.14
1793.65	380.062
1794.45	354.717
1795.25	378.509
1796.05	358.13
1796.85	374.163
1797.64	391.213
1798.44	386.559
1799.24	397.642
1800.04	393.865
1800.83	378.174
1801.63	378.268
1802.43	366.477
1803.22	372.496
1804.02	369.601
1804.82	399.395
1805.61	349.886
1806.41	389.582
1807.2	370.766
1808	349.962
1808.79	370.863
1809.59	386.844
1810.38	379.004
1811.18	360.207
1811.97	406.012
1812.76	374.151
1813.56	375.039
1814.35	356.966
1815.14	356.795
1815.94	357.66
1816.73	391.427
1817.52	393.447
1818.31	381.574
1819.1	398.557
1819.9	386.594
1820.69	375.536
1821.48	381.345
1822.27	369.198
1823.06	385.937
1823.85	369.845
1824.64	358.748
1825.43	392.429
1826.22	386.269
1827.01	363.175
1827.8	386.828
1828.59	370.723
1829.38	365.596
1830.17	368.45
1830.96	396.149
1831.74	376.099
1832.53	378.844
1833.32	357.694
1834.11	368.278
1834.89	369.902
1835.68	336.834
1836.47	372.155
1837.26	376.761
1838.04	390.27
1838.83	348.397
1839.61	372.749
1840.4	337.8
1841.19	369.943
1841.97	386.233
1842.76	357.203
1843.54	379.41
1844.33	346.595
1845.11	381.682
1845.89	387.33
1846.68	363.542
1847.46	379.025
1848.25	367
1849.03	378.508
1849.81	373.34
1850.6	370.157
1851.38	367.98
1852.16	359.937
1852.94	364.618
1853.72	351.64
1854.51	354.288
1855.29	362.762
1856.07	357.519
1856.85	389.38
1857.63	337.267
1858.41	365.197
1859.19	350.225
1859.97	348.936
1860.75	369.111
1861.53	350.396
1862.31	376.504
1863.09	357.878
1863.87	344.117
1864.65	369.234
1865.43	377.739
1866.21	378.386
1866.99	373.144
1867.76	360.121
1868.54	345.194
1869.32	358.445
1870.1	355.29
1870.87	363.838
1871.65	359.85
1872.43	355.887
1873.2	346.102
1873.98	366.317
1874.76	362.29
1875.53	355.357
1876.31	361.045
1877.08	331.923
1877.86	355.147
1878.63	356.126
1879.41	362.915
1880.18	343.499
1880.96	349.247
1881.73	346.245
1882.5	375.244
1883.28	352.881
1884.05	359.646
1884.82	363.533
1885.6	336.373
1886.37	355.782
1887.14	370.324
1887.91	347.949
1888.68	337.222
1889.46	363.431
1890.23	358.601
1891	378.141
1891.77	376.377
1892.54	349.365
1893.31	344.783
1894.08	343.146
1894.85	350.277
1895.62	372.02
1896.39	354.534
1897.16	354.534
1897.93	361.294
1898.7	330.829
1899.47	364.035
1900.24	345.453
1901.01	374.983
1901.77	336.007
1902.54	378.489
1903.31	342.406
1904.08	339.649
1904.84	363.408
1905.61	358.599
1906.38	339.968
1907.14	344.969
1907.91	334.205
1908.68	343.184
1909.44	358.124
1910.21	367.186
1910.97	350.578
1911.74	342.869
1912.51	340.102
1913.27	324.434
1914.03	348.404
1914.8	353.517
1915.56	343.702
1916.33	356.701
1917.09	340.845
1917.85	353.793
1918.62	344.838
1919.38	314.971
1920.14	375.674
1920.9	341.857
1921.67	324.003
1922.43	327.126
1923.19	339.29
1923.95	323.549
1924.71	340.762
1925.47	354.958
1926.24	342.071
1927	319.07
1927.76	330.036
1928.52	347.959
1929.28	349.824
1930.04	376.705
1930.8	348.512
1931.56	344.36
1932.32	342.236
1933.08	344.157
1933.83	351.139
1934.59	341.145
1935.35	343.186
1936.11	367.252
1936.87	349.15
1937.62	329.951
1938.38	340.74
1939.14	343.467
1939.89	361.217
1940.65	341.978
1941.41	371.832
1942.16	353.688
1942.92	326.529
1943.68	329.327
1944.43	343.039
1945.19	332.681
1945.94	329.277
1946.7	346.809
1947.45	336.432
1948.21	334.073
1948.96	340.712
1949.71	335.442
1950.47	340.143
1951.22	330.946
1951.98	329.709
1952.73	330.451
1953.48	344.062
1954.23	362.558
1954.99	359.146
1955.74	340.821
1956.49	334.365
1957.24	336.827
1957.99	328.487
1958.75	364.62
1959.5	338.69
1960.25	348.29
1961	340.139
1961.75	350.646
1962.5	332.551
1963.25	340.975
1964	337.591
1964.75	343.055
1965.5	364.21
1966.25	342.23
1967	349.606
1967.74	366.676
1968.49	337.752
1969.24	338.115
1969.99	319.989
1970.74	346.698
1971.48	332.642
1972.23	358.517
1972.98	337.864
1973.73	334.727
1974.47	366.469
1975.22	345.762
1975.96	354.057
1976.71	343.894
1977.46	344.36
1978.2	368.989
1978.95	352.163
1979.69	349.919
1980.44	356.446
1981.18	341.83
1981.93	367.705
1982.67	326.085
1983.41	367.238
1984.16	350.496
1984.9	323.116
1985.64	343.772
1986.39	366.302
1987.13	326.517
1987.87	335.719
1988.61	334.448
1989.36	336.106
1990.1	367.454
1990.84	367.232
1991.58	341.193
1992.32	342.898
1993.06	333.157
1993.81	331.11
1994.55	331.039
1995.29	344.423
1996.03	315.796
1996.77	342.681
1997.51	310.239
1998.24	350.551
1998.98	328.566
1999.72	350.624
2000.46	331.429
2001.2	316.054
2001.94	336.18
2002.68	316.04
2003.41	344.876
2004.15	330.538
2004.89	337.331
2005.63	322.97
2006.36	313.384
2007.1	332.636
2007.84	330.725
2008.57	316.317
2009.31	334.681
2010.05	315.533
2010.78	327.267
2011.52	321.678
2012.25	324.779
2012.99	308.524
2013.72	314.457
2014.46	307.768
2015.19	313.634
2015.92	309.813
2016.66	309.898
2017.39	334.294
2018.13	300.541
2018.86	306.628
2019.59	322.492
2020.32	315.009
2021.06	307.49
2021.79	324.094
2022.52	301.688
2023.25	288.175
2023.98	318.771
2024.72	336.845
2025.45	339.928
2026.18	316.894
2026.91	324.025
2027.64	317.889
2028.37	311.031
2029.1	319.074
2029.83	308.183
2030.56	312.604
2031.29	312.863
2032.02	318.299
2032.75	313.243
2033.47	303.723
2034.2	328.877
2034.93	317.902
2035.66	304.692
2036.39	324.248
2037.11	311.944
2037.84	328.937
2038.57	309.979
2039.3	326.794
2040.02	320.208
2040.75	316.528
2041.47	305.662
2042.2	324.848
2042.93	319.797
2043.65	313.398
2044.38	318.211
2045.1	309.715
2045.83	313.303
2046.55	316.612
2047.28	330.397
2048	307.045
2048.73	325.568
2049.45	310.28
2050.17	319.535
2050.9	324.655
2051.62	337.571
2052.34	321.551
2053.07	334.517
2053.79	310.347
2054.51	322.291
2055.23	324.906
2055.95	322.269
2056.68	317.84
2057.4	324.408
2058.12	332.656
2058.84	336.418
2059.56	316.13
2060.28	314.992
2061	323.104
2061.72	323.31
2062.44	327.397
2063.16	325.365
2063.88	324.479
2064.6	327.925
2065.32	327.017
2066.03	336.173
2066.75	336.74
2067.47	329.072
2068.19	335.038
2068.91	334.506
2069.62	319.924
2070.34	330.471
2071.06	339.031
2071.77	325.395
2072.49	338.588
2073.21	321.526
2073.92	322.422
2074.64	337.673
2075.36	340.381
2076.07	332.787
2076.79	329.274
2077.5	326.787
2078.22	332.667
2078.93	336.38
2079.64	336.1
2080.36	322.856
2081.07	324.556
2081.79	320.796
2082.5	329.838
2083.21	340.025
2083.93	343.183
2084.64	333.055
2085.35	330.806
2086.07	321.56
2086.78	328.104
2087.49	333.083
2088.2	308.903
2088.91	308.77
2089.62	318.301
2090.33	316.356
2091.04	326.36
2091.76	346.101
2092.47	338.3
2093.18	321.835
2093.89	314.031
2094.6	323.921
2095.3	333.463
2096.01	338.647
2096.72	316.319
2097.43	315.988
2098.14	316.234
2098.85	325.579
2099.56	338.766
2100.09	317.858
2100.87	300.911
2101.65	328.471
2102.43	340.212
2103.21	338.099
2103.99	338.898
2104.77	319.894
2105.55	351.122
2106.32	311.357
2107.1	342.492
2107.88	343.165
2108.66	336.077
2109.44	329.088
2110.22	358.476
2110.99	326.008
2111.77	300.339
2112.55	327.536
2113.33	335.979
2114.1	341.453
2114.88	347.949
2115.66	322.325
2116.43	312.452
2117.21	343.655
2117.99	334.85
2118.76	339.678
2119.54	320.05
2120.31	332.584
2121.09	339.237
2121.86	334.193
2122.64	326.246
2123.41	321.247
2124.19	353.274
2124.96	346.381
2125.74	353.167
2126.51	329.827
2127.28	336.714
2128.06	340.696
2128.83	342.713
2129.61	338.842
2130.38	357.361
2131.15	357.339
2131.92	345.625
2132.7	315.403
2133.47	337.869
2134.24	339.865
2135.01	316.48
2135.78	350.672
2136.55	330.201
2137.33	337.083
2138.1	329.341
2138.87	345.089
2139.64	334.488
2140.41	343.489
2141.18	357.438
2141.95	338.102
2142.72	331.492
2143.49	318.953
2144.26	310.284
2145.03	324.187
2145.8	315.452
2146.57	314.599
2147.33	345.32
2148.1	327.82
2148.87	320.193
2149.64	319.466
2150.41	332.55
2151.17	354.517
2151.94	328.937
2152.71	352.883
2153.48	344.169
2154.24	331.516
2155.01	327.82
2155.78	329.106
2156.54	320.43
2157.31	351.592
2158.08	329.903
2158.84	349.089
2159.61	321.296
2160.37	327.426
2161.14	318.528
2161.9	329.635
2162.67	322.762
2163.43	322.954
2164.2	346.286
2164.96	334.573
2165.72	339.935
2166.49	311.047
2167.25	337.441
2168.01	334.556
2168.78	320.515
2169.54	314.518
2170.3	317.626
2171.07	311.704
2171.83	336.142
2172.59	332.344
2173.35	321.453
2174.11	336.838
2174.88	330.886
2175.64	332.962
2176.4	326.873
2177.16	325.896
2177.92	346.245
2178.68	344.343
2179.44	348.586
2180.2	324.435
2180.96	333.797
2181.72	321.797
2182.48	361.632
2183.24	344.469
2184	321.148
2184.76	341.56
2185.52	326.327
2186.28	343.665
2187.04	318.253
2187.79	332.557
2188.55	344.838
2189.31	344.905
2190.07	339.877
2190.83	323.638
2191.58	326.749
2192.34	363.474
2193.1	335.99
2193.85	344.129
2194.61	349.157
2195.37	361.246
2196.12	336.645
2196.88	359.841
2197.63	351.524
2198.39	320.922
2199.15	333.043
2199.9	317.801
2200.66	328.971
2201.41	364.47
2202.16	319.738
2202.92	336.845
2203.67	338.693
2204.43	326.365
2205.18	304.985
2205.93	345.418
2206.69	325.188
2207.44	335.355
2208.19	321.228
2208.95	331.353
2209.7	319.156
2210.45	331.196
2211.2	321.969
2211.95	320.829
2212.71	333.831
2213.46	317.554
2214.21	338.615
2214.96	344.514
2215.71	322.166
2216.46	336.069
2217.21	311.69
2217.96	347.638
2218.71	366.434
2219.46	352.098
2220.21	343.836
2220.96	373.707
2221.71	333.512
2222.46	336.423
2223.21	326.325
2223.96	345.206
2224.71	334.034
2225.46	349.801
2226.21	321.622
2226.95	336.379
2227.7	340.189
2228.45	331.08
2229.2	338.922
2229.94	345.768
2230.69	347.637
2231.44	367.397
2232.18	330.498
2232.93	330.37
2233.68	342.134
2234.42	321.12
2235.17	352.648
2235.92	357.38
2236.66	336.392
2237.41	319.422
2238.15	329.203
2238.9	353.831
2239.64	344.856
2240.38	344.773
2241.13	332.826
2241.87	343.578
2242.62	320.768
2243.36	359.115
2244.1	374.758
2244.85	318.47
2245.59	341.019
2246.33	366.511
2247.08	342.788
2247.82	350.562
2248.56	343.564
2249.3	368.979
2250.05	348.179
2250.79	361.752
2251.53	326.271
2252.27	316.354
2253.01	318.25
2253.75	343.713
2254.49	347.648
2255.23	318.283
2255.97	340.876
2256.71	352.678
2257.45	331.12
2258.19	352.654
2258.93	351.604
2259.67	367.186
2260.41	357.31
2261.15	373.917
2261.89	348.494
2262.63	347.614
2263.36	350.704
2264.1	329.316
2264.84	332.412
2265.58	374.716
2266.32	337.522
2267.05	340.503
2267.79	346.393
2268.53	335.591
2269.26	344.412
2270	343.446
2270.74	338.595
2271.48	363.222
2272.21	329.018
2272.95	339.993
2273.68	353.953
2274.42	340.413
2275.15	331.772
2275.89	343.777
2276.62	342.964
2277.36	364.78
2278.09	347.158
2278.83	363.02
2279.56	327.606
2280.29	317.811
2281.03	337.598
2281.76	370.225
2282.49	354.549
2283.23	327.061
2283.96	351.928
2284.69	347.218
2285.42	335.591
2286.16	364.488
2286.89	341.886
2287.62	317.234
2288.35	340.07
2289.08	354.993
2289.81	349.162
2290.55	346.364
2291.28	355.526
2292.01	330.009
2292.74	345.199
2293.47	345.493
2294.2	326.853
2294.93	328.056
2295.66	335.181
2296.39	348.236
2297.11	336.345
2297.85	334.411
2298.57	343.469
2299.3	343.61
2300.03	332.832
2300.76	329.066
2301.49	320.3
2302.22	329.495
2302.94	333.658
2303.67	343.798
2304.4	314.903
2305.12	343.085
2305.85	320.228
2306.58	327.441
2307.31	339.677
2308.03	329.824
2308.76	317.918
2309.48	301.958
2310.21	327.164
2310.93	312.197
2311.66	340.467
2312.38	344.651
2313.11	317.664
2313.83	309.772
2314.56	316.954
2315.28	309
2316.01	306.056
2316.73	318.23
2317.45	308.253
2318.18	327.537
2318.9	308.516
2319.62	297.551
2320.35	326.944
2321.07	316.946
2321.79	328.137
2322.52	320.135
2323.24	303.044
2323.96	287.979
2324.68	308.3
2325.4	276.036
2326.12	290.274
2326.84	270.1
2327.56	267.111
2328.29	229.717
2329.01	238.882
2329.73	256.167
2330.45	274.491
2331.17	286.75
2331.89	303.054
2332.61	314.27
2333.32	318.363
2334.04	324.462
2334.76	315.354
2335.48	311.327
2336.2	300.227
2336.92	313.475
2337.64	322.683
2338.35	290.309
2339.07	316.742
2339.79	305.63
2340.51	294.513
2341.23	317.907
2341.94	313.944
2342.66	282.602
2343.37	303.054
2344.09	305.219
2344.81	297.173
2345.52	299.221
2346.24	312.38
2346.95	309.237
2347.67	288.838
2348.38	290.825
2349.1	311.146
2349.82	303.118
2350.53	303.255
2351.24	314.576
2351.96	327.906
2352.67	333.048
2353.39	306.618
2354.1	292.352
2354.81	289.258
2355.53	274.999
2356.24	291.236
2356.95	307.496
2357.66	298.392
2358.38	329.936
2359.09	284.297
2359.8	306.741
2360.51	325.153
2361.22	319.196
2361.94	305.116
2362.65	285.945
2363.36	297.305
2364.07	313.746
2364.78	309.767
2365.49	298.602
2366.2	311.858
2366.91	301.648
2367.62	326.086
2368.33	290.422
2369.04	284.332
2369.75	306.791
2370.46	289.514
2371.16	304.844
2371.87	309.975
2372.58	311.028
2373.29	322.279
2374	304.995
2374.71	304.024
2375.41	317.324
2376.12	305.129
2376.83	325.563
2377.53	332.752
2378.24	307.322
2378.95	305.362
2379.65	298.302
2380.36	328.986
2381.07	321.884
2381.77	343.335
2382.48	305.585
2383.18	311.752
2383.89	302.658
2384.59	317.098
2385.3	322.378
2386	334.801
2386.71	299.105
2387.41	309.347
2388.12	322.589
2388.82	320.465
2389.52	300.99
2390.23	312.213
2390.93	333.701
2391.63	318.436
2392.34	326.66
2393.04	305.216
2393.74	318.478
2394.44	331.725
2395.15	328.655
2395.85	327.681
2396.55	324.711
2397.25	321.754
2397.95	331.036
2398.65	347.417
2399.35	339.196
2400.05	333.994
2400.75	328.777
2401.45	309.291
2402.15	328.634
2402.85	334.758
2403.55	323.583
2404.25	332.852
2404.95	323.764
2405.65	329.986
2406.35	343.346
2407.05	313.782
2407.75	341.412
2408.44	347.59
2409.14	312.906
2409.84	315.016
2410.54	325.302
2411.24	335.574
2411.93	286.52
2412.63	334.539
2413.33	320.172
2414.02	327.243
2414.72	352.684
2415.42	355.658
2416.11	343.34
2416.81	321.868
2417.5	302.468
2418.2	349.395
2418.9	332.086
2419.59	332.123
2420.28	336.221
2420.98	327.014
2421.67	318.78
2422.37	323.764
2423.06	309.388
2423.75	336.805
2424.45	333.74
2425.14	342.971
2425.84	331.897
2426.53	294.342
2427.22	323
2427.91	341.427
2428.61	349.59
2429.3	318.944
2429.99	318.823
2430.68	312.548
2431.37	320.499
2432.07	327.422
2432.76	328.27
2433.45	337.294
2434.14	322.016
2434.83	346.385
2435.52	318.002
2436.21	297.731
2436.9	337.31
2437.59	318.971
2438.28	322.905
2438.97	334.913
2439.66	312.47
2440.35	350.827
2441.04	317.337
2441.72	343.596
2442.41	320.284
2443.1	309.108
2443.79	335.322
2444.48	343.309
2445.16	344.215
2445.85	328.984
2446.54	315.823
2447.23	321.878
2447.91	318.862
2448.6	327.953
2449.29	338.034
2449.97	328.916
2450.66	334.926
2451.34	344.975
2452.03	327.812
2452.72	336.894
2453.4	344.974
2454.09	334.878
2454.77	337.843
2455.46	341.756
2456.14	327.493
2456.82	345.441
2457.51	355.348
2458.19	343.186
2458.88	337.128
2459.56	347.211
2460.24	339.233
2460.92	369.48
2461.61	369.561
2462.29	347.498
2462.97	363.636
2463.66	350.569
2464.34	336.461
2465.02	364.551
2465.7	358.413
2466.38	363.315
2467.06	356.168
2467.75	366.123
2468.42	339.986
2469.11	384.164
2469.79	347.089
2470.47	358.225
2471.15	362.345
2471.83	361.433
2472.51	339.394
2473.19	356.497
2473.86	343.431
2474.54	373.54
2475.22	372.513
2475.9	364.482
2476.58	353.478
2477.26	362.6
2477.94	344.634
2478.61	341.742
2479.29	375.031
2479.97	347.976
2480.65	347.033
2481.32	368.198
2482	340.078
2482.68	361.254
2483.35	368.363
2484.03	356.357
2484.71	372.507
2485.38	334.286
2486.06	350.371
2486.73	369.448
2487.41	332.197
2488.08	346.274
2488.76	347.321
2489.43	333.326
2490.11	367.664
2490.78	352.718
2491.45	362.937
2492.13	339.898
2492.8	353.101
2493.48	354.196
2494.15	357.306
2494.82	336.232
2495.49	345.438
2496.17	360.746
2496.84	361.966
2497.51	346.021
2498.18	365.419
2498.86	355.453
2499.53	368.684
2500.2	387.936
2500.87	377.835
2501.54	363.715
2502.21	354.713
2502.88	344.76
2503.55	375.364
2504.22	334.049
2504.89	361.618
2505.56	382.05
2506.23	380.111
2506.9	386.264
2507.57	395.473
2508.24	361.072
2508.91	377.476
2509.58	380.702
2510.25	374.756
2510.91	373.845
2511.58	395.268
2512.25	390.231
2512.92	364.861
2513.59	390.382
2514.25	381.355
2514.92	399.834
2515.59	392.869
2516.25	391.994
2516.92	397.201
2517.59	368.745
2518.25	410.591
2518.92	340.303
2519.58	364.817
2520.25	394.454
2520.91	373.143
2521.58	369.205
2522.24	383.677
2522.91	379.813
2523.57	372.893
2524.24	378.226
2524.9	385.589
2525.56	353.015
2526.23	368.518
2526.89	376.847
2527.55	393.366
2528.22	361.706
2528.88	360.752
2529.54	374.111
2530.21	380.265
2530.87	387.438
2531.53	363.894
2532.19	378.335
2532.85	356.971
2533.51	367.454
2534.18	382.075
2534.84	363.801
2535.5	397.853
2536.16	392.754
2536.82	381.4
2537.48	396.714
2538.14	366.835
2538.8	381.169
2539.46	377.093
2540.12	391.579
2540.78	371.201
2541.44	407.372
2542.09	382.892
2542.75	389.221
2543.41	369.765
2544.07	409.923
2544.73	383.11
2545.39	391.213
2546.04	411.599
2546.7	397.024
2547.36	425.622
2548.02	402.936
2548.67	411.119
2549.33	390.625
2549.98	401.981
2550.64	416.433
2551.3	419.591
2551.95	407.344
2552.61	400.232
2553.26	431.128
2553.92	410.65
2554.57	417.87
2555.23	452.761
2555.88	425.943
2556.54	411.404
2557.19	451.221
2557.85	442.823
2558.5	413.987
2559.15	453.879
2559.81	431.329
2560.46	424.191
2561.11	461.119
2561.77	446.798
2562.42	436.526
2563.07	441.556
2563.72	426.049
2564.37	422.802
2565.03	462.519
2565.68	449.094
2566.33	443.934
2566.98	456.231
2567.63	465.512
2568.28	463.545
2568.93	436.982
2569.58	459.415
2570.23	457.243
2570.88	472.417
2571.53	459.028
2572.18	459
2572.83	463.119
2573.48	460.124
2574.13	474.478
2574.78	440.793
2575.43	468.327
2576.07	461.104
2576.72	450.808
2577.37	451.743
2578.02	432.287
2578.67	428.136
2579.31	421.929
2579.96	439.131
2580.61	421.651
2581.26	456.1
2581.9	457.975
2582.55	427.354
2583.19	415.134
2583.84	419.261
2584.49	415.287
2585.13	421.477
2585.78	428.625
2586.42	415.327
2587.07	403.979
2587.71	396.645
2588.36	416.715
2589	393.135
2589.65	432.521
2590.29	409.074
2590.93	446.529
2591.58	421.185
2592.22	418.187
2592.86	390.89
2593.51	411.272
2594.15	404.295
2594.79	421.676
2595.43	416.728
2596.07	390.431
2596.72	415.86
2597.36	411.794
2598	434.068
2598.64	434.99
2599.28	411.568
2599.92	417.595
2600.56	414.543
2601.2	410.522
2601.85	406.528
2602.49	414.704
2603.13	407.641
2603.76	404.601
2604.4	432.973
2605.04	424.826
2605.68	415.674
2606.32	413.635
2606.96	423.761
2607.6	389.27
2608.24	406.442
2608.88	397.236
2609.51	404.231
2610.15	402.133
2610.79	427.42
2611.43	404.186
2612.06	417.462
2612.7	403.44
2613.34	405.635
2613.97	430.126
2614.61	406.943
2615.25	401.982
2615.88	414.25
2616.52	432.608
2617.15	401.248
2617.79	418.616
2618.42	416.71
2619.06	415.82
2619.69	426.094
2620.33	410.944
2620.96	428.281
2621.6	421.203
2622.23	432.41
2622.86	401.957
2623.5	434.547
2624.13	458.03
2624.76	418.498
2625.4	449.133
2626.03	413.631
2626.66	459.492
2627.29	429.016
2627.93	412.778
2628.56	456.605
2629.19	462.812
2629.82	459.892
2630.45	451.894
2631.08	474.455
2631.71	452.167
2632.34	432.905
2632.98	479.892
2633.61	444.312
2634.24	482.182
2634.87	479.305
2635.5	487.68
2636.12	469.516
2636.75	495.257
2637.38	463.762
2638.01	479.252
2638.64	519.27
2639.27	468.249
2639.9	518.459
2640.53	492.944
2641.15	512.419
2641.78	506.305
2642.41	517.594
2643.04	531.984
2643.66	491.158
2644.29	532.243
2644.92	525.244
2645.54	518.232
2646.17	532.695
2646.8	544.041
2647.42	527.678
2648.05	551.244
2648.67	519.479
2649.3	570.717
2649.92	550.278
2650.55	559.6
2651.17	542.328
2651.8	528.162
2652.42	551.959
2653.05	552.174
2653.67	562.624
2654.29	569.95
2654.92	594.675
2655.54	542.346
2656.16	538.25
2656.79	585.498
2657.41	574.557
2658.03	579.478
2658.65	569.673
2659.27	570.148
2659.9	557.743
2660.52	588.673
2661.14	568.796
2661.76	565.326
2662.38	553.62
2663	581.411
2663.62	571.628
2664.24	575.402
2664.86	574.581
2665.48	578.1
2666.1	576.097
2666.72	580.119
2667.34	596.467
2667.96	600.249
2668.58	600.887
2669.2	585.209
2669.82	568.239
2670.44	588.018
2671.05	584.045
2671.67	595.824
2672.29	614.134
2672.91	635.55
2673.53	603.075
2674.14	652.938
2674.76	639.762
2675.38	636.901
2675.99	636.585
2676.61	683.061
2677.23	683.817
2677.84	706.696
2678.46	735.874
2679.07	786.529
2679.69	806.665
2680.3	851.348
2680.92	903.334
2681.53	967.41
2682.15	974.178
2682.76	995.316
2683.38	999.152
2683.99	1006.62
2684.61	980.524
2685.22	991.735
2685.83	970.769
2686.44	930.588
2687.06	929.367
2687.67	947.436
2688.28	947.644
2688.9	950.27
2689.51	960.283
2690.12	966.421
2690.73	967.792
2691.34	972.468
2691.96	959.792
2692.57	981.678
2693.18	976.926
2693.79	995.108
2694.4	1004.92
2695.01	1003
2695.62	991.079
2696.23	994.109
2696.84	965.16
2697.45	984.646
2698.06	967.993
2698.67	970.289
2699.28	954.65
2699.88	965.061
2700.49	972.144
2701.1	976.937
2701.71	974.357
2702.32	974.02
2702.93	972.275
2703.53	991.117
2704.14	984.299
2704.75	991.839
2705.36	977.8
2705.96	1009.52
2706.57	1016.43
2707.17	1013.93
2707.78	1010.83
2708.39	1014.05
2708.99	1035.45
2709.6	1014.29
2710.2	1045.8
2710.81	1053.61
2711.41	1041.9
2712.02	1037.61
2712.62	1052.36
2713.23	1055.43
2713.83	1044.84
2714.44	1062.74
2715.04	1062.31
2715.64	1062.15
2716.25	1080.75
2716.85	1108.4
2717.45	1094.11
2718.05	1064.8
2718.66	1101.25
2719.26	1120.39
2719.86	1107.05
2720.46	1115.59
2721.06	1117.55
2721.67	1145.4
2722.27	1153.82
2722.87	1136.49
2723.47	1147.2
2724.07	1139.02
2724.67	1156.32
2725.27	1183.62
2725.71	1161.38
2726.38	1182.55
2727.06	1160.78
2727.73	1178.58
2728.4	1155.66
2729.07	1157.2
2729.74	1191.42
2730.42	1211.63
2731.09	1200.59
2731.76	1194.85
2732.43	1200.41
2733.1	1176.52
2733.77	1244.14
2734.44	1241.45
2735.11	1246.73
2735.78	1256.91
2736.45	1257.76
2737.12	1219.81
2737.79	1240.8
2738.46	1249.56
2739.13	1297
2739.8	1268.33
2740.47	1241.91
2741.14	1302.12
2741.81	1271.05
2742.47	1288.9
2743.14	1232.5
2743.81	1238.1
2744.48	1232.4
2745.15	1259.2
2745.81	1215.65
2746.48	1298.48
2747.15	1276.39
2747.81	1300.21
2748.48	1313.81
2749.15	1318.12
2749.81	1314.07
2750.48	1337.4
2751.15	1340.22
2751.81	1375.72
2752.48	1323.74
2753.14	1299.61
2753.81	1293.09
2754.47	1257.1
2755.14	1209.75
2755.8	1224.47
2756.47	1206.21
2757.13	1187.74
2757.8	1175.34
2758.46	1140.54
2759.13	1165.18
2759.79	1187.98
2760.45	1133.19
2761.12	1159.15
2761.78	1174.71
2762.44	1158.36
2763.1	1151.06
2763.77	1190.8
2764.43	1167.24
2765.09	1195.05
2765.76	1206.74
2766.42	1220.67
2767.08	1258.27
2767.74	1233.34
2768.4	1268.78
2769.06	1282.54
2769.72	1303.35
2770.38	1328.18
2771.05	1349.9
2771.71	1387.08
2772.37	1380.24
2773.03	1489.58
2773.69	1538.47
2774.35	1590.47
2775.01	1638.26
2775.67	1711.58
2776.33	1798.09
2776.99	1865.98
2777.64	1934.93
2778.3	2057.5
2778.96	2117.48
2779.62	2192.97
2780.28	2230.31
2780.94	2269.51
2781.59	2250.95
2782.25	2258.09
2782.91	2214.99
2783.57	2206.15
2784.22	2157.48
2784.88	2125.44
2785.54	2166.5
2786.2	2110.37
2786.85	2150.54
2787.51	2153.07
2788.16	2134.67
2788.82	2185.28
2789.48	2186.83
2790.13	2227.04
2790.79	2196.78
2791.44	2302.77
2792.1	2283.09
2792.75	2318.66
2793.41	2334.09
2794.06	2389.22
2794.72	2455.33
2795.37	2450.25
2796.02	2460.7
2796.68	2502.24
2797.33	2507
2797.98	2506.88
2798.64	2559.46
2799.29	2593.69
2799.94	2638.32
2800.6	2649.06
2801.25	2673.21
2801.9	2695.3
2802.55	2796.6
2803.21	2790.69
2803.86	2846.35
2804.51	2896.65
2805.16	2925.14
2805.81	2913.43
2806.46	3024.25
2807.11	3085.71
2807.77	3056.6
2808.42	3160.16
2809.07	3141.06
2809.72	3245.17
2810.37	3277.04
2811.02	3296.53
2811.67	3340.91
2812.32	3403.09
2812.97	3448.21
2813.61	3499.83
2814.26	3546.53
2814.91	3540.84
2815.56	3632.7
2816.21	3651.42
2816.86	3744.95
2817.51	3749.83
2818.15	3768.83
2818.8	3858.46
2819.45	3886.28
2820.1	3883.35
2820.74	3967.07
2821.39	4031.84
2822.04	4112.54
2822.69	4162.64
2823.33	4195.02
2823.98	4247.28
2824.63	4260.77
2825.27	4276.79
2825.92	4361.45
2826.56	4457.66
2827.21	4457.99
2827.85	4500.03
2828.5	4620.53
2829.14	4586.45
2829.79	4610.08
2830.43	4656.51
2831.08	4574.7
2831.72	4690.03
2832.37	4700.37
2833.01	4734.98
2833.65	4865.76
2834.3	4847.06
2834.94	4808.45
2835.58	4857.9
2836.23	4911.21
2836.87	4857.66
2837.51	4902.89
2838.16	4917.83
2838.8	4939.57
2839.44	4980.39
2840.08	4946.5
2840.72	5058.29
2841.36	5029.84
2842.01	5039.9
2842.65	5048.64
2843.29	5056.37
2843.93	5108.48
2844.57	5096.08
2845.21	5092.03
2845.85	5157.83
2846.49	5182.74
2847.13	5227.55
2847.77	5243.24
2848.41	5152.62
2849.05	5259.46
2849.69	5208.55
2850.33	5170.01
2850.97	5129.23
2851.61	5145.06
2852.24	5164.62
2852.88	5272.87
2853.52	5291.71
2854.16	5265.63
2854.8	5305.27
2855.43	5331.83
2856.07	5271.61
2856.71	5349.38
2857.35	5325.64
2857.98	5330.48
2858.62	5410.82
2859.26	5374.85
2859.89	5473.54
2860.53	5473.98
2861.16	5504.02
2861.8	5560.08
2862.44	5641.04
2863.07	5612.21
2863.71	5762.51
2864.34	5780.24
2864.98	5875.72
2865.61	5870.65
2866.25	6000.69
2866.88	6037.79
2867.52	6144.56
2868.15	6195.24
2868.78	6213.71
2869.42	6368.32
2870.05	6450.16
2870.69	6556.42
2871.32	6664.57
2871.95	6790.96
2872.58	6835.13
2873.22	6959.59
2873.85	7132.01
2874.48	7197.35
2875.11	7399.77
2875.75	7553.85
2876.38	7617.74
2877.01	7728.22
2877.64	7896.74
2878.27	7950.23
2878.9	8037.12
2879.53	8222.22
2880.16	8309.12
2880.79	8504.83
2881.42	8471
2882.05	8689.42
2882.68	8766.4
2883.31	8959.01
2883.94	8985.73
2884.57	9134.46
2885.2	9161.22
2885.83	9258.6
2886.46	9328.03
2887.09	9405.93
2887.72	9511.42
2888.35	9483
2888.97	9535.88
2889.6	9663.02
2890.23	9476.91
2890.86	9550.89
2891.49	9638.78
2892.11	9613.34
2892.74	9588.01
2893.37	9636.17
2893.99	9748.54
2894.62	9717.01
2895.25	9650.34
2895.87	9719.94
2896.5	9668.86
2897.12	9737.96
2897.75	9768.33
2898.38	9807.13
2899	9848.58
2899.63	9811.04
2900.25	9895.03
2900.88	10017.4
2901.5	10055
2902.12	10100.5
2902.75	10155.2
2903.37	10121.6
2904	10126.4
2904.62	10180.7
2905.25	10148
2905.87	10162.8
2906.49	10178.8
2907.11	10218.1
2907.74	10071.2
2908.36	10058.6
2908.98	9995.21
2909.6	9964.09
2910.23	9907.27
2910.85	9789.58
2911.47	9747.05
2912.09	9584.22
2912.71	9519.56
2913.33	9421.99
2913.96	9331.61
2914.58	9100.38
2915.2	8958.4
2915.82	8811.17
2916.44	8693.51
2917.06	8508.88
2917.68	8396.83
2918.3	8248.89
2918.92	8242.13
2919.54	8009.82
2920.16	7983.58
2920.77	7948.57
2921.39	7808.87
2922.01	7719.31
2922.63	7626.59
2923.25	7693.12
2923.87	7637.24
2924.48	7652.18
2925.1	7569.46
2925.72	7640.1
2926.34	7619.25
2926.95	7630.1
2927.57	7609.11
2928.19	7624.54
2928.8	7642.71
2929.42	7669.51
2930.04	7601.71
2930.65	7685.07
2931.27	7703.41
2931.89	7732.24
2932.5	7802.27
2933.12	7797.83
2933.73	7827.22
2934.35	7854.98
2934.96	7969.9
2935.58	8011.84
2936.19	8040.39
2936.81	8119.41
2937.42	8185.27
2938.03	8221.21
2938.65	8233.02
2939.26	8263.85
2939.88	8276.5
2940.49	8290.61
2941.1	8300.46
2941.71	8270.72
2942.33	8274.51
2942.94	8202
2943.55	8158.18
2944.17	8145.37
2944.78	8100.26
2945.39	8140.98
2946	8068.84
2946.61	8111.18
2947.22	8004.29
2947.83	8014.6
2948.45	7996.02
2949.06	7821.83
2949.67	7814.52
2950.28	7741.9
2950.89	7747.89
2951.5	7636.09
2952.11	7501.26
2952.72	7442.59
2953.33	7251.86
2953.94	7187.59
2954.54	7163.93
2955.15	7020.64
2955.76	6941.82
2956.37	6899.72
2956.98	6708.63
2957.59	6671.32
2958.2	6520
2958.8	6411.62
2959.41	6298.07
2960.02	6278.04
2960.63	6154.8
2961.23	6037.97
2961.84	5950.6
2962.45	5818.86
2963.05	5736.15
2963.66	5606.98
2964.27	5507.83
2964.87	5471.6
2965.48	5348.71
2966.08	5226.12
2966.69	5173.29
2967.29	5089.81
2967.9	4954.86
2968.5	4855.19
2969.11	4784.04
2969.71	4701.88
2970.32	4565.99
2970.92	4514.3
2971.53	4437.45
2972.13	4381.13
2972.74	4194.52
2973.34	4131.37
2973.94	4023.22
2974.54	3998
2975.15	3917.6
2975.75	3847.18
2976.35	3735.56
2976.96	3648.22
2977.56	3550.92
2978.16	3534.66
2978.76	3399.27
2979.36	3392.04
2979.97	3339.79
2980.57	3254.89
2981.17	3188.39
2981.77	3080.5
2982.37	3061.31
2982.97	2992.39
2983.57	2911.98
2984.17	2838.92
2984.77	2742.8
2985.37	2709.8
2985.97	2626.22
2986.57	2610.65
2987.17	2558.29
2987.77	2496.52
2988.37	2451.81
2988.97	2398.5
2989.57	2272.11
2990.17	2244.97
2990.76	2212.72
2991.36	2130.42
2991.96	2104.63
2992.56	2055.4
2993.16	2017.42
2993.75	1999.77
2994.35	1913.32
2994.95	1869.72
2995.54	1829.2
2996.14	1781.7
2996.74	1752.9
2997.33	1721.31
2997.93	1687.87
2998.52	1631.99
2999.12	1592.44
2999.72	1557.96
3000.31	1525.48
3000.91	1503.23
3001.5	1475.86
3002.1	1470.96
3002.69	1422.95
3003.29	1445.48
3003.88	1364.46
3004.47	1333.62
3005.07	1314.16
3005.66	1305.15
3006.26	1251.32
3006.85	1230.43
3007.44	1219.85
3008.04	1213.29
3008.63	1171.62
3009.22	1202.56
3009.81	1135.77
3010.41	1150.99
3011	1139.56
3011.59	1096.44
3012.18	1086.32
3012.77	1058.85
3013.36	1059.13
3013.96	1039.86
3014.55	1034.93
3015.14	1024.88
3015.73	1026.22
3016.32	1001.95
3016.91	984.921
3017.5	974.019
3018.09	966.079
3018.68	940.485
3019.27	926.113
3019.86	918.943
3020.45	949.964
3021.04	901.834
3021.63	892.935
3022.22	892.306
3022.8	882.34
3023.39	883.607
3023.98	862.086
3024.57	862.187
3025.16	853.006
3025.74	825.264
3026.33	823.31
3026.92	841.947
3027.5	845.024
3028.09	806.749
3028.68	817.995
3029.26	786.986
3029.85	803.552
3030.44	828.515
3031.02	783.402
3031.61	789.946
3032.19	799.561
3032.78	777.051
3033.37	788.535
3033.95	768.92
3034.54	784.408
3035.12	790.593
3035.71	771.999
3036.29	773.063
3036.87	764.833
3037.46	758.672
3038.04	800.081
3038.63	766.072
3039.21	789.013
3039.79	742.755
3040.38	772.091
3040.96	785.941
3041.54	775.906
3042.12	748.108
3042.71	762.611
3043.29	760.374
3043.87	758.042
3044.45	780.544
3045.03	760.683
3045.62	766.83
3046.2	770.015
3046.78	756.745
3047.36	762.149
3047.94	752
3048.52	777.004
3049.1	764.64
3049.68	760.497
3050.26	756.314
3050.84	776.97
3051.42	769.656
3052	773.735
3052.58	762.284
3053.16	782.947
3053.74	803.644
3054.32	780.918
3054.89	764.483
3055.47	769.87
3056.05	771.167
3056.63	806.669
3057.21	772.667
3057.78	762.398
3058.36	754.087
3058.94	781.968
3059.52	794.25
3060.09	814.837
3060.67	805.437
3061.25	817.878
3061.82	789.961
3062.4	807.642
3062.97	791.081
3063.55	798.288
3064.13	831.342
3064.7	794.976
3065.28	782.49
3065.85	784.576
3066.43	796.038
3067	777.458
3067.58	792.998
3068.15	792.88
3068.72	802.993
3069.3	794.39
3069.87	786.828
3070.45	790.734
3071.02	810.284
3071.59	803.078
3072.17	780.439
3072.74	780.549
3073.31	778.521
3073.89	768.111
3074.46	800.024
3075.03	772.965
3075.6	775.951
3076.17	783.181
3076.74	813.276
3077.32	779.362
3077.89	801.322
3078.46	764.285
3079.03	795.456
3079.6	784.094
3080.17	776.766
3080.74	793.145
3081.31	760.852
3081.88	796.791
3082.45	782.068
3083.02	808.7
3083.59	830.169
3084.16	783.484
3084.73	773.993
3085.3	797.549
3085.87	796.381
3086.43	803.551
3087	813.919
3087.57	796.509
3088.14	792.547
3088.71	816.427
3089.28	816.492
3089.84	797.884
3090.41	784.381
3090.98	795.626
3091.54	782.1
3092.11	826.36
3092.68	816.955
3093.24	810.634
3093.81	829.057
3094.38	826.863
3094.94	839.128
3095.51	820.491
3096.07	816.294
3096.64	849.183
3097.2	817.123
3097.77	836.587
3098.33	827.244
3098.9	834.459
3099.46	864.418
3100.03	822.301
3100.59	832.72
3101.15	874.004
3101.72	846.164
3102.28	818.259
3102.84	875.832
3103.41	834.473
3103.97	857.998
3104.53	866.059
3105.1	872.051
3105.66	848.2
3106.22	847.019
3106.78	893.199
3107.34	898.254
3107.91	886.878
3108.47	886.843
3109.03	870.389
3109.59	873.542
3110.15	864.438
3110.71	891.431
3111.27	868.041
3111.83	890.937
3112.39	909.607
3112.95	921.933
3113.51	892.925
3114.07	883.418
3114.63	895.543
3115.19	873.801
3115.75	923.153
3116.31	906.738
3116.87	925.313
3117.43	885.191
3117.98	905.68
3118.54	906.538
3119.1	937.171
3119.66	940.043
3120.22	902.886
3120.77	958.312
3121.33	942.885
3121.89	942.898
3122.44	889.442
3123	916.078
3123.56	923.098
3124.11	941.344
3124.67	940.044
3125.23	927.488
3125.78	944.786
3126.34	895.487
3126.89	975.615
3127.45	927.531
3128	896.921
3128.56	961.794
3129.11	947.561
3129.67	954.827
3130.22	944.552
3130.78	976.305
3131.33	969.983
3131.88	970.795
3132.44	992.112
3132.99	956.998
3133.54	945.542
3134.1	932.103
3134.65	987.455
3135.2	977.219
3135.76	980.352
3136.31	991.703
3136.86	1002.02
3137.41	1009.24
3137.96	981.545
3138.51	999.992
3139.07	1029.7
3139.62	1040.94
3140.17	1029.62
3140.72	1012.16
3141.27	994.714
3141.82	1028.56
3142.37	1029.57
3142.92	985.417
3143.47	1066.36
3144.02	1018.09
3144.57	1037.56
3145.12	1025.33
3145.67	1061.41
3146.22	1062.7
3146.77	1049.65
3147.32	1033.48
3147.86	1044.93
3148.41	1040.87
3148.96	1039.78
3149.51	1076.57
