401.058	2981.64
402.149	3049.94
403.243	3006.39
404.332	2978.77
405.424	2934.97
406.515	2906.3
407.606	2874.96
408.697	2779.93
409.785	2726.56
410.876	2600.02
411.967	2601.02
413.055	2551.9
414.143	2503.32
415.233	2502.92
416.321	2476.06
417.409	2571.94
418.499	2520.84
419.586	2626.96
420.673	2686.13
421.761	2770.81
422.848	2825.57
423.935	2903.02
425.02	2980.76
426.106	3034.54
427.193	3040.15
428.278	3243.48
429.364	3325.7
430.45	3394.05
431.534	3454.47
432.618	3424.63
433.704	3549.08
434.788	3559.4
435.871	3591.24
436.955	3580.83
438.038	3533.51
439.123	3554.24
440.204	3413.54
441.287	3233.99
442.37	3142.59
443.452	3092.22
444.535	2925.56
445.615	2760.87
446.698	2697.79
447.78	2588.74
448.86	2381.4
449.939	2318.4
451.021	2204.91
452.101	2211.15
453.18	2143.4
454.262	2123.55
455.341	2105.01
456.42	2022.82
457.499	2066.48
458.578	1972.82
459.654	1962.95
460.733	1957.12
461.811	1998.91
462.89	1867.97
463.966	1918.19
465.044	1934.9
466.12	1958.07
467.197	1932.75
468.273	1950.01
469.349	1966.8
470.426	1992.16
471.501	2004.76
472.576	1929.58
473.651	1985.54
474.726	2015.78
475.801	1970.42
476.876	1970.02
477.95	2031
479.022	2050.11
480.097	2126.37
481.171	2124.34
482.243	2080.36
483.317	2163.98
484.388	2237.26
485.46	2266.03
486.533	2377.72
487.605	2404.21
488.676	2442.54
489.747	2522.31
490.818	2590.32
491.889	2740.58
492.959	2649.5
494.03	2774.78
495.1	2831.13
496.171	2881.63
497.239	2881.07
498.309	2930.45
499.379	2876.82
500.446	2894.82
501.514	2886.7
502.584	2833.47
503.651	2818.41
504.718	2811.18
505.788	2907.63
506.855	2790.91
507.921	2804.11
508.988	2836.47
510.055	2863.37
511.119	2884.91
512.186	2926.84
513.252	3047.87
514.318	3057.38
515.382	3165.24
516.448	3191.69
517.512	3309.28
518.577	3289.49
519.641	3351.9
520.704	3407.44
521.768	3444.92
522.833	3548.88
523.896	3516.02
524.959	3592.3
526.021	3634.43
527.084	3681.18
528.144	3731.92
529.207	3881.47
530.269	3788.53
531.331	3902.88
532.391	3863.31
533.453	3941.43
534.513	3967.25
535.572	3859.02
536.634	3825.81
537.693	3800.68
538.752	3657.51
539.812	3612.64
540.87	3510.53
541.929	3415.73
542.988	3319.77
544.047	3144.79
545.105	3071.88
546.164	2839.25
547.22	2841.58
548.278	2668.16
549.336	2630.44
550.392	2554.28
551.448	2435.5
552.505	2409.48
553.561	2327.06
554.616	2225.34
555.671	2220.5
556.728	2120.32
557.783	2096.04
558.836	2061.93
559.891	1954.01
560.946	1939.93
562	1888.88
563.055	1856.76
564.107	1781.49
565.161	1862.09
566.213	1776.95
567.267	1789.84
568.318	1728.65
569.37	1701.69
570.424	1723.71
571.475	1665.49
572.526	1706.09
573.577	1687.69
574.628	1712.64
575.679	1669.46
576.73	1716.63
577.781	1658.1
578.829	1706.5
579.88	1621.64
580.93	1602.18
581.978	1619.49
583.026	1608.2
584.076	1628.08
585.124	1570.67
586.172	1619.88
587.221	1613.91
588.269	1632.67
589.316	1639.34
590.363	1655.94
591.41	1630.26
592.457	1644.14
593.502	1629.02
594.549	1634.6
595.595	1600.42
596.64	1533.58
597.686	1501.63
598.73	1459.3
599.776	1456.9
600.82	1409.03
601.864	1384.86
602.908	1327.76
603.953	1378.55
604.997	1342.5
606.04	1334.36
607.083	1321.68
608.125	1355.78
609.168	1290.89
610.211	1369.47
611.253	1325.19
612.294	1313.15
613.336	1348.24
614.377	1296.75
615.419	1335.68
616.459	1324.7
617.499	1340.33
618.539	1271.88
619.579	1304.83
620.619	1309.23
621.658	1278.67
622.698	1310.91
623.737	1291.6
624.776	1359.96
625.815	1349.1
626.852	1299.58
627.891	1290.74
628.928	1258.85
629.966	1237.03
631.003	1236.26
632.041	1210.28
633.077	1216.35
634.114	1201.06
635.15	1163.66
636.185	1158.72
637.221	1108.82
638.257	1137.5
639.292	1126.59
640.328	1123.9
641.361	1107.15
642.396	1111.33
643.431	1056.3
644.464	1003.98
645.497	1029.07
646.532	1007.4
647.564	1026.42
648.597	1006.12
649.629	1032.81
650.663	1008.89
651.695	1037.25
652.727	1061.74
653.757	1004.3
654.789	986.32
655.821	1041.82
656.852	990.048
657.882	1028.35
658.913	999.817
659.942	1008.02
660.973	1037.26
662.002	1006.77
663.031	1012.89
664.06	1024.63
665.09	1039.44
666.119	1053.75
667.147	1047.31
668.175	1078.67
669.201	1037.32
670.229	1011.25
671.257	1017.03
672.285	1006.9
673.311	1030.8
674.338	1026.32
675.363	982.465
676.389	999.575
677.416	990.922
678.441	996.887
679.466	996.158
680.491	1009.95
681.515	1023.6
682.54	1016.04
683.565	957.89
684.589	986.643
685.613	1066.37
686.635	1035.51
687.659	1036.08
688.681	1059.73
689.705	1106.46
690.727	1069.88
691.75	1108.17
692.772	1176.05
693.793	1132.77
694.814	1208.83
695.835	1194.95
696.856	1190.19
697.877	1191.82
698.898	1259.13
699.918	1251.47
700.937	1258.68
701.957	1249.28
702.978	1287.1
703.996	1261.97
705.016	1222
706.034	1199.56
707.052	1173.39
708.069	1211.02
709.087	1152.56
710.107	1120.05
711.124	1146.77
712.139	1142.15
713.156	1096.89
714.173	1114.45
715.19	1037.65
716.205	1046.63
717.222	1036.95
718.238	1006.82
719.253	1044.91
720.267	1016.59
721.283	1016
722.297	967.62
723.311	981.948
724.325	1023.03
725.339	974.929
726.353	1013.43
727.366	1003.28
728.38	997.805
729.391	1006.12
730.404	990.401
731.417	993.821
732.428	1001.64
733.441	1003.81
734.452	1012.38
735.463	1002.7
736.475	941.819
737.486	1016.95
738.496	977.557
739.506	939.159
740.516	976.001
741.526	974.219
742.534	893.387
743.544	948.305
744.554	895.812
745.561	933.253
746.571	881.755
747.578	890.865
748.587	929.385
749.594	870.729
750.601	888.26
751.608	937.056
752.615	873.052
753.621	867.855
754.628	871.004
755.634	889.87
756.641	872.042
757.647	920.521
758.651	856.724
759.657	858.285
760.663	889.34
761.666	898.219
762.67	842.357
763.676	881.504
764.679	876.177
765.682	916.013
766.686	863.321
767.689	903.059
768.692	918.868
769.694	901.604
770.697	893.843
771.698	893.712
772.7	894.618
773.703	853.691
774.703	898.847
775.703	894.487
776.705	907.482
777.705	950.955
778.705	909.903
779.705	895.934
780.705	932.31
781.704	939.119
782.704	886.489
783.703	933.265
784.702	946.467
785.701	963.282
786.698	978.195
787.697	1009.89
788.694	957.006
789.693	1000.04
790.689	989.112
791.686	1062.84
792.682	1095.48
793.68	1089.82
794.676	1129.73
795.672	1154.8
796.666	1169.79
797.662	1202.66
798.658	1268.22
799.653	1246.15
800.647	1284.42
801.642	1266.49
802.636	1275.33
803.631	1264.46
804.624	1230.31
805.617	1209.22
806.61	1203.99
807.602	1221.95
808.595	1161.82
809.587	1152.74
810.58	1157.57
811.572	1148.56
812.564	1142.47
813.554	1198.58
814.546	1146.4
815.536	1201.65
816.528	1230
817.518	1244.41
818.507	1261.6
819.499	1302.84
820.488	1345
821.477	1441.61
822.466	1500.12
823.455	1606.4
824.444	1616.41
825.431	1757.33
826.42	1884.4
827.408	1983.13
828.395	2069.24
829.383	2231.05
830.369	2447.97
831.356	2575.1
832.342	2690.51
833.33	2923.94
834.315	3149.66
835.301	3340.7
836.287	3537.05
837.27	3675.55
838.256	3773.44
839.241	3917.55
840.226	3849.43
841.209	3809.48
842.194	3771.17
843.177	3658.42
844.16	3495.27
845.145	3395.68
846.127	3130.75
847.11	3099.27
848.092	2997.82
849.074	2974.35
850.056	2955.25
851.039	3002.99
852.018	2960.33
853	3067.34
853.982	3135.69
854.962	3172.96
855.941	3243.72
856.923	3140.32
857.902	3044.67
858.881	2911.51
859.86	2875.85
860.839	2656.79
861.818	2569.91
862.797	2493.7
863.776	2494.52
864.754	2357.9
865.733	2360.21
866.709	2278.78
867.687	2230.62
868.664	2140.33
869.642	2169.87
870.618	2109.41
871.594	2073
872.569	2063.36
873.545	2003.09
874.521	1969.46
875.496	1997.49
876.471	1941.53
877.447	1938.86
878.42	1928.64
879.395	1886.96
880.37	1859.07
881.343	1834.93
882.315	1861.62
883.29	1795.43
884.262	1848.23
885.235	1803.36
886.207	1814.6
887.179	1851.49
888.151	1788.69
889.123	1831.85
890.095	1859.38
891.065	1884.24
892.037	1926.69
893.009	1882.53
893.978	1996
894.948	2016.42
895.919	2074.77
896.888	2137.95
897.857	2181.01
898.826	2376.37
899.795	2458.11
900.764	2559.81
901.732	2666.61
902.701	2804.37
903.668	2940.02
904.636	3033.21
905.604	3157.96
906.57	3203.81
907.538	3229.85
908.504	3323.73
909.47	3346.16
910.436	3339.39
911.402	3361.37
912.367	3330.61
913.333	3224.68
914.298	3171.01
915.264	3019.02
916.229	2928.82
917.192	2882.17
918.157	2758.95
919.12	2717.38
920.084	2627.79
921.047	2576.09
922.01	2450.06
922.972	2316.31
923.935	2290.82
924.897	2197.56
925.859	2155.36
926.821	2076.17
927.783	2021.19
928.743	1958.75
929.705	1923.13
930.667	1869.72
931.626	1796.69
932.586	1793.36
933.547	1731.62
934.506	1733.31
935.466	1689.59
936.425	1647.76
937.384	1623.55
938.343	1587.05
939.301	1619.39
940.26	1620.9
941.217	1655.11
942.175	1655.85
943.132	1644.61
944.09	1671.81
945.046	1621.44
946.002	1596.23
946.96	1671.08
947.916	1615.65
948.872	1656.6
949.828	1606.55
950.783	1639.84
951.737	1633.59
952.692	1651.56
953.647	1643.08
954.601	1631.69
955.556	1626
956.509	1611.16
957.464	1591.94
958.417	1619.92
959.369	1635.79
960.322	1723.86
961.275	1673.35
962.227	1713.54
963.179	1753.38
964.132	1790.33
965.082	1809.67
966.034	1791.87
966.984	1824.25
967.936	1853.09
968.885	1912.88
969.837	1978.94
970.787	1989.09
971.736	2050.54
972.686	2093.89
973.635	2151.32
974.584	2185.43
975.533	2239.49
976.48	2305
977.429	2358.43
978.378	2337.74
979.325	2384.61
980.273	2317.89
981.22	2335.56
982.166	2354.97
983.113	2329.09
984.061	2240.99
985.007	2230.47
985.953	2182.29
986.897	2149.16
987.843	2091.95
988.789	2063.17
989.734	2019.74
990.678	1947.51
991.623	1892.11
992.567	1825.36
993.51	1777.1
994.453	1683.83
995.398	1676.44
996.341	1666.22
997.284	1650.47
998.227	1612.44
999.168	1576.4
1000.11	1630.87
1001.05	1585.71
1001.99	1560.22
1002.94	1481.79
1003.88	1471.51
1004.82	1470.72
1005.76	1525.04
1006.7	1511.43
1007.64	1543.42
1008.58	1508.13
1009.52	1519.17
1010.46	1496.42
1011.4	1529.48
1012.34	1544.02
1013.27	1553.28
1014.21	1563.9
1015.15	1574.91
1016.09	1570.29
1017.03	1559.11
1017.96	1558.91
1018.9	1519.2
1019.84	1571.7
1020.77	1568.99
1021.71	1546.75
1022.65	1600.41
1023.58	1589.94
1024.52	1650.89
1025.45	1636.31
1026.39	1676.02
1027.32	1660.26
1028.26	1677.93
1029.19	1688.75
1030.12	1697.57
1031.06	1717.7
1031.99	1706.16
1032.92	1686.46
1033.86	1687.7
1034.79	1731.42
1035.72	1740.3
1036.65	1674.52
1037.59	1722.56
1038.52	1662.91
1039.45	1752.26
1040.38	1732.14
1041.31	1775.29
1042.24	1781.56
1043.17	1856.75
1044.1	1836.4
1045.03	1889.8
1045.96	1874.33
1046.89	1874.28
1047.82	1971.19
1048.75	1927.33
1049.68	1930.98
1050.61	2014.31
1051.53	2019.53
1052.46	1984.36
1053.39	2069.46
1054.32	2094.31
1055.24	2103.83
1056.17	2160.99
1057.1	2164.19
1058.02	2273.27
1058.95	2279.79
1059.88	2261.55
1060.8	2267.98
1061.73	2269.57
1062.65	2291.21
1063.58	2247.21
1064.5	2258.59
1065.43	2292.76
1066.35	2308.42
1067.27	2393.04
1068.2	2388.13
1069.12	2460.81
1070.04	2492.28
1070.97	2622.12
1071.89	2509.97
1072.81	2563.28
1073.73	2587.68
1074.65	2582.78
1075.58	2561.44
1076.5	2565.33
1077.42	2499.2
1078.34	2500.34
1079.26	2359.54
1080.18	2333
1081.1	2269.46
1082.02	2221.19
1082.94	2120.67
1083.86	2132.25
1084.78	1981.42
1085.7	1986.42
1086.61	1922.26
1087.53	1846.89
1088.45	1846.58
1089.37	1807.37
1090.28	1888.5
1091.2	1867.02
1092.12	1886.17
1093.03	1876.84
1093.95	1881.81
1094.87	1934.29
1095.78	1988.88
1096.7	2015.24
1097.61	2071.01
1098.53	2092.69
1099.44	2073.57
1100.36	2144.21
1101.27	2177.78
1102.19	2214.05
1103.1	2244.56
1104.01	2218.35
1104.93	2315.11
1105.84	2275.1
1106.75	2335.62
1107.67	2390.87
1108.58	2415.24
1109.49	2413.21
1110.4	2440.2
1111.31	2419.49
1112.22	2507.14
1113.14	2492.41
1114.05	2559
1114.96	2582.31
1115.87	2615.37
1116.78	2739.41
1117.69	2743.39
1118.6	2765.08
1119.51	2863.85
1120.42	2928.19
1121.32	3015.11
1122.23	2971.07
1123.14	2976.95
1124.05	2989.51
1124.96	2995.47
1125.86	2943.32
1126.77	2869.27
1127.68	2859.04
1128.58	2776.76
1129.49	2758.92
1130.4	2719.42
1131.3	2699.43
1132.21	2704.13
1133.11	2713.98
1134.02	2695.12
1134.92	2688.29
1135.83	2705.65
1136.73	2658.71
1137.64	2679.97
1138.54	2631.66
1139.44	2514.63
1140.35	2469.58
1141.25	2441.66
1142.15	2379.66
1143.06	2319.74
1143.96	2249.42
1144.86	2152.36
1145.76	2101.72
1146.66	2056.53
1147.57	1973.93
1148.47	1844.47
1149.37	1811.16
1150.27	1762.62
1151.17	1658.87
1152.07	1624.72
1152.97	1558.17
1153.87	1486.8
1154.77	1400.09
1155.67	1347.57
1156.57	1294.02
1157.46	1226.19
1158.36	1139.39
1159.26	1148.96
1160.16	1101.49
1161.05	1101.75
1161.95	1060.01
1162.85	1029.55
1163.75	978.828
1164.64	960.314
1165.54	921.68
1166.44	898.308
1167.33	858.89
1168.23	885.287
1169.12	845.254
1170.02	857.62
1170.91	821.49
1171.81	810.042
1172.7	806.129
1173.59	800.237
1174.49	761.006
1175.38	811.992
1176.27	808.727
1177.17	764.591
1178.06	777.409
1178.95	778.881
1179.84	790.88
1180.74	769.827
1181.63	763.085
1182.52	789.513
1183.41	761.88
1184.3	751.184
1185.19	764.039
1186.08	740.857
1186.97	747.932
1187.86	760.682
1188.75	754.559
1189.64	775.813
1190.53	775.344
1191.42	754.14
1192.31	773.509
1193.2	800.487
1194.09	791.81
1194.97	836.928
1195.86	793.627
1196.75	796.419
1197.64	834.906
1198.52	850.734
1199.41	858.072
1200.29	888.966
1201.18	868.182
1202.07	913.297
1202.95	863.382
1203.84	906.496
1204.72	899.619
1205.61	883.232
1206.49	906.295
1207.38	906.898
1208.26	916.166
1209.14	880.612
1210.03	880.018
1210.91	877.652
1211.79	881.835
1212.68	879.273
1213.56	858.599
1214.44	896.954
1215.32	880.578
1216.21	926.189
1217.09	887.297
1217.97	903.102
1218.85	895.698
1219.73	928.05
1220.61	921.182
1221.49	938.915
1222.37	969.868
1223.25	1012.99
1224.13	1086.11
1225.01	1142.99
1225.89	1172.31
1226.77	1258.18
1227.65	1317.73
1228.52	1322.79
1229.4	1314.91
1230.28	1284.59
1231.16	1278.04
1232.03	1288.56
1232.91	1294.29
1233.79	1297.06
1234.66	1291.1
1235.54	1275.47
1236.42	1224.55
1237.29	1168.77
1238.17	1183.22
1239.04	1100.86
1239.92	1107.84
1240.79	1067.4
1241.67	1074.52
1242.54	1060.76
1243.41	1027.97
1244.29	1030.4
1245.16	1035.73
1246.03	1068.73
1246.91	1050.24
1247.78	1015.42
1248.65	1040.57
1249.52	1038.83
1250.4	1107.62
1251.27	1043.62
1252.14	1112.38
1253.01	1081.92
1253.88	1125.1
1254.75	1112.94
1255.62	1139.91
1256.49	1139.07
1257.36	1170.57
1258.23	1202.87
1259.1	1192.99
1259.97	1148.67
1260.84	1173.12
1261.71	1187.11
1262.57	1203.08
1263.44	1238.24
1264.31	1251.51
1265.18	1274.36
1266.05	1306.72
1266.91	1316.11
1267.78	1379.78
1268.65	1400.41
1269.51	1469.56
1270.38	1538.61
1271.24	1643.74
1272.11	1634.46
1272.97	1754.56
1273.84	1801.27
1274.7	1835.58
1275.57	1871.81
1276.43	1855.79
1277.3	1855.49
1278.16	1871.15
1279.02	1784.71
1279.89	1754.53
1280.75	1742.68
1281.61	1632.5
1282.48	1609.99
1283.34	1529.77
1284.2	1435.64
1285.06	1392.09
1285.92	1320.57
1286.78	1297.69
1287.65	1233.16
1288.51	1202.99
1289.37	1184.93
1290.23	1140.65
1291.09	1123.63
1291.95	1041.72
1292.81	1034.89
1293.67	1069.01
1294.52	1007.58
1295.38	1023.92
1296.24	1001.64
1297.1	972.517
1297.96	963.122
1298.81	951.503
1299.67	967.603
1300.53	960.424
1301.39	964.196
1302.24	971.749
1303.1	938.051
1303.95	955.195
1304.81	911.349
1305.67	947.732
1306.52	994.725
1307.38	976.981
1308.23	972.941
1309.09	981.103
1309.94	977.593
1310.8	999.153
1311.65	1014.2
1312.5	1017.07
1313.35	1034.64
1314.21	1069.57
1315.06	1079.25
1315.91	1091.9
1316.77	1126.46
1317.62	1161.16
1318.47	1170.51
1319.32	1200.67
1320.17	1261.16
1321.02	1275.85
1321.87	1296.4
1322.73	1346.87
1323.57	1367.52
1324.43	1419.81
1325.28	1447.7
1326.13	1487.11
1326.97	1546.84
1327.82	1568.92
1328.67	1597.92
1329.52	1657.22
1330.37	1679.01
1331.22	1709.48
1332.06	1718.82
1332.91	1742.41
1333.76	1757.09
1334.61	1778.09
1335.45	1796.28
1336.3	1839.63
1337.15	1809.05
1337.99	1823.87
1338.84	1844.11
1339.68	1890.14
1340.53	1922.9
1341.37	1909.62
1342.22	1918.31
1343.06	1939.36
1343.91	1964.67
1344.75	1965.18
1345.6	1957.08
1346.44	1979.16
1347.28	1969.76
1348.12	1967
1348.97	1962.26
1349.81	1960.61
1350.65	1967
1351.49	2010.91
1352.33	1986.64
1353.18	1979.32
1354.02	1980.71
1354.86	1973.98
1355.7	1963.2
1356.54	1960.77
1357.38	1986.1
1358.22	1987.14
1359.06	1995.88
1359.9	1999.91
1360.74	2013.84
1361.58	1966.42
1362.42	1968.88
1363.25	1977.83
1364.09	1962.75
1364.93	1950.42
1365.77	1966.55
1366.6	1987.33
1367.19	1984.15
1368.1	1969.78
1369.01	1963.16
1369.92	1964.29
1370.83	1944.55
1371.74	1948.26
1372.65	1914.4
1373.56	1919.82
1374.47	1835.65
1375.37	1843.92
1376.28	1845.19
1377.19	1799.15
1378.1	1773.64
1379	1771.65
1379.91	1727.43
1380.82	1746.99
1381.72	1761.55
1382.63	1732.83
1383.54	1675.56
1384.44	1750.15
1385.35	1695.52
1386.25	1712.18
1387.16	1695.75
1388.06	1670.72
1388.97	1639.05
1389.87	1679.48
1390.78	1649.03
1391.68	1646.85
1392.59	1633.05
1393.49	1590.17
1394.39	1541.43
1395.3	1537.12
1396.2	1439.88
1397.1	1384.28
1398	1331.72
1398.91	1300.58
1399.81	1283.15
1400.71	1267.78
1401.61	1208.23
1402.52	1162.15
1403.42	1154.45
1404.32	1134.19
1405.22	1125.43
1406.12	1089.93
1407.02	1084.27
1407.92	1108.45
1408.82	1070.62
1409.72	1084.55
1410.62	1040.21
1411.52	1053.18
1412.42	1049.83
1413.32	1052.11
1414.21	1023.79
1415.11	1001.17
1416.01	1023.33
1416.91	987.4
1417.81	978.218
1418.71	982.475
1419.6	971.694
1420.5	994.378
1421.4	937.375
1422.29	951.751
1423.19	953.74
1424.09	921.377
1424.98	948.791
1425.88	931.404
1426.77	952.008
1427.67	944.119
1428.56	935.349
1429.46	937.108
1430.35	942.745
1431.25	920.913
1432.14	944.792
1433.04	962.146
1433.93	960.617
1434.82	1017.23
1435.72	1018.75
1436.61	1057.46
1437.5	1013.29
1438.39	1087.37
1439.29	1092.77
1440.18	1154.46
1441.07	1163.52
1441.96	1169.63
1442.85	1168.06
1443.75	1242.18
1444.64	1260.07
1445.53	1294.51
1446.42	1288.83
1447.31	1313.82
1448.2	1377.05
1449.09	1378.58
1449.98	1396.23
1450.87	1412.83
1451.76	1437.25
1452.65	1445.61
1453.54	1477.46
1454.43	1489.43
1455.31	1480.27
1456.2	1491.16
1457.09	1520
1457.98	1507.75
1458.87	1497.1
1459.75	1519.26
1460.64	1498.21
1461.53	1571.42
1462.41	1534.82
1463.3	1594.26
1464.19	1633.29
1465.07	1726.27
1465.96	1719.8
1466.85	1716.78
1467.73	1659.29
1468.61	1620.33
1469.5	1593.21
1470.38	1540.08
1471.27	1546.23
1472.15	1570.79
1473.04	1541.81
1473.92	1581.6
1474.8	1609.59
1475.69	1599.68
1476.57	1580.2
1477.45	1533.78
1478.34	1504.14
1479.22	1470.71
1480.1	1488.69
1480.98	1448.92
1481.86	1453.35
1482.75	1400.9
1483.63	1397.68
1484.51	1318.75
1485.39	1209.13
1486.27	1068.97
1487.15	961.142
1488.03	882.545
1488.91	801.034
1489.79	748.455
1490.67	680.258
1491.55	642.954
1492.43	628.841
1493.31	601.267
1494.19	580.545
1495.07	560.862
1495.94	529.658
1496.82	545.626
1497.7	512.467
1498.58	517.748
1499.45	475.938
1500.33	493.668
1501.21	494.128
1502.09	463.009
1502.96	464.498
1503.84	448.791
1504.72	479.921
1505.59	461.349
1506.47	446.599
1507.34	443.29
1508.22	432.368
1509.09	436.709
1509.97	453.444
1510.84	435.058
1511.72	437.617
1512.59	454.413
1513.46	431.318
1514.34	444.206
1515.21	422.917
1516.08	429.055
1516.96	428.547
1517.83	406.335
1518.7	419.085
1519.57	411.12
1520.45	406.039
1521.32	415.13
1522.19	419.567
1523.06	418.418
1523.93	437.99
1524.8	421.856
1525.67	411.337
1526.54	410.168
1527.41	407.076
1528.28	408.654
1529.16	408.361
1530.02	397.804
1530.89	403.236
1531.76	396.555
1532.63	379.621
1533.5	407.661
1534.37	431.947
1535.24	388.78
1536.11	416.758
1536.97	425.992
1537.84	377.195
1538.71	412.69
1539.57	390.205
1540.44	408.979
1541.31	416.58
1542.18	409.217
1543.04	409.339
1543.91	390.651
1544.77	403.79
1545.64	413.111
1546.5	403.633
1547.37	419.51
1548.24	387.618
1549.1	408.401
1549.96	393.641
1550.83	387.418
1551.69	395.345
1552.56	382.504
1553.42	379.926
1554.28	381.959
1555.15	393.369
1556.01	384.937
1556.87	377.51
1557.73	381.536
1558.6	408.405
1559.46	408.827
1560.32	387.374
1561.18	386.697
1562.04	367.846
1562.9	405.992
1563.77	378.474
1564.63	409.062
1565.49	386.405
1566.35	400.047
1567.21	396.599
1568.07	407.515
1568.93	419.405
1569.79	403.487
1570.64	401.865
1571.5	416.502
1572.36	406.145
1573.22	403.46
1574.08	386.365
1574.94	406.826
1575.8	396.525
1576.65	415.16
1577.51	392.31
1578.37	396.444
1579.22	408.278
1580.08	402.678
1580.94	399.963
1581.79	407.919
1582.65	377.132
1583.51	399.711
1584.36	404.866
1585.22	394.468
1586.07	418.089
1586.93	417.362
1587.78	401.976
1588.63	405.061
1589.49	414.938
1590.34	389.634
1591.2	380.848
1592.05	405.185
1592.9	395.31
1593.76	411.776
1594.61	406.812
1595.46	385.335
1596.32	424.47
1597.17	417.815
1598.02	397.501
1598.87	414.317
1599.72	427.176
1600.58	411.562
1601.43	426.193
1602.28	431.914
1603.13	433.636
1603.98	444.113
1604.83	436.003
1605.68	441.62
1606.53	444.369
1607.38	448.158
1608.23	434.397
1609.08	426.476
1609.93	454.609
1610.77	434.811
1611.62	439.348
1612.47	431.194
1613.32	455.23
1614.17	442.326
1615.01	438.268
1615.86	435.227
1616.71	451.643
1617.55	437.839
1618.4	436.604
1619.25	444.034
1620.09	440.717
1620.94	456.792
1621.79	444.753
1622.63	446.348
1623.48	455.756
1624.32	439.077
1625.17	427.291
1626.01	444.56
1626.86	441.511
1627.7	448.131
1628.54	429.589
1629.39	459.374
1630.23	427.245
1631.07	461.754
1631.92	453.701
1632.76	481.33
1633.6	470.354
1634.45	470.984
1635.29	455.278
1636.13	479.096
1636.97	484.629
1637.81	471.88
1638.66	478.373
1639.5	467.567
1640.34	465.454
1641.18	471.083
1642.02	475.811
1642.86	454.635
1643.7	490.183
1644.54	498.813
1645.38	477.619
1646.22	503.496
1647.06	474.568
1647.89	489.87
1648.73	511.954
1649.57	504.321
1650.41	507.366
1651.25	517.235
1652.09	499.227
1652.92	523.574
1653.76	491.923
1654.6	506.434
1655.43	504.473
1656.27	526.622
1657.11	529.57
1657.94	504.676
1658.78	497.281
1659.62	505.424
1660.45	504.858
1661.29	478.039
1662.12	489.826
1662.96	503.457
1663.79	511.246
1664.62	504.547
1665.46	496.988
1666.29	475.95
1667.13	474.413
1667.96	480.703
1668.79	493.82
1669.63	485.471
1670.46	476.075
1671.29	456.838
1672.12	471.733
1672.96	484.643
1673.79	456.44
1674.62	484.008
1675.45	471.477
1676.28	421.734
1677.11	488.713
1677.95	473.371
1678.78	419.681
1679.61	436.672
1680.44	436.883
1681.27	414.354
1682.1	427.206
1682.93	437.092
1683.75	411.544
1684.58	441.234
1685.41	399.99
1686.24	426.831
1687.07	405.316
1687.9	383.76
1688.73	406.662
1689.55	420.664
1690.38	404.962
1691.21	409.014
1692.04	362.495
1692.86	399.111
1693.69	395.06
1694.52	390.994
1695.34	383.001
1696.17	363.193
1696.99	364.268
1697.82	368.386
1698.64	372.535
1699.47	352.836
1700.29	375.77
1701.12	344.985
1701.94	371.746
1702.77	346.786
1703.59	356.565
1704.41	356.401
1705.24	346.32
1706.06	354.125
1706.88	382.787
1707.71	350.934
1708.53	348.86
1709.35	344.798
1710.17	361.551
1711	351.49
1711.82	363.211
1712.64	354.08
1713.46	340.984
1714.28	355.64
1715.1	348.544
1715.92	366.238
1716.74	359.204
1717.56	336.314
1718.38	362.828
1719.2	329.904
1720.02	349.301
1720.84	341.992
1721.66	353.471
1722.48	348.284
1723.3	318.591
1724.11	354.004
1724.93	351.008
1725.75	331.194
1726.57	315.221
1727.39	318.846
1728.2	334.203
1729.02	323.015
1729.84	324.653
1730.65	333.217
1731.47	318.291
1732.29	331.799
1733.1	320.78
1733.92	317.561
1734.73	334.854
1735.55	323.781
1736.36	331.3
1737.18	338.839
1737.99	311.271
1738.81	335.389
1739.62	338.99
1740.43	296.806
1741.25	310.117
1742.06	319.535
1742.87	313.427
1743.69	350.065
1744.5	325.557
1745.31	308.835
1746.13	318.3
1746.94	315.172
1747.75	320.783
1748.56	314.804
1749.37	326.274
1750.18	313.559
1750.99	303.746
1751.81	326.808
1752.61	313.11
1753.42	351.625
1754.24	298.342
1755.04	325.306
1755.85	334.886
1756.66	317.392
1757.47	326.901
1758.28	306.418
1759.09	312.936
1759.9	324.266
1760.71	319.234
1761.52	327.76
1762.32	320.929
1763.13	312.211
1763.94	325.671
1764.74	337.189
1765.55	307.239
1766.36	337.054
1767.17	318.699
1767.97	336.064
1768.78	298.507
1769.58	313.058
1770.39	314.103
1771.19	313.192
1772	325.777
1772.8	310.324
1773.61	297.764
1774.41	319.054
1775.22	304.586
1776.02	321.076
1776.83	294.023
1777.63	313.425
1778.43	315.42
1779.23	312.6
1780.04	316.606
1780.84	311.929
1781.64	324.754
1782.44	310.394
1783.25	303.782
1784.05	303.953
1784.85	280.721
1785.65	305.215
1786.45	285.842
1787.25	299.639
1788.05	309.553
1788.86	306.774
1789.65	318.657
1790.46	292.368
1791.25	282.682
1792.05	283.755
1792.85	296.596
1793.65	293.776
1794.45	288.04
1795.25	294.124
1796.05	314.025
1796.85	314.296
1797.64	317.521
1798.44	286.195
1799.24	299.207
1800.04	307.256
1800.83	301.439
1801.63	319.335
1802.43	281.824
1803.22	256.156
1804.02	291.875
1804.82	295.906
1805.61	279.109
1806.41	321.792
1807.2	288.109
1808	293.115
1808.79	288.214
1809.59	291.277
1810.38	302.307
1811.18	257.652
1811.97	304.449
1812.76	308.426
1813.56	301.392
1814.35	274.416
1815.14	309.113
1815.94	280.181
1816.73	304.028
1817.52	278.193
1818.31	300.156
1819.1	309.176
1819.9	316.156
1820.69	304.14
1821.48	310.996
1822.27	287.951
1823.06	307.732
1823.85	309.609
1824.64	268.698
1825.43	298.449
1826.22	311.253
1827.01	299.161
1827.8	289.061
1828.59	306.821
1829.38	290.807
1830.17	275.812
1830.96	291.629
1831.74	300.455
1832.53	278.429
1833.32	299.072
1834.11	298.817
1834.89	305.486
1835.68	304.216
1836.47	283.147
1837.26	309.624
1838.04	297.495
1838.83	295.263
1839.61	298.945
1840.4	281.862
1841.19	292.395
1841.97	271.353
1842.76	281.853
1843.54	300.23
1844.33	286.189
1845.11	283.026
1845.89	290.713
1846.68	287.613
1847.46	299.234
1848.25	284.334
1849.03	326.323
1849.81	292.783
1850.6	296.529
1851.38	291.474
1852.16	291.328
1852.94	302.923
1853.72	270.431
1854.51	293.707
1855.29	294.436
1856.07	281.462
1856.85	312.441
1857.63	276.038
1858.41	287.474
1859.19	298.907
1859.97	275.287
1860.75	298.456
1861.53	285.643
1862.31	303.042
1863.09	290.3
1863.87	292.151
1864.65	271.598
1865.43	308.379
1866.21	292.584
1866.99	278.704
1867.76	288.117
1868.54	275.224
1869.32	291.465
1870.1	275.781
1870.87	296.975
1871.65	278.498
1872.43	280.381
1873.2	289.038
1873.98	269.582
1874.76	281.102
1875.53	288.744
1876.31	290.601
1877.08	282.816
1877.86	283.787
1878.63	306.097
1879.41	290.616
1880.18	257.65
1880.96	278.94
1881.73	289.548
1882.5	297.252
1883.28	299.161
1884.05	286.553
1884.82	281.723
1885.6	279.808
1886.37	280.793
1887.14	273.994
1887.91	297.284
1888.68	281.73
1889.46	273.959
1890.23	272.05
1891	295.469
1891.77	280.057
1892.54	288.052
1893.31	277.586
1894.08	295.425
1894.85	285.923
1895.62	278.301
1896.39	271.559
1897.16	294.086
1897.93	274.452
1898.7	298.846
1899.47	287.056
1900.24	269.464
1901.01	281.341
1901.77	264.87
1902.54	274.911
1903.31	285.933
1904.08	290.046
1904.84	278.375
1905.61	285.369
1906.38	254.913
1907.14	276.665
1907.91	279.708
1908.68	289.677
1909.44	286.843
1910.21	258.339
1910.97	285.189
1911.74	283.396
1912.51	270.706
1913.27	267.901
1914.03	269.043
1914.8	280.092
1915.56	292.121
1916.33	288.234
1917.09	271.391
1917.85	283.356
1918.62	247.557
1919.38	258.502
1920.14	307.282
1920.9	272.48
1921.67	275.547
1922.43	256.738
1923.19	284.839
1923.95	267.08
1924.71	270.278
1925.47	267.443
1926.24	247.529
1927	279.604
1927.76	263.56
1928.52	268.502
1929.28	261.4
1930.04	276.316
1930.8	268.2
1931.56	265.098
1932.32	272.025
1933.08	287.995
1933.83	292.998
1934.59	284.022
1935.35	287.078
1936.11	268.064
1936.87	265.024
1937.62	270.933
1938.38	254.732
1939.14	276.57
1939.89	257.353
1940.65	269.21
1941.41	275.101
1942.16	273.012
1942.92	295.921
1943.68	283.767
1944.43	275.552
1945.19	290.26
1945.94	266.977
1946.7	259.679
1947.45	253.405
1948.21	248.164
1948.96	249.924
1949.71	264.636
1950.47	296.253
1951.22	273.203
1951.98	274.017
1952.73	282.768
1953.48	266.672
1954.23	260.467
1954.99	295.838
1955.74	272.676
1956.49	280.19
1957.24	300.54
1957.99	280.439
1958.75	299.886
1959.5	260.231
1960.25	289.611
1961	285.468
1961.75	297.036
1962.5	289.846
1963.25	285.579
1964	285.238
1964.75	300.604
1965.5	298.315
1966.25	294.066
1967	294.685
1967.74	274.721
1968.49	281.111
1969.24	299.152
1969.99	282.104
1970.74	292.377
1971.48	284.249
1972.23	278.159
1972.98	291.552
1973.73	274.889
1974.47	280.514
1975.22	288.982
1975.96	282.846
1976.71	290.216
1977.46	280.157
1978.2	285.588
1978.95	265.017
1979.69	275.4
1980.44	290.666
1981.18	292.484
1981.93	289.493
1982.67	282.616
1983.41	284.344
1984.16	301.391
1984.9	275.065
1985.64	282.373
1986.39	288.705
1987.13	273.008
1987.87	266.013
1988.61	263.868
1989.36	282.825
1990.1	272.136
1990.84	285.373
1991.58	270.875
1992.32	295.582
1993.06	263.91
1993.81	258.086
1994.55	269.515
1995.29	268.576
1996.03	260.989
1996.77	282.134
1997.51	262.137
1998.24	275.632
1998.98	287.193
1999.72	288.181
2000.46	252.706
2001.2	277.634
2001.94	281.478
2002.68	264.234
2003.41	272.922
2004.15	271.07
2004.89	281.712
2005.63	277.935
2006.36	254.902
2007.1	251.08
2007.84	255.914
2008.57	263.654
2009.31	256.984
2010.05	255.165
2010.78	265.919
2011.52	251.618
2012.25	264.348
2012.99	262.577
2013.72	278.184
2014.46	244.403
2015.19	229.934
2015.92	248.393
2016.66	257.201
2017.39	278.678
2018.13	257.524
2018.86	238.319
2019.59	275.536
2020.32	253.409
2021.06	260.476
2021.79	260.502
2022.52	269.137
2023.25	273.63
2023.98	266.929
2024.72	251.86
2025.45	252.02
2026.18	270.041
2026.91	261.693
2027.64	256.485
2028.37	250.767
2029.1	268.594
2029.83	253.886
2030.56	249.244
2031.29	264.71
2032.02	255.362
2032.75	265.239
2033.47	234.116
2034.2	271.518
2034.93	244.908
2035.66	261.454
2036.39	245.11
2037.11	262.404
2037.84	252.382
2038.57	263.633
2039.3	254.674
2040.02	259.026
2040.75	255.76
2041.47	261.707
2042.2	260.362
2042.93	264.933
2043.65	249.42
2044.38	273.435
2045.1	261.584
2045.83	258.234
2046.55	266.903
2047.28	274.378
2048	264.55
2048.73	258.141
2049.45	261.062
2050.17	274.307
2050.9	262.302
2051.62	268.137
2052.34	259.932
2053.07	267.291
2053.79	259.147
2054.51	264.926
2055.23	269.511
2055.95	265.887
2056.68	269.297
2057.4	272.316
2058.12	254.091
2058.84	275.382
2059.56	275.227
2060.28	270.062
2061	271.478
2061.72	255.639
2062.44	269.34
2063.16	273.639
2063.88	272.083
2064.6	279.285
2065.32	274.463
2066.03	269.547
2066.75	281.387
2067.47	274.008
2068.19	262.547
2068.91	273.601
2069.62	270.098
2070.34	256.422
2071.06	268.434
2071.77	273.464
2072.49	278.606
2073.21	261.307
2073.92	262.157
2074.64	282.618
2075.36	274.868
2076.07	264.955
2076.79	268.428
2077.5	272.62
2078.22	279.733
2078.93	267.065
2079.64	265.95
2080.36	260.976
2081.07	267.792
2081.79	263.042
2082.5	263.901
2083.21	273.49
2083.93	279.723
2084.64	265.798
2085.35	265.111
2086.07	256.886
2086.78	271.283
2087.49	278.744
2088.2	269.388
2088.91	269.209
2089.62	274.256
2090.33	268.692
2091.04	265.491
2091.76	260.835
2092.47	264.961
2093.18	274.935
2093.89	279.48
2094.6	271.458
2095.3	285.119
2096.01	293.159
2096.72	291.821
2097.43	279.254
2098.14	261.431
2098.85	266.781
2099.56	277.548
2100.09	251.965
2100.87	280.528
2101.65	300.196
2102.43	264.526
2103.21	272.323
2103.99	266.251
2104.77	283.806
2105.55	260.863
2106.32	279.283
2107.1	277.998
2107.88	288.557
2108.66	279.542
2109.44	243.125
2110.22	275.476
2110.99	276.402
2111.77	264.497
2112.55	292.706
2113.33	273.77
2114.1	276.383
2114.88	298.578
2115.66	284.708
2116.43	268.997
2117.21	296.307
2117.99	269.94
2118.76	293.33
2119.54	284.457
2120.31	283.356
2121.09	257.861
2121.86	290.871
2122.64	268.335
2123.41	265.311
2124.19	296.387
2124.96	282.697
2125.74	277.81
2126.51	280.761
2127.28	290.569
2128.06	281.881
2128.83	291.692
2129.61	289.775
2130.38	299.526
2131.15	296.589
2131.92	292.685
2132.7	277.098
2133.47	295.668
2134.24	287.909
2135.01	278.19
2135.78	270.412
2136.55	271.418
2137.33	286.112
2138.1	277.391
2138.87	278.469
2139.64	292.296
2140.41	284.646
2141.18	301.504
2141.95	292.922
2142.72	271.569
2143.49	282.573
2144.26	262.1
2145.03	285.828
2145.8	275.121
2146.57	254.569
2147.33	271.471
2148.1	267.732
2148.87	272.9
2149.64	257.322
2150.41	291.144
2151.17	266.576
2151.94	277.606
2152.71	286.67
2153.48	279.909
2154.24	278.139
2155.01	271.428
2155.78	281.628
2156.54	281.887
2157.31	281.131
2158.08	287.337
2158.84	285.536
2159.61	281.702
2160.37	282.827
2161.14	270.924
2161.9	261.009
2162.67	272.138
2163.43	257.279
2164.2	269.533
2164.96	271.813
2165.72	279.134
2166.49	262.281
2167.25	279.588
2168.01	270.64
2168.78	269.699
2169.54	245.547
2170.3	273.868
2171.07	279.043
2171.83	290.34
2172.59	265.283
2173.35	262.449
2174.11	280.847
2174.88	291.098
2175.64	267.833
2176.4	275.945
2177.16	274.986
2177.92	268.983
2178.68	265.05
2179.44	277.397
2180.2	287.757
2180.96	266.635
2181.72	283.092
2182.48	295.467
2183.24	283.392
2184	280.437
2184.76	279.49
2185.52	274.454
2186.28	271.451
2187.04	282.706
2187.79	254.265
2188.55	285.905
2189.31	294.132
2190.07	280.971
2190.83	259.653
2191.58	257.683
2192.34	296.462
2193.1	268.998
2193.85	296.52
2194.61	296.486
2195.37	284.183
2196.12	281.01
2196.88	286.973
2197.63	293.959
2198.39	280.665
2199.15	283.678
2199.9	285.719
2200.66	290.82
2201.41	301.985
2202.16	288.744
2202.92	295.742
2203.67	261.149
2204.43	288.383
2205.18	264.001
2205.93	287.257
2206.69	290.325
2207.44	297.474
2208.19	265.147
2208.95	290.476
2209.7	292.473
2210.45	275.21
2211.2	277.147
2211.95	250.787
2212.71	278.988
2213.46	259.726
2214.21	290.921
2214.96	291.821
2215.71	272.544
2216.46	293.546
2217.21	281.288
2217.96	308.23
2218.71	315.026
2219.46	296.738
2220.21	295.551
2220.96	287.401
2221.71	289.318
2222.46	271.243
2223.21	278.196
2223.96	291.116
2224.71	284.99
2225.46	289.824
2226.21	290.645
2226.95	289.486
2227.7	292.345
2228.45	297.22
2229.2	293.149
2229.94	297.048
2230.69	288.015
2231.44	294.896
2232.18	288.849
2232.93	282.8
2233.68	288.651
2234.42	290.502
2235.17	298.277
2235.92	287.217
2236.66	287.077
2237.41	278.065
2238.15	287.881
2238.9	297.714
2239.64	292.728
2240.38	298.606
2241.13	289.657
2241.87	293.535
2242.62	301.347
2243.36	295.345
2244.1	309.063
2244.85	283.362
2245.59	280.339
2246.33	283.231
2247.08	288.094
2247.82	299.84
2248.56	277.149
2249.3	309.494
2250.05	311.334
2250.79	325.926
2251.53	288.519
2252.27	302.171
2253.01	289.384
2253.75	285.466
2254.49	303.145
2255.23	301.243
2255.97	319.934
2256.71	279.799
2257.45	282.771
2258.19	289.631
2258.93	279.798
2259.67	306.197
2260.41	301.254
2261.15	295.373
2261.89	279.759
2262.63	300.428
2263.36	278.051
2264.1	306.638
2264.84	281.312
2265.58	315.773
2266.32	299.193
2267.05	288.456
2267.79	281.616
2268.53	309.097
2269.26	310.093
2270	301.302
2270.74	287.639
2271.48	305.407
2272.21	295.742
2272.95	285.119
2273.68	283.35
2274.42	316.002
2275.15	290.645
2275.89	272.135
2276.62	289.039
2277.36	288.196
2278.09	282.401
2278.83	309.114
2279.56	279.627
2280.29	276.748
2281.03	302.468
2281.76	284.806
2282.49	295.769
2283.23	281.112
2283.96	295.115
2284.69	287.429
2285.42	295.562
2286.16	305.66
2286.89	284.046
2287.62	286.133
2288.35	297.104
2289.08	309.071
2289.81	277.493
2290.55	299.461
2291.28	299.69
2292.01	293.011
2292.74	301.24
2293.47	279.647
2294.2	281.877
2294.93	305.978
2295.66	295.185
2296.39	307.255
2297.11	275.449
2297.85	291.468
2298.57	285.586
2299.3	285.728
2300.03	293.899
2300.76	290.13
2301.49	288.357
2302.22	288.558
2302.94	273.72
2303.67	284.861
2304.4	275.987
2305.12	318.194
2305.85	270.3
2306.58	282.519
2307.31	292.747
2308.03	282.892
2308.76	266.974
2309.48	278.137
2310.21	281.258
2310.93	275.343
2311.66	265.424
2312.38	285.688
2313.11	252.657
2313.83	292.07
2314.56	276.105
2315.28	298.381
2316.01	285.381
2316.73	257.262
2317.45	261.402
2318.18	278.674
2318.9	280.841
2319.62	286.035
2320.35	262.947
2321.07	251.943
2321.79	287.385
2322.52	270.303
2323.24	264.338
2323.96	264.446
2324.68	276.693
2325.4	262.647
2326.12	247.567
2326.84	238.536
2327.56	217.352
2328.29	207.296
2329.01	193.199
2329.73	228.718
2330.45	211.609
2331.17	231.974
2331.89	257.405
2332.61	272.689
2333.32	283.894
2334.04	263.662
2334.76	261.671
2335.48	280.974
2336.2	241.51
2336.92	258.824
2337.64	261.958
2338.35	270.161
2339.07	287.483
2339.79	266.245
2340.51	285.581
2341.23	265.365
2341.94	266.484
2342.66	297.079
2343.37	246.457
2344.09	268.944
2344.81	267.01
2345.52	275.177
2346.24	270.072
2346.95	268.996
2347.67	263.861
2348.38	278.053
2349.1	269.975
2349.82	246.729
2350.53	286.475
2351.24	264.279
2351.96	275.581
2352.67	280.737
2353.39	282.793
2354.1	273.634
2354.81	290.884
2355.53	241.092
2356.24	267.509
2356.95	281.759
2357.66	277.752
2358.38	291.031
2359.09	276.9
2359.8	283.104
2360.51	277.132
2361.22	289.483
2361.94	273.376
2362.65	268.462
2363.36	268.632
2364.07	269.796
2364.78	278.059
2365.49	265.892
2366.2	274.074
2366.91	276.118
2367.62	294.467
2368.33	295.506
2369.04	258.869
2369.75	265.042
2370.46	276.316
2371.16	268.224
2371.87	280.509
2372.58	260.176
2373.29	292.851
2374	292.915
2374.71	295.022
2375.41	292.028
2376.12	293.108
2376.83	302.344
2377.53	283.036
2378.24	260.679
2378.95	284.235
2379.65	288.416
2380.36	281.358
2381.07	299.79
2381.77	285.538
2382.48	256.996
2383.18	301.966
2383.89	286.765
2384.59	294.07
2385.3	285.053
2386	296.458
2386.71	269.978
2387.41	279.218
2388.12	278.174
2388.82	281.195
2389.52	289.336
2390.23	284.236
2390.93	308.807
2391.63	283.343
2392.34	290.562
2393.04	265.052
2393.74	265.059
2394.44	283.443
2395.15	283.461
2395.85	294.761
2396.55	292.825
2397.25	289.88
2397.95	298.154
2398.65	302.289
2399.35	304.317
2400.05	296.082
2400.75	304.176
2401.45	293.905
2402.15	297.965
2402.85	293.906
2403.55	311.322
2404.25	301.216
2404.95	307.455
2405.65	313.695
2406.35	315.835
2407.05	288.332
2407.75	277.157
2408.44	301.742
2409.14	302.838
2409.84	299.857
2410.54	288.696
2411.24	282.629
2411.93	283.687
2412.63	310.262
2413.33	307.161
2414.02	295.87
2414.72	339.72
2415.42	306.994
2416.11	299.812
2416.81	295.712
2417.5	305.916
2418.2	299.825
2418.9	295.795
2419.59	308.091
2420.28	308.129
2420.98	287.729
2421.67	317.249
2422.37	295.758
2423.06	302.803
2423.75	319.042
2424.45	306.836
2425.14	266.191
2425.84	329.467
2426.53	298.047
2427.22	329.785
2427.91	313.569
2428.61	328.89
2429.3	293.174
2429.99	311.422
2430.68	304.152
2431.37	292.8
2432.07	301.795
2432.76	307.758
2433.45	312.749
2434.14	286.33
2434.83	292.451
2435.52	305.705
2436.21	272.256
2436.9	303.738
2437.59	295.576
2438.28	300.556
2438.97	316.651
2439.66	317.535
2440.35	329.586
2441.04	298.147
2441.72	298.123
2442.41	282.934
2443.1	309.206
2443.79	311.176
2444.48	315.149
2445.16	324.168
2445.85	325.121
2446.54	293.807
2447.23	301.904
2447.91	321.117
2448.6	308.021
2449.29	323.17
2449.97	297.929
2450.66	309.011
2451.34	292.858
2452.03	307.996
2452.72	315.083
2453.4	300.996
2454.09	317.143
2454.77	309.044
2455.46	312.989
2456.14	299.771
2456.82	328.825
2457.51	314.622
2458.19	324.615
2458.88	311.543
2459.56	336.724
2460.24	311.673
2460.92	334.896
2461.61	312.865
2462.29	330.045
2462.97	332.118
2463.66	329.132
2464.34	335.163
2465.02	356.234
2465.7	339.064
2466.38	334.952
2467.06	334.867
2467.75	344.848
2468.42	313.717
2469.11	327.805
2469.79	313.831
2470.47	324.98
2471.15	338.151
2471.83	339.263
2472.51	331.306
2473.19	340.393
2473.86	320.317
2474.54	361.497
2475.22	346.433
2475.9	325.369
2476.58	338.484
2477.26	333.562
2477.94	336.707
2478.61	331.823
2479.29	339.996
2479.97	340.104
2480.65	340.185
2481.32	328.18
2482	329.247
2482.68	325.294
2483.35	359.582
2484.03	297.285
2484.71	338.607
2485.38	333.614
2486.06	300.418
2486.73	338.638
2487.41	328.568
2488.08	331.603
2488.76	326.635
2489.43	341.83
2490.11	341.976
2490.78	327.04
2491.45	354.39
2492.13	342.451
2492.8	338.543
2493.48	344.696
2494.15	344.799
2494.82	322.734
2495.49	340.025
2496.17	344.25
2496.84	343.462
2497.51	334.598
2498.18	339.857
2498.86	337.993
2499.53	339.103
2500.2	321.957
2500.87	312.889
2501.54	355.435
2502.21	330.261
2502.88	315.256
2503.55	327.629
2504.22	334.957
2504.89	355.447
2505.56	365.752
2506.23	350.638
2506.9	347.673
2507.57	356.897
2508.24	358.042
2508.91	341.961
2509.58	366.531
2510.25	340.269
2510.91	336.32
2511.58	354.706
2512.25	356.806
2512.92	341.624
2513.59	363.091
2514.25	343.9
2514.92	338.97
2515.59	345.241
2516.25	354.557
2516.92	360.794
2517.59	351.717
2518.25	361.983
2518.92	356.952
2519.58	350.904
2520.25	324.481
2520.91	364.364
2521.58	363.503
2522.24	348.393
2522.91	332.273
2523.57	348.847
2524.24	358.276
2524.9	364.626
2525.56	340.251
2526.23	330.171
2526.89	345.677
2527.55	358.107
2528.22	354.129
2528.88	340.894
2529.54	338.898
2530.21	356.349
2530.87	368.667
2531.53	356.417
2532.19	346.275
2532.85	349.529
2533.51	320.006
2534.18	345.911
2534.84	326.608
2535.5	359.639
2536.16	364.838
2536.82	374.063
2537.48	369.881
2538.14	360.57
2538.8	343.096
2539.46	362.656
2540.12	386.402
2540.78	365.014
2541.44	364.193
2542.09	343.825
2542.75	387.2
2543.41	358.501
2544.07	358.544
2544.73	351.311
2545.39	374.876
2546.04	396.32
2546.7	359.174
2547.36	383.703
2548.02	355.919
2548.67	372.341
2549.33	369.313
2549.98	351.946
2550.64	393.102
2551.3	381.901
2551.95	380.966
2552.61	370.789
2553.26	388.346
2553.92	361.718
2554.57	389.506
2555.23	391.55
2555.88	392.499
2556.54	372.866
2557.19	411.7
2557.85	379.764
2558.5	406.314
2559.15	396.024
2559.81	407.308
2560.46	399.164
2561.11	408.448
2561.77	416.687
2562.42	399.268
2563.07	400.233
2563.72	409.335
2564.37	408.164
2565.03	393.706
2565.68	392.595
2566.33	402.798
2566.98	401.826
2567.63	403.963
2568.28	423.479
2568.93	395.915
2569.58	371.353
2570.23	393.758
2570.88	396.723
2571.53	404.821
2572.18	409.925
2572.83	403.853
2573.48	402.914
2574.13	407.071
2574.78	390.767
2575.43	395.866
2576.07	417.264
2576.72	400.877
2577.37	392.664
2578.02	399.763
2578.67	385.443
2579.31	412.911
2579.96	399.565
2580.61	393.33
2581.26	404.397
2581.9	403.263
2582.55	385.905
2583.19	402.193
2583.84	392.096
2584.49	384.066
2585.13	387.217
2585.78	393.368
2586.42	395.362
2587.07	379.977
2587.71	389.958
2588.36	395.836
2589	378.383
2589.65	392.44
2590.29	400.462
2590.93	397.389
2591.58	390.315
2592.22	391.391
2592.86	388.442
2593.51	397.688
2594.15	391.741
2594.79	415.226
2595.43	395.071
2596.07	395.184
2596.72	366.826
2597.36	405.421
2598	381.029
2598.64	386.047
2599.28	390.047
2599.92	420.44
2600.56	380.901
2601.2	397.181
2601.85	375.965
2602.49	394.3
2603.13	382.184
2603.76	391.337
2604.4	395.393
2605.04	408.565
2605.68	410.589
2606.32	389.308
2606.96	405.54
2607.6	396.411
2608.24	395.362
2608.88	400.363
2609.51	404.34
2610.15	385.052
2610.79	418.46
2611.43	396.257
2612.06	386.261
2612.7	407.701
2613.34	408.904
2613.97	408.069
2614.61	397.069
2615.25	410.383
2615.88	416.585
2616.52	420.756
2617.15	419.862
2617.79	401.722
2618.42	403.893
2619.06	431.459
2619.69	436.676
2620.33	436.79
2620.96	436.873
2621.6	433.881
2622.23	437.994
2622.86	429.921
2623.5	428.99
2624.13	445.375
2624.76	434.333
2625.4	436.51
2626.03	434.599
2626.66	447.921
2627.29	421.535
2627.93	463.325
2628.56	465.447
2629.19	471.676
2629.82	445.357
2630.45	481.172
2631.08	456.893
2631.71	465.193
2632.34	464.301
2632.98	514.372
2633.61	462.503
2634.24	496.317
2634.87	482.24
2635.5	517.176
2636.12	505.17
2636.75	484.97
2637.38	518.9
2638.01	518.068
2638.64	513.12
2639.27	513.259
2639.9	537.921
2640.53	497.081
2641.15	549.315
2641.78	528.898
2642.41	532.023
2643.04	543.364
2643.66	517.911
2644.29	534.454
2644.92	553.074
2645.54	561.452
2646.17	549.308
2646.8	578.093
2647.42	566.873
2648.05	543.329
2648.67	566.907
2649.3	578.21
2649.92	568.037
2650.55	582.505
2651.17	553.983
2651.8	585.977
2652.42	590.327
2653.05	561.845
2653.67	590.792
2654.29	559.132
2654.92	607.491
2655.54	557.235
2656.16	579.855
2656.79	610.696
2657.41	606.866
2658.03	604.543
2658.65	592.028
2659.27	607.822
2659.9	593.398
2660.52	587.675
2661.14	578.787
2661.76	604.436
2662.38	569.134
2663	614.351
2663.62	631.837
2664.24	619.204
2664.86	614.499
2665.48	615.824
2666.1	623.818
2666.72	597.015
2667.34	611.803
2667.96	637.552
2668.58	607.764
2669.2	612.158
2669.82	620.745
2670.44	612.033
2671.05	588.505
2671.67	612.428
2672.29	622.18
2672.91	631.453
2673.53	609.576
2674.14	651.306
2674.76	624.715
2675.38	633.175
2675.99	646.375
2676.61	643.297
2677.23	660.172
2677.84	694.926
2678.46	710.678
2679.07	728.661
2679.69	751.879
2680.3	778.38
2680.92	796.235
2681.53	811.441
2682.15	830.98
2682.76	863.997
2683.38	853.544
2683.99	837.453
2684.61	842.933
2685.22	858.502
2685.83	818.51
2686.44	808.895
2687.06	824.217
2687.67	835.336
2688.28	830.333
2688.9	828.661
2689.51	848.508
2690.12	850.053
2690.73	858.711
2691.34	830.588
2691.96	837.378
2692.57	830.925
2693.18	869.402
2693.79	870.37
2694.4	881.425
2695.01	862.371
2695.62	846.934
2696.23	852.856
2696.84	865.654
2697.45	877.999
2698.06	848.753
2698.67	871.288
2699.28	878.578
2699.88	877.246
2700.49	882.701
2701.1	880.312
2701.71	863.628
2702.32	871.694
2702.93	865.078
2703.53	874.538
2704.14	891.185
2704.75	883.359
2705.36	876.467
2705.96	888.41
2706.57	899.842
2707.17	904.987
2707.78	902.6
2708.39	891.215
2708.99	902.766
2709.6	909.471
2710.2	928.348
2710.81	931.263
2711.41	946.938
2712.02	928.152
2712.62	942.88
2713.23	949.665
2713.83	954.499
2714.44	957.683
2715.04	944.277
2715.64	950.017
2716.25	972.382
2716.85	976.016
2717.45	991.359
2718.05	993.035
2718.66	997.394
2719.26	1004.37
2719.86	1005.04
2720.46	994.528
2721.06	986.794
2721.67	1011.08
2722.27	1029.06
2722.87	1033.31
2723.47	1030.31
2724.07	1014.25
2724.67	1015.53
2725.27	1036.8
2725.71	1049.54
2726.38	1050.38
2727.06	1068.35
2727.73	1079.08
2728.4	1066.37
2729.07	1027.31
2729.74	1079.86
2730.42	1111.26
2731.09	1097.17
2731.76	1106.65
2732.43	1071.52
2733.1	1083.19
2733.77	1095.83
2734.44	1085.99
2735.11	1127.89
2735.78	1117.72
2736.45	1127.76
2737.12	1123.43
2737.79	1146.49
2738.46	1121.72
2739.13	1116.34
2739.8	1141.58
2740.47	1151.76
2741.14	1146.9
2741.81	1163.58
2742.47	1143.75
2743.14	1162.62
2743.81	1153.94
2744.48	1154.34
2745.15	1121.02
2745.81	1166.1
2746.48	1183.69
2747.15	1151.39
2747.81	1135.41
2748.48	1187.74
2749.15	1194.07
2749.81	1184.93
2750.48	1209.3
2751.15	1201.95
2751.81	1217.08
2752.48	1189.59
2753.14	1187.87
2753.81	1163.95
2754.47	1157.52
2755.14	1174.49
2755.8	1158.54
2756.47	1143.35
2757.13	1114.68
2757.8	1115.58
2758.46	1125.74
2759.13	1086.01
2759.79	1090.4
2760.45	1114.32
2761.12	1102.43
2761.78	1111.86
2762.44	1129.27
2763.1	1124.03
2763.77	1117.75
2764.43	1117.73
2765.09	1149.63
2765.76	1116.28
2766.42	1159.87
2767.08	1153.39
2767.74	1167.37
2768.4	1159.71
2769.06	1192.94
2769.72	1212.71
2770.38	1180.07
2771.05	1238.73
2771.71	1246.13
2772.37	1251.59
2773.03	1303.38
2773.69	1333.71
2774.35	1339.39
2775.01	1384.03
2775.67	1455.25
2776.33	1486.22
2776.99	1539.72
2777.64	1611.76
2778.3	1640.71
2778.96	1696.52
2779.62	1704.04
2780.28	1742.35
2780.94	1769.2
2781.59	1760.94
2782.25	1739.29
2782.91	1727.05
2783.57	1690.33
2784.22	1691.95
2784.88	1677.24
2785.54	1684.11
2786.2	1673.22
2786.85	1694.85
2787.51	1687.21
2788.16	1658.71
2788.82	1704.38
2789.48	1725.6
2790.13	1749.34
2790.79	1717.92
2791.44	1751.62
2792.1	1776.04
2792.75	1778.52
2793.41	1818.71
2794.06	1827.59
2794.72	1848.58
2795.37	1865.37
2796.02	1875.01
2796.68	1866.29
2797.33	1916.42
2797.98	1938.97
2798.64	1979.19
2799.29	1930.03
2799.94	2031.17
2800.6	2008.88
2801.25	2038.07
2801.9	2027.11
2802.55	2066.55
2803.21	2091.47
2803.86	2110.06
2804.51	2157.31
2805.16	2146.78
2805.81	2201.06
2806.46	2217.28
2807.11	2278.83
2807.77	2241.57
2808.42	2310.25
2809.07	2312.93
2809.72	2355.54
2810.37	2387.7
2811.02	2440.38
2811.67	2483.96
2812.32	2444.55
2812.97	2544.16
2813.61	2515.59
2814.26	2519
2814.91	2586.16
2815.56	2589.53
2816.21	2645.2
2816.86	2710.99
2817.51	2688.2
2818.15	2761.83
2818.8	2761.26
2819.45	2802.71
2820.1	2834.95
2820.74	2880.82
2821.39	2902.45
2822.04	2938.83
2822.69	2943.52
2823.33	2979.86
2823.98	3013.68
2824.63	3058.25
2825.27	3103.43
2825.92	3120.78
2826.56	3184.53
2827.21	3224.06
2827.85	3262.01
2828.5	3256.19
2829.14	3274.22
2829.79	3284.22
2830.43	3303.61
2831.08	3328.22
2831.72	3315.81
2832.37	3329.96
2833.01	3392.12
2833.65	3399.51
2834.3	3427.13
2834.94	3513.04
2835.58	3445.62
2836.23	3541.38
2836.87	3573.39
2837.51	3557.29
2838.16	3555.94
2838.8	3589.96
2839.44	3651.12
2840.08	3666.26
2840.72	3723.4
2841.36	3712.34
2842.01	3744.03
2842.65	3750.86
2843.29	3745.37
2843.93	3763.67
2844.57	3814.97
2845.21	3792.43
2845.85	3850.01
2846.49	3814.27
2847.13	3885.62
2847.77	3932.84
2848.41	3901.37
2849.05	3971.75
2849.69	3952.36
2850.33	3946.61
2850.97	3947.14
2851.61	3916.06
2852.24	3980.3
2852.88	4019.09
2853.52	4097.67
2854.16	4081.74
2854.8	4073.75
2855.43	4107.08
2856.07	4126.73
2856.71	4161.18
2857.35	4187.86
2857.98	4213.34
2858.62	4273.1
2859.26	4282.17
2859.89	4353.72
2860.53	4406.15
2861.16	4364.71
2861.8	4461.68
2862.44	4590.95
2863.07	4587.88
2863.71	4677.43
2864.34	4702.34
2864.98	4850.25
2865.61	4833.66
2866.25	4952.15
2866.88	4988.06
2867.52	5052.46
2868.15	5151.59
2868.78	5109.25
2869.42	5302.02
2870.05	5375.55
2870.69	5500.21
2871.32	5581.24
2871.95	5608.16
2872.58	5723.07
2873.22	5832.67
2873.85	6024.4
2874.48	6154.64
2875.11	6237.08
2875.75	6299.01
2876.38	6445.3
2877.01	6606.01
2877.64	6681.87
2878.27	6785.36
2878.9	6927.46
2879.53	7009.3
2880.16	7186.89
2880.79	7364.6
2881.42	7437.45
2882.05	7557.24
2882.68	7661.19
2883.31	7823.64
2883.94	7920.72
2884.57	7957.96
2885.2	8093.17
2885.83	8199.23
2886.46	8314.8
2887.09	8403.61
2887.72	8512.91
2888.35	8622.8
2888.97	8680.83
2889.6	8754.76
2890.23	8736.16
2890.86	8843.18
2891.49	8853.5
2892.11	8945.51
2892.74	8964.74
2893.37	9101.47
2893.99	9111.39
2894.62	9185.32
2895.25	9233.53
2895.87	9305.1
2896.5	9323.9
2897.12	9330.06
2897.75	9340.32
2898.38	9463.76
2899	9452.76
2899.63	9585.93
2900.25	9660.5
2900.88	9706.39
2901.5	9746.15
2902.12	9731.94
2902.75	9721.61
2903.37	9867.12
2904	9876.02
2904.62	9852.73
2905.25	9814.64
2905.87	9828.37
2906.49	9866.39
2907.11	9836.4
2907.74	9846.84
2908.36	9759.79
2908.98	9672.26
2909.6	9725.05
2910.23	9627.26
2910.85	9558.87
2911.47	9571.96
2912.09	9372.36
2912.71	9383.31
2913.33	9369.77
2913.96	9262.58
2914.58	9196.24
2915.2	8955.55
2915.82	8991.05
2916.44	8832.44
2917.06	8791.68
2917.68	8661.8
2918.3	8550.62
2918.92	8515.5
2919.54	8467.94
2920.16	8355.52
2920.77	8273.18
2921.39	8286.55
2922.01	8261.93
2922.63	8158.7
2923.25	8102.55
2923.87	8167.35
2924.48	8051.19
2925.1	8055.49
2925.72	8169.01
2926.34	8096.66
2926.95	8132.57
2927.57	8108.37
2928.19	8148.93
2928.8	8126.26
2929.42	8160.45
2930.04	8115.72
2930.65	8129.89
2931.27	8155.48
2931.89	8228.16
2932.5	8300.08
2933.12	8354.04
2933.73	8370.66
2934.35	8345.96
2934.96	8444.02
2935.58	8498.39
2936.19	8528.93
2936.81	8590.11
2937.42	8655.92
2938.03	8686.6
2938.65	8650.33
2939.26	8798.06
2939.88	8783.37
2940.49	8791.99
2941.1	8857.79
2941.71	8792.24
2942.33	8786.38
2942.94	8769.92
2943.55	8752.04
2944.17	8715.28
2944.78	8706.57
2945.39	8669.19
2946	8634.42
2946.61	8672.51
2947.22	8673.75
2947.83	8545.72
2948.45	8614.52
2949.06	8494.38
2949.67	8431.79
2950.28	8522.03
2950.89	8436.08
2951.5	8232.44
2952.11	8146.98
2952.72	8103.55
2953.33	8034.9
2953.94	7950.83
2954.54	7864.93
2955.15	7797.11
2955.76	7719.09
2956.37	7578.37
2956.98	7435.63
2957.59	7418.77
2958.2	7279.71
2958.8	7160.91
2959.41	7099.98
2960.02	6962.98
2960.63	6876.69
2961.23	6784.27
2961.84	6691.26
2962.45	6547.71
2963.05	6466.64
2963.66	6322.74
2964.27	6256.39
2964.87	6159.38
2965.48	6073.67
2966.08	5956.38
2966.69	5872.75
2967.29	5752.17
2967.9	5649.03
2968.5	5479.08
2969.11	5460.15
2969.71	5357.15
2970.32	5242.7
2970.92	5193.04
2971.53	5065.84
2972.13	4982.81
2972.74	4913.41
2973.34	4751.31
2973.94	4722.97
2974.54	4640.82
2975.15	4500.5
2975.75	4460.61
2976.35	4358.1
2976.96	4270.74
2977.56	4150.9
2978.16	4073.13
2978.76	4006.48
2979.36	3872.05
2979.97	3832.11
2980.57	3764.7
2981.17	3717.72
2981.77	3655.97
2982.37	3578.19
2982.97	3443.46
2983.57	3375.12
2984.17	3249.61
2984.77	3262.91
2985.37	3183.8
2985.97	3145.36
2986.57	3060.3
2987.17	2950.73
2987.77	2876.79
2988.37	2813.69
2988.97	2759.36
2989.57	2716.95
2990.17	2671.28
2990.76	2607.18
2991.36	2496.15
2991.96	2502.08
2992.56	2437.48
2993.16	2367.75
2993.75	2354.15
2994.35	2234.86
2994.95	2186.05
2995.54	2169.98
2996.14	2078.42
2996.74	2060.85
2997.33	2024.17
2997.93	1952.95
2998.52	1933.96
2999.12	1870.96
2999.72	1831.41
3000.31	1852.22
3000.91	1759.39
3001.5	1741.29
3002.1	1711.86
3002.69	1640.31
3003.29	1671.04
3003.88	1596.16
3004.47	1554.03
3005.07	1550.96
3005.66	1518.44
3006.26	1433.95
3006.85	1475.7
3007.44	1421.16
3008.04	1398.29
3008.63	1388.5
3009.22	1361.99
3009.81	1357.81
3010.41	1356.59
3011	1341.02
3011.59	1259.94
3012.18	1267.29
3012.77	1234.74
3013.36	1213.51
3013.96	1232.28
3014.55	1188.36
3015.14	1185.54
3015.73	1169.46
3016.32	1159.65
3016.91	1138.58
3017.5	1131.87
3018.09	1101.34
3018.68	1110.77
3019.27	1077.88
3019.86	1116.02
3020.45	1086.32
3021.04	1067.08
3021.63	1055.16
3022.22	1050.49
3022.8	1031.31
3023.39	1016.12
3023.98	1016.29
3024.57	979.27
3025.16	989.714
3025.74	990.893
3026.33	971.42
3026.92	960.141
3027.5	974.574
3028.09	941.449
3028.68	923.791
3029.26	957.783
3029.85	960.952
3030.44	969.445
3031.02	946.072
3031.61	936.167
3032.19	917.948
3032.78	910.981
3033.37	916.287
3033.95	940.097
3034.54	931.812
3035.12	915.259
3035.71	917.345
3036.29	888.444
3036.87	923.641
3037.46	920.594
3038.04	932.04
3038.63	904.258
3039.21	912.76
3039.79	910.005
3040.38	896.99
3040.96	908.837
3041.54	884.357
3042.12	873.167
3042.71	909.434
3043.29	897.847
3043.87	920.325
3044.45	883.77
3045.03	894.934
3045.62	932.119
3046.2	920.838
3046.78	893.118
3047.36	874.754
3047.94	919.533
3048.52	938.357
3049.1	866.965
3049.68	870.079
3050.26	900.078
3050.84	912.443
3051.42	920.657
3052	916.444
3052.58	925.696
3053.16	892.514
3053.74	895.614
3054.32	907.069
3054.89	876.162
3055.47	931.306
3056.05	941.988
3056.63	940.239
3057.21	946.711
3057.78	926.101
3058.36	948.895
3058.94	940.469
3059.52	945.469
3060.09	942.2
3060.67	933.831
3061.25	972.181
3061.82	959.824
3062.4	959.907
3062.97	944.391
3063.55	952.63
3064.13	973.237
3064.7	927.534
3065.28	962.693
3065.85	945.105
3066.43	917.221
3067	960.817
3067.58	943.209
3068.15	950.325
3068.72	960.395
3069.3	955.873
3069.87	984.463
3070.45	975.903
3071.02	966.478
3071.59	925.156
3072.17	927.362
3072.74	979.222
3073.31	954.449
3073.89	936.789
3074.46	938.682
3075.03	963.294
3075.6	956.953
3076.17	947.645
3076.74	967.431
3077.32	947.006
3077.89	945.229
3078.46	959.97
3079.03	975.655
3079.6	952.919
3080.17	973.515
3080.74	979.511
3081.31	941.996
3081.88	955.137
3082.45	968.272
3083.02	975.223
3083.59	958.435
3084.16	950.96
3084.73	970.335
3085.3	981.465
3085.87	974.079
3086.43	955.448
3087	969.957
3087.57	976.314
3088.14	973.426
3088.71	1005.6
3089.28	981.94
3089.84	979.85
3090.41	961.171
3090.98	975.492
3091.54	994.968
3092.11	1020.63
3092.68	974.064
3093.24	974.942
3093.81	1002.62
3094.38	1015.87
3094.94	1039.46
3095.51	1018.74
3096.07	1005.26
3096.64	1022.67
3097.2	1020.47
3097.77	1035.79
3098.33	1017.17
3098.9	1026.45
3099.46	1059.52
3100.03	1037.01
3100.59	1000.06
3101.15	1055.79
3101.72	1058.87
3102.28	1042.28
3102.84	1029.77
3103.41	1044.01
3103.97	1035.58
3104.53	1045.66
3105.1	1059.86
3105.66	1065.82
3106.22	1071.81
3106.78	1066.52
3107.34	1083.9
3107.91	1088.98
3108.47	1035.45
3109.03	1059.12
3109.59	1058.18
3110.15	1067.63
3110.71	1077.19
3111.27	1102.24
3111.83	1084.02
3112.39	1089.34
3112.95	1111.96
3113.51	1098.37
3114.07	1100.13
3114.63	1080.31
3115.19	1112.04
3115.75	1109.95
3116.31	1131.61
3116.87	1092.59
3117.43	1122.43
3117.98	1121.3
3118.54	1129.32
3119.1	1115.69
3119.66	1179.18
3120.22	1125.54
3120.77	1164.51
3121.33	1144.98
3121.89	1146.03
3122.44	1153.21
3123	1139.75
3123.56	1141.59
3124.11	1152.59
3124.67	1172.8
3125.23	1170.45
3125.78	1216.46
3126.34	1154.83
3126.89	1193.93
3127.45	1189
3128	1198.49
3128.56	1182.3
3129.11	1197.89
3129.67	1223.67
3130.22	1199.02
3130.78	1202
3131.33	1199.75
3131.88	1243.63
3132.44	1213.57
3132.99	1211.25
3133.54	1218.21
3134.1	1210.9
3134.65	1232.4
3135.2	1222.18
3135.76	1243.79
3136.31	1281.84
3136.86	1227.54
3137.41	1251.19
3137.96	1248.12
3138.51	1280.93
3139.07	1242.93
3139.62	1292.12
3140.17	1279.76
3140.72	1270.51
3141.27	1265.37
3141.82	1266.4
3142.37	1268.44
3142.92	1281.71
3143.47	1295.98
3144.02	1282.57
3144.57	1288.71
3145.12	1282.65
3145.67	1343.39
3146.22	1327.31
3146.77	1286.64
3147.32	1312.61
3147.86	1363.12
3148.41	1357.02
3148.96	1312.8
3149.51	1352.63
