401.058	2574.36
402.149	2689.42
403.243	2600.87
404.332	2653.97
405.424	2578.46
406.515	2512.52
407.606	2546.58
408.697	2479.18
409.785	2414.84
410.876	2328.06
411.967	2275.92
413.055	2249.72
414.143	2291.38
415.233	2282.01
416.321	2292.86
417.409	2350.03
418.499	2265.94
419.586	2342.85
420.673	2379.31
421.761	2477.33
422.848	2459.4
423.935	2562.05
425.02	2648.31
426.106	2659.87
427.193	2706.28
428.278	2769.86
429.364	2891.12
430.45	2942.35
431.534	2954.36
432.618	2934.84
433.704	3009.79
434.788	2966.82
435.871	3073.01
436.955	3045.99
438.038	3040.9
439.123	3005.51
440.204	2934.59
441.287	2829.35
442.37	2791.98
443.452	2688.76
444.535	2506.04
445.615	2554.31
446.698	2450.49
447.78	2329.36
448.86	2237.54
449.939	2193.01
451.021	2100.77
452.101	2066.21
453.18	2053.98
454.262	1993.29
455.341	1968.23
456.42	1908.31
457.499	1964.06
458.578	1899.19
459.654	1860.56
460.733	1927.15
461.811	1922.51
462.89	1906.8
463.966	1876.16
465.044	1904.05
466.12	1947.71
467.197	1954.07
468.273	1933.18
469.349	1933.23
470.426	1940.02
471.501	1867.08
472.576	1889.66
473.651	1903.88
474.726	1930.5
475.801	1928.81
476.876	1930.3
477.95	1991.32
479.022	1974.3
480.097	2023.72
481.171	2029.19
482.243	2065.86
483.317	2081.97
484.388	2076.75
485.46	2133.38
486.533	2187.98
487.605	2203.59
488.676	2296.51
489.747	2381.05
490.818	2337.86
491.889	2430.36
492.959	2377.11
494.03	2468.48
495.1	2478.06
496.171	2524.11
497.239	2532.94
498.309	2561.5
499.379	2511.85
500.446	2566.79
501.514	2524.11
502.584	2528.69
503.651	2461.55
504.718	2504.66
505.788	2507.75
506.855	2472.46
507.921	2485.64
508.988	2490.53
510.055	2542.13
511.119	2529.76
512.186	2592.7
513.252	2589.01
514.318	2673.54
515.382	2653.74
516.448	2768.96
517.512	2806.44
518.577	2845.14
519.641	2806.97
520.704	2884.13
521.768	2949.68
522.833	3025.5
523.896	2944.19
524.959	3027.51
526.021	3070.35
527.084	3086.54
528.144	3147.49
529.207	3189.88
530.269	3248.49
531.331	3247.05
532.391	3281.96
533.453	3251.11
534.513	3304.91
535.572	3159.82
536.634	3162.32
537.693	3093.2
538.752	3029.84
539.812	3019.29
540.87	2905.85
541.929	2760.46
542.988	2671.44
544.047	2607.77
545.105	2566.17
546.164	2443.47
547.22	2365.43
548.278	2227.63
549.336	2216.29
550.392	2127.34
551.448	2060.08
552.505	2055.66
553.561	1983.58
554.616	1894.02
555.671	1888.3
556.728	1791.95
557.783	1868.42
558.836	1742.39
559.891	1700.8
560.946	1677.72
562	1600.05
563.055	1631.23
564.107	1581.15
565.161	1592.43
566.213	1565.76
567.267	1512.19
568.318	1458.6
569.37	1503.9
570.424	1486.37
571.475	1471.69
572.526	1460.77
573.577	1494.15
574.628	1536.74
575.679	1541.56
576.73	1528.06
577.781	1552.44
578.829	1490.48
579.88	1485.72
580.93	1429.5
581.978	1421.1
583.026	1429.18
584.076	1389.35
585.124	1391.79
586.172	1359.27
587.221	1387.4
588.269	1418.2
589.316	1439.68
590.363	1403.18
591.41	1383.18
592.457	1369.7
593.502	1401.43
594.549	1349.28
595.595	1335.18
596.64	1299.38
597.686	1284.74
598.73	1244.14
599.776	1223.33
600.82	1276.59
601.864	1221.24
602.908	1183.47
603.953	1182.8
604.997	1192.65
606.04	1155.88
607.083	1155.96
608.125	1167.85
609.168	1153.62
610.211	1163.97
611.253	1128.01
612.294	1136.3
613.336	1143.74
614.377	1134.68
615.419	1133.94
616.459	1168.18
617.499	1161.7
618.539	1131.12
619.579	1168.75
620.619	1152.9
621.658	1127
622.698	1131.61
623.737	1124.3
624.776	1151.18
625.815	1194.73
626.852	1129.52
627.891	1075.43
628.928	1113.65
629.966	1065.96
631.003	1063.35
632.041	1067.89
633.077	1068.5
634.114	1033
635.15	1004
636.185	1043.39
637.221	995.377
638.257	993.639
639.292	964.291
640.328	977.295
641.361	930.155
642.396	954.72
643.431	940.354
644.464	895.519
645.497	877.464
646.532	935.909
647.564	842.804
648.597	864.835
649.629	904.419
650.663	910.875
651.695	894.226
652.727	882.946
653.757	890.838
654.789	849.996
655.821	924.866
656.852	882.343
657.882	901.437
658.913	893.119
659.942	857.331
660.973	889.368
662.002	883.695
663.031	910.039
664.06	912.663
665.09	909.152
666.119	922.5
667.147	912.295
668.175	896.677
669.201	914.047
670.229	875.962
671.257	882.651
672.285	885.442
673.311	882.672
674.338	892.006
675.363	867.474
676.389	890.075
677.416	897.98
678.441	865.185
679.466	907.821
680.491	879.206
681.515	879.07
682.54	872.482
683.565	824.511
684.589	882.787
685.613	887.747
686.635	878.058
687.659	948.775
688.681	981.648
689.705	969.179
690.727	963.102
691.75	969.918
692.772	974.831
693.793	985.238
694.814	1010.38
695.835	1032.63
696.856	1057.55
697.877	1057.39
698.898	1064.59
699.918	1047.74
700.937	1073.51
701.957	1078.04
702.978	1081.67
703.996	1076.02
705.016	1024.08
706.034	1029.45
707.052	993.181
708.069	1065.08
709.087	1018.69
710.107	1004.71
711.124	955.696
712.139	959.413
713.156	913.258
714.173	965.957
715.19	920.614
716.205	937.041
717.222	904.353
718.238	926.018
719.253	909.774
720.267	882.492
721.283	883.856
722.297	862.271
723.311	842.614
724.325	852.481
725.339	887.254
726.353	937.751
727.366	873.36
728.38	916.662
729.391	844.042
730.404	930.476
731.417	887.956
732.428	882.985
733.441	870.554
734.452	916.888
735.463	850.376
736.475	885.917
737.486	854.656
738.496	862.992
739.506	838.368
740.516	862.372
741.526	866.117
742.534	855.075
743.544	806.327
744.554	834.635
745.561	856.521
746.571	840.837
747.578	817.875
748.587	855.506
749.594	813.384
750.601	854.788
751.608	827.441
752.615	830.439
753.621	791.276
754.628	832.079
755.634	805.905
756.641	818.398
757.647	843.848
758.651	820.546
759.657	822.101
760.663	771.969
761.666	832.488
762.67	780.308
763.676	833.315
764.679	779.014
765.682	803.152
766.686	782.84
767.689	816.136
768.692	847.679
769.694	849.837
770.697	810.6
771.698	783.55
772.7	797.343
773.703	866.79
774.703	842.32
775.703	838.895
776.705	837.053
777.705	876.854
778.705	853.492
779.705	807.048
780.705	847.15
781.704	871.611
782.704	851.514
783.703	849.949
784.702	909.665
785.701	902.32
786.698	973.072
787.697	912.692
788.694	912.858
789.693	936.361
790.689	978.508
791.686	1004.77
792.682	1038.37
793.68	1063.47
794.676	1051.27
795.672	1072.65
796.666	1085.8
797.662	1094.46
798.658	1159.08
799.653	1140.74
800.647	1157.6
801.642	1166.74
802.636	1097.41
803.631	1181.62
804.624	1132.65
805.617	1159.08
806.61	1127.87
807.602	1129.19
808.595	1136.93
809.587	1064.79
810.58	1080.84
811.572	1091.38
812.564	1093.69
813.554	1108.16
814.546	1128.27
815.536	1129.86
816.528	1143.45
817.518	1200.49
818.507	1203.84
819.499	1247.91
820.488	1273.47
821.477	1365.51
822.466	1405.62
823.455	1478.73
824.444	1541.46
825.431	1604.08
826.42	1665.85
827.408	1814.44
828.395	1930.1
829.383	1980.52
830.369	2179.1
831.356	2336.72
832.342	2421.94
833.33	2628.02
834.315	2878.79
835.301	3004.83
836.287	3237.1
837.27	3463.75
838.256	3528.59
839.241	3667.16
840.226	3617.38
841.209	3610.51
842.194	3505.14
843.177	3345.56
844.16	3167.7
845.145	3018.45
846.127	2878.48
847.11	2720.09
848.092	2670.08
849.074	2626.36
850.056	2693.71
851.039	2685.39
852.018	2760.5
853	2775.64
853.982	2963.58
854.962	2957.7
855.941	2974.26
856.923	2948.98
857.902	2870.78
858.881	2705.38
859.86	2585.91
860.839	2430.3
861.818	2317.61
862.797	2251.54
863.776	2176.88
864.754	2107.54
865.733	2037.21
866.709	2009.25
867.687	1954.72
868.664	1907.71
869.642	1909.67
870.618	1874.05
871.594	1841.3
872.569	1801.24
873.545	1798.03
874.521	1747.8
875.496	1759.22
876.471	1773.3
877.447	1730.09
878.42	1762.31
879.395	1728.97
880.37	1725.08
881.343	1692.69
882.315	1671.5
883.29	1676.27
884.262	1707.88
885.235	1655.64
886.207	1714.83
887.179	1666.94
888.151	1681.61
889.123	1735.87
890.095	1699.84
891.065	1737.63
892.037	1798.54
893.009	1787.58
893.978	1797.83
894.948	1835.78
895.919	1822.22
896.888	1936.08
897.857	1958.81
898.826	2025.86
899.795	2116.78
900.764	2187.1
901.732	2306.88
902.701	2388.47
903.668	2522.43
904.636	2542.92
905.604	2583.9
906.57	2627.98
907.538	2729.62
908.504	2768.99
909.47	2739.57
910.436	2776.85
911.402	2766.25
912.367	2735.23
913.333	2706.73
914.298	2640.93
915.264	2543.41
916.229	2463.34
917.192	2414.78
918.157	2378.44
919.12	2277.51
920.084	2249.79
921.047	2232.24
922.01	2132.05
922.972	2062.2
923.935	1990.32
924.897	1950.82
925.859	1907.67
926.821	1841.42
927.783	1803.08
928.743	1726.67
929.705	1706.79
930.667	1710.01
931.626	1710.38
932.586	1661.52
933.547	1575.59
934.506	1582.81
935.466	1593
936.425	1475.71
937.384	1500.8
938.343	1487.57
939.301	1460.21
940.26	1505.53
941.217	1511.71
942.175	1457.33
943.132	1447.87
944.09	1459.07
945.046	1486.22
946.002	1467.49
946.96	1485.17
947.916	1460.59
948.872	1455.57
949.828	1482.36
950.783	1455.6
951.737	1489.69
952.692	1470.14
953.647	1478.58
954.601	1477.55
955.556	1522.55
956.509	1458.94
957.464	1480.05
958.417	1444.15
959.369	1483.43
960.322	1554.55
961.275	1509.68
962.227	1524.54
963.179	1524.07
964.132	1547.98
965.082	1553.32
966.034	1569.35
966.984	1581.03
967.936	1649.27
968.885	1686.46
969.837	1724.31
970.787	1739.21
971.736	1774.45
972.686	1800.09
973.635	1833.25
974.584	1872.18
975.533	1943.21
976.48	1886.76
977.429	1937.41
978.378	1943.97
979.325	1988.07
980.273	1969.25
981.22	1944.74
982.166	1965.16
983.113	1871.85
984.061	1890.88
985.007	1876.81
985.953	1841.06
986.897	1760.42
987.843	1778.29
988.789	1742.17
989.734	1667.97
990.678	1637.89
991.623	1608.74
992.567	1527.11
993.51	1508.89
994.453	1444.73
995.398	1422.55
996.341	1395.71
997.284	1402.51
998.227	1339.45
999.168	1381.84
1000.11	1387.95
1001.05	1328.91
1001.99	1288.6
1002.94	1257.73
1003.88	1257.73
1004.82	1245.77
1005.76	1325.21
1006.7	1251.94
1007.64	1292.3
1008.58	1269.12
1009.52	1289.53
1010.46	1259.42
1011.4	1263.71
1012.34	1299.76
1013.27	1317.44
1014.21	1299.15
1015.15	1247.6
1016.09	1295.95
1017.03	1268.75
1017.96	1349.66
1018.9	1257.61
1019.84	1287.68
1020.77	1307.4
1021.71	1279.55
1022.65	1317.28
1023.58	1318.85
1024.52	1358.11
1025.45	1354.54
1026.39	1350.94
1027.32	1357.48
1028.26	1372.21
1029.19	1385.78
1030.12	1384.23
1031.06	1385.53
1031.99	1352.27
1032.92	1381.25
1033.86	1391.69
1034.79	1317.53
1035.72	1360.01
1036.65	1370.35
1037.59	1436.16
1038.52	1396.22
1039.45	1373.17
1040.38	1442.63
1041.31	1429.01
1042.24	1479.6
1043.17	1442.25
1044.1	1482.32
1045.03	1531.88
1045.96	1493.61
1046.89	1597.5
1047.82	1555.96
1048.75	1583.81
1049.68	1588.11
1050.61	1636.97
1051.53	1618.18
1052.46	1694.07
1053.39	1741.09
1054.32	1783.06
1055.24	1821.13
1056.17	1888.77
1057.1	1880.54
1058.02	1995.27
1058.95	2015.04
1059.88	2001.48
1060.8	2026.9
1061.73	1946.51
1062.65	1864.19
1063.58	1932.56
1064.5	1892.33
1065.43	1889.19
1066.35	1941.06
1067.27	2000.95
1068.2	2008.65
1069.12	2000.62
1070.04	2055.33
1070.97	2023.67
1071.89	2063.98
1072.81	2087.81
1073.73	2065.48
1074.65	2040.44
1075.58	2004.72
1076.5	1988.62
1077.42	2002.6
1078.34	1942.99
1079.26	1922.33
1080.18	1859.84
1081.1	1825.01
1082.02	1774.07
1082.94	1689.88
1083.86	1590.5
1084.78	1614.63
1085.7	1597.96
1086.61	1505.47
1087.53	1493.79
1088.45	1472.69
1089.37	1436.42
1090.28	1502.49
1091.2	1521.94
1092.12	1458.81
1093.03	1468.64
1093.95	1505.04
1094.87	1537.79
1095.78	1600.04
1096.7	1597.11
1097.61	1655.76
1098.53	1666.13
1099.44	1659.38
1100.36	1700.77
1101.27	1720.29
1102.19	1728.35
1103.1	1754.31
1104.01	1800.11
1104.93	1822.36
1105.84	1788.12
1106.75	1852.43
1107.67	1845.24
1108.58	1902.54
1109.49	1899.41
1110.4	1916.86
1111.31	1948.17
1112.22	2009.43
1113.14	2032.66
1114.05	2080.47
1114.96	2072.67
1115.87	2161.54
1116.78	2227.9
1117.69	2260.23
1118.6	2362.31
1119.51	2443.22
1120.42	2473.71
1121.32	2547.57
1122.23	2540.49
1123.14	2546.36
1124.05	2532.31
1124.96	2432.98
1125.86	2442.79
1126.77	2302.93
1127.68	2261.96
1128.58	2344.48
1129.49	2238.42
1130.4	2229.41
1131.3	2262.73
1132.21	2214.55
1133.11	2258.65
1134.02	2304.22
1134.92	2354.17
1135.83	2428.29
1136.73	2385.01
1137.64	2354.9
1138.54	2324.51
1139.44	2227.36
1140.35	2214.58
1141.25	2141
1142.15	2074.18
1143.06	1969.46
1143.96	1924.69
1144.86	1852.26
1145.76	1805.34
1146.66	1693.42
1147.57	1629.85
1148.47	1564.22
1149.37	1474.73
1150.27	1443.35
1151.17	1358.66
1152.07	1313.07
1152.97	1245.57
1153.87	1173.25
1154.77	1134.2
1155.67	1114.13
1156.57	1037.78
1157.46	1009.07
1158.36	944.233
1159.26	909.039
1160.16	924.45
1161.05	864.638
1161.95	852.432
1162.85	853.442
1163.75	793.255
1164.64	776.758
1165.54	756.357
1166.44	768.332
1167.33	697.614
1168.23	725.037
1169.12	730.697
1170.02	671.758
1170.91	706.983
1171.81	667.034
1172.7	664.119
1173.59	655.438
1174.49	648.602
1175.38	652.162
1176.27	665.159
1177.17	649.619
1178.06	623.651
1178.95	658.427
1179.84	639.233
1180.74	599.299
1181.63	651.349
1182.52	643.716
1183.41	616.142
1184.3	624.469
1185.19	644.997
1186.08	627.604
1186.97	620.614
1187.86	661.823
1188.75	624.642
1189.64	630.912
1190.53	621.137
1191.42	634.936
1192.31	645.929
1193.2	648.512
1194.09	646.494
1194.97	657.761
1195.86	650.258
1196.75	668.144
1197.64	705.736
1198.52	670.798
1199.41	681.028
1200.29	718.568
1201.18	699.709
1202.07	724.161
1202.95	699.682
1203.84	696.767
1204.72	703.153
1205.61	702.867
1206.49	711.019
1207.38	697.64
1208.26	743.584
1209.14	727.749
1210.03	717.718
1210.91	703.061
1211.79	700.592
1212.68	724.338
1213.56	704.625
1214.44	717.651
1215.32	716.431
1216.21	737.724
1217.09	702.699
1217.97	740.17
1218.85	728.072
1219.73	770.704
1220.61	811.702
1221.49	820.877
1222.37	833.836
1223.25	912.698
1224.13	1013.15
1225.01	1072.85
1225.89	1138.05
1226.77	1202.25
1227.65	1222.19
1228.52	1230.08
1229.4	1212.72
1230.28	1212.59
1231.16	1207.88
1232.03	1212.67
1232.91	1207.94
1233.79	1201.18
1234.66	1201.83
1235.54	1133.99
1236.42	1123.86
1237.29	1053.85
1238.17	1024.62
1239.04	979.289
1239.92	960.605
1240.79	929.628
1241.67	895.824
1242.54	870.578
1243.41	842.467
1244.29	839.104
1245.16	866.251
1246.03	864.85
1246.91	843.401
1247.78	832.359
1248.65	832.649
1249.52	861.451
1250.4	851.956
1251.27	833.821
1252.14	832.896
1253.01	856.87
1253.88	898.118
1254.75	866.814
1255.62	900.451
1256.49	909.167
1257.36	910.119
1258.23	931.016
1259.1	943.213
1259.97	953.443
1260.84	941.708
1261.71	986.336
1262.57	1018.61
1263.44	983.204
1264.31	1051.86
1265.18	1091.92
1266.05	1110.01
1266.91	1171.92
1267.78	1215.61
1268.65	1289.71
1269.51	1389.45
1270.38	1451.89
1271.24	1606.63
1272.11	1735.47
1272.97	1837.48
1273.84	1905.12
1274.7	1886.18
1275.57	1969.01
1276.43	2012.56
1277.3	1992.44
1278.16	1941.5
1279.02	1882.64
1279.89	1827.59
1280.75	1789.28
1281.61	1694.06
1282.48	1610.69
1283.34	1474.66
1284.2	1407.7
1285.06	1338.48
1285.92	1266.75
1286.78	1188.77
1287.65	1135.9
1288.51	1057.57
1289.37	1030.73
1290.23	1010.45
1291.09	979.639
1291.95	928.756
1292.81	914.763
1293.67	906.97
1294.52	871.624
1295.38	826.73
1296.24	839.816
1297.1	836.701
1297.96	787.23
1298.81	820.549
1299.67	780.195
1300.53	776.122
1301.39	787.975
1302.24	783.162
1303.1	777.036
1303.95	763.922
1304.81	781.749
1305.67	772.277
1306.52	774.105
1307.38	779.456
1308.23	769.652
1309.09	776.767
1309.94	783.559
1310.8	780.76
1311.65	805.483
1312.5	818.408
1313.35	809.746
1314.21	808.192
1315.06	823.718
1315.91	843.199
1316.77	858.462
1317.62	870.752
1318.47	877.921
1319.32	909.075
1320.17	948.071
1321.02	964.742
1321.87	981.55
1322.73	1003.63
1323.57	1050.48
1324.43	1065.2
1325.28	1114.25
1326.13	1102.71
1326.97	1147.62
1327.82	1187.47
1328.67	1197.76
1329.52	1225.28
1330.37	1246.46
1331.22	1270.8
1332.06	1296.84
1332.91	1309.77
1333.76	1302.35
1334.61	1311.14
1335.45	1327.69
1336.3	1346.63
1337.15	1385.62
1337.99	1387.72
1338.84	1399.51
1339.68	1394.47
1340.53	1408.3
1341.37	1417.73
1342.22	1430.01
1343.06	1431.14
1343.91	1441.94
1344.75	1448.86
1345.6	1438.91
1346.44	1456.48
1347.28	1459.44
1348.12	1457.69
1348.97	1480.6
1349.81	1463.99
1350.65	1478.44
1351.49	1488.05
1352.33	1463.69
1353.18	1466.51
1354.02	1468.89
1354.86	1472.4
1355.7	1496.37
1356.54	1506.59
1357.38	1480.19
1358.22	1478.05
1359.06	1510.17
1359.9	1540.03
1360.74	1496.54
1361.58	1530.83
1362.42	1497.77
1363.25	1488.72
1364.09	1480.05
1364.93	1468.43
1365.77	1470.79
1366.6	1485.9
1367.19	1500.55
1368.1	1466.42
1369.01	1430.21
1369.92	1451.99
1370.83	1456.89
1371.74	1455.75
1372.65	1454.48
1373.56	1418.7
1374.47	1410.43
1375.37	1372.62
1376.28	1381.94
1377.19	1364.62
1378.1	1321.67
1379	1316.99
1379.91	1265.2
1380.82	1290.93
1381.72	1285.2
1382.63	1320.5
1383.54	1261.63
1384.44	1271.13
1385.35	1289.29
1386.25	1262.51
1387.16	1251.42
1388.06	1272.59
1388.97	1300.63
1389.87	1298.58
1390.78	1315.06
1391.68	1328.65
1392.59	1357.77
1393.49	1310.25
1394.39	1220.11
1395.3	1236.42
1396.2	1156.89
1397.1	1076.48
1398	1022.32
1398.91	981.839
1399.81	988.746
1400.71	966.865
1401.61	936.382
1402.52	894.359
1403.42	858.08
1404.32	844.814
1405.22	899.604
1406.12	890.171
1407.02	836.836
1407.92	832.485
1408.82	832.086
1409.72	817.442
1410.62	788.5
1411.52	801.577
1412.42	817.443
1413.32	779.786
1414.21	795.517
1415.11	779.732
1416.01	801.098
1416.91	792.937
1417.81	746.786
1418.71	783.5
1419.6	742.377
1420.5	754.649
1421.4	758.494
1422.29	718.668
1423.19	755.838
1424.09	718.741
1424.98	739.548
1425.88	732.693
1426.77	743.869
1427.67	722.752
1428.56	720.696
1429.46	768.102
1430.35	749.067
1431.25	756.702
1432.14	782.479
1433.04	796.961
1433.93	786.831
1434.82	843.383
1435.72	846.733
1436.61	854.879
1437.5	895.473
1438.39	932.299
1439.29	976.782
1440.18	968.701
1441.07	1048.44
1441.96	1053.59
1442.85	1042.45
1443.75	1100.28
1444.64	1090.35
1445.53	1081.58
1446.42	1149.61
1447.31	1155.32
1448.2	1157.98
1449.09	1124.84
1449.98	1154.94
1450.87	1171.52
1451.76	1181.47
1452.65	1183.96
1453.54	1171.35
1454.43	1239.94
1455.31	1215.12
1456.2	1191.05
1457.09	1249.7
1457.98	1249.02
1458.87	1242.25
1459.75	1228.68
1460.64	1248.21
1461.53	1327.14
1462.41	1339.76
1463.3	1395.19
1464.19	1505.85
1465.07	1558.06
1465.96	1594.28
1466.85	1637.87
1467.73	1641.55
1468.61	1591.95
1469.5	1549.33
1470.38	1546.69
1471.27	1528.61
1472.15	1574.56
1473.04	1620.39
1473.92	1677.69
1474.8	1704.73
1475.69	1719.12
1476.57	1704.53
1477.45	1661.08
1478.34	1668.43
1479.22	1643.86
1480.1	1633.74
1480.98	1616.38
1481.86	1590.66
1482.75	1611.01
1483.63	1548.42
1484.51	1448.03
1485.39	1313.12
1486.27	1150.65
1487.15	1016.69
1488.03	818.046
1488.91	780.139
1489.79	696.621
1490.67	636.214
1491.55	619.261
1492.43	543.379
1493.31	509.138
1494.19	492.358
1495.07	465.041
1495.94	435.84
1496.82	424.938
1497.7	429.401
1498.58	426.122
1499.45	395.935
1500.33	410.881
1501.21	385.557
1502.09	377.532
1502.96	373.369
1503.84	372.092
1504.72	370.819
1505.59	375.264
1506.47	340.576
1507.34	356.44
1508.22	353.231
1509.09	317.701
1509.97	346.903
1510.84	355.206
1511.72	326.496
1512.59	344.322
1513.46	350.719
1514.34	337.151
1515.21	327.341
1516.08	327.918
1516.96	344.544
1517.83	312.054
1518.7	336.231
1519.57	325.533
1520.45	325.246
1521.32	308.067
1522.19	312.581
1523.06	302.094
1523.93	332.059
1524.8	308.458
1525.67	318.664
1526.54	310.985
1527.41	299.523
1528.28	319.008
1529.16	316.915
1530.02	307.361
1530.89	314.721
1531.76	294.97
1532.63	327.702
1533.5	303.324
1534.37	327.639
1535.24	301.363
1536.11	302.226
1536.97	312.441
1537.84	314.236
1538.71	307.638
1539.57	302.022
1540.44	317.056
1541.31	322.778
1542.18	325.713
1543.04	317.39
1543.91	291.197
1544.77	293.09
1545.64	303.377
1546.5	280.8
1547.37	318.288
1548.24	307.991
1549.1	293.089
1549.96	281.087
1550.83	290.771
1551.69	311.809
1552.56	290.429
1553.42	275.541
1554.28	290.77
1555.15	307.846
1556.01	286.185
1556.87	286.304
1557.73	288.398
1558.6	301.941
1559.46	316.502
1560.32	294.984
1561.18	267.649
1562.04	284.899
1562.9	301.159
1563.77	292.67
1564.63	298.491
1565.49	279.604
1566.35	309.399
1567.21	316.394
1568.07	285.186
1568.93	303.673
1569.79	291.503
1570.64	285.98
1571.5	307.282
1572.36	294.966
1573.22	301.854
1574.08	302.035
1574.94	301.285
1575.8	294.779
1576.65	294.064
1577.51	302.03
1578.37	312.886
1579.22	308.253
1580.08	313.265
1580.94	273.732
1581.79	294.233
1582.65	293.455
1583.51	283.969
1584.36	273.51
1585.22	307.758
1586.07	298.253
1586.93	298.444
1587.78	306.404
1588.63	313.369
1589.49	299.822
1590.34	312.573
1591.2	301.852
1592.05	301.815
1592.9	317.357
1593.76	303.612
1594.61	285.995
1595.46	292.834
1596.32	314.391
1597.17	320.405
1598.02	321.566
1598.87	311.955
1599.72	303.265
1600.58	298.418
1601.43	327.76
1602.28	319.825
1603.13	291.286
1603.98	332.175
1604.83	323.171
1605.68	333.746
1606.53	316.038
1607.38	336.474
1608.23	320.794
1609.08	310.96
1609.93	321.578
1610.77	312.603
1611.62	320.167
1612.47	331.608
1613.32	317.742
1614.17	332.18
1615.01	316.493
1615.86	329.068
1616.71	322.173
1617.55	327.887
1618.4	332.562
1619.25	306.072
1620.09	331.044
1620.94	322.975
1621.79	333.358
1622.63	339.893
1623.48	320.324
1624.32	328.889
1625.17	330.707
1626.01	308.348
1626.86	319.864
1627.7	335.241
1628.54	322.556
1629.39	344.663
1630.23	346.43
1631.07	324.009
1631.92	330.541
1632.76	350.555
1633.6	347.401
1634.45	356.799
1635.29	354.659
1636.13	346.773
1636.97	342.757
1637.81	371.457
1638.66	361.664
1639.5	359.577
1640.34	343.103
1641.18	353.585
1642.02	353.54
1642.86	332.384
1643.7	358.337
1644.54	357.372
1645.38	359.273
1646.22	353.46
1647.06	363.018
1647.89	377.39
1648.73	389.881
1649.57	365.903
1650.41	396.815
1651.25	367.185
1652.09	360.665
1652.92	384.956
1653.76	373.525
1654.6	363.927
1655.43	380.313
1656.27	391.874
1657.11	371.665
1657.94	375.682
1658.78	377.88
1659.62	366.604
1660.45	364.008
1661.29	380.708
1662.12	372.13
1662.96	376.068
1663.79	355.746
1664.62	367.457
1665.46	364.708
1666.29	360.109
1667.13	355.576
1667.96	364.691
1668.79	360.182
1669.63	361.486
1670.46	357.871
1671.29	352.252
1672.12	350.494
1672.96	349.677
1673.79	341.988
1674.62	333.309
1675.45	347.174
1676.28	334.629
1677.11	315.245
1677.95	333.166
1678.78	322.624
1679.61	345.473
1680.44	310.228
1681.27	318.2
1682.1	325.146
1682.93	325.188
1683.75	302.591
1684.58	310.577
1685.41	293.951
1686.24	321.743
1687.07	299.204
1687.9	285.521
1688.73	296.531
1689.55	302.592
1690.38	297.753
1691.21	274.067
1692.04	286.977
1692.86	288.945
1693.69	295.825
1694.52	297.74
1695.34	285.815
1696.17	254.132
1696.99	276.005
1697.82	273.161
1698.64	268.349
1699.47	255.569
1700.29	279.486
1701.12	272.555
1701.94	260.597
1702.77	261.511
1703.59	278.292
1704.41	245.412
1705.24	258.217
1706.06	263.09
1706.88	283.855
1707.71	247.079
1708.53	268.852
1709.35	249.944
1710.17	252.85
1711	265.651
1711.82	233.803
1712.64	257.456
1713.46	244.428
1714.28	240.334
1715.1	236.268
1715.92	254.999
1716.74	247.016
1717.56	239.017
1718.38	269.552
1719.2	251.543
1720.02	263.133
1720.84	249.024
1721.66	259.62
1722.48	229.877
1723.3	245.554
1724.11	266.216
1724.93	258.317
1725.75	256.276
1726.57	233.471
1727.39	246.041
1728.2	229.053
1729.02	246.471
1729.84	238.382
1730.65	252.909
1731.47	250.791
1732.29	252.599
1733.1	246.547
1733.92	241.447
1734.73	236.332
1735.55	233.177
1736.36	258.363
1737.18	237.672
1737.99	227.744
1738.81	238.291
1739.62	265.364
1740.43	223.263
1741.25	224.015
1742.06	241.299
1742.87	239.155
1743.69	265.185
1744.5	233.958
1745.31	235.735
1746.13	241.389
1746.94	237.356
1747.75	233.344
1748.56	227.422
1749.37	237.973
1750.18	215.63
1750.99	249.4
1751.81	226.083
1752.61	237.58
1753.42	251.979
1754.24	224.835
1755.04	227.676
1755.85	250.819
1756.66	240.126
1757.47	211.046
1758.28	236.985
1759.09	244.534
1759.9	224.103
1760.71	224.927
1761.52	213.266
1762.32	227.672
1763.13	248.856
1763.94	230.53
1764.74	239.181
1765.55	229.503
1766.36	234.285
1767.17	241.016
1767.97	231.394
1768.78	216.978
1769.58	229.592
1770.39	217.112
1771.19	241.307
1772	220.086
1772.8	217.202
1773.61	237.515
1774.41	214.341
1775.22	237.59
1776.02	226.028
1776.83	209.619
1777.63	226.117
1778.43	231.014
1779.23	240.781
1780.04	215.686
1780.84	244.926
1781.64	228.592
1782.44	209.32
1783.25	224.057
1784.05	212.515
1784.85	206.787
1785.65	232.238
1786.45	201.142
1787.25	232.482
1788.05	219.913
1788.86	230.788
1789.65	220.152
1790.46	212.429
1791.25	193.913
1792.05	194.967
1792.85	233.281
1793.65	233.395
1794.45	205.064
1795.25	207.177
1796.05	218.172
1796.85	195.727
1797.64	221.529
1798.44	205.928
1799.24	224.829
1800.04	225.941
1800.83	227.027
1801.63	216.231
1802.43	229.169
1803.22	205.486
1804.02	207.532
1804.82	214.528
1805.61	223.504
1806.41	210.658
1807.2	207.722
1808	208.758
1808.79	216.758
1809.59	220.809
1810.38	211.951
1811.18	193.135
1811.97	240.931
1812.76	208.108
1813.56	216.03
1814.35	201.034
1815.14	225.827
1815.94	231.742
1816.73	195.925
1817.52	214.864
1818.31	208.953
1819.1	218.962
1819.9	198.059
1820.69	232.891
1821.48	223.851
1822.27	217.783
1823.06	210.729
1823.85	226.585
1824.64	192.68
1825.43	225.457
1826.22	221.39
1827.01	212.336
1827.8	215.218
1828.59	231.036
1829.38	198.162
1830.17	229.92
1830.96	230.86
1831.74	194.012
1832.53	219.736
1833.32	209.656
1834.11	202.538
1834.89	216.242
1835.68	208.124
1836.47	199.031
1837.26	211.732
1838.04	217.496
1838.83	201.502
1839.61	210.215
1840.4	210.998
1841.19	220.634
1841.97	220.382
1842.76	196.5
1843.54	202.191
1844.33	205.94
1845.11	186.143
1845.89	221.396
1846.68	211.472
1847.46	229.035
1848.25	216.153
1849.03	219.946
1849.81	220.795
1850.6	216.755
1851.38	219.591
1852.16	197.942
1852.94	215.47
1853.72	219.262
1854.51	210.304
1855.29	223.824
1856.07	219.722
1856.85	196.086
1857.63	201.757
1858.41	196.696
1859.19	205.294
1859.97	211.951
1860.75	199.156
1861.53	213.654
1862.31	205.795
1863.09	189.197
1863.87	233.897
1864.65	213.385
1865.43	229.796
1866.21	203.384
1866.99	203.194
1867.76	232.103
1868.54	222.191
1869.32	183.25
1870.1	200.576
1870.87	195.659
1871.65	218.864
1872.43	200.432
1873.2	222.679
1873.98	205.193
1874.76	212.876
1875.53	221.525
1876.31	196.301
1877.08	199.188
1877.86	205.981
1878.63	193.414
1879.41	208.945
1880.18	184.717
1880.96	195.364
1881.73	198.242
1882.5	215.667
1883.28	203.05
1884.05	202.089
1884.82	223.459
1885.6	214.761
1886.37	197.313
1887.14	208.973
1887.91	207.031
1888.68	217.716
1889.46	202.187
1890.23	212.916
1891	188.687
1891.77	212.148
1892.54	204.526
1893.31	202.773
1894.08	202.007
1894.85	198.295
1895.62	202.359
1896.39	219.086
1897.16	194.641
1897.93	197.548
1898.7	215.123
1899.47	222.934
1900.24	229.831
1901.01	199.574
1901.77	197.769
1902.54	189.113
1903.31	192.218
1904.08	196.283
1904.84	207.214
1905.61	205.333
1906.38	194.569
1907.14	196.605
1907.91	198.648
1908.68	189.851
1909.44	199.818
1910.21	204.875
1910.97	206.988
1911.74	201.197
1912.51	198.371
1913.27	201.482
1914.03	190.695
1914.8	201.718
1915.56	199.822
1916.33	189.954
1917.09	208.892
1917.85	196.994
1918.62	177.118
1919.38	183.098
1920.14	198.045
1920.9	203.062
1921.67	183.209
1922.43	178.321
1923.19	211.372
1923.95	191.573
1924.71	217.717
1925.47	194.859
1926.24	174.929
1927	211.01
1927.76	198.991
1928.52	187.937
1929.28	203.905
1930.04	204.84
1930.8	186.752
1931.56	193.699
1932.32	193.652
1933.08	194.63
1933.83	205.65
1934.59	204.686
1935.35	185.696
1936.11	211.782
1936.87	185.708
1937.62	174.618
1938.38	212.587
1939.14	200.426
1939.89	201.294
1940.65	190.182
1941.41	205.121
1942.16	175.052
1942.92	181.996
1943.68	199.907
1944.43	209.758
1945.19	195.576
1945.94	187.376
1946.7	194.141
1947.45	182.972
1948.21	201.71
1948.96	188.603
1949.71	194.428
1950.47	210.201
1951.22	186.223
1951.98	190.082
1952.73	191.947
1953.48	189.821
1954.23	194.609
1954.99	213.221
1955.74	207.008
1956.49	193.864
1957.24	208.415
1957.99	201.261
1958.75	199.099
1959.5	212.754
1960.25	205.728
1961	204.608
1961.75	209.364
1962.5	195.387
1963.25	199.097
1964	212.613
1964.75	206.492
1965.5	206.273
1966.25	183.524
1967	188.193
1967.74	207.479
1968.49	193.489
1969.24	218.51
1969.99	205.5
1970.74	217.843
1971.48	174.84
1972.23	204.778
1972.98	200.764
1973.73	208.417
1974.47	213.133
1975.22	199.383
1975.96	201.102
1976.71	214.393
1977.46	209.28
1978.2	204.194
1978.95	212.663
1979.69	204.786
1980.44	195.042
1981.18	204.614
1981.93	194.916
1982.67	209.286
1983.41	198.558
1984.16	206.071
1984.9	193.329
1985.64	203.639
1986.39	186.098
1987.13	205.044
1987.87	216.334
1988.61	184.57
1989.36	199.762
1990.1	217.833
1990.84	212.945
1991.58	202.323
1992.32	188.842
1993.06	183.983
1993.81	188.708
1994.55	161.929
1995.29	208.788
1996.03	159.118
1996.77	197.458
1997.51	195.63
1998.24	200.495
1998.98	183.299
1999.72	189.076
2000.46	212.101
2001.2	180.46
2001.94	205.414
2002.68	176.658
2003.41	208.379
2004.15	191.157
2004.89	175.843
2005.63	207.616
2006.36	187.468
2007.1	183.651
2007.84	198.114
2008.57	198.158
2009.31	186.667
2010.05	179.048
2010.78	190.733
2011.52	182.185
2012.25	189.083
2012.99	193.078
2013.72	194.151
2014.46	157.445
2015.19	169.111
2015.92	182.724
2016.66	183.767
2017.39	206.187
2018.13	175.281
2018.86	177.395
2019.59	188.289
2020.32	177.774
2021.06	174.052
2021.79	178.993
2022.52	190.559
2023.25	181.815
2023.98	208.482
2024.72	207.681
2025.45	172.446
2026.18	184.818
2026.91	179.391
2027.64	182.834
2028.37	201.32
2029.1	194.298
2029.83	187.395
2030.56	183.13
2031.29	191.402
2032.02	178.788
2032.75	195.845
2033.47	175.802
2034.2	203.147
2034.93	179.38
2035.66	173.979
2036.39	190.752
2037.11	178.237
2037.84	193.327
2038.57	188.297
2039.3	199.187
2040.02	186.348
2040.75	177.072
2041.47	198.407
2042.2	198.474
2042.93	184.32
2043.65	192.541
2044.38	199.574
2045.1	205.379
2045.83	184.707
2046.55	185.687
2047.28	192.055
2048	190.092
2048.73	187.284
2049.45	180.695
2050.17	184.258
2050.9	191.621
2051.62	195.498
2052.34	178.419
2053.07	192.518
2053.79	189.746
2054.51	186.725
2055.23	193.741
2055.95	194.189
2056.68	201.418
2057.4	186.944
2058.12	178.887
2058.84	194.535
2059.56	192.014
2060.28	183.582
2061	190.37
2061.72	184.058
2062.44	189.855
2063.16	197.792
2063.88	198.885
2064.6	196.546
2065.32	213.078
2066.03	212.206
2066.75	199.936
2067.47	202.396
2068.19	202.896
2068.91	203.673
2069.62	202.322
2070.34	198.058
2071.06	200.623
2071.77	195.66
2072.49	200.133
2073.21	188.784
2073.92	186.162
2074.64	195.824
2075.36	193.278
2076.07	199.352
2076.79	192.461
2077.5	195.922
2078.22	199.369
2078.93	183.843
2079.64	205.816
2080.36	190.446
2081.07	189.507
2081.79	193.114
2082.5	195.783
2083.21	200.955
2083.93	213.169
2084.64	205.886
2085.35	196.388
2086.07	191.755
2086.78	198.697
2087.49	208.61
2088.2	199.202
2088.91	204.563
2089.62	197.453
2090.33	190.225
2091.04	199.97
2091.76	207.463
2092.47	208.095
2093.18	203.143
2093.89	190.665
2094.6	200.514
2095.3	207.619
2096.01	216.262
2096.72	215.603
2097.43	207.962
2098.14	191.565
2098.85	191.029
2099.56	200.31
2100.09	184.781
2100.87	203.486
2101.65	220.215
2102.43	180.619
2103.21	177.583
2103.99	186.37
2104.77	212.865
2105.55	214.63
2106.32	185.844
2107.1	223.015
2107.88	207.094
2108.66	210.894
2109.44	188.244
2110.22	215.698
2110.99	185.227
2111.77	209.665
2112.55	190.866
2113.33	206.317
2114.1	191.404
2114.88	219.547
2115.66	205.73
2116.43	194.925
2117.21	187.098
2117.99	221.258
2118.76	203.657
2119.54	208.474
2120.31	202.528
2121.09	197.55
2121.86	217.92
2122.64	201.261
2123.41	204.106
2124.19	196.253
2124.96	207.895
2125.74	214.696
2126.51	204.008
2127.28	208.926
2128.06	230.423
2128.83	214.88
2129.61	219.779
2130.38	221.73
2131.15	208.069
2131.92	209.04
2132.7	216.855
2133.47	204.201
2134.24	217.893
2135.01	201.332
2135.78	206.235
2136.55	221.881
2137.33	205.316
2138.1	207.32
2138.87	197.621
2139.64	219.232
2140.41	217.409
2141.18	227.362
2141.95	191.266
2142.72	217.917
2143.49	217.096
2144.26	206.415
2145.03	228.15
2145.8	201.676
2146.57	208.66
2147.33	199.917
2148.1	192.179
2148.87	216.038
2149.64	213.261
2150.41	183.748
2151.17	234.339
2151.94	205.738
2152.71	185.031
2153.48	208.949
2154.24	203.153
2155.01	211.282
2155.78	215.459
2156.54	193.747
2157.31	195.905
2158.08	213.018
2158.84	195.188
2159.61	196.296
2160.37	207.38
2161.14	209.454
2161.9	191.513
2162.67	214.627
2163.43	191.716
2164.2	215.952
2164.96	198.095
2165.72	217.404
2166.49	204.521
2167.25	204.663
2168.01	209.793
2168.78	189.68
2169.54	195.768
2170.3	200.87
2171.07	196.924
2171.83	207.155
2172.59	199.224
2173.35	189.254
2174.11	209.632
2174.88	200.597
2175.64	187.452
2176.4	186.437
2177.16	195.607
2177.92	210.881
2178.68	189.679
2179.44	195.894
2180.2	222.448
2180.96	207.377
2181.72	210.577
2182.48	229.017
2183.24	209.791
2184	212.922
2184.76	216.033
2185.52	188.592
2186.28	213.066
2187.04	203.95
2187.79	200.95
2188.55	196.937
2189.31	203.109
2190.07	226.598
2190.83	180.818
2191.58	214.492
2192.34	212.506
2193.1	212.544
2193.85	215.615
2194.61	233.928
2195.37	238.952
2196.12	227.658
2196.88	221.448
2197.63	226.433
2198.39	208.086
2199.15	190.806
2199.9	213.154
2200.66	217.237
2201.41	226.377
2202.16	219.24
2202.92	198.886
2203.67	209.949
2204.43	196.696
2205.18	206.766
2205.93	212.826
2206.69	184.518
2207.44	225.05
2208.19	206.882
2208.95	217.027
2209.7	213.975
2210.45	210.896
2211.2	209.823
2211.95	189.551
2212.71	209.695
2213.46	184.402
2214.21	220.67
2214.96	206.476
2215.71	204.374
2216.46	214.34
2217.21	207.168
2217.96	219.09
2218.71	239.014
2219.46	232.823
2220.21	220.652
2220.96	229.571
2221.71	215.486
2222.46	192.426
2223.21	215.408
2223.96	209.348
2224.71	230.249
2225.46	218.137
2226.21	212.021
2226.95	193.961
2227.7	232.744
2228.45	215.731
2229.2	211.691
2229.94	207.658
2230.69	216.558
2231.44	220.48
2232.18	228.37
2232.93	220.355
2233.68	221.269
2234.42	201.331
2235.17	222.047
2235.92	229.853
2236.66	216.875
2237.41	220.754
2238.15	205.867
2238.9	236.477
2239.64	225.574
2240.38	228.503
2241.13	250.182
2241.87	222.483
2242.62	227.359
2243.36	223.354
2244.1	219.354
2244.85	231.122
2245.59	203.492
2246.33	208.375
2247.08	220.147
2247.82	210.27
2248.56	205.307
2249.3	238.661
2250.05	228.746
2250.79	229.636
2251.53	210.913
2252.27	212.823
2253.01	221.623
2253.75	236.33
2254.49	230.48
2255.23	213.865
2255.97	208.036
2256.71	211.022
2257.45	216.932
2258.19	215.954
2258.93	216.913
2259.67	227.653
2260.41	218.81
2261.15	233.495
2261.89	214.936
2262.63	229.709
2263.36	204.359
2264.1	237.808
2264.84	211.466
2265.58	233.147
2266.32	228.319
2267.05	224.44
2267.79	206.805
2268.53	213.687
2269.26	238.226
2270	247.085
2270.74	210.848
2271.48	243.31
2272.21	217.912
2272.95	218.049
2273.68	251.611
2274.42	217.38
2275.15	236.231
2275.89	231.468
2276.62	217.818
2277.36	243.545
2278.09	219.993
2278.83	208.244
2279.56	206.34
2280.29	221.193
2281.03	219.286
2281.76	237.112
2282.49	224.379
2283.23	222.52
2283.96	219.701
2284.69	232.713
2285.42	217.075
2286.16	238.995
2286.89	244.074
2287.62	204.564
2288.35	227.399
2289.08	236.379
2289.81	221.617
2290.55	235.625
2291.28	212.997
2292.01	229.074
2292.74	244.199
2293.47	213.605
2294.2	217.773
2294.93	220.92
2295.66	231.005
2296.39	212.165
2297.11	224.186
2297.85	217.271
2298.57	197.411
2299.3	222.446
2300.03	214.613
2300.76	218.776
2301.49	213.953
2302.22	207.108
2302.94	208.232
2303.67	230.351
2304.4	226.457
2305.12	229.585
2305.85	206.688
2306.58	215.859
2307.31	216.012
2308.03	234.215
2308.76	203.213
2309.48	207.321
2310.21	204.391
2310.93	223.571
2311.66	201.566
2312.38	209.729
2313.11	194.768
2313.83	219.049
2314.56	176.867
2315.28	212.205
2316.01	220.341
2316.73	185.147
2317.45	199.343
2318.18	207.512
2318.9	207.627
2319.62	216.823
2320.35	199.764
2321.07	203.887
2321.79	213.051
2322.52	207.063
2323.24	204.109
2323.96	192.066
2324.68	185.076
2325.4	176.056
2326.12	179.16
2326.84	161.008
2327.56	136.774
2328.29	125.692
2329.01	127.77
2329.73	143.018
2330.45	154.234
2331.17	170.522
2331.89	184.785
2332.61	198.024
2333.32	198.07
2334.04	191.009
2334.76	200.161
2335.48	199.186
2336.2	180.994
2336.92	208.43
2337.64	187.212
2338.35	195.395
2339.07	201.542
2339.79	199.565
2340.51	200.628
2341.23	195.615
2341.94	196.711
2342.66	202.907
2343.37	207.089
2344.09	203.136
2344.81	201.181
2345.52	206.294
2346.24	185.958
2346.95	176.783
2347.67	194.013
2348.38	194.005
2349.1	189.98
2349.82	210.364
2350.53	177.978
2351.24	199.423
2351.96	191.386
2352.67	196.526
2353.39	197.565
2354.1	177.237
2354.81	183.328
2355.53	182.31
2356.24	175.213
2356.95	202.663
2357.66	195.599
2358.38	216.987
2359.09	184.55
2359.8	213.082
2360.51	184.718
2361.22	192.958
2361.94	186.974
2362.65	185.064
2363.36	169.907
2364.07	189.368
2364.78	203.719
2365.49	187.461
2366.2	202.777
2366.91	200.748
2367.62	233.366
2368.33	195.684
2369.04	200.816
2369.75	181.503
2370.46	199.897
2371.16	193.832
2371.87	201.011
2372.58	197.996
2373.29	193.964
2374	207.267
2374.71	204.262
2375.41	228.784
2376.12	217.617
2376.83	223.783
2377.53	205.482
2378.24	193.306
2378.95	190.318
2379.65	216.922
2380.36	214.949
2381.07	192.544
2381.77	223.196
2382.48	187.504
2383.18	205.925
2383.89	200.904
2384.59	220.424
2385.3	201.146
2386	211.486
2386.71	191.116
2387.41	214.668
2388.12	205.454
2388.82	196.227
2389.52	222.776
2390.23	229.936
2390.93	237.132
2391.63	204.5
2392.34	218.858
2393.04	173.93
2393.74	203.57
2394.44	209.7
2395.15	207.676
2395.85	192.406
2396.55	224.156
2397.25	201.767
2397.95	219.218
2398.65	218.234
2399.35	231.514
2400.05	217.168
2400.75	214.055
2401.45	196.665
2402.15	217.068
2402.85	220.151
2403.55	210
2404.25	215.179
2404.95	207.096
2405.65	229.646
2406.35	210.314
2407.05	196.072
2407.75	240.054
2408.44	212.52
2409.14	220.753
2409.84	233.084
2410.54	235.196
2411.24	232.184
2411.93	200.525
2412.63	216.885
2413.33	204.605
2414.02	197.428
2414.72	225.99
2415.42	225.956
2416.11	208.586
2416.81	208.579
2417.5	230.009
2418.2	210.655
2418.9	241.295
2419.59	228.082
2420.28	217.914
2420.98	191.402
2421.67	221.966
2422.37	199.491
2423.06	208.61
2423.75	210.618
2424.45	220.814
2425.14	208.661
2425.84	233.207
2426.53	235.368
2427.22	228.344
2427.91	225.359
2428.61	228.443
2429.3	217.208
2429.99	210.017
2430.68	207.894
2431.37	205.758
2432.07	216.84
2432.76	218.784
2433.45	194.361
2434.14	192.326
2434.83	224.835
2435.52	210.671
2436.21	212.743
2436.9	205.653
2437.59	206.646
2438.28	211.661
2438.97	230.84
2439.66	195.3
2440.35	237.775
2441.04	214.456
2441.72	220.516
2442.41	225.567
2443.1	200.268
2443.79	227.542
2444.48	243.666
2445.16	231.491
2445.85	203.182
2446.54	211.259
2447.23	222.384
2447.91	200.204
2448.6	226.476
2449.29	229.516
2449.97	204.285
2450.66	234.548
2451.34	245.638
2452.03	222.448
2452.72	245.669
2453.4	235.612
2454.09	212.433
2454.77	222.499
2455.46	230.505
2456.14	217.326
2456.82	229.315
2457.51	211.134
2458.19	223.166
2458.88	236.239
2459.56	239.296
2460.24	254.443
2460.92	258.543
2461.61	223.418
2462.29	219.456
2462.97	256.726
2463.66	242.67
2464.34	254.741
2465.02	275.827
2465.7	243.603
2466.38	238.519
2467.06	255.537
2467.75	259.512
2468.42	256.493
2469.11	246.487
2469.79	229.486
2470.47	268.724
2471.15	228.649
2471.83	250.827
2472.51	254.909
2473.19	220.789
2473.86	244.916
2474.54	264.004
2475.22	251.957
2475.9	234.909
2476.58	243.996
2477.26	256.126
2477.94	225.082
2478.61	230.208
2479.29	252.421
2479.97	268.595
2480.65	232.456
2481.32	233.512
2482	223.503
2482.68	224.563
2483.35	266.881
2484.03	243.807
2484.71	256.943
2485.38	238.863
2486.06	234.848
2486.73	229.816
2487.41	232.834
2488.08	234.864
2488.76	215.802
2489.43	225.939
2490.11	237.111
2490.78	275.486
2491.45	254.47
2492.13	241.485
2492.8	263.747
2493.48	233.593
2494.15	257.865
2494.82	254.932
2495.49	241.934
2496.17	246.109
2496.84	235.163
2497.51	236.335
2498.18	252.659
2498.86	271.995
2499.53	256.903
2500.2	242.784
2500.87	244.838
2501.54	253.991
2502.21	233.846
2502.88	243.089
2503.55	260.478
2504.22	240.393
2504.89	256.772
2505.56	260.949
2506.23	263.06
2506.9	250.946
2507.57	241.879
2508.24	288.676
2508.91	277.643
2509.58	261.534
2510.25	247.426
2510.91	269.886
2511.58	274.021
2512.25	259.837
2512.92	267.016
2513.59	278.29
2514.25	253.979
2514.92	259.191
2515.59	256.262
2516.25	262.487
2516.92	261.563
2517.59	250.426
2518.25	274.947
2518.92	268.883
2519.58	241.414
2520.25	245.557
2520.91	262.981
2521.58	269.222
2522.24	282.642
2522.91	246.056
2523.57	260.532
2524.24	261.726
2524.9	258.815
2525.56	273.282
2526.23	257.029
2526.89	257.143
2527.55	254.174
2528.22	257.338
2528.88	270.733
2529.54	254.378
2530.21	264.651
2530.87	274.92
2531.53	267.786
2532.19	257.62
2532.85	248.525
2533.51	232.278
2534.18	242.719
2534.84	248.014
2535.5	265.597
2536.16	276.951
2536.82	273.854
2537.48	295.38
2538.14	253.222
2538.8	276.831
2539.46	273.793
2540.12	276.971
2540.78	271.974
2541.44	272.131
2542.09	250.686
2542.75	305.34
2543.41	285.881
2544.07	268.421
2544.73	259.143
2545.39	268.339
2546.04	289.83
2546.7	297.936
2547.36	286.547
2548.02	287.526
2548.67	284.449
2549.33	284.492
2549.98	268.135
2550.64	316.459
2551.3	312.429
2551.95	291.967
2552.61	295.123
2553.26	292.118
2553.92	298.349
2554.57	306.609
2555.23	314.821
2555.88	295.249
2556.54	303.366
2557.19	326.841
2557.85	298.015
2558.5	312.291
2559.15	303.039
2559.81	309.2
2560.46	322.563
2561.11	309.295
2561.77	325.724
2562.42	301.138
2563.07	320.557
2563.72	299.994
2564.37	310.124
2565.03	357.066
2565.68	334.49
2566.33	320.164
2566.98	348.827
2567.63	332.55
2568.28	329.557
2568.93	340.839
2569.58	321.391
2570.23	326.433
2570.88	349.843
2571.53	356.927
2572.18	314.042
2572.83	331.444
2573.48	341.724
2574.13	340.764
2574.78	338.751
2575.43	330.576
2576.07	314.21
2576.72	330.499
2577.37	309.032
2578.02	312.063
2578.67	349.764
2579.31	327.279
2579.96	322.108
2580.61	306.731
2581.26	320.885
2581.9	309.6
2582.55	314.643
2583.19	293.29
2583.84	294.368
2584.49	322.947
2585.13	299.622
2585.78	304.747
2586.42	302.684
2587.07	308.691
2587.71	282.119
2588.36	316.501
2589	301.119
2589.65	309.122
2590.29	299.929
2590.93	315.116
2591.58	289.793
2592.22	321.269
2592.86	308.166
2593.51	301.164
2594.15	296.201
2594.79	308.491
2595.43	308.603
2596.07	295.496
2596.72	299.612
2597.36	319.932
2598	304.684
2598.64	319.861
2599.28	292.427
2599.92	313.704
2600.56	300.533
2601.2	311.734
2601.85	304.701
2602.49	307.808
2603.13	305.826
2603.76	319.033
2604.4	303.821
2605.04	296.719
2605.68	300.777
2606.32	296.734
2606.96	306.883
2607.6	274.449
2608.24	287.605
2608.88	285.538
2609.51	314.861
2610.15	304.699
2610.79	311.789
2611.43	293.622
2612.06	285.621
2612.7	320.19
2613.34	314.26
2613.97	329.608
2614.61	281.057
2615.25	310.568
2615.88	292.396
2616.52	292.48
2617.15	337.227
2617.79	323.124
2618.42	297.851
2619.06	331.479
2619.69	315.331
2620.33	311.353
2620.96	350.036
2621.6	319.594
2622.23	336.911
2622.86	322.73
2623.5	308.567
2624.13	339.157
2624.76	335.202
2625.4	333.28
2626.03	317.099
2626.66	317.172
2627.29	335.545
2627.93	319.316
2628.56	345.845
2629.19	342.884
2629.82	375.585
2630.45	334.983
2631.08	346.316
2631.71	364.775
2632.34	330.22
2632.98	385.36
2633.61	330.402
2634.24	378.455
2634.87	360.25
2635.5	380.84
2636.12	378.984
2636.75	370.988
2637.38	388.521
2638.01	375.377
2638.64	391.862
2639.27	369.469
2639.9	420.702
2640.53	407.469
2641.15	395.239
2641.78	422.901
2642.41	409.646
2643.04	417.901
2643.66	428.239
2644.29	413.021
2644.92	426.481
2645.54	398.971
2646.17	423.669
2646.8	435.017
2647.42	436.084
2648.05	420.734
2648.67	422.798
2649.3	435.121
2649.92	445.424
2650.55	448.597
2651.17	433.361
2651.8	438.655
2652.42	454.228
2653.05	456.473
2653.67	442.274
2654.29	456.774
2654.92	437.35
2655.54	433.288
2656.16	438.45
2656.79	465.177
2657.41	462.634
2658.03	456.76
2658.65	456.144
2659.27	446.432
2659.9	452.997
2660.52	475.779
2661.14	447.4
2661.76	454.854
2662.38	462.077
2663	471.853
2663.62	460.968
2664.24	460.873
2664.86	461.855
2665.48	469.132
2666.1	483.062
2666.72	456.605
2667.34	466.704
2667.96	465.985
2668.58	478.774
2669.2	464.953
2669.82	460.093
2670.44	469.785
2671.05	472.204
2671.67	483.056
2672.29	504.096
2672.91	485.714
2673.53	476.284
2674.14	509.808
2674.76	504.446
2675.38	508.636
2675.99	520.912
2676.61	547.417
2677.23	545.226
2677.84	577.35
2678.46	604.504
2679.07	644.307
2679.69	643.9
2680.3	678.1
2680.92	728.418
2681.53	756.026
2682.15	776.152
2682.76	793.226
2683.38	795.288
2683.99	791.567
2684.61	764.081
2685.22	754.786
2685.83	762.291
2686.44	756.824
2687.06	770.826
2687.67	766.434
2688.28	747.224
2688.9	758.376
2689.51	760.636
2690.12	778.7
2690.73	782.982
2691.34	766.253
2691.96	759.596
2692.57	787.684
2693.18	811.937
2693.79	772.886
2694.4	786.455
2695.01	776.7
2695.62	797.035
2696.23	791.784
2696.84	778.148
2697.45	791.272
2698.06	777.859
2698.67	801.376
2699.28	768.421
2699.88	787.505
2700.49	787.591
2701.1	785.962
2701.71	778.811
2702.32	781.271
2702.93	788.905
2703.53	791.863
2704.14	783.83
2704.75	778.054
2705.36	805.83
2705.96	816.728
2706.57	819.194
2707.17	809.688
2707.78	813.289
2708.39	815.258
2708.99	830.936
2709.6	808.657
2710.2	809.524
2710.81	822.34
2711.41	828.666
2712.02	825.986
2712.62	837.622
2713.23	842.815
2713.83	846.718
2714.44	852.134
2715.04	851.099
2715.64	859.495
2716.25	883.227
2716.85	868.576
2717.45	866.726
2718.05	883.83
2718.66	898.104
2719.26	893.44
2719.86	888.221
2720.46	913.3
2721.06	923.454
2721.67	932.221
2722.27	933.593
2722.87	933.043
2723.47	897.902
2724.07	914.26
2724.67	932.032
2725.27	922.901
2725.71	926.951
2726.38	960.387
2727.06	953.965
2727.73	960.671
2728.4	947
2729.07	987.257
2729.74	963.613
2730.42	940.164
2731.09	947.392
2731.76	962.921
2732.43	970.433
2733.1	979.001
2733.77	1022.13
2734.44	1014.29
2735.11	1015.46
2735.78	980.862
2736.45	1006.18
2737.12	993.737
2737.79	1035.14
2738.46	1040.92
2739.13	1024.37
2739.8	1017.1
2740.47	1041.5
2741.14	1025.44
2741.81	1012.58
2742.47	1032.36
2743.14	1014.53
2743.81	1044.48
2744.48	1034.65
2745.15	1042.05
2745.81	1018.84
2746.48	1074.11
2747.15	1056.04
2747.81	1063.49
2748.48	1062.76
2749.15	1083.35
2749.81	1083.39
2750.48	1094.5
2751.15	1087.16
2751.81	1113.53
2752.48	1041.16
2753.14	1047.55
2753.81	1045
2754.47	1034.41
2755.14	1004.31
2755.8	984.215
2756.47	971.047
2757.13	960.777
2757.8	972.934
2758.46	960.626
2759.13	971.97
2759.79	917.035
2760.45	959.302
2761.12	947.354
2761.78	945.493
2762.44	964.948
2763.1	968.933
2763.77	974.946
2764.43	950.377
2765.09	985.315
2765.76	963.167
2766.42	1007.7
2767.08	998.052
2767.74	1028.34
2768.4	1043.17
2769.06	1048.66
2769.72	1096.1
2770.38	1111.66
2771.05	1127.21
2771.71	1117.14
2772.37	1178
2773.03	1205.11
2773.69	1277.53
2774.35	1305.79
2775.01	1358.64
2775.67	1378.44
2776.33	1458.76
2776.99	1500.95
2777.64	1601.77
2778.3	1667.74
2778.96	1697.84
2779.62	1745.48
2780.28	1759.1
2780.94	1790.06
2781.59	1808.55
2782.25	1772.49
2782.91	1773.62
2783.57	1755.44
2784.22	1717.95
2784.88	1738.26
2785.54	1707.03
2786.2	1715.72
2786.85	1731.17
2787.51	1725.57
2788.16	1724.86
2788.82	1714.9
2789.48	1710.39
2790.13	1801.03
2790.79	1778.89
2791.44	1848.66
2792.1	1812.31
2792.75	1852.93
2793.41	1884.87
2794.06	1882.4
2794.72	1944.57
2795.37	1919.1
2796.02	1953.42
2796.68	1964.23
2797.33	2055.49
2797.98	2010.14
2798.64	2067.84
2799.29	2049.55
2799.94	2105.43
2800.6	2135.64
2801.25	2167.94
2801.9	2199.21
2802.55	2205.72
2803.21	2223.43
2803.86	2251.29
2804.51	2265.58
2805.16	2300.33
2805.81	2356.65
2806.46	2398.58
2807.11	2425.11
2807.77	2448.56
2808.42	2476.05
2809.07	2537.33
2809.72	2572.68
2810.37	2604.77
2811.02	2636.82
2811.67	2701.92
2812.32	2679.95
2812.97	2762.08
2813.61	2794.14
2814.26	2798.61
2814.91	2786.67
2815.56	2865.09
2816.21	2880.68
2816.86	2913.57
2817.51	2998.69
2818.15	3042.46
2818.8	3065.47
2819.45	3104.78
2820.1	3109.22
2820.74	3164.29
2821.39	3157.17
2822.04	3199.75
2822.69	3257.9
2823.33	3322.01
2823.98	3383.56
2824.63	3358.2
2825.27	3403.28
2825.92	3447.2
2826.56	3448.26
2827.21	3563.66
2827.85	3558.51
2828.5	3580.42
2829.14	3563.61
2829.79	3674.27
2830.43	3727.64
2831.08	3689.72
2831.72	3700.01
2832.37	3763.56
2833.01	3743.57
2833.65	3820.86
2834.3	3828.93
2834.94	3841.83
2835.58	3857.56
2836.23	3882.35
2836.87	3882.45
2837.51	3880.65
2838.16	3887.48
2838.8	3909.18
2839.44	3937.53
2840.08	3988.67
2840.72	4027.37
2841.36	4005.03
2842.01	4005.89
2842.65	4055.82
2843.29	3993.82
2843.93	4085.01
2844.57	4087.01
2845.21	4082.95
2845.85	4048.11
2846.49	4148.96
2847.13	4102.23
2847.77	4152.58
2848.41	4184.9
2849.05	4226.6
2849.69	4182.6
2850.33	4167.61
2850.97	4182.51
2851.61	4111.26
2852.24	4155.89
2852.88	4169.96
2853.52	4194.08
2854.16	4249.04
2854.8	4210.27
2855.43	4251.87
2856.07	4255.1
2856.71	4253.57
2857.35	4237.05
2857.98	4319.08
2858.62	4332.56
2859.26	4342.67
2859.89	4408.07
2860.53	4460.52
2861.16	4479.85
2861.8	4474.87
2862.44	4585.6
2863.07	4649.48
2863.71	4682.37
2864.34	4656.8
2864.98	4781
2865.61	4819.01
2866.25	4870.5
2866.88	4946.59
2867.52	4983.15
2868.15	5055.46
2868.78	5104.88
2869.42	5168.78
2870.05	5252.61
2870.69	5414.36
2871.32	5440.7
2871.95	5478.91
2872.58	5611.31
2873.22	5712.6
2873.85	5859.87
2874.48	5959.08
2875.11	6056.99
2875.75	6206.74
2876.38	6351.96
2877.01	6335.8
2877.64	6551.2
2878.27	6610.08
2878.9	6715.81
2879.53	6796.49
2880.16	6912.78
2880.79	7046.83
2881.42	7100.95
2882.05	7205.15
2882.68	7280.03
2883.31	7452.82
2883.94	7494.81
2884.57	7605.61
2885.2	7708.43
2885.83	7759.14
2886.46	7842.17
2887.09	7891.17
2887.72	7944.05
2888.35	7905.97
2888.97	8045.16
2889.6	7939.86
2890.23	8065.87
2890.86	8018.33
2891.49	8065.72
2892.11	8045.59
2892.74	8096.72
2893.37	8145.42
2893.99	8181.29
2894.62	8193.5
2895.25	8180.97
2895.87	8233.44
2896.5	8194.25
2897.12	8247.91
2897.75	8312.02
2898.38	8273.75
2899	8328.4
2899.63	8375.53
2900.25	8525.5
2900.88	8478.18
2901.5	8537.85
2902.12	8525.67
2902.75	8575.96
2903.37	8553.57
2904	8604.05
2904.62	8642.25
2905.25	8661.49
2905.87	8643.49
2906.49	8628.89
2907.11	8581.01
2907.74	8582.01
2908.36	8427.81
2908.98	8449.32
2909.6	8470.45
2910.23	8331.48
2910.85	8358.36
2911.47	8141.3
2912.09	8132.68
2912.71	8041.7
2913.33	8033.39
2913.96	7886.31
2914.58	7748.58
2915.2	7599.28
2915.82	7441.59
2916.44	7404.8
2917.06	7296.81
2917.68	7186.82
2918.3	7094.52
2918.92	7029.02
2919.54	6909.26
2920.16	6791.99
2920.77	6768.9
2921.39	6722.9
2922.01	6710.11
2922.63	6589.14
2923.25	6559.12
2923.87	6567.11
2924.48	6576.77
2925.1	6542.44
2925.72	6556.69
2926.34	6587.49
2926.95	6586.01
2927.57	6501.25
2928.19	6564.92
2928.8	6568.37
2929.42	6525.93
2930.04	6600.62
2930.65	6588.68
2931.27	6636.58
2931.89	6611.32
2932.5	6707.99
2933.12	6672.64
2933.73	6724.44
2934.35	6855.06
2934.96	6862.57
2935.58	6933.01
2936.19	6993.15
2936.81	7015.93
2937.42	7061.05
2938.03	7089.76
2938.65	7149.72
2939.26	7089.91
2939.88	7110.29
2940.49	7122.98
2941.1	7190.99
2941.71	7141.19
2942.33	7151.85
2942.94	7013.1
2943.55	7083.94
2944.17	7064.93
2944.78	7081.28
2945.39	7064.88
2946	7043.91
2946.61	6983.45
2947.22	6938.04
2947.83	6973.33
2948.45	6882.96
2949.06	6812.85
2949.67	6802.7
2950.28	6743.08
2950.89	6697.85
2951.5	6635.63
2952.11	6545.04
2952.72	6344.85
2953.33	6407.28
2953.94	6347.27
2954.54	6316.47
2955.15	6139.17
2955.76	6020.25
2956.37	6071.68
2956.98	5911.96
2957.59	5820.09
2958.2	5702.04
2958.8	5601.01
2959.41	5534.1
2960.02	5461.53
2960.63	5429.52
2961.23	5307.92
2961.84	5208.62
2962.45	5127.9
2963.05	5085.78
2963.66	4955.86
2964.27	4835.24
2964.87	4751.66
2965.48	4690.49
2966.08	4628.56
2966.69	4514.86
2967.29	4455.08
2967.9	4364.57
2968.5	4280.56
2969.11	4226.14
2969.71	4112.31
2970.32	4069.15
2970.92	3925.95
2971.53	3930.33
2972.13	3775.22
2972.74	3741.94
2973.34	3681.01
2973.94	3541.26
2974.54	3556.41
2975.15	3488.59
2975.75	3407.07
2976.35	3324.28
2976.96	3268.75
2977.56	3140.67
2978.16	3099.78
2978.76	3047.49
2979.36	2960.25
2979.97	2914.15
2980.57	2887.7
2981.17	2766.81
2981.77	2762.55
2982.37	2701.4
2982.97	2662.36
2983.57	2517.57
2984.17	2488.73
2984.77	2423.44
2985.37	2371.02
2985.97	2332.46
2986.57	2302.46
2987.17	2215.17
2987.77	2193.27
2988.37	2148.52
2988.97	2096.24
2989.57	2039.58
2990.17	2004.3
2990.76	1927.03
2991.36	1888.82
2991.96	1879.45
2992.56	1813.85
2993.16	1785.1
2993.75	1756.22
2994.35	1689.27
2994.95	1639.61
2995.54	1640.09
2996.14	1572.19
2996.74	1553.64
2997.33	1562.95
2997.93	1515.16
2998.52	1476.64
2999.12	1412.51
2999.72	1405.62
3000.31	1357.77
3000.91	1358.02
3001.5	1340.86
3002.1	1247.88
3002.69	1267.45
3003.29	1252.09
3003.88	1222.29
3004.47	1158.7
3005.07	1220.14
3005.66	1136.36
3006.26	1133.7
3006.85	1097.38
3007.44	1074.42
3008.04	1057.53
3008.63	1059.94
3009.22	1050.84
3009.81	1034.36
3010.41	1024.97
3011	999.191
3011.59	956.082
3012.18	1001.37
3012.77	948.223
3013.36	943.342
3013.96	938.432
3014.55	896.505
3015.14	904.925
3015.73	892.866
3016.32	885.003
3016.91	862.782
3017.5	854.92
3018.09	833.567
3018.68	826.49
3019.27	847.12
3019.86	834.804
3020.45	838.016
3021.04	802.217
3021.63	800.495
3022.22	782.305
3022.8	800.144
3023.39	760.135
3023.98	758.199
3024.57	737.658
3025.16	770.772
3025.74	710
3026.33	732.806
3026.92	752.473
3027.5	727.69
3028.09	722.455
3028.68	719.271
3029.26	735.735
3029.85	711.028
3030.44	724.621
3031.02	719.738
3031.61	692.174
3032.19	723.453
3032.78	681.289
3033.37	715.504
3033.95	693.824
3034.54	689.678
3035.12	717.577
3035.71	676.245
3036.29	690.748
3036.87	675.282
3037.46	717.707
3038.04	702.258
3038.63	693.054
3039.21	684.956
3039.79	657.286
3040.38	693.831
3040.96	696.255
3041.54	689.297
3042.12	648.013
3042.71	686.353
3043.29	674.813
3043.87	677.692
3044.45	714.719
3045.03	626.577
3045.62	682.409
3046.2	685.59
3046.78	660.918
3047.36	680.794
3047.94	680.984
3048.52	686.297
3049.1	649.068
3049.68	690.51
3050.26	693.585
3050.84	684.214
3051.42	701.768
3052	695.501
3052.58	689.238
3053.16	665.388
3053.74	667.455
3054.32	690.283
3054.89	676.944
3055.47	695.778
3056.05	690.837
3056.63	706.623
3057.21	689.188
3057.78	700.687
3058.36	686.16
3058.94	714.055
3059.52	709.772
3060.09	710.689
3060.67	703.375
3061.25	744.832
3061.82	721.059
3062.4	705.577
3062.97	692.127
3063.55	710.743
3064.13	738.632
3064.7	713.678
3065.28	687.736
3065.85	679.466
3066.43	715.786
3067	700.312
3067.58	704.46
3068.15	724.04
3068.72	696.901
3069.3	708.011
3069.87	720.146
3070.45	715.801
3071.02	705.374
3071.59	695.066
3072.17	691.033
3072.74	693.205
3073.31	742.901
3073.89	718.017
3074.46	718.917
3075.03	694.982
3075.6	715.558
3076.17	702.118
3076.74	711.528
3077.32	714.821
3077.89	735.731
3078.46	724.548
3079.03	712.253
3079.6	744.358
3080.17	718.412
3080.74	745.154
3081.31	712.879
3081.88	746.769
3082.45	735.166
3083.02	745.285
3083.59	714.099
3084.16	717.013
3084.73	693.091
3085.3	720.798
3085.87	734.094
3086.43	697.938
3087	742.354
3087.57	745.576
3088.14	745.736
3088.71	772.71
3089.28	717.024
3089.84	757.269
3090.41	710.742
3090.98	760.189
3091.54	731.192
3092.11	775.463
3092.68	761.943
3093.24	736.037
3093.81	750.352
3094.38	773.952
3094.94	772.826
3095.51	759.354
3096.07	741.767
3096.64	759.209
3097.2	778.688
3097.77	772.403
3098.33	766.161
3098.9	764.109
3099.46	787.883
3100.03	776.671
3100.59	768.538
3101.15	804.669
3101.72	764.467
3102.28	772.64
3102.84	778.71
3103.41	776.515
3103.97	790.787
3104.53	793.717
3105.1	812.081
3105.66	803.685
3106.22	798.4
3106.78	790.063
3107.34	817.763
3107.91	793.025
3108.47	790.941
3109.03	765.234
3109.59	801.3
3110.15	780.87
3110.71	809.902
3111.27	795.755
3111.83	833.051
3112.39	834.21
3112.95	802.262
3113.51	838.144
3114.07	837.918
3114.63	843.885
3115.19	848.904
3115.75	805.672
3116.31	858.186
3116.87	827.377
3117.43	839.729
3117.98	849.94
3118.54	839.498
3119.1	848.557
3119.66	857.621
3120.22	862.624
3120.77	876.947
3121.33	862.553
3121.89	879.013
3122.44	838.922
3123	890.228
3123.56	847.943
3124.11	859.022
3124.67	845.429
3125.23	853.431
3125.78	861.509
3126.34	862.505
3126.89	896.448
3127.45	874.018
3128	911.165
3128.56	901.079
3129.11	896.084
3129.67	881.78
3130.22	892.052
3130.78	904.3
3131.33	901.074
3131.88	925.517
3132.44	897.585
3132.99	900.463
3133.54	905.434
3134.1	910.467
3134.65	905.307
3135.2	934.051
3135.76	925.902
3136.31	943.408
3136.86	925.001
3137.41	938.374
3137.96	916.842
3138.51	953.76
3139.07	927.057
3139.62	924.968
3140.17	940.321
3140.72	947.484
3141.27	953.635
3141.82	919.792
3142.37	961.831
3142.92	921.79
3143.47	975.052
3144.02	954.484
3144.57	936.018
3145.12	943.27
3145.67	1009.07
3146.22	991.889
3146.77	990.113
3147.32	963.669
3147.86	1004.88
3148.41	1018.28
3148.96	982.29
3149.51	974.962
