401.058	2545.95
402.149	2566.33
403.243	2605.44
404.332	2557.4
405.424	2500.79
406.515	2513.08
407.606	2476.46
408.697	2407.16
409.785	2362.55
410.876	2301.09
411.967	2244.21
413.055	2273.22
414.143	2291.39
415.233	2258.61
416.321	2262.89
417.409	2302.37
418.499	2260.07
419.586	2272.94
420.673	2355.7
421.761	2426.86
422.848	2466.17
423.935	2517.04
425.02	2582.03
426.106	2618.44
427.193	2656.51
428.278	2724.65
429.364	2769.48
430.45	2850.14
431.534	2817.09
432.618	2917.91
433.704	2942.25
434.788	2902.88
435.871	2994.28
436.955	2986.47
438.038	2898.58
439.123	2931.12
440.204	2823.32
441.287	2777.74
442.37	2685.02
443.452	2607.42
444.535	2544.48
445.615	2462.52
446.698	2433.4
447.78	2324.21
448.86	2181.46
449.939	2220.07
451.021	2139.79
452.101	2041.3
453.18	2050.29
454.262	2018.27
455.341	1982.01
456.42	1942.43
457.499	1911.81
458.578	1972.14
459.654	1908.38
460.733	1946.13
461.811	1894.05
462.89	1902.41
463.966	1855.9
465.044	1948.81
466.12	1929.14
467.197	1987.55
468.273	1904.2
469.349	1916.28
470.426	1932.3
471.501	1904.88
472.576	1931.06
473.651	1961.89
474.726	2009.74
475.801	1913.3
476.876	1986.15
477.95	1996.06
479.022	1968.76
480.097	1975.46
481.171	2041.1
482.243	2031.38
483.317	2098.34
484.388	2131.85
485.46	2144.94
486.533	2173.59
487.605	2219.58
488.676	2268.16
489.747	2349.88
490.818	2317.67
491.889	2354.01
492.959	2388.03
494.03	2435.21
495.1	2453.91
496.171	2502.65
497.239	2484.78
498.309	2523.38
499.379	2495.68
500.446	2502.92
501.514	2489.49
502.584	2483.94
503.651	2458.82
504.718	2435.96
505.788	2420.67
506.855	2477.74
507.921	2406.62
508.988	2376.63
510.055	2439.13
511.119	2445.89
512.186	2476.67
513.252	2509.53
514.318	2529.77
515.382	2622.65
516.448	2715.76
517.512	2745.79
518.577	2736.6
519.641	2740.57
520.704	2804.71
521.768	2804.69
522.833	2922.73
523.896	2848.65
524.959	2903.19
526.021	2981.03
527.084	3053.51
528.144	3073.71
529.207	3235.26
530.269	3207.83
531.331	3204.45
532.391	3255.91
533.453	3252.77
534.513	3251.78
535.572	3114.92
536.634	3082.01
537.693	3023.01
538.752	2991.17
539.812	2863.35
540.87	2862.36
541.929	2697.32
542.988	2651.04
544.047	2585.42
545.105	2534.39
546.164	2353.7
547.22	2342.82
548.278	2185.34
549.336	2172.08
550.392	2107.32
551.448	2024.14
552.505	1965.59
553.561	1970.79
554.616	1928.68
555.671	1883.75
556.728	1839.48
557.783	1765
558.836	1735.74
559.891	1635.5
560.946	1681.12
562	1633.05
563.055	1666.89
564.107	1527.76
565.161	1582.51
566.213	1558.54
567.267	1553.92
568.318	1490.97
569.37	1568.51
570.424	1504.69
571.475	1511.14
572.526	1496.43
573.577	1538
574.628	1574.95
575.679	1544.68
576.73	1530.17
577.781	1606.01
578.829	1555.92
579.88	1568.55
580.93	1493.85
581.978	1482.61
583.026	1479.56
584.076	1394.59
585.124	1410.73
586.172	1374.46
587.221	1398.83
588.269	1472.71
589.316	1459.2
590.363	1415.27
591.41	1419.01
592.457	1454.94
593.502	1444.41
594.549	1418.77
595.595	1342.27
596.64	1347.7
597.686	1333.94
598.73	1311.69
599.776	1285.31
600.82	1269.56
601.864	1248.13
602.908	1218.55
603.953	1239.86
604.997	1170.6
606.04	1243.26
607.083	1190.85
608.125	1208.23
609.168	1168.13
610.211	1181.17
611.253	1186.64
612.294	1157.03
613.336	1204.98
614.377	1184.78
615.419	1183.98
616.459	1169.25
617.499	1248.49
618.539	1146.79
619.579	1164.97
620.619	1188.69
621.658	1144.27
622.698	1191.22
623.737	1190.29
624.776	1194.04
625.815	1178.5
626.852	1182.4
627.891	1168.86
628.928	1160.89
629.966	1150.08
631.003	1138.16
632.041	1110.29
633.077	1114.51
634.114	1065.06
635.15	1082.08
636.185	1074.35
637.221	1065.9
638.257	1023.52
639.292	1062.35
640.328	1055
641.361	1028.06
642.396	1005.48
643.431	1013.12
644.464	954.33
645.497	940.749
646.532	976.084
647.564	952.771
648.597	938.859
649.629	918.601
650.663	936.934
651.695	955.141
652.727	952.952
653.757	956.135
654.789	911.5
655.821	953.214
656.852	972.07
657.882	980.057
658.913	928.544
659.942	948.627
660.973	908.124
662.002	942.712
663.031	969.874
664.06	952.245
665.09	986.251
666.119	973.893
667.147	983.869
668.175	974.698
669.201	956.208
670.229	976.063
671.257	946.805
672.285	934.792
673.311	925.501
674.338	932.004
675.363	921.232
676.389	901.407
677.416	917.552
678.441	964.03
679.466	933.723
680.491	941.013
681.515	980.454
682.54	944.255
683.565	910.961
684.589	923.056
685.613	999.021
686.635	966.239
687.659	983.358
688.681	1013.41
689.705	1022.16
690.727	1017.89
691.75	1028.35
692.772	991.556
693.793	1054.67
694.814	1067.71
695.835	1071.37
696.856	1109.17
697.877	1091.32
698.898	1141.94
699.918	1111.11
700.937	1102.56
701.957	1122.74
702.978	1099.45
703.996	1117.78
705.016	1107.37
706.034	1059.93
707.052	1091.07
708.069	1101.86
709.087	1055.38
710.107	1055.18
711.124	1102.18
712.139	1032.82
713.156	1018.94
714.173	1021.66
715.19	956.83
716.205	970.394
717.222	956.075
718.238	974.854
719.253	972.324
720.267	942.146
721.283	948.915
722.297	924.449
723.311	921.251
724.325	923.646
725.339	946.36
726.353	969.174
727.366	952.539
728.38	956.214
729.391	935.038
730.404	979.992
731.417	1011.87
732.428	933.218
733.441	955.581
734.452	961.371
735.463	938.804
736.475	944.873
737.486	963.988
738.496	980.515
739.506	947.579
740.516	964.185
741.526	909.117
742.534	944.806
743.544	934.509
744.554	914.999
745.561	927.616
746.571	896.25
747.578	860.365
748.587	931.859
749.594	905.262
750.601	890.641
751.608	876.077
752.615	920.323
753.621	860.008
754.628	889.754
755.634	927.895
756.641	883.38
757.647	911.581
758.651	887.352
759.657	884.292
760.663	871.971
761.666	900.186
762.67	847.982
763.676	900.951
764.679	844.75
765.682	888.234
766.686	883.563
767.689	912.16
768.692	952.886
769.694	883.8
770.697	894.5
771.698	896.189
772.7	908.194
773.703	906.23
774.703	918.88
775.703	935.853
776.705	914.424
777.705	962.489
778.705	924.171
779.705	931.514
780.705	927.908
781.704	963.48
782.704	950.791
783.703	933.383
784.702	1008.86
785.701	1040.52
786.698	1007.94
787.697	1007.96
788.694	1045.29
789.693	1047.35
790.689	1031.74
791.686	1098.91
792.682	1057.02
793.68	1136.04
794.676	1111.65
795.672	1128.3
796.666	1186.07
797.662	1154.64
798.658	1211.76
799.653	1232.49
800.647	1251.15
801.642	1236.9
802.636	1202.85
803.631	1226.4
804.624	1224.78
805.617	1257.58
806.61	1208.57
807.602	1229.27
808.595	1232.22
809.587	1222.11
810.58	1160.98
811.572	1161.19
812.564	1218.97
813.554	1201.82
814.546	1216.26
815.536	1216.82
816.528	1261.77
817.518	1302.96
818.507	1293.25
819.499	1351.08
820.488	1367.28
821.477	1440.72
822.466	1560.16
823.455	1577.69
824.444	1644.88
825.431	1741.45
826.42	1885.99
827.408	1943.2
828.395	2008.09
829.383	2112.75
830.369	2231.12
831.356	2356.42
832.342	2598.86
833.33	2733
834.315	2940.42
835.301	3243.53
836.287	3474.73
837.27	3641.64
838.256	3722.04
839.241	3833.95
840.226	4006.4
841.209	3850.7
842.194	3781.1
843.177	3568.18
844.16	3371.89
845.145	3184.94
846.127	3026.54
847.11	2856.17
848.092	2781.3
849.074	2784.42
850.056	2746.86
851.039	2809.28
852.018	2856.71
853	2954.49
853.982	3088.08
854.962	3127.14
855.941	3117.88
856.923	3122.9
857.902	3041
858.881	2885.72
859.86	2697.24
860.839	2548.05
861.818	2366.25
862.797	2251.3
863.776	2208.79
864.754	2106.23
865.733	2029.37
866.709	1993.96
867.687	1904.38
868.664	1872.94
869.642	1901.51
870.618	1830.84
871.594	1856.93
872.569	1823.26
873.545	1794.19
874.521	1845.24
875.496	1758.93
876.471	1736.99
877.447	1692.78
878.42	1769.16
879.395	1718.23
880.37	1659.9
881.343	1676.27
882.315	1670.67
883.29	1698.4
884.262	1672.81
885.235	1648.14
886.207	1686.97
887.179	1706.3
888.151	1666.5
889.123	1730.82
890.095	1720.52
891.065	1699.25
892.037	1717.68
893.009	1747.2
893.978	1763.82
894.948	1837.65
895.919	1860.9
896.888	1961.79
897.857	1918.04
898.826	2025.61
899.795	2109.08
900.764	2177.48
901.732	2276.88
902.701	2312.25
903.668	2409.25
904.636	2488.71
905.604	2512.1
906.57	2628.93
907.538	2671.49
908.504	2708.01
909.47	2679.43
910.436	2672.31
911.402	2701.31
912.367	2617.54
913.333	2694.3
914.298	2587.75
915.264	2454.09
916.229	2447.92
917.192	2399.29
918.157	2319.39
919.12	2212.82
920.084	2195.21
921.047	2170.15
922.01	2134.75
922.972	2063.91
923.935	1978.05
924.897	1956.1
925.859	1892.47
926.821	1882.76
927.783	1850.87
928.743	1818.97
929.705	1796.27
930.667	1717.7
931.626	1689.2
932.586	1656.99
933.547	1615.63
934.506	1585.59
935.466	1563.16
936.425	1524.96
937.384	1509.02
938.343	1479.89
939.301	1496.3
940.26	1528.51
941.217	1501.04
942.175	1500.75
943.132	1474.44
944.09	1581.9
945.046	1619.36
946.002	1457.46
946.96	1521.9
947.916	1465.42
948.872	1474.41
949.828	1448.63
950.783	1490.27
951.737	1466.13
952.692	1465.27
953.647	1457.68
954.601	1461.27
955.556	1411.44
956.509	1443.44
957.464	1490.77
958.417	1456.69
959.369	1448.01
960.322	1495.55
961.275	1469.4
962.227	1505.81
963.179	1535.32
964.132	1560.08
965.082	1533.4
966.034	1489.24
966.984	1537.47
967.936	1571.81
968.885	1618.31
969.837	1642.92
970.787	1650.23
971.736	1696.68
972.686	1743.86
973.635	1779.76
974.584	1738.82
975.533	1785.38
976.48	1835.86
977.429	1839.51
978.378	1870.4
979.325	1891.89
980.273	1859.86
981.22	1885.96
982.166	1840.62
983.113	1848.57
984.061	1779.35
985.007	1795.24
985.953	1746.32
986.897	1730.23
987.843	1752.7
988.789	1651.01
989.734	1639.41
990.678	1582.13
991.623	1574.41
992.567	1484.29
993.51	1484.68
994.453	1426.98
995.398	1449.53
996.341	1434.71
997.284	1414.34
998.227	1396.86
999.168	1392.54
1000.11	1409.73
1001.05	1370.16
1001.99	1308.34
1002.94	1355.62
1003.88	1251.23
1004.82	1296.94
1005.76	1332.55
1006.7	1319.78
1007.64	1323.73
1008.58	1334.05
1009.52	1331.07
1010.46	1326.94
1011.4	1332.99
1012.34	1333.54
1013.27	1294.34
1014.21	1334.66
1015.15	1343.66
1016.09	1308.09
1017.03	1303.24
1017.96	1355.17
1018.9	1299.48
1019.84	1353.78
1020.77	1318.32
1021.71	1314.68
1022.65	1357.03
1023.58	1378.2
1024.52	1413.71
1025.45	1398.91
1026.39	1432.79
1027.32	1414.02
1028.26	1407.15
1029.19	1452.58
1030.12	1471.62
1031.06	1411.85
1031.99	1398.27
1032.92	1438.51
1033.86	1398.16
1034.79	1428.44
1035.72	1439.89
1036.65	1473.8
1037.59	1449.08
1038.52	1441.17
1039.45	1464.33
1040.38	1522.43
1041.31	1459.67
1042.24	1541.39
1043.17	1508.71
1044.1	1542.13
1045.03	1586.9
1045.96	1559.94
1046.89	1591.88
1047.82	1607.12
1048.75	1667.2
1049.68	1650.67
1050.61	1655.88
1051.53	2202.46
1052.46	2245.3
1053.39	1760.81
1054.32	1853.12
1055.24	1918.69
1056.17	1950.12
1057.1	2004.61
1058.02	2047.95
1058.95	2106.71
1059.88	2104.55
1060.8	2083.27
1061.73	2054.28
1062.65	1950.02
1063.58	1975.45
1064.5	1965.7
1065.43	1921.5
1066.35	2007.66
1067.27	2055.06
1068.2	2068.36
1069.12	2051.6
1070.04	2141.4
1070.97	2098.15
1071.89	2152.62
1072.81	2116.43
1073.73	2124.5
1074.65	2065.14
1075.58	2059.84
1076.5	2058.9
1077.42	1982.33
1078.34	1941.68
1079.26	1920.92
1080.18	1892.57
1081.1	1850.98
1082.02	1811.35
1082.94	1702.34
1083.86	1663.67
1084.78	1614.55
1085.7	1577.85
1086.61	1557.4
1087.53	1572.19
1088.45	1556.69
1089.37	1479.53
1090.28	1545.5
1091.2	1538.3
1092.12	1521.5
1093.03	1549.21
1093.95	1578.85
1094.87	1580.25
1095.78	1575.2
1096.7	1633.71
1097.61	1673.36
1098.53	1686.49
1099.44	1701.42
1100.36	1768.27
1101.27	1784.84
1102.19	1757.8
1103.1	1785.55
1104.01	1800.06
1104.93	1845.84
1105.84	1833.24
1106.75	1869.14
1107.67	1902.52
1108.58	1924.81
1109.49	1914.06
1110.4	1978.74
1111.31	1980.66
1112.22	2003.99
1113.14	2119.8
1114.05	2118.35
1114.96	2181.36
1115.87	2190.74
1116.78	2315.64
1117.69	2354.53
1118.6	2399.81
1119.51	2551.52
1120.42	2649.92
1121.32	2671.68
1122.23	2724.93
1123.14	2724.13
1124.05	2666.63
1124.96	2617.48
1125.86	2497.76
1126.77	2454.56
1127.68	2467.7
1128.58	2397.55
1129.49	2302.81
1130.4	2355.34
1131.3	2404.63
1132.21	2379.05
1133.11	2423.97
1134.02	2459.05
1134.92	2451.17
1135.83	2568.9
1136.73	2532.29
1137.64	2528.79
1138.54	2513.61
1139.44	2417.4
1140.35	2378.95
1141.25	2290.14
1142.15	2229.96
1143.06	2181.36
1143.96	2066.23
1144.86	1992.85
1145.76	1981.16
1146.66	1851.13
1147.57	1769.41
1148.47	1661.81
1149.37	1598.91
1150.27	1549.36
1151.17	1472.23
1152.07	1422.77
1152.97	1354.25
1153.87	1314.27
1154.77	1281.83
1155.67	1196.86
1156.57	1121.37
1157.46	1090.66
1158.36	1053.36
1159.26	1028.58
1160.16	1004.88
1161.05	1004.11
1161.95	963.272
1162.85	963.262
1163.75	936.331
1164.64	867.272
1165.54	869.569
1166.44	863.289
1167.33	857.12
1168.23	846.367
1169.12	850.986
1170.02	814.8
1170.91	812.862
1171.81	780.441
1172.7	804.058
1173.59	808.57
1174.49	777.832
1175.38	820.197
1176.27	799.768
1177.17	766.01
1178.06	747.453
1178.95	742.236
1179.84	782.62
1180.74	758.67
1181.63	771.772
1182.52	754.571
1183.41	748.674
1184.3	794.732
1185.19	762.073
1186.08	731.255
1186.97	766.622
1187.86	778.345
1188.75	752.316
1189.64	797.092
1190.53	762.59
1191.42	754.519
1192.31	794.546
1193.2	782.844
1194.09	768.465
1194.97	802.237
1195.86	779.601
1196.75	798.348
1197.64	822.663
1198.52	809.263
1199.41	793.97
1200.29	808.827
1201.18	840.679
1202.07	830.243
1202.95	844.248
1203.84	842.165
1204.72	857.814
1205.61	880.855
1206.49	897.277
1207.38	854.623
1208.26	861.027
1209.14	844.206
1210.03	814.44
1210.91	816.711
1211.79	835.884
1212.68	829.509
1213.56	830.426
1214.44	843.333
1215.32	851.362
1216.21	850.87
1217.09	840.127
1217.97	857.763
1218.85	876.615
1219.73	895.77
1220.61	939.648
1221.49	961.149
1222.37	987.397
1223.25	1067.28
1224.13	1159.27
1225.01	1268.02
1225.89	1349.2
1226.77	1448.25
1227.65	1428.5
1228.52	1459.04
1229.4	1445.52
1230.28	1394.48
1231.16	1429.62
1232.03	1423.2
1232.91	1457.45
1233.79	1417.65
1234.66	1447.77
1235.54	1379.98
1236.42	1331.9
1237.29	1270.4
1238.17	1218.37
1239.04	1141.68
1239.92	1126.79
1240.79	1056.86
1241.67	1071.56
1242.54	1041.59
1243.41	1026.85
1244.29	999.734
1245.16	958.332
1246.03	975.057
1246.91	999.415
1247.78	971.225
1248.65	997.283
1249.52	998.36
1250.4	1005.99
1251.27	1022.15
1252.14	996.326
1253.01	1014.52
1253.88	1028.03
1254.75	1040.65
1255.62	1067.57
1256.49	1077.19
1257.36	1056.08
1258.23	1053.94
1259.1	1100.4
1259.97	1103.8
1260.84	1099.56
1261.71	1144.05
1262.57	1143.76
1263.44	1157.87
1264.31	1222.63
1265.18	1300.76
1266.05	1308.27
1266.91	1371.03
1267.78	1442.26
1268.65	1528.62
1269.51	1635.81
1270.38	1745.71
1271.24	1910.72
1272.11	2045.99
1272.97	2141.1
1273.84	2246.53
1274.7	2281.52
1275.57	2359.3
1276.43	2421.34
1277.3	2380.1
1278.16	2305.39
1279.02	2323.02
1279.89	2224.21
1280.75	2131.79
1281.61	2033.74
1282.48	1933.43
1283.34	1770.56
1284.2	1688.44
1285.06	1606.26
1285.92	1532.74
1286.78	1461.4
1287.65	1380.57
1288.51	1319.29
1289.37	1248.76
1290.23	1229.6
1291.09	1189.89
1291.95	1128.57
1292.81	1097.69
1293.67	1103.81
1294.52	1052.54
1295.38	1065.27
1296.24	1024.58
1297.1	1005.22
1297.96	995.159
1298.81	988.185
1299.67	960.508
1300.53	972.311
1301.39	946.311
1302.24	948.457
1303.1	945.245
1303.95	929.839
1304.81	925.438
1305.67	939.925
1306.52	933.528
1307.38	937.559
1308.23	920.139
1309.09	928.569
1309.94	936.054
1310.8	947.948
1311.65	929.534
1312.5	958.707
1313.35	937.259
1314.21	944.496
1315.06	961.242
1315.91	983.546
1316.77	984.787
1317.62	1007.49
1318.47	1011.87
1319.32	1039.03
1320.17	1058.17
1321.02	1099.91
1321.87	1099.09
1322.73	1143.57
1323.57	1154.94
1324.43	1181.86
1325.28	1202.02
1326.13	1213.22
1326.97	1266.46
1327.82	1295.72
1328.67	1304.39
1329.52	1309.3
1330.37	1344.8
1331.22	1349.88
1332.06	1383.22
1332.91	1391.19
1333.76	1399.4
1334.61	1411.97
1335.45	1433.92
1336.3	1445.28
1337.15	1460.42
1337.99	1443.68
1338.84	1463.6
1339.68	1503.43
1340.53	1498.96
1341.37	1499.53
1342.22	1497.69
1343.06	1483.38
1343.91	1492
1344.75	1505.56
1345.6	1531.77
1346.44	1551.44
1347.28	1547.1
1348.12	1546.66
1348.97	1525.02
1349.81	1517.88
1350.65	1556.61
1351.49	1550.84
1352.33	1535.11
1353.18	1532.17
1354.02	1530.69
1354.86	1542.89
1355.7	1560.75
1356.54	1569.96
1357.38	1581.78
1358.22	1627.71
1359.06	1614.39
1359.9	1602.5
1360.74	1585.11
1361.58	1597.98
1362.42	1596.56
1363.25	1585.17
1364.09	1537.32
1364.93	1539.55
1365.77	1568.01
1366.6	1570.49
1367.19	1572.19
1368.1	1548.82
1369.01	1524.37
1369.92	1544.11
1370.83	1530.23
1371.74	1540.82
1372.65	1517.82
1373.56	1465.23
1374.47	1483.45
1375.37	1454.4
1376.28	1476.42
1377.19	1427.55
1378.1	1434.61
1379	1412.15
1379.91	1393.61
1380.82	1417.25
1381.72	1416.3
1382.63	1395.63
1383.54	1342.52
1384.44	1419.36
1385.35	1333.8
1386.25	1357.66
1387.16	1385.42
1388.06	1408.36
1388.97	1397.33
1389.87	1390.29
1390.78	1426.08
1391.68	1477.4
1392.59	1470.47
1393.49	1473.22
1394.39	1432.3
1395.3	1370
1396.2	1257.43
1397.1	1249.3
1398	1169.84
1398.91	1103.16
1399.81	1097.41
1400.71	1053.26
1401.61	1054.41
1402.52	1058.38
1403.42	1004.64
1404.32	1034.37
1405.22	950.91
1406.12	970.118
1407.02	969.308
1407.92	977.26
1408.82	994.902
1409.72	948.602
1410.62	946.311
1411.52	949.721
1412.42	930.142
1413.32	956.305
1414.21	933.731
1415.11	909.228
1416.01	897.118
1416.91	905.976
1417.81	897.757
1418.71	887.75
1419.6	893.116
1420.5	933.824
1421.4	898.636
1422.29	878.727
1423.19	877.805
1424.09	853.954
1424.98	892.746
1425.88	885.79
1426.77	879.752
1427.67	899.398
1428.56	895.345
1429.46	897.065
1430.35	893.159
1431.25	919.734
1432.14	952.12
1433.04	975.132
1433.93	977.364
1434.82	1000.63
1435.72	998.274
1436.61	1076.94
1437.5	1103.29
1438.39	1149.71
1439.29	1133.14
1440.18	1206.26
1441.07	1243.02
1441.96	1240.51
1442.85	1252.31
1443.75	1282.39
1444.64	1279.19
1445.53	1284.84
1446.42	1327.06
1447.31	1309.79
1448.2	1347.99
1449.09	1342.73
1449.98	1335.33
1450.87	1331.69
1451.76	1331.98
1452.65	1369.11
1453.54	1354.62
1454.43	1391.48
1455.31	1366.72
1456.2	1320.48
1457.09	1391.68
1457.98	1390.95
1458.87	1392.82
1459.75	1431.37
1460.64	1468.27
1461.53	1486.28
1462.41	1585.08
1463.3	1631.92
1464.19	1693.23
1465.07	1819.19
1465.96	1876.74
1466.85	1914.43
1467.73	1935.48
1468.61	1897.43
1469.5	1863.5
1470.38	1830.76
1471.27	1856.35
1472.15	1885.8
1473.04	1912.17
1473.92	2011.17
1474.8	2098.32
1475.69	2086.39
1476.57	2149.42
1477.45	2077.8
1478.34	2054.13
1479.22	2044.23
1480.1	2038.06
1480.98	1983.72
1481.86	1988.95
1482.75	1972.08
1483.63	1954.74
1484.51	1812.22
1485.39	1641.12
1486.27	1491.02
1487.15	1249.41
1488.03	1105.86
1488.91	1002.98
1489.79	905.777
1490.67	826.813
1491.55	780.662
1492.43	722.941
1493.31	709.733
1494.19	662.864
1495.07	645.023
1495.94	632.033
1496.82	605.547
1497.7	605.011
1498.58	633.246
1499.45	567.293
1500.33	567.638
1501.21	540.203
1502.09	562.636
1502.96	529.566
1503.84	526.202
1504.72	531.444
1505.59	550.026
1506.47	511.322
1507.34	527.934
1508.22	496.908
1509.09	537.311
1509.97	507.356
1510.84	498.4
1511.72	484.745
1512.59	496.734
1513.46	502.031
1514.34	507.248
1515.21	478.292
1516.08	507.99
1516.96	502.64
1517.83	493.533
1518.7	491.075
1519.57	499.029
1520.45	493.845
1521.32	497.197
1522.19	460.178
1523.06	474.017
1523.93	488.834
1524.8	486.743
1525.67	473.346
1526.54	474.929
1527.41	464.257
1528.28	471.392
1529.16	480.4
1530.02	469.77
1530.89	471.392
1531.76	444.992
1532.63	471.093
1533.5	470.996
1534.37	459.651
1535.24	459.518
1536.11	479.955
1536.97	478.839
1537.84	427.185
1538.71	438.297
1539.57	454.155
1540.44	496.314
1541.31	467.368
1542.18	459.983
1543.04	460.082
1543.91	468.572
1544.77	468.544
1545.64	454.365
1546.5	456.1
1547.37	470.057
1548.24	448.453
1549.1	452.319
1549.96	449.763
1550.83	456.721
1551.69	456.203
1552.56	421.689
1553.42	445.52
1554.28	467.374
1555.15	427.757
1556.01	438.192
1556.87	432.638
1557.73	455.586
1558.6	453.117
1559.46	454.49
1560.32	463.425
1561.18	439.005
1562.04	428.698
1562.9	443.037
1563.77	443.09
1564.63	453.665
1565.49	453.863
1566.35	446.532
1567.21	460.274
1568.07	442.533
1568.93	450.583
1569.79	437.522
1570.64	478.084
1571.5	458.175
1572.36	442.036
1573.22	470.085
1574.08	467.418
1574.94	454.203
1575.8	434.261
1576.65	438.415
1577.51	444.5
1578.37	449.597
1579.22	464.324
1580.08	456.779
1580.94	447.273
1581.79	448.432
1582.65	442.841
1583.51	461.547
1584.36	450.194
1585.22	454.375
1586.07	477.026
1586.93	453.895
1587.78	479.418
1588.63	442.521
1589.49	474.808
1590.34	458.263
1591.2	450.42
1592.05	445.43
1592.9	439.412
1593.76	471.444
1594.61	464.482
1595.46	461.513
1596.32	488.917
1597.17	449.038
1598.02	477.578
1598.87	484.616
1599.72	441.678
1600.58	480.847
1601.43	487.604
1602.28	471.736
1603.13	479.272
1603.98	459.369
1604.83	483.467
1605.68	496.84
1606.53	479.997
1607.38	491.553
1608.23	508.022
1609.08	472.709
1609.93	490.049
1610.77	472.145
1611.62	500.997
1612.47	477.17
1613.32	476.79
1614.17	478.44
1615.01	479.198
1615.86	452.752
1616.71	512.912
1617.55	496.131
1618.4	484.132
1619.25	481.775
1620.09	490.041
1620.94	488.573
1621.79	490.043
1622.63	453.783
1623.48	480.577
1624.32	474.498
1625.17	489.761
1626.01	469.236
1626.86	477.75
1627.7	487.223
1628.54	474.433
1629.39	482.893
1630.23	513.534
1631.07	479.374
1631.92	492.51
1632.76	504.636
1633.6	456.001
1634.45	511.527
1635.29	495.76
1636.13	488.71
1636.97	510.56
1637.81	497.759
1638.66	520.55
1639.5	521.225
1640.34	523.861
1641.18	504.453
1642.02	496.644
1642.86	534.05
1643.7	517.661
1644.54	501.257
1645.38	526.162
1646.22	540.46
1647.06	528.79
1647.89	506.56
1648.73	535.331
1649.57	509.391
1650.41	528.747
1651.25	532.809
1652.09	521.509
1652.92	542.934
1653.76	519.926
1654.6	555.618
1655.43	542.042
1656.27	545.822
1657.11	558.38
1657.94	523.801
1658.78	549.224
1659.62	530.295
1660.45	533.578
1661.29	527.077
1662.12	540.781
1662.96	520.454
1663.79	539.837
1664.62	499.158
1665.46	539.1
1666.29	517.079
1667.13	529.148
1667.96	508.203
1668.79	517.408
1669.63	533.417
1670.46	514.258
1671.29	516.496
1672.12	529.431
1672.96	509.076
1673.79	489.648
1674.62	527.957
1675.45	503.651
1676.28	503.876
1677.11	496.321
1677.95	509.415
1678.78	477.334
1679.61	501.212
1680.44	474.847
1681.27	496.596
1682.1	446.397
1682.93	466.095
1683.75	478.943
1684.58	484.96
1685.41	461.452
1686.24	478.417
1687.07	459.856
1687.9	462.01
1688.73	435.469
1689.55	458.348
1690.38	439.65
1691.21	426.837
1692.04	434.759
1692.86	443.6
1693.69	436.531
1694.52	440.342
1695.34	424.382
1696.17	424.352
1696.99	416.49
1697.82	443.403
1698.64	436.643
1699.47	413.96
1700.29	428.931
1701.12	418.979
1701.94	431.788
1702.77	399.821
1703.59	428.414
1704.41	396.415
1705.24	401.171
1706.06	425.794
1706.88	414.71
1707.71	413.57
1708.53	424.347
1709.35	417.259
1710.17	416.105
1711	417.89
1711.82	390.881
1712.64	419.356
1713.46	387.367
1714.28	410.874
1715.1	380.951
1715.92	384.738
1716.74	399.433
1717.56	416.074
1718.38	397.013
1719.2	399.611
1720.02	417.916
1720.84	391.75
1721.66	401.172
1722.48	384.092
1723.3	383.903
1724.11	396.615
1724.93	388.653
1725.75	376.672
1726.57	371.467
1727.39	381.893
1728.2	395.181
1729.02	386.837
1729.84	376.605
1730.65	405.69
1731.47	382.844
1732.29	383.542
1733.1	375.389
1733.92	370.133
1734.73	430.371
1735.55	394.751
1736.36	381.67
1737.18	420.365
1737.99	399.534
1738.81	392.363
1739.62	395.881
1740.43	376.971
1741.25	396.011
1742.06	394.629
1742.87	392.312
1743.69	396.827
1744.5	404.267
1745.31	390.37
1746.13	362.919
1746.94	388.787
1747.75	386.577
1748.56	366.981
1749.37	405.493
1750.18	381.107
1750.99	374.137
1751.81	397.136
1752.61	376.606
1753.42	380.264
1754.24	391.683
1755.04	365.447
1755.85	394.307
1756.66	369.034
1757.47	366.895
1758.28	371.454
1759.09	373.067
1759.9	378.532
1760.71	380.18
1761.52	386.72
1762.32	364.422
1763.13	373.977
1763.94	372.942
1764.74	368.032
1765.55	370.813
1766.36	353.351
1767.17	364.839
1767.97	383.137
1768.78	362.919
1769.58	376.493
1770.39	363.043
1771.19	363.075
1772	377.564
1772.8	364.979
1773.61	372.689
1774.41	376.553
1775.22	367.865
1776.02	372.725
1776.83	346.616
1777.63	354.376
1778.43	366.999
1779.23	359.317
1780.04	375.916
1780.84	346.983
1781.64	359.798
1782.44	364.868
1783.25	375.773
1784.05	368.17
1784.85	361.504
1785.65	368.463
1786.45	356.895
1787.25	358.984
1788.05	377.691
1788.86	359.279
1789.65	363.331
1790.46	357.584
1791.25	359.647
1792.05	338.184
1792.85	369.644
1793.65	353.094
1794.45	349.325
1795.25	366.231
1796.05	349.772
1796.85	351.026
1797.64	382.834
1798.44	351.532
1799.24	346.786
1800.04	373.601
1800.83	366.793
1801.63	377.758
1802.43	349.14
1803.22	322.474
1804.02	351.25
1804.82	382.024
1805.61	350.349
1806.41	357.313
1807.2	344.435
1808	335.527
1808.79	334.575
1809.59	343.581
1810.38	369.508
1811.18	347.719
1811.97	359.691
1812.76	331.796
1813.56	338.65
1814.35	339.481
1815.14	362.186
1815.94	353.099
1816.73	352.044
1817.52	358.028
1818.31	372.02
1819.1	384.016
1819.9	349.133
1820.69	365.964
1821.48	354.837
1822.27	354.64
1823.06	346.487
1823.85	362.25
1824.64	353.14
1825.43	327.105
1826.22	359.758
1827.01	355.565
1827.8	365.293
1828.59	354.159
1829.38	344.059
1830.17	361.82
1830.96	352.739
1831.74	337.659
1832.53	362.267
1833.32	339.133
1834.11	346.746
1834.89	365.236
1835.68	348.022
1836.47	337.771
1837.26	364.167
1838.04	350.969
1838.83	343.715
1839.61	352.257
1840.4	373.586
1841.19	353.415
1841.97	363.8
1842.76	322.969
1843.54	327.491
1844.33	341.892
1845.11	346.516
1845.89	359.046
1846.68	344.097
1847.46	324.243
1848.25	336.764
1849.03	372.8
1849.81	355.863
1850.6	345.819
1851.38	335.805
1852.16	336.582
1852.94	364.767
1853.72	362.552
1854.51	355.404
1855.29	360.938
1856.07	364.485
1856.85	346.53
1857.63	330.547
1858.41	320.443
1859.19	355.196
1859.97	357.794
1860.75	335.122
1861.53	354.37
1862.31	323.058
1863.09	323.893
1863.87	323.751
1864.65	350.812
1865.43	368.07
1866.21	345.391
1866.99	338.224
1867.76	354.334
1868.54	348.132
1869.32	322.608
1870.1	338.837
1870.87	353.194
1871.65	346.296
1872.43	327.798
1873.2	314.133
1873.98	349.843
1874.76	323.537
1875.53	373.739
1876.31	325.195
1877.08	336.739
1877.86	358.023
1878.63	319.272
1879.41	332.831
1880.18	355.09
1880.96	324.963
1881.73	341.347
1882.5	345.131
1883.28	349.913
1884.05	331.455
1884.82	337.27
1885.6	330.479
1886.37	339.205
1887.14	323.638
1887.91	342.04
1888.68	328.394
1889.46	333.223
1890.23	337.126
1891	345.955
1891.77	335.408
1892.54	343.42
1893.31	312.505
1894.08	291.307
1894.85	337.467
1895.62	349.417
1896.39	317.236
1897.16	315.264
1897.93	349.428
1898.7	339.515
1899.47	365.864
1900.24	332.591
1901.01	322.913
1901.77	345.678
1902.54	316.497
1903.31	307.87
1904.08	320.819
1904.84	353.421
1905.61	320.046
1906.38	316.171
1907.14	332
1907.91	316.295
1908.68	332.169
1909.44	331.301
1910.21	317.615
1910.97	337.554
1911.74	331.811
1912.51	330.024
1913.27	326.242
1914.03	323.425
1914.8	331.497
1915.56	318.686
1916.33	338.626
1917.09	341.651
1917.85	345.644
1918.62	317.78
1919.38	305.814
1920.14	343.618
1920.9	326.713
1921.67	300.879
1922.43	314.95
1923.19	306.15
1923.95	349.296
1924.71	326.548
1925.47	316.722
1926.24	311.817
1927	327.855
1927.76	318.788
1928.52	302.655
1929.28	324.547
1930.04	316.381
1930.8	329.239
1931.56	333.093
1932.32	317.951
1933.08	312.859
1933.83	312.821
1934.59	333.86
1935.35	309.843
1936.11	321.868
1936.87	308.768
1937.62	313.625
1938.38	301.369
1939.14	342.164
1939.89	314.862
1940.65	334.66
1941.41	327.488
1942.16	320.349
1942.92	305.193
1943.68	313.993
1944.43	322.707
1945.19	322.346
1945.94	310.958
1946.7	333.485
1947.45	323.111
1948.21	309.802
1948.96	317.445
1949.71	322.126
1950.47	329.809
1951.22	304.71
1951.98	297.517
1952.73	308.196
1953.48	325.782
1954.23	337.34
1954.99	329.978
1955.74	333.454
1956.49	319.087
1957.24	325.508
1957.99	306.315
1958.75	327.664
1959.5	319.488
1960.25	334.016
1961	337.684
1961.75	316.688
1962.5	318.282
1963.25	324.746
1964	341.006
1964.75	344.497
1965.5	321.533
1966.25	314.272
1967	345.151
1967.74	331.916
1968.49	322.552
1969.24	313.177
1969.99	292.154
1970.74	324.722
1971.48	343.712
1972.23	336.56
1972.98	329.498
1973.73	339.941
1974.47	317.365
1975.22	343.204
1975.96	318.567
1976.71	336.488
1977.46	316.657
1978.2	331.65
1978.95	313.882
1979.69	302.974
1980.44	318.185
1981.18	337.302
1981.93	339.08
1982.67	324.438
1983.41	297.207
1984.16	319.003
1984.9	313.759
1985.64	333.456
1986.39	341.595
1987.13	338.255
1987.87	335.945
1988.61	304.987
1989.36	328.663
1990.1	319.825
1990.84	323.436
1991.58	320.353
1992.32	327.793
1993.06	295.113
1993.81	308.355
1994.55	310.189
1995.29	330.255
1996.03	298.749
1996.77	337.106
1997.51	319.978
1998.24	288.442
1998.98	297.096
1999.72	292.298
2000.46	302.813
2001.2	328.67
2001.94	333.446
2002.68	280.673
2003.41	321.973
2004.15	318.186
2004.89	320.166
2005.63	314.446
2006.36	282.735
2007.1	285.619
2007.84	309.673
2008.57	295.254
2009.31	287.6
2010.05	304.078
2010.78	298.442
2011.52	313.098
2012.25	287.207
2012.99	299.927
2013.72	290.372
2014.46	286.572
2015.19	287.583
2015.92	285.685
2016.66	299.327
2017.39	299.46
2018.13	297.717
2018.86	289.221
2019.59	289.494
2020.32	284.896
2021.06	296.849
2021.79	293.937
2022.52	310.169
2023.25	285.055
2023.98	314.473
2024.72	290.872
2025.45	301.468
2026.18	286.089
2026.91	288.332
2027.64	303.334
2028.37	329.971
2029.1	309.353
2029.83	289.532
2030.56	295.121
2031.29	285.207
2032.02	293.658
2032.75	303.793
2033.47	298.989
2034.2	321.998
2034.93	288.947
2035.66	277.051
2036.39	303.323
2037.11	281.284
2037.84	289.349
2038.57	292.364
2039.3	282.776
2040.02	297.657
2040.75	278.783
2041.47	296.573
2042.2	310.628
2042.93	304.714
2043.65	285.768
2044.38	304.457
2045.1	297.021
2045.83	295.8
2046.55	308.186
2047.28	291.188
2048	294.792
2048.73	304.589
2049.45	302.212
2050.17	302.145
2050.9	312.119
2051.62	304.718
2052.34	296.29
2053.07	303.635
2053.79	304.708
2054.51	306.323
2055.23	293.533
2055.95	299.254
2056.68	292.656
2057.4	296.302
2058.12	302.907
2058.84	303.332
2059.56	305.351
2060.28	297.346
2061	292.114
2061.72	291.728
2062.44	298.295
2063.16	300.62
2063.88	283.326
2064.6	298.471
2065.32	312.885
2066.03	298.027
2066.75	289.596
2067.47	304.372
2068.19	318.495
2068.91	309.125
2069.62	301.103
2070.34	305.499
2071.06	316.849
2071.77	310.216
2072.49	302.572
2073.21	311.249
2073.92	292.045
2074.64	303.308
2075.36	317.95
2076.07	308.349
2076.79	292.394
2077.5	303.133
2078.22	308.23
2078.93	312.418
2079.64	300.934
2080.36	286.032
2081.07	298.437
2081.79	299.528
2082.5	309.576
2083.21	302.225
2083.93	306.273
2084.64	323.038
2085.35	308.271
2086.07	293.686
2086.78	308.718
2087.49	300.489
2088.2	314.48
2088.91	294.938
2089.62	293.041
2090.33	295.512
2091.04	293.212
2091.76	299.69
2092.47	310.746
2093.18	307.19
2093.89	281.428
2094.6	308.131
2095.3	309.988
2096.01	318.751
2096.72	310.183
2097.43	317.83
2098.14	308.03
2098.85	294.688
2099.56	300.969
2100.09	299.545
2100.87	315.229
2101.65	321.042
2102.43	307.094
2103.21	313.881
2103.99	298.896
2104.77	306.558
2105.55	303.303
2106.32	305.924
2107.1	281.008
2107.88	317.109
2108.66	301.197
2109.44	325.633
2110.22	318.7
2110.99	282.311
2111.77	309.64
2112.55	308.4
2113.33	309.031
2114.1	291.063
2114.88	320.082
2115.66	309.122
2116.43	301.205
2117.21	281.646
2117.99	307.982
2118.76	317.692
2119.54	303.924
2120.31	342.804
2121.09	310.448
2121.86	303.467
2122.64	316.966
2123.41	301.256
2124.19	322.577
2124.96	301.084
2125.74	317.604
2126.51	311.785
2127.28	308.924
2128.06	308.023
2128.83	322.701
2129.61	304.201
2130.38	332.467
2131.15	325.618
2131.92	315.851
2132.7	316.834
2133.47	300.279
2134.24	309.095
2135.01	319.862
2135.78	332.579
2136.55	291.599
2137.33	295.539
2138.1	308.3
2138.87	295.691
2139.64	316.357
2140.41	298.917
2141.18	315.766
2141.95	301.292
2142.72	303.479
2143.49	304.668
2144.26	309.749
2145.03	314.799
2145.8	305.074
2146.57	289.444
2147.33	294.527
2148.1	291.774
2148.87	326.561
2149.64	322.875
2150.41	281.559
2151.17	294.579
2151.94	299.665
2152.71	292.868
2153.48	296.009
2154.24	325.008
2155.01	268.634
2155.78	315.618
2156.54	305.931
2157.31	295.208
2158.08	302.403
2158.84	312.578
2159.61	298.75
2160.37	293.867
2161.14	296.957
2161.9	310.055
2162.67	288.15
2163.43	288.315
2164.2	310.609
2164.96	302.87
2165.72	308.193
2166.49	286.316
2167.25	299.593
2168.01	303.742
2168.78	286.664
2169.54	300.829
2170.3	328.147
2171.07	282.856
2171.83	273.929
2172.59	300.411
2173.35	290.503
2174.11	310.929
2174.88	289.76
2175.64	293.852
2176.4	299.925
2177.16	300.966
2177.92	293.922
2178.68	307.21
2179.44	307.366
2180.2	300.445
2180.96	307.75
2181.72	318.095
2182.48	305.022
2183.24	303.094
2184	295.024
2184.76	293.03
2185.52	302.218
2186.28	312.42
2187.04	273.763
2187.79	317.581
2188.55	296.247
2189.31	313.612
2190.07	318.757
2190.83	312.694
2191.58	298.475
2192.34	317.868
2193.1	304.64
2193.85	304.623
2194.61	327.986
2195.37	318.698
2196.12	317.515
2196.88	328.514
2197.63	309.033
2198.39	320.081
2199.15	324.072
2199.9	309.837
2200.66	306.787
2201.41	303.714
2202.16	285.373
2202.92	290.32
2203.67	297.257
2204.43	305.202
2205.18	286.861
2205.93	301.989
2206.69	303.004
2207.44	300.004
2208.19	305.096
2208.95	320.273
2209.7	287.835
2210.45	298.867
2211.2	306.833
2211.95	273.361
2212.71	288.398
2213.46	311.499
2214.21	305.316
2214.96	295.092
2215.71	307.027
2216.46	321.939
2217.21	291.527
2217.96	324.469
2218.71	342.274
2219.46	308.891
2220.21	286.621
2220.96	314.517
2221.71	298.372
2222.46	303.29
2223.21	325.213
2223.96	293.083
2224.71	301.923
2225.46	314.71
2226.21	314.491
2226.95	314.288
2227.7	301.164
2228.45	314.973
2229.2	313.855
2229.94	329.659
2230.69	317.603
2231.44	303.568
2232.18	318.359
2232.93	324.188
2233.68	303.19
2234.42	320.879
2235.17	315.723
2235.92	331.369
2236.66	302.472
2237.41	292.437
2238.15	314.086
2238.9	319.93
2239.64	326.768
2240.38	332.608
2241.13	346.331
2241.87	285.017
2242.62	296.754
2243.36	316.367
2244.1	323.15
2244.85	301.358
2245.59	303.225
2246.33	299.191
2247.08	326.655
2247.82	302.949
2248.56	313.661
2249.3	323.358
2250.05	292.753
2250.79	307.332
2251.53	318.963
2252.27	307.079
2253.01	305.048
2253.75	316.782
2254.49	302.087
2255.23	288.394
2255.97	314.897
2256.71	292.377
2257.45	307.083
2258.19	312.931
2258.93	324.621
2259.67	325.511
2260.41	312.702
2261.15	313.644
2261.89	302.896
2262.63	324.521
2263.36	308.979
2264.1	330.688
2264.84	300.438
2265.58	321.142
2266.32	338.87
2267.05	312.409
2267.79	335.951
2268.53	311.408
2269.26	318.26
2270	327.095
2270.74	292.806
2271.48	322.319
2272.21	308.703
2272.95	311.804
2273.68	312.965
2274.42	317.089
2275.15	328.102
2275.89	319.425
2276.62	323.516
2277.36	308.863
2278.09	312.898
2278.83	305.087
2279.56	315.005
2280.29	327.878
2281.03	296.378
2281.76	315.18
2282.49	330.066
2283.23	311.443
2283.96	336.293
2284.69	310.814
2285.42	280.367
2286.16	307.244
2286.89	307.376
2287.62	328.249
2288.35	309.49
2289.08	326.381
2289.81	317.562
2290.55	321.677
2291.28	320.897
2292.01	303.285
2292.74	337.319
2293.47	294.843
2294.2	297.052
2294.93	294.246
2295.66	325.255
2296.39	295.454
2297.11	286.536
2297.85	315.484
2298.57	302.599
2299.3	305.708
2300.03	311.863
2300.76	304.081
2301.49	317.272
2302.22	292.464
2302.94	297.602
2303.67	326.732
2304.4	296.822
2305.12	321.984
2305.85	282.075
2306.58	308.305
2307.31	304.473
2308.03	321.691
2308.76	276.641
2309.48	315.897
2310.21	293.883
2310.93	300
2311.66	291.065
2312.38	300.247
2313.11	290.335
2313.83	298.528
2314.56	296.634
2315.28	297.731
2316.01	288.731
2316.73	277.715
2317.45	278.807
2318.18	292.021
2318.9	288.11
2319.62	297.313
2320.35	295.401
2321.07	298.514
2321.79	282.421
2322.52	268.339
2323.24	278.512
2323.96	276.573
2324.68	275.649
2325.4	277.754
2326.12	251.521
2326.84	237.403
2327.56	205.058
2328.29	209.139
2329.01	198.049
2329.73	224.428
2330.45	240.707
2331.17	243.83
2331.89	246.941
2332.61	285.504
2333.32	283.505
2334.04	272.366
2334.76	265.278
2335.48	288.606
2336.2	273.441
2336.92	270.455
2337.64	283.702
2338.35	264.496
2339.07	263.529
2339.79	266.606
2340.51	269.681
2341.23	279.873
2341.94	267.773
2342.66	278.032
2343.37	271.049
2344.09	279.289
2344.81	272.246
2345.52	287.499
2346.24	276.265
2346.95	288.363
2347.67	280.147
2348.38	287.201
2349.1	273.005
2349.82	282.217
2350.53	276.243
2351.24	268.238
2351.96	287.643
2352.67	277.523
2353.39	289.716
2354.1	272.396
2354.81	289.618
2355.53	255.035
2356.24	257.047
2356.95	276.347
2357.66	281.451
2358.38	272.354
2359.09	258.191
2359.8	294.846
2360.51	259.369
2361.22	263.546
2361.94	264.694
2362.65	267.889
2363.36	261.917
2364.07	289.543
2364.78	269.241
2365.49	255.005
2366.2	275.391
2366.91	280.464
2367.62	309.993
2368.33	294.7
2369.04	276.374
2369.75	261.12
2370.46	249.945
2371.16	261.186
2371.87	259.173
2372.58	262.253
2373.29	271.454
2374	276.585
2374.71	277.642
2375.41	265.441
2376.12	281.784
2376.83	273.656
2377.53	265.534
2378.24	280.885
2378.95	276.871
2379.65	275.919
2380.36	275.973
2381.07	272.942
2381.77	283.157
2382.48	281.122
2383.18	281.155
2383.89	279.192
2384.59	265.014
2385.3	278.435
2386	263.225
2386.71	272.5
2387.41	248.987
2388.12	258.146
2388.82	284.651
2389.52	284.59
2390.23	284.57
2390.93	309.112
2391.63	277.488
2392.34	289.787
2393.04	268.335
2393.74	273.421
2394.44	279.517
2395.15	288.7
2395.85	289.757
2396.55	300.051
2397.25	301.166
2397.95	275.681
2398.65	303.298
2399.35	295.077
2400.05	308.271
2400.75	271.4
2401.45	284.591
2402.15	304.952
2402.85	280.456
2403.55	293.759
2404.25	289.745
2404.95	309.225
2405.65	290.926
2406.35	326.741
2407.05	265.498
2407.75	298.224
2408.44	289.064
2409.14	297.282
2409.84	293.249
2410.54	284.103
2411.24	299.474
2411.93	283.125
2412.63	267.766
2413.33	273.844
2414.02	276.836
2414.72	287.991
2415.42	289.958
2416.11	288.874
2416.81	295.97
2417.5	308.185
2418.2	300.025
2418.9	303.106
2419.59	276.612
2420.28	299.063
2420.98	267.416
2421.67	282.642
2422.37	271.328
2423.06	284.468
2423.75	290.503
2424.45	288.451
2425.14	269.158
2425.84	277.403
2426.53	273.444
2427.22	300.048
2427.91	297.052
2428.61	285.838
2429.3	290.874
2429.99	297.888
2430.68	269.22
2431.37	281.262
2432.07	273.973
2432.76	298.21
2433.45	277.792
2434.14	280.791
2434.83	293.988
2435.52	291.987
2436.21	277.797
2436.9	287.933
2437.59	281.777
2438.28	274.564
2438.97	303.822
2439.66	287.465
2440.35	309.626
2441.04	298.406
2441.72	294.306
2442.41	258.857
2443.1	254.766
2443.79	273.913
2444.48	287.977
2445.16	309.1
2445.85	284.783
2446.54	280.708
2447.23	294.834
2447.91	273.639
2448.6	272.629
2449.29	293.81
2449.97	268.546
2450.66	279.604
2451.34	288.646
2452.03	298.713
2452.72	308.797
2453.4	292.665
2454.09	317.858
2454.77	284.528
2455.46	288.455
2456.14	310.467
2456.82	294.199
2457.51	306.136
2458.19	304.037
2458.88	318.081
2459.56	307.044
2460.24	280.955
2460.92	303.138
2461.61	317.281
2462.29	306.267
2462.97	314.346
2463.66	287.189
2464.34	311.301
2465.02	323.301
2465.7	327.221
2466.38	291.941
2467.06	319.962
2467.75	304.822
2468.42	316.828
2469.11	316.836
2469.79	307.85
2470.47	313.95
2471.15	301.983
2471.83	320.135
2472.51	334.248
2473.19	322.209
2473.86	298.088
2474.54	324.177
2475.22	306.075
2475.9	301.051
2476.58	317.15
2477.26	317.217
2477.94	288.177
2478.61	306.366
2479.29	298.417
2479.97	309.549
2480.65	300.547
2481.32	323.712
2482	302.622
2482.68	298.638
2483.35	312.772
2484.03	306.788
2484.71	304.812
2485.38	295.765
2486.06	307.821
2486.73	293.7
2487.41	300.708
2488.08	288.63
2488.76	307.769
2489.43	294.764
2490.11	309.961
2490.78	313.106
2491.45	315.245
2492.13	300.242
2492.8	280.171
2493.48	299.387
2494.15	304.494
2494.82	292.474
2495.49	308.718
2496.17	306.846
2496.84	332.263
2497.51	301.137
2498.18	308.372
2498.86	315.57
2499.53	333.844
2500.2	315.658
2500.87	303.526
2501.54	331.881
2502.21	288.46
2502.88	315.926
2503.55	317.129
2504.22	301.11
2504.89	312.427
2505.56	331.82
2506.23	326.818
2506.9	312.659
2507.57	340.12
2508.24	330.063
2508.91	339.337
2509.58	321.2
2510.25	320.307
2510.91	354.963
2511.58	341.798
2512.25	356.073
2512.92	356.119
2513.59	323.643
2514.25	347.152
2514.92	324.89
2515.59	339.276
2516.25	336.337
2516.92	341.522
2517.59	313.049
2518.25	342.65
2518.92	329.433
2519.58	333.549
2520.25	347.879
2520.91	331.649
2521.58	325.649
2522.24	326.824
2522.91	333.133
2523.57	328.222
2524.24	329.432
2524.9	317.325
2525.56	307.231
2526.23	320.661
2526.89	340.233
2527.55	324.971
2528.22	330.18
2528.88	315.889
2529.54	351.788
2530.21	335.386
2530.87	349.727
2531.53	329.248
2532.19	309.846
2532.85	322.288
2533.51	309.14
2534.18	316.528
2534.84	322.87
2535.5	330.177
2536.16	336.373
2536.82	308.578
2537.48	352.672
2538.14	328.959
2538.8	315.568
2539.46	354.607
2540.12	334.16
2540.78	344.576
2541.44	331.382
2542.09	335.656
2542.75	345.047
2543.41	347.185
2544.07	350.286
2544.73	348.17
2545.39	335.709
2546.04	364.338
2546.7	347.725
2547.36	348.612
2548.02	358.788
2548.67	361.837
2549.33	357.754
2549.98	344.463
2550.64	385.59
2551.3	364.092
2551.95	381.611
2552.61	370.379
2553.26	359.145
2553.92	383.854
2554.57	375.655
2555.23	373.562
2555.88	384.756
2556.54	355.857
2557.19	395.694
2557.85	369.886
2558.5	351.317
2559.15	391.215
2559.81	376.857
2560.46	407.616
2561.11	397.404
2561.77	409.713
2562.42	400.461
2563.07	415.734
2563.72	402.275
2564.37	394.936
2565.03	433.633
2565.68	380.338
2566.33	396.646
2566.98	410.978
2567.63	415.133
2568.28	412.129
2568.93	415.208
2569.58	395.724
2570.23	388.455
2570.88	423.055
2571.53	408.65
2572.18	417.807
2572.83	422.938
2573.48	369.895
2574.13	420.997
2574.78	390.368
2575.43	430.153
2576.07	397.408
2576.72	388.14
2577.37	391.122
2578.02	374.731
2578.67	394.039
2579.31	374.578
2579.96	393.826
2580.61	371.264
2581.26	384.346
2581.9	369.959
2582.55	378.014
2583.19	365.789
2583.84	383.13
2584.49	380.158
2585.13	366.998
2585.78	362.941
2586.42	374.07
2587.07	382.054
2587.71	354.396
2588.36	374.485
2589	368.175
2589.65	360.905
2590.29	350.656
2590.93	385.072
2591.58	358.709
2592.22	374.96
2592.86	357.788
2593.51	377.141
2594.15	340.73
2594.79	355.04
2595.43	361.232
2596.07	363.34
2596.72	360.333
2597.36	370.474
2598	367.373
2598.64	368.305
2599.28	364.164
2599.92	353.967
2600.56	367.135
2601.2	373.245
2601.85	357.069
2602.49	355.088
2603.13	350.043
2603.76	359.168
2604.4	370.297
2605.04	374.317
2605.68	369.218
2606.32	357.036
2606.96	346.884
2607.6	354.964
2608.24	358.96
2608.88	339.629
2609.51	374.987
2610.15	375.924
2610.79	363.75
2611.43	361.762
2612.06	355.781
2612.7	358.951
2613.34	345.92
2613.97	373.423
2614.61	351.23
2615.25	368.563
2615.88	379.802
2616.52	362.63
2617.15	385.041
2617.79	370.926
2618.42	336.505
2619.06	363.011
2619.69	359.041
2620.33	363.178
2620.96	384.567
2621.6	383.578
2622.23	371.399
2622.86	370.41
2623.5	400.956
2624.13	374.607
2624.76	398.096
2625.4	382.945
2626.03	370.822
2626.66	378.003
2627.29	390.252
2627.93	384.181
2628.56	406.623
2629.19	418.921
2629.82	411.909
2630.45	401.853
2631.08	418.278
2631.71	381.7
2632.34	360.378
2632.98	438.95
2633.61	387.039
2634.24	424.886
2634.87	420.96
2635.5	429.305
2636.12	426.427
2636.75	417.407
2637.38	418.582
2638.01	407.47
2638.64	419.851
2639.27	403.578
2639.9	452.748
2640.53	433.358
2641.15	451.799
2641.78	440.561
2642.41	438.539
2643.04	459.053
2643.66	463.236
2644.29	456.195
2644.92	470.669
2645.54	453.392
2646.17	451.443
2646.8	459.698
2647.42	472.014
2648.05	469.959
2648.67	487.366
2649.3	484.298
2649.92	472.043
2650.55	499.789
2651.17	497.869
2651.8	457.024
2652.42	480.788
2653.05	499.438
2653.67	471.888
2654.29	494.585
2654.92	504.92
2655.54	495.703
2656.16	482.36
2656.79	492.637
2657.41	457.33
2658.03	471.842
2658.65	510.427
2659.27	489.903
2659.9	500.344
2660.52	497.86
2661.14	478.92
2661.76	505.212
2662.38	480.608
2663	478.018
2663.62	499.487
2664.24	502.575
2664.86	481.322
2665.48	508.335
2666.1	532.013
2666.72	483.308
2667.34	510.009
2667.96	508.192
2668.58	503.345
2669.2	519.782
2669.82	490.752
2670.44	510.344
2671.05	514.923
2671.67	519.661
2672.29	548.37
2672.91	523.202
2673.53	533.114
2674.14	559.741
2674.76	568.281
2675.38	578.679
2675.99	578.17
2676.61	606.919
2677.23	592.032
2677.84	637.455
2678.46	666.74
2679.07	714.456
2679.69	727.866
2680.3	779.505
2680.92	831.904
2681.53	850.728
2682.15	879.664
2682.76	899.636
2683.38	920.27
2683.99	898.035
2684.61	892.174
2685.22	891.284
2685.83	862.343
2686.44	841.942
2687.06	868.713
2687.67	857.474
2688.28	854.756
2688.9	847.421
2689.51	864.149
2690.12	881.365
2690.73	896.871
2691.34	871.727
2691.96	898.677
2692.57	870.144
2693.18	908.558
2693.79	908.692
2694.4	913.608
2695.01	904.667
2695.62	885.673
2696.23	886.796
2696.84	904.494
2697.45	882.791
2698.06	882.959
2698.67	877.828
2699.28	881.223
2699.88	874.656
2700.49	862.925
2701.1	872.842
2701.71	878.331
2702.32	880.2
2702.93	884.784
2703.53	879.326
2704.14	895.307
2704.75	885.075
2705.36	876.414
2705.96	883.048
2706.57	885.123
2707.17	894.412
2707.78	908.757
2708.39	901.838
2708.99	911.913
2709.6	913.682
2710.2	934.775
2710.81	932.268
2711.41	949.458
2712.02	928.205
2712.62	950.34
2713.23	964.814
2713.83	956.033
2714.44	951.528
2715.04	953.124
2715.64	949.219
2716.25	965.265
2716.85	962.124
2717.45	984.677
2718.05	985.366
2718.66	985.076
2719.26	996.371
2719.86	1010.69
2720.46	1010.59
2721.06	1002.99
2721.67	1005.47
2722.27	1023.68
2722.87	1017.34
2723.47	1029.78
2724.07	1046.47
2724.67	1045.89
2725.27	1044.01
2725.71	1063.47
2726.38	1045.97
2727.06	1062.93
2727.73	1061.44
2728.4	1061.96
2729.07	1046.26
2729.74	1065.27
2730.42	1088.54
2731.09	1047.01
2731.76	1074.76
2732.43	1072.14
2733.1	1092.95
2733.77	1121.87
2734.44	1089.63
2735.11	1111.17
2735.78	1106.08
2736.45	1107.97
2737.12	1130.09
2737.79	1119.57
2738.46	1128.37
2739.13	1110.78
2739.8	1141.09
2740.47	1166.51
2741.14	1171.81
2741.81	1114.25
2742.47	1142.21
2743.14	1124.42
2743.81	1140.16
2744.48	1089.61
2745.15	1137.77
2745.81	1128.83
2746.48	1162.72
2747.15	1166.08
2747.81	1195.99
2748.48	1178.97
2749.15	1196.51
2749.81	1220.01
2750.48	1181.11
2751.15	1190.08
2751.81	1200.11
2752.48	1162.41
2753.14	1155.57
2753.81	1141.84
2754.47	1102.7
2755.14	1093.07
2755.8	1105.7
2756.47	1064.94
2757.13	1043.42
2757.8	1052.49
2758.46	1037.11
2759.13	1016.78
2759.79	1048.74
2760.45	1047.07
2761.12	1021.85
2761.78	1020
2762.44	1041.5
2763.1	1070.02
2763.77	1063.74
2764.43	1054.5
2765.09	1058.76
2765.76	1047.89
2766.42	1067.89
2767.08	1073.64
2767.74	1110.11
2768.4	1120.87
2769.06	1144.84
2769.72	1195.38
2770.38	1161.7
2771.05	1237.79
2771.71	1242.11
2772.37	1282.46
2773.03	1296.25
2773.69	1398.49
2774.35	1422.68
2775.01	1482.76
2775.67	1615.69
2776.33	1611.69
2776.99	1707.35
2777.64	1832.86
2778.3	1901.93
2778.96	1954.69
2779.62	1981.79
2780.28	2035.56
2780.94	2042.86
2781.59	2031.5
2782.25	2019.1
2782.91	2023.32
2783.57	1984.6
2784.22	1960.56
2784.88	1972.73
2785.54	1949.84
2786.2	1956.52
2786.85	1926.61
2787.51	1963.2
2788.16	1986.08
2788.82	1941.01
2789.48	2015.69
2790.13	2026.05
2790.79	2029.71
2791.44	2072.79
2792.1	2067.44
2792.75	2093.69
2793.41	2141.07
2794.06	2172.55
2794.72	2197.53
2795.37	2237.85
2796.02	2268.97
2796.68	2275.57
2797.33	2310.19
2797.98	2317.29
2798.64	2356.48
2799.29	2371.15
2799.94	2418.83
2800.6	2468.64
2801.25	2496.87
2801.9	2514.81
2802.55	2590.35
2803.21	2601.92
2803.86	2633.89
2804.51	2641.98
2805.16	2647.85
2805.81	2760.74
2806.46	2764.53
2807.11	2820.87
2807.77	2903.97
2808.42	2850.1
2809.07	2880.44
2809.72	2991.81
2810.37	2979.55
2811.02	3040.26
2811.67	3113.47
2812.32	3113.01
2812.97	3191.01
2813.61	3252.9
2814.26	3252.28
2814.91	3263.01
2815.56	3312.69
2816.21	3357.09
2816.86	3425.95
2817.51	3510
2818.15	3500.25
2818.8	3482.05
2819.45	3550.02
2820.1	3608.79
2820.74	3675.08
2821.39	3717.26
2822.04	3775.32
2822.69	3810.97
2823.33	3894.67
2823.98	3872.98
2824.63	3982.07
2825.27	3999.21
2825.92	4040.86
2826.56	4080.73
2827.21	4162.17
2827.85	4147.78
2828.5	4207.71
2829.14	4215.63
2829.79	4260.73
2830.43	4260.87
2831.08	4260.07
2831.72	4318.8
2832.37	4355.78
2833.01	4342.03
2833.65	4428.6
2834.3	4414.03
2834.94	4412.46
2835.58	4471.23
2836.23	4459.93
2836.87	4430.1
2837.51	4473.36
2838.16	4494.5
2838.8	4552.15
2839.44	4533.36
2840.08	4617.48
2840.72	4616.23
2841.36	4574.4
2842.01	4645.08
2842.65	4641.53
2843.29	4661.63
2843.93	4645.97
2844.57	4707.52
2845.21	4673.68
2845.85	4697.38
2846.49	4693.51
2847.13	4741.34
2847.77	4717.87
2848.41	4781.21
2849.05	4822.11
2849.69	4763.88
2850.33	4767.46
2850.97	4710.28
2851.61	4678.95
2852.24	4659.64
2852.88	4745.46
2853.52	4846.54
2854.16	4839.93
2854.8	4790.03
2855.43	4832.86
2856.07	4780.72
2856.71	4820.38
2857.35	4804.87
2857.98	4877.61
2858.62	4902.42
2859.26	4954.8
2859.89	4968.97
2860.53	4993.87
2861.16	5066.97
2861.8	5127.03
2862.44	5180.13
2863.07	5113.18
2863.71	5187.26
2864.34	5242.06
2864.98	5302.44
2865.61	5360.12
2866.25	5406.57
2866.88	5488.93
2867.52	5609.04
2868.15	5679.31
2868.78	5695.71
2869.42	5767.86
2870.05	5835.22
2870.69	5879.5
2871.32	6115.37
2871.95	6130.1
2872.58	6246.25
2873.22	6415.93
2873.85	6461.13
2874.48	6701.99
2875.11	6681.16
2875.75	6812.39
2876.38	6937.08
2877.01	7064.88
2877.64	7223.74
2878.27	7237.48
2878.9	7350.85
2879.53	7476.47
2880.16	7552.63
2880.79	7730.46
2881.42	7743.19
2882.05	7929.39
2882.68	7974.19
2883.31	8100.33
2883.94	8156.98
2884.57	8285.67
2885.2	8300.54
2885.83	8408.8
2886.46	8375.74
2887.09	8490.59
2887.72	8486.43
2888.35	8624.43
2888.97	8583.51
2889.6	8651.17
2890.23	8598.15
2890.86	8674.87
2891.49	8647.54
2892.11	8638.2
2892.74	8617.59
2893.37	8605.89
2893.99	8613.62
2894.62	8739.73
2895.25	8646.82
2895.87	8593.86
2896.5	8639.52
2897.12	8746.76
2897.75	8731.58
2898.38	8710.25
2899	8789.11
2899.63	8833.14
2900.25	8841.69
2900.88	8937.88
2901.5	8958.78
2902.12	9024.14
2902.75	9011.62
2903.37	9038.56
2904	9093.36
2904.62	9062.49
2905.25	9044.09
2905.87	8961.13
2906.49	9011.62
2907.11	9046.64
2907.74	8919.63
2908.36	8903.92
2908.98	8911.81
2909.6	8747.26
2910.23	8801.46
2910.85	8656.25
2911.47	8567.34
2912.09	8528.3
2912.71	8403.74
2913.33	8359.72
2913.96	8269.34
2914.58	8065.44
2915.2	7874.12
2915.82	7810.93
2916.44	7612.42
2917.06	7483.42
2917.68	7340.88
2918.3	7266.43
2918.92	7196.72
2919.54	7098.97
2920.16	6985.85
2920.77	6923.87
2921.39	6836.91
2922.01	6808.37
2922.63	6740.87
2923.25	6690.92
2923.87	6701.03
2924.48	6691.81
2925.1	6676.33
2925.72	6596.17
2926.34	6651.07
2926.95	6706.17
2927.57	6593.09
2928.19	6619.03
2928.8	6616.19
2929.42	6665.98
2930.04	6647.39
2930.65	6651.16
2931.27	6759.82
2931.89	6760.69
2932.5	6829.04
2933.12	6795.72
2933.73	6897.68
2934.35	6892.28
2934.96	6952.06
2935.58	7024.56
2936.19	7153.64
2936.81	7032.22
2937.42	7145.23
2938.03	7171.84
2938.65	7282.97
2939.26	7322.34
2939.88	7242.42
2940.49	7263.38
2941.1	7296.87
2941.71	7199.07
2942.33	7244.06
2942.94	7246.84
2943.55	7204.2
2944.17	7173.73
2944.78	7136.99
2945.39	7106.01
2946	7081.91
2946.61	7041.2
2947.22	6934.42
2947.83	7013.39
2948.45	6924.06
2949.06	6940.27
2949.67	6907.2
2950.28	6776.85
2950.89	6804.29
2951.5	6701.52
2952.11	6552.8
2952.72	6499.79
2953.33	6305.19
2953.94	6305.29
2954.54	6242.37
2955.15	6181.08
2955.76	6067.32
2956.37	5991.42
2956.98	5878.29
2957.59	5741.95
2958.2	5696.3
2958.8	5622.15
2959.41	5479.76
2960.02	5460.95
2960.63	5400.01
2961.23	5278.41
2961.84	5175
2962.45	5006.65
2963.05	4988.3
2963.66	4882.11
2964.27	4775.92
2964.87	4755.17
2965.48	4676.48
2966.08	4582.61
2966.69	4509.08
2967.29	4417.36
2967.9	4331.99
2968.5	4228.43
2969.11	4155.51
2969.71	4020.09
2970.32	3990.32
2970.92	3941.75
2971.53	3843.26
2972.13	3726.2
2972.74	3637.38
2973.34	3531.24
2973.94	3528.25
2974.54	3380.11
2975.15	3385.27
2975.75	3335.59
2976.35	3250.76
2976.96	3175.74
2977.56	3104.07
2978.16	3061.12
2978.76	2969.84
2979.36	2902.1
2979.97	2876.5
2980.57	2821.32
2981.17	2695.29
2981.77	2696.17
2982.37	2623.74
2982.97	2610.36
2983.57	2508.63
2984.17	2412.2
2984.77	2371.5
2985.37	2322.15
2985.97	2292.79
2986.57	2265.85
2987.17	2211.32
2987.77	2112.56
2988.37	2097.51
2988.97	2009.35
2989.57	1978.32
2990.17	1979.94
2990.76	1892.43
2991.36	1807.11
2991.96	1818.22
2992.56	1760.81
2993.16	1720.8
2993.75	1677.58
2994.35	1628.06
2994.95	1627.53
2995.54	1611.64
2996.14	1523.29
2996.74	1550.75
2997.33	1469.04
2997.93	1444.76
2998.52	1409.29
2999.12	1363.55
2999.72	1347.45
3000.31	1334.38
3000.91	1323.36
3001.5	1271.38
3002.1	1288.98
3002.69	1230.71
3003.29	1205.1
3003.88	1205.01
3004.47	1195.69
3005.07	1105.57
3005.66	1131.35
3006.26	1078.48
3006.85	1068.78
3007.44	1028.37
3008.04	1049.41
3008.63	1033.35
3009.22	1022.18
3009.81	1011.86
3010.41	1001.44
3011	984.897
3011.59	999.251
3012.18	932.668
3012.77	927.751
3013.36	901.297
3013.96	908.697
3014.55	893.469
3015.14	887.498
3015.73	837.403
3016.32	848.02
3016.91	857.664
3017.5	849.796
3018.09	788.293
3018.68	796.646
3019.27	794.622
3019.86	793.625
3020.45	797.856
3021.04	803.24
3021.63	768.541
3022.22	773.011
3022.8	776.404
3023.39	755.982
3023.98	737.535
3024.57	767.542
3025.16	729.458
3025.74	725.435
3026.33	712.114
3026.92	732.808
3027.5	737.952
3028.09	702.784
3028.68	676.897
3029.26	701.614
3029.85	717.142
3030.44	716.283
3031.02	678.354
3031.61	687.951
3032.19	694.425
3032.78	679.12
3033.37	674.051
3033.95	694.747
3034.54	683.362
3035.12	684.381
3035.71	661.651
3036.29	655.475
3036.87	655.509
3037.46	695.861
3038.04	662.831
3038.63	676.364
3039.21	659.985
3039.79	671.613
3040.38	633.638
3040.96	691.947
3041.54	674.623
3042.12	627.114
3042.71	665.449
3043.29	646.659
3043.87	651.615
3044.45	689.683
3045.03	684.333
3045.62	679.104
3046.2	664.686
3046.78	638.97
3047.36	665.047
3047.94	664.193
3048.52	665.355
3049.1	643.659
3049.68	665.415
3050.26	666.415
3050.84	689.15
3051.42	664.238
3052	676.61
3052.58	654.812
3053.16	640.279
3053.74	670.296
3054.32	651.704
3054.89	630.069
3055.47	683.069
3056.05	660.504
3056.63	653.473
3057.21	677.49
3057.78	679.652
3058.36	667.194
3058.94	677.465
3059.52	711.534
3060.09	694.829
3060.67	685.441
3061.25	702.025
3061.82	704.151
3062.4	674.155
3062.97	688.68
3063.55	704.183
3064.13	680.265
3064.7	708.147
3065.28	680.13
3065.85	671.855
3066.43	671.913
3067	648.143
3067.58	698.906
3068.15	659.442
3068.72	690.306
3069.3	702.449
3069.87	687.682
3070.45	711.269
3071.02	707.043
3071.59	694.662
3072.17	668.904
3072.74	685.551
3073.31	683.517
3073.89	661.738
3074.46	668.85
3075.03	685.246
3075.6	685.144
3076.17	667.565
3076.74	659.39
3077.32	658.529
3077.89	681.487
3078.46	702.362
3079.03	704.546
3079.6	703.531
3080.17	663.099
3080.74	667.091
3081.31	698.954
3081.88	661.511
3082.45	692.305
3083.02	674.537
3083.59	680.55
3084.16	696.893
3084.73	667.81
3085.3	683.135
3085.87	685.083
3086.43	691.229
3087	702.621
3087.57	688.29
3088.14	686.369
3088.71	724.685
3089.28	676.219
3089.84	677.231
3090.41	691.611
3090.98	711.126
3091.54	692.452
3092.11	743.947
3092.68	694.32
3093.24	696.271
3093.81	713.682
3094.38	746.563
3094.94	729.973
3095.51	710.316
3096.07	702.007
3096.64	714.296
3097.2	739.959
3097.77	730.586
3098.33	743.916
3098.9	714.045
3099.46	742.962
3100.03	722.465
3100.59	708.138
3101.15	745.291
3101.72	737.034
3102.28	714.292
3102.84	738.912
3103.41	745.991
3103.97	741.728
3104.53	752.901
3105.1	740.388
3105.66	747.44
3106.22	747.307
3106.78	754.405
3107.34	763.589
3107.91	785.139
3108.47	751.165
3109.03	748.081
3109.59	741.968
3110.15	741.071
3110.71	760.827
3111.27	763.13
3111.83	773.641
3112.39	786.115
3112.95	792.267
3113.51	802.407
3114.07	798.071
3114.63	770.087
3115.19	791.575
3115.75	788.462
3116.31	792.617
3116.87	777.233
3117.43	809.13
3117.98	792.592
3118.54	772.9
3119.1	808.707
3119.66	800.3
3120.22	768.306
3120.77	807.299
3121.33	798.041
3121.89	816.551
3122.44	798.039
3123	792.828
3123.56	829.666
3124.11	834.583
3124.67	830.234
3125.23	817.706
3125.78	832.969
3126.34	791.885
3126.89	844.292
3127.45	833.142
3128	805.592
3128.56	833.479
3129.11	826.415
3129.67	811.075
3130.22	827.506
3130.78	843.864
3131.33	848.859
3131.88	850.725
3132.44	840.255
3132.99	832.881
3133.54	837.861
3134.1	823.408
3134.65	882.868
3135.2	838.78
3135.76	862.421
3136.31	880.945
3136.86	855.35
3137.41	853.328
3137.96	854.361
3138.51	861.526
3139.07	860.469
3139.62	866.586
3140.17	888.091
3140.72	882.943
3141.27	869.604
3141.82	895.244
3142.37	891.127
3142.92	890.056
3143.47	889.992
3144.02	883.782
3144.57	888.897
3145.12	896.141
3145.67	902.448
3146.22	918.06
3146.77	915.234
3147.32	917.506
3147.86	918.676
3148.41	943.354
3148.96	934.056
3149.51	915.442
