401.058	2629.29
402.149	2644.93
403.243	2653.77
404.332	2706.79
405.424	2576.49
406.515	2597.23
407.606	2587.88
408.697	2505.37
409.785	2481.39
410.876	2407.67
411.967	2366.68
413.055	2364.68
414.143	2340.69
415.233	2330.3
416.321	2347.56
417.409	2313.44
418.499	2368.68
419.586	2479.7
420.673	2461.32
421.761	2491.73
422.848	2581.85
423.935	2657.63
425.02	2678.3
426.106	2708.27
427.193	2785.97
428.278	2890
429.364	2884.14
430.45	2933.51
431.534	3054.88
432.618	3066.55
433.704	3097.35
434.788	3062.64
435.871	3116.45
436.955	3122.5
438.038	3097.19
439.123	3064.54
440.204	2979.82
441.287	2944.5
442.37	2795.8
443.452	2759.84
444.535	2638.06
445.615	2559.93
446.698	2584.5
447.78	2427.36
448.86	2305.04
449.939	2281.78
451.021	2212.69
452.101	2174.5
453.18	2146.58
454.262	2209.27
455.341	2073.88
456.42	2098.41
457.499	2128.15
458.578	2086.47
459.654	2091.48
460.733	2127.48
461.811	2098.77
462.89	2005.06
463.966	2008.87
465.044	2006.09
466.12	2045.13
467.197	2067.33
468.273	2037.14
469.349	2066.04
470.426	2042.04
471.501	2067.63
472.576	2002.63
473.651	2057.61
474.726	2075.75
475.801	2032.23
476.876	2081.92
477.95	2113.22
479.022	2161.07
480.097	2161.27
481.171	2110.13
482.243	2182.84
483.317	2156.28
484.388	2205.53
485.46	2277.76
486.533	2262.97
487.605	2372.58
488.676	2393.44
489.747	2450.25
490.818	2431.83
491.889	2540.81
492.959	2541.73
494.03	2550.33
495.1	2541.5
496.171	2635.27
497.239	2666.05
498.309	2655.96
499.379	2601.64
500.446	2670.23
501.514	2640.28
502.584	2585.31
503.651	2552.92
504.718	2585.03
505.788	2557.91
506.855	2570.2
507.921	2500.98
508.988	2516.84
510.055	2605.05
511.119	2586.26
512.186	2591.48
513.252	2681.25
514.318	2703.45
515.382	2705.66
516.448	2807.13
517.512	2850.12
518.577	2882.4
519.641	2885.62
520.704	2896.56
521.768	2961.18
522.833	3030.54
523.896	3004.61
524.959	3020.5
526.021	3102.14
527.084	3159.91
528.144	3186.64
529.207	3305.72
530.269	3280.2
531.331	3275.06
532.391	3345.14
533.453	3308.78
534.513	3281.01
535.572	3271.42
536.634	3236.83
537.693	3177.95
538.752	3109.95
539.812	3027.78
540.87	2918.98
541.929	2857.35
542.988	2748.83
544.047	2651.64
545.105	2591.39
546.164	2442.54
547.22	2431.73
548.278	2306.03
549.336	2202.23
550.392	2156.18
551.448	2131.77
552.505	2069.51
553.561	1991.82
554.616	1986.1
555.671	1928.18
556.728	1869.99
557.783	1914.74
558.836	1830.53
559.891	1763.74
560.946	1771.21
562	1720.33
563.055	1711.53
564.107	1583.56
565.161	1616.11
566.213	1646.79
567.267	1617.21
568.318	1541.34
569.37	1580.1
570.424	1609.6
571.475	1566.22
572.526	1615.18
573.577	1586.69
574.628	1634.73
575.679	1603.57
576.73	1600.15
577.781	1642.89
578.829	1639.78
579.88	1594.5
580.93	1573.21
581.978	1546.38
583.026	1484.52
584.076	1434.54
585.124	1470.96
586.172	1486.2
587.221	1490.38
588.269	1503.67
589.316	1523.26
590.363	1444.49
591.41	1476.71
592.457	1508.09
593.502	1499.44
594.549	1509.6
595.595	1401.1
596.64	1345.14
597.686	1346.12
598.73	1336.78
599.776	1398.69
600.82	1340.72
601.864	1281.66
602.908	1257.65
603.953	1252.38
604.997	1237.42
606.04	1268.77
607.083	1270.77
608.125	1250.47
609.168	1230.72
610.211	1215.24
611.253	1214.31
612.294	1195.82
613.336	1225.38
614.377	1222.77
615.419	1210.03
616.459	1206.44
617.499	1245.14
618.539	1240.35
619.579	1245.66
620.619	1240.84
621.658	1200.16
622.698	1197.37
623.737	1193.74
624.776	1218.76
625.815	1221.71
626.852	1162.03
627.891	1160.53
628.928	1171.07
629.966	1132.61
631.003	1116.13
632.041	1162.2
633.077	1125.83
634.114	1107.82
635.15	1072.31
636.185	1055.41
637.221	1080.22
638.257	1086.77
639.292	1055.57
640.328	1025.21
641.361	1036.15
642.396	1034.84
643.431	987.229
644.464	1012.32
645.497	1004.29
646.532	959.634
647.564	918.913
648.597	896.785
649.629	919.798
650.663	940.026
651.695	968.403
652.727	936.858
653.757	930.923
654.789	938.705
655.821	931.824
656.852	929.646
657.882	935.866
658.913	961.462
659.942	911.892
660.973	944.82
662.002	936.363
663.031	945.254
664.06	958.85
665.09	981.91
666.119	974.185
667.147	969.516
668.175	956.698
669.201	933.636
670.229	960.887
671.257	935.36
672.285	875.533
673.311	927.976
674.338	919.803
675.363	940.392
676.389	939.056
677.416	922.077
678.441	952.924
679.466	939.276
680.491	918.021
681.515	959.369
682.54	917.698
683.565	893.685
684.589	945.496
685.613	979.993
686.635	954.637
687.659	997.664
688.681	1000.04
689.705	1008.83
690.727	996.28
691.75	1041.96
692.772	1034.84
693.793	989.682
694.814	1056.47
695.835	1048.15
696.856	1079.53
697.877	1077.49
698.898	1095.77
699.918	1098.33
700.937	1110.19
701.957	1061.96
702.978	1075.74
703.996	1111.7
705.016	1092.11
706.034	1053.05
707.052	1038.02
708.069	1060.9
709.087	1046.83
710.107	1024.52
711.124	1064.18
712.139	1039.24
713.156	967.189
714.173	978.284
715.19	955.096
716.205	942.853
717.222	960.93
718.238	955.774
719.253	944.099
720.267	957.33
721.283	954.022
722.297	937.906
723.311	900.707
724.325	893.049
725.339	942.509
726.353	941.465
727.366	950.643
728.38	947.013
729.391	911.173
730.404	929.508
731.417	920.075
732.428	922.422
733.441	943.02
734.452	958.985
735.463	934.647
736.475	916.924
737.486	913.162
738.496	927.906
739.506	903.273
740.516	939.199
741.526	871.334
742.534	897.903
743.544	879.412
744.554	869.147
745.561	846.054
746.571	860.619
747.578	862.4
748.587	903.68
749.594	900.07
750.601	864.4
751.608	921.458
752.615	869.39
753.621	879.809
754.628	863.678
755.634	884.385
756.641	876.677
757.647	878.222
758.651	877.038
759.657	864.793
760.663	891.247
761.666	899.209
762.67	892.308
763.676	851.092
764.679	895.676
765.682	855.1
766.686	856.955
767.689	924.434
768.692	905.121
769.694	897.108
770.697	866.214
771.698	861.432
772.7	884.564
773.703	877.974
774.703	909.222
775.703	909.517
776.705	945.748
777.705	937.203
778.705	936.099
779.705	896.133
780.705	915.796
781.704	936.546
782.704	922.035
783.703	978.129
784.702	963.445
785.701	979.34
786.698	975.656
787.697	1022.24
788.694	967.51
789.693	1001.25
790.689	1046.18
791.686	1083.62
792.682	1064.12
793.68	1084.54
794.676	1144.01
795.672	1143.02
796.666	1169.2
797.662	1181.58
798.658	1228.51
799.653	1189.66
800.647	1269.87
801.642	1270.59
802.636	1221.69
803.631	1245.3
804.624	1209.3
805.617	1239.39
806.61	1185.81
807.602	1210.3
808.595	1169.69
809.587	1174.53
810.58	1162.66
811.572	1199.09
812.564	1205.03
813.554	1202.77
814.546	1194.12
815.536	1234.56
816.528	1235.14
817.518	1306.01
818.507	1226.06
819.499	1337.6
820.488	1374.21
821.477	1455.11
822.466	1520.09
823.455	1576.5
824.444	1632.68
825.431	1707.21
826.42	1818.66
827.408	1941.37
828.395	2024.74
829.383	2107.36
830.369	2215.66
831.356	2471.73
832.342	2586.3
833.33	2759.13
834.315	2974.88
835.301	3233.05
836.287	3478.09
837.27	3655.15
838.256	3799.87
839.241	3921.03
840.226	3977.82
841.209	3859.83
842.194	3806.82
843.177	3565.48
844.16	3450.1
845.145	3188.77
846.127	3006.53
847.11	2898.72
848.092	2822.07
849.074	2727.77
850.056	2764.75
851.039	2834.59
852.018	2849.89
853	3007.5
853.982	3094.25
854.962	3107.64
855.941	3206.9
856.923	3117.29
857.902	3006.01
858.881	2857.2
859.86	2711.09
860.839	2559.19
861.818	2425.33
862.797	2307.68
863.776	2127.09
864.754	2118.52
865.733	2040.79
866.709	1985.2
867.687	1907.64
868.664	1844.05
869.642	1903.04
870.618	1811.25
871.594	1755.46
872.569	1792.71
873.545	1779.35
874.521	1779.76
875.496	1751.55
876.471	1703.86
877.447	1670.76
878.42	1699.28
879.395	1684.35
880.37	1641.75
881.343	1658.18
882.315	1672.9
883.29	1622.36
884.262	1635.52
885.235	1662.51
886.207	1713.38
887.179	1664.55
888.151	1617.44
889.123	1729.75
890.095	1666.97
891.065	1671.56
892.037	1729.68
893.009	1746.35
893.978	1790.69
894.948	1756.71
895.919	1892.48
896.888	1936.25
897.857	1982.03
898.826	1986.32
899.795	2081.82
900.764	2181.66
901.732	2278.35
902.701	2391.29
903.668	2439.44
904.636	2449.79
905.604	2619.85
906.57	2652.84
907.538	2704.67
908.504	2709.9
909.47	2725.64
910.436	2748.13
911.402	2717.18
912.367	2725.85
913.333	2720.44
914.298	2595.45
915.264	2460
916.229	2470.53
917.192	2417.33
918.157	2330.08
919.12	2275.39
920.084	2255.99
921.047	2165.24
922.01	2132.66
922.972	2074.85
923.935	2015.93
924.897	2008.87
925.859	1926.76
926.821	1844.73
927.783	1830.5
928.743	1825.57
929.705	1778.77
930.667	1737.41
931.626	1667.14
932.586	1672.16
933.547	1653.16
934.506	1595.28
935.466	1554.29
936.425	1520.77
937.384	1462.94
938.343	1495.35
939.301	1529.53
940.26	1470.37
941.217	1483.99
942.175	1494.94
943.132	1486.42
944.09	1489.22
945.046	1492.99
946.002	1439.62
946.96	1482.55
947.916	1446.71
948.872	1424.8
949.828	1444.06
950.783	1446.35
951.737	1468.22
952.692	1437.39
953.647	1443.93
954.601	1444.76
955.556	1435.33
956.509	1388.57
957.464	1393.69
958.417	1437.55
959.369	1409.17
960.322	1436.06
961.275	1419.35
962.227	1447.36
963.179	1463.81
964.132	1464.23
965.082	1485.53
966.034	1489.33
966.984	1503.79
967.936	1586.08
968.885	1579.99
969.837	1586.79
970.787	1632.7
971.736	1666.06
972.686	1703
973.635	1672.3
974.584	1703.74
975.533	1756.01
976.48	1780.27
977.429	1774.58
978.378	1829.93
979.325	1829.9
980.273	1810.12
981.22	1828.77
982.166	1787.26
983.113	1822.49
984.061	1749.6
985.007	1772.14
985.953	1749.53
986.897	1669.86
987.843	1687.75
988.789	1606.73
989.734	1572.75
990.678	1556.68
991.623	1510.69
992.567	1462.71
993.51	1438.88
994.453	1448.53
995.398	1409.52
996.341	1370.51
997.284	1342.79
998.227	1351.52
999.168	1355.68
1000.11	1343.12
1001.05	1289.66
1001.99	1294.05
1002.94	1306
1003.88	1243.58
1004.82	1269.78
1005.76	1288.66
1006.7	1267.54
1007.64	1261.28
1008.58	1270.71
1009.52	1287.37
1010.46	1251.64
1011.4	1281.06
1012.34	1329.19
1013.27	1268.62
1014.21	1282.9
1015.15	1297.5
1016.09	1321.62
1017.03	1278.57
1017.96	1317.45
1018.9	1278.61
1019.84	1316.14
1020.77	1335.84
1021.71	1275.27
1022.65	1339.15
1023.58	1334.17
1024.52	1373.43
1025.45	1359.56
1026.39	1374.7
1027.32	1359.67
1028.26	1414.73
1029.19	1384.19
1030.12	1375.11
1031.06	1393.29
1031.99	1396.65
1032.92	1392.76
1033.86	1398.49
1034.79	1409.97
1035.72	1414.84
1036.65	1460.08
1037.59	1427.84
1038.52	1406.75
1039.45	1445.99
1040.38	1474.86
1041.31	1462.18
1042.24	1498.59
1043.17	1519.82
1044.1	1525.87
1045.03	1575.42
1045.96	1559.85
1046.89	1553.97
1047.82	1576.79
1048.75	1612.23
1049.68	1640.26
1050.61	1649.28
1051.53	1668.5
1052.46	1726.34
1053.39	1780.95
1054.32	1797.23
1055.24	1921.82
1056.17	1943.79
1057.1	2045.9
1058.02	2100.71
1058.95	2141.44
1059.88	2111.73
1060.8	2076.21
1061.73	2021.54
1062.65	1951.62
1063.58	1923.71
1064.5	2020.8
1065.43	1986.21
1066.35	1970.32
1067.27	1995.83
1068.2	2057.88
1069.12	2097.43
1070.04	2122.52
1070.97	2126
1071.89	2084.43
1072.81	2087.3
1073.73	2105.89
1074.65	2005.63
1075.58	2042.26
1076.5	2031.85
1077.42	1977.24
1078.34	1947.13
1079.26	1911.22
1080.18	1854.41
1081.1	1798.63
1082.02	1786.65
1082.94	1694.83
1083.86	1678.07
1084.78	1635.67
1085.7	1616.12
1086.61	1562.51
1087.53	1528.02
1088.45	1526.82
1089.37	1490.52
1090.28	1523.36
1091.2	1509.6
1092.12	1534.58
1093.03	1500.78
1093.95	1549.45
1094.87	1549.97
1095.78	1573.39
1096.7	1598.84
1097.61	1710.47
1098.53	1670.65
1099.44	1683.75
1100.36	1715.66
1101.27	1760.69
1102.19	1765.87
1103.1	1790.85
1104.01	1806.37
1104.93	1832.37
1105.84	1849.13
1106.75	1840.67
1107.67	1906.22
1108.58	1939.9
1109.49	1933.93
1110.4	1979.75
1111.31	2032.8
1112.22	2013.63
1113.14	2080.33
1114.05	2094.07
1114.96	2108.94
1115.87	2199.67
1116.78	2264.13
1117.69	2346.55
1118.6	2449.55
1119.51	2539.88
1120.42	2620.39
1121.32	2682.85
1122.23	2656.83
1123.14	2672.14
1124.05	2703.48
1124.96	2604.26
1125.86	2519.58
1126.77	2385.46
1127.68	2414.7
1128.58	2345.51
1129.49	2338.08
1130.4	2314.81
1131.3	2344.28
1132.21	2382.28
1133.11	2396
1134.02	2434.93
1134.92	2498.16
1135.83	2552.42
1136.73	2568.02
1137.64	2538.94
1138.54	2518.1
1139.44	2485.58
1140.35	2361.69
1141.25	2278.62
1142.15	2151.94
1143.06	2162.31
1143.96	2044.35
1144.86	1987.18
1145.76	1906.02
1146.66	1811.26
1147.57	1733.39
1148.47	1651.56
1149.37	1589.67
1150.27	1509.69
1151.17	1428.8
1152.07	1380.34
1152.97	1297.58
1153.87	1254.79
1154.77	1177.6
1155.67	1162.27
1156.57	1139.25
1157.46	1075.26
1158.36	1040.87
1159.26	1007.57
1160.16	946.751
1161.05	910.755
1161.95	921.42
1162.85	885.233
1163.75	849.801
1164.64	839.924
1165.54	818.507
1166.44	786.637
1167.33	767.257
1168.23	804.149
1169.12	746.061
1170.02	748.922
1170.91	733.721
1171.81	745.109
1172.7	719.339
1173.59	714.426
1174.49	694.24
1175.38	718.659
1176.27	705.953
1177.17	691.31
1178.06	699.439
1178.95	698.118
1179.84	716.793
1180.74	668.288
1181.63	696.622
1182.52	696.54
1183.41	685.035
1184.3	700.887
1185.19	687.279
1186.08	662.264
1186.97	666.564
1187.86	697.324
1188.75	670.478
1189.64	704.057
1190.53	697.983
1191.42	656.099
1192.31	689.661
1193.2	692.199
1194.09	722.157
1194.97	723.041
1195.86	705.164
1196.75	703.259
1197.64	711.643
1198.52	680.445
1199.41	724.524
1200.29	776.146
1201.18	752.557
1202.07	784.513
1202.95	761.891
1203.84	787.159
1204.72	753.061
1205.61	750.846
1206.49	775.858
1207.38	790.604
1208.26	796.138
1209.14	790.624
1210.03	781.544
1210.91	786.65
1211.79	755.054
1212.68	766.571
1213.56	781.652
1214.44	765.476
1215.32	758.568
1216.21	781.692
1217.09	805.809
1217.97	789.7
1218.85	785.105
1219.73	807.073
1220.61	833.981
1221.49	848.818
1222.37	927.745
1223.25	976.497
1224.13	1106.21
1225.01	1199.89
1225.89	1274.51
1226.77	1345.3
1227.65	1393.55
1228.52	1416.56
1229.4	1383.23
1230.28	1371.87
1231.16	1341.74
1232.03	1338.11
1232.91	1376.1
1233.79	1353.33
1234.66	1329.39
1235.54	1309.98
1236.42	1280.9
1237.29	1186.22
1238.17	1151.31
1239.04	1073.69
1239.92	1039.83
1240.79	992.709
1241.67	955.118
1242.54	963.182
1243.41	911.312
1244.29	901.308
1245.16	931.337
1246.03	941.403
1246.91	971.494
1247.78	883.203
1248.65	923.589
1249.52	922.791
1250.4	913.28
1251.27	910.401
1252.14	919.007
1253.01	953.475
1253.88	956.519
1254.75	905.15
1255.62	978.913
1256.49	942.701
1257.36	1012.44
1258.23	981.7
1259.1	971.887
1259.97	1023.15
1260.84	1003.73
1261.71	1045.45
1262.57	1042.38
1263.44	1105.23
1264.31	1121.38
1265.18	1155.69
1266.05	1215.73
1266.91	1246.13
1267.78	1320.31
1268.65	1429.65
1269.51	1527.4
1270.38	1693.65
1271.24	1819.69
1272.11	1984.6
1272.97	2084.57
1273.84	2208.18
1274.7	2243.27
1275.57	2295.5
1276.43	2351.15
1277.3	2317.41
1278.16	2294.52
1279.02	2217.7
1279.89	2116.36
1280.75	2058.55
1281.61	1973.9
1282.48	1869.46
1283.34	1721.13
1284.2	1628.62
1285.06	1535.04
1285.92	1447.23
1286.78	1366.9
1287.65	1313.99
1288.51	1219.21
1289.37	1169.82
1290.23	1125.86
1291.09	1057.54
1291.95	1051.28
1292.81	1040.37
1293.67	1000.52
1294.52	965.233
1295.38	944.707
1296.24	948.712
1297.1	890.411
1297.96	878.801
1298.81	883.596
1299.67	843.592
1300.53	865.604
1301.39	869.512
1302.24	864.314
1303.1	852.445
1303.95	840.388
1304.81	811.928
1305.67	820.479
1306.52	822.842
1307.38	836.995
1308.23	833.064
1309.09	835.565
1309.94	836.494
1310.8	826.78
1311.65	818.298
1312.5	849.106
1313.35	866.608
1314.21	854.442
1315.06	857.969
1315.91	866.451
1316.77	894.138
1317.62	920.449
1318.47	929.646
1319.32	920.478
1320.17	968.122
1321.02	987.975
1321.87	1014.57
1322.73	1016.21
1323.57	1049.31
1324.43	1083.72
1325.28	1128.12
1326.13	1133.48
1326.97	1158.1
1327.82	1195.75
1328.67	1201.12
1329.52	1208.13
1330.37	1232.49
1331.22	1244.1
1332.06	1279.55
1332.91	1282.4
1333.76	1303.84
1334.61	1325.1
1335.45	1336.22
1336.3	1343.56
1337.15	1358.93
1337.99	1342.08
1338.84	1344.08
1339.68	1372.74
1340.53	1384.1
1341.37	1396.15
1342.22	1416.1
1343.06	1412.34
1343.91	1401.9
1344.75	1418.9
1345.6	1432.74
1346.44	1450.14
1347.28	1454.99
1348.12	1460.91
1348.97	1409.8
1349.81	1464.74
1350.65	1448.24
1351.49	1458.64
1352.33	1442.03
1353.18	1440.67
1354.02	1467.33
1354.86	1474.92
1355.7	1476.44
1356.54	1488.26
1357.38	1490.3
1358.22	1509.39
1359.06	1529.39
1359.9	1525.24
1360.74	1506.75
1361.58	1508.14
1362.42	1465.11
1363.25	1432.53
1364.09	1436.74
1364.93	1453.71
1365.77	1456.49
1366.6	1455.1
1367.19	1462.4
1368.1	1409.53
1369.01	1425.47
1369.92	1448.2
1370.83	1429.46
1371.74	1412.55
1372.65	1430.95
1373.56	1400.08
1374.47	1377.04
1375.37	1385.45
1376.28	1342.64
1377.19	1351.86
1378.1	1322.65
1379	1327.78
1379.91	1327
1380.82	1262.45
1381.72	1288.09
1382.63	1316.52
1383.54	1234.16
1384.44	1317.98
1385.35	1284.32
1386.25	1290.7
1387.16	1284.45
1388.06	1309.47
1388.97	1306.34
1389.87	1337.32
1390.78	1360.56
1391.68	1389.64
1392.59	1365.36
1393.49	1359.5
1394.39	1335.16
1395.3	1305.88
1396.2	1196.3
1397.1	1124.54
1398	1081.89
1398.91	1049.06
1399.81	1023.16
1400.71	1000.28
1401.61	976.496
1402.52	952.693
1403.42	949.005
1404.32	902.068
1405.22	884.902
1406.12	877.387
1407.02	869.028
1407.92	886.644
1408.82	863.261
1409.72	838.077
1410.62	874.083
1411.52	838.404
1412.42	851.375
1413.32	829.909
1414.21	823.662
1415.11	820.237
1416.01	827.275
1416.91	798.144
1417.81	811.909
1418.71	792.476
1419.6	774.149
1420.5	825.373
1421.4	782.623
1422.29	759.895
1423.19	774.226
1424.09	813.195
1424.98	789.278
1425.88	788.098
1426.77	786.887
1427.67	781.896
1428.56	772.212
1429.46	785.394
1430.35	836.643
1431.25	828.112
1432.14	826.324
1433.04	888.329
1433.93	854.441
1434.82	882.457
1435.72	924.848
1436.61	951.125
1437.5	981.269
1438.39	1017.17
1439.29	1068.37
1440.18	1096.62
1441.07	1135.3
1441.96	1157.66
1442.85	1189.58
1443.75	1167.07
1444.64	1203.12
1445.53	1196.32
1446.42	1191.53
1447.31	1216.45
1448.2	1253.7
1449.09	1239.81
1449.98	1210.32
1450.87	1257.66
1451.76	1254.15
1452.65	1273.01
1453.54	1292.22
1454.43	1269.33
1455.31	1237.76
1456.2	1264.86
1457.09	1291.64
1457.98	1327.68
1458.87	1306.4
1459.75	1320.84
1460.64	1357.77
1461.53	1397.07
1462.41	1446.5
1463.3	1595.98
1464.19	1645.7
1465.07	1748.4
1465.96	1829.28
1466.85	1874.8
1467.73	1860.96
1468.61	1828.8
1469.5	1771.63
1470.38	1768.04
1471.27	1801.44
1472.15	1801.8
1473.04	1887.46
1473.92	1981.65
1474.8	1980.49
1475.69	2014.26
1476.57	2045.29
1477.45	2064.03
1478.34	2025.84
1479.22	1972.25
1480.1	1944.72
1480.98	1929.33
1481.86	1933.65
1482.75	1916.85
1483.63	1841.35
1484.51	1735.83
1485.39	1604.57
1486.27	1374.13
1487.15	1173.27
1488.03	1014.29
1488.91	916.315
1489.79	841.448
1490.67	729.676
1491.55	682.675
1492.43	645.357
1493.31	615.847
1494.19	564.264
1495.07	548.453
1495.94	521.116
1496.82	532.285
1497.7	513.57
1498.58	527.506
1499.45	457.848
1500.33	456.417
1501.21	450.207
1502.09	439.242
1502.96	436.93
1503.84	426.03
1504.72	416.104
1505.59	423.364
1506.47	418.191
1507.34	411.102
1508.22	397.359
1509.09	413.151
1509.97	414.701
1510.84	384.945
1511.72	387.539
1512.59	405.318
1513.46	374.672
1514.34	380.028
1515.21	403.309
1516.08	376.365
1516.96	399.542
1517.83	368.871
1518.7	376.006
1519.57	387.872
1520.45	376.226
1521.32	370.29
1522.19	367.234
1523.06	359.531
1523.93	348.111
1524.8	391.203
1525.67	369.43
1526.54	363.591
1527.41	385.871
1528.28	361.207
1529.16	372.198
1530.02	356.044
1530.89	371.801
1531.76	364.198
1532.63	366.004
1533.5	357.529
1534.37	369.649
1535.24	351.78
1536.11	346.063
1536.97	355.317
1537.84	357.089
1538.71	344.853
1539.57	325.178
1540.44	329.896
1541.31	358.086
1542.18	365.703
1543.04	378.007
1543.91	352.752
1544.77	347.128
1545.64	344.26
1546.5	354.5
1547.37	362.882
1548.24	347.88
1549.1	355.509
1549.96	339.777
1550.83	341.032
1551.69	326.311
1552.56	331.323
1553.42	324.938
1554.28	308.065
1555.15	338.35
1556.01	349.755
1556.87	339.483
1557.73	352.953
1558.6	348.54
1559.46	345.108
1560.32	345.437
1561.18	326.675
1562.04	332.526
1562.9	325.949
1563.77	360.28
1564.63	365.159
1565.49	336.765
1566.35	346.557
1567.21	319.188
1568.07	335.761
1568.93	353.323
1569.79	337.347
1570.64	347.186
1571.5	336.835
1572.36	349.489
1573.22	328.515
1574.08	336.386
1574.94	353.93
1575.8	307.942
1576.65	349.651
1577.51	327.716
1578.37	335.671
1579.22	328.13
1580.08	335.067
1580.94	333.287
1581.79	360.588
1582.65	347.232
1583.51	347.473
1584.36	338.019
1585.22	337.296
1586.07	331.684
1586.93	351.356
1587.78	334.962
1588.63	348.747
1589.49	348.852
1590.34	355.743
1591.2	353.794
1592.05	334.215
1592.9	346.806
1593.76	348.651
1594.61	350.53
1595.46	352.478
1596.32	362.321
1597.17	350.755
1598.02	352.891
1598.87	370.668
1599.72	342.41
1600.58	363.985
1601.43	372.75
1602.28	366.745
1603.13	369.48
1603.98	357.505
1604.83	364.109
1605.68	381.49
1606.53	380.356
1607.38	354.863
1608.23	379.204
1609.08	367.392
1609.93	374.072
1610.77	379.692
1611.62	366.718
1612.47	382.985
1613.32	360.307
1614.17	372.763
1615.01	364.836
1615.86	366.68
1616.71	382.142
1617.55	386.849
1618.4	367.17
1619.25	352.303
1620.09	365.572
1620.94	346.787
1621.79	361.985
1622.63	375.267
1623.48	378.907
1624.32	366.136
1625.17	368.894
1626.01	363.928
1626.86	370.577
1627.7	376.253
1628.54	381.915
1629.39	359.513
1630.23	385.418
1631.07	385.18
1631.92	374.282
1632.76	397.146
1633.6	371.769
1634.45	403.301
1635.29	367.41
1636.13	387.422
1636.97	381.448
1637.81	403.381
1638.66	406.061
1639.5	379.907
1640.34	371.098
1641.18	402.699
1642.02	405.516
1642.86	404.527
1643.7	415.089
1644.54	406.419
1645.38	385.231
1646.22	424.578
1647.06	386.051
1647.89	380.218
1648.73	424.412
1649.57	397.537
1650.41	409.203
1651.25	408.434
1652.09	399.03
1652.92	434.89
1653.76	400.317
1654.6	424.462
1655.43	431.186
1656.27	410.898
1657.11	406.111
1657.94	440.049
1658.78	430.682
1659.62	408.794
1660.45	400.407
1661.29	415.173
1662.12	410.466
1662.96	423.118
1663.79	402.784
1664.62	424.188
1665.46	426.299
1666.29	409.101
1667.13	387.095
1667.96	394.274
1668.79	392.696
1669.63	420.339
1670.46	407.968
1671.29	399.435
1672.12	386.934
1672.96	369.488
1673.79	383.314
1674.62	380.508
1675.45	382.623
1676.28	376.941
1677.11	360.511
1677.95	383.358
1678.78	389.546
1679.61	378.001
1680.44	366.375
1681.27	375.334
1682.1	348.79
1682.93	368.519
1683.75	348.872
1684.58	353.899
1685.41	345.167
1686.24	355.203
1687.07	353.406
1687.9	334.793
1688.73	326.032
1689.55	326.151
1690.38	317.342
1691.21	330.283
1692.04	325.357
1692.86	323.346
1693.69	324.261
1694.52	335.068
1695.34	319.162
1696.17	312.231
1696.99	305.367
1697.82	327.31
1698.64	310.603
1699.47	315.7
1700.29	319.755
1701.12	306.852
1701.94	302.822
1702.77	308.678
1703.59	309.537
1704.41	285.566
1705.24	311.247
1706.06	313.114
1706.88	323.929
1707.71	313.92
1708.53	320.788
1709.35	299.872
1710.17	292.833
1711	334.367
1711.82	291.574
1712.64	305.275
1713.46	285.274
1714.28	276.194
1715.1	283.98
1715.92	308.622
1716.74	295.666
1717.56	293.577
1718.38	286.485
1719.2	306.011
1720.02	278.03
1720.84	297.439
1721.66	289.245
1722.48	282.132
1723.3	301.72
1724.11	300.689
1724.93	296.714
1725.75	293.664
1726.57	305.29
1727.39	276.461
1728.2	282.036
1729.02	276.799
1729.84	294.184
1730.65	278.256
1731.47	272.187
1732.29	299.444
1733.1	286.492
1733.92	267.647
1734.73	288.898
1735.55	290.572
1736.36	303.006
1737.18	292.029
1737.99	279.126
1738.81	267.205
1739.62	280.603
1740.43	281.302
1741.25	292.69
1742.06	283.663
1742.87	271.76
1743.69	296.783
1744.5	295.597
1745.31	296.355
1746.13	281.605
1746.94	277.535
1747.75	285.108
1748.56	272.374
1749.37	289.67
1750.18	273.102
1750.99	266.21
1751.81	279.62
1752.61	293.017
1753.42	280.318
1754.24	257.982
1755.04	255.003
1755.85	290.686
1756.66	285.767
1757.47	265.35
1758.28	268.074
1759.09	277.518
1759.9	278.268
1760.71	281.942
1761.52	263.501
1762.32	247.045
1763.13	270.138
1763.94	246.011
1764.74	276.814
1765.55	268.08
1766.36	291.157
1767.17	268.952
1767.97	284.387
1768.78	248.75
1769.58	258.463
1770.39	274.941
1771.19	259.537
1772	261.489
1772.8	255.695
1773.61	248.932
1774.41	254.747
1775.22	265.415
1776.02	276.097
1776.83	276.138
1777.63	260.689
1778.43	261.704
1779.23	253.054
1780.04	294.85
1780.84	254.264
1781.64	278.704
1782.44	257.511
1783.25	263.512
1784.05	270.477
1784.85	262.82
1785.65	277.563
1786.45	260.133
1787.25	269.041
1788.05	250.616
1788.86	271.267
1789.65	262.594
1790.46	258.792
1791.25	243.22
1792.05	272.698
1792.85	260.052
1793.65	271.935
1794.45	259.32
1795.25	265.39
1796.05	259.7
1796.85	255.001
1797.64	261.131
1798.44	266.265
1799.24	256.561
1800.04	267.554
1800.83	252.827
1801.63	237.078
1802.43	265.84
1803.22	262.946
1804.02	260.046
1804.82	263.082
1805.61	246.281
1806.41	277.061
1807.2	275.119
1808	262.267
1808.79	286.156
1809.59	269.36
1810.38	271.442
1811.18	254.625
1811.97	257.658
1812.76	252.68
1813.56	258.592
1814.35	263.468
1815.14	278.283
1815.94	256.325
1816.73	244.367
1817.52	261.311
1818.31	268.343
1819.1	266.405
1819.9	244.496
1820.69	248.428
1821.48	238.369
1822.27	275.099
1823.06	263.034
1823.85	264.928
1824.64	264.84
1825.43	263.75
1826.22	272.591
1827.01	237.641
1827.8	263.368
1828.59	277.167
1829.38	252.22
1830.17	266.063
1830.96	275.927
1831.74	265.884
1832.53	256.793
1833.32	270.507
1834.11	256.386
1834.89	258.135
1835.68	264.834
1836.47	248.753
1837.26	250.516
1838.04	245.356
1838.83	235.257
1839.61	261.712
1840.4	258.488
1841.19	258.2
1841.97	277.603
1842.76	252.664
1843.54	252.386
1844.33	253.132
1845.11	220.519
1845.89	249.847
1846.68	255.606
1847.46	258.411
1848.25	247.462
1849.03	254.164
1849.81	261.843
1850.6	247.968
1851.38	262.533
1852.16	250.65
1852.94	247.577
1853.72	276.789
1854.51	263.869
1855.29	252.892
1856.07	258.523
1856.85	253.395
1857.63	238.512
1858.41	233.406
1859.19	249.757
1859.97	248.577
1860.75	264.953
1861.53	235.614
1862.31	264.709
1863.09	246.142
1863.87	243.142
1864.65	238.173
1865.43	256.5
1866.21	260.181
1866.99	242.45
1867.76	276.161
1868.54	240.014
1869.32	250.47
1870.1	260.001
1870.87	243.43
1871.65	249.18
1872.43	258.821
1873.2	250.051
1873.98	253.853
1874.76	250.858
1875.53	267.229
1876.31	257.477
1877.08	237.108
1877.86	242.921
1878.63	233.253
1879.41	241.022
1880.18	241.986
1880.96	241.955
1881.73	253.541
1882.5	277.736
1883.28	236.015
1884.05	271.899
1884.82	241.849
1885.6	245.754
1886.37	271.009
1887.14	232.175
1887.91	235.074
1888.68	242.83
1889.46	244.775
1890.23	238.006
1891	239.052
1891.77	234.312
1892.54	267.598
1893.31	230.794
1894.08	221.256
1894.85	266.405
1895.62	254.862
1896.39	239.308
1897.16	258.899
1897.93	250.042
1898.7	257.805
1899.47	247.001
1900.24	253.887
1901.01	248.124
1901.77	244.383
1902.54	246.556
1903.31	226.113
1904.08	225.269
1904.84	234.232
1905.61	243.179
1906.38	244.238
1907.14	231.494
1907.91	237.482
1908.68	244.476
1909.44	228.786
1910.21	234.834
1910.97	243.874
1911.74	235.127
1912.51	245.188
1913.27	215.604
1914.03	240.526
1914.8	248.586
1915.56	256.632
1916.33	242.798
1917.09	237.877
1917.85	228.954
1918.62	245.877
1919.38	214.041
1920.14	247.889
1920.9	242.947
1921.67	212.137
1922.43	236.16
1923.19	243.3
1923.95	232.502
1924.71	229.678
1925.47	245.826
1926.24	214.898
1927	232.951
1927.76	227.926
1928.52	228.871
1929.28	247.82
1930.04	239.718
1930.8	241.628
1931.56	233.534
1932.32	240.472
1933.08	202.392
1933.83	224.409
1934.59	234.45
1935.35	232.486
1936.11	237.519
1936.87	244.509
1937.62	211.342
1938.38	251.281
1939.14	221.054
1939.89	229.901
1940.65	227.766
1941.41	247.682
1942.16	233.599
1942.92	247.519
1943.68	234.388
1944.43	242.202
1945.19	226.977
1945.94	237.692
1946.7	250.376
1947.45	209.246
1948.21	238.897
1948.96	234.703
1949.71	236.504
1950.47	245.279
1951.22	221.266
1951.98	238.004
1952.73	254.723
1953.48	222.772
1954.23	230.492
1954.99	251.034
1955.74	241.79
1956.49	239.462
1957.24	249.002
1957.99	254.618
1958.75	243.522
1959.5	234.463
1960.25	229.377
1961	242.999
1961.75	244.759
1962.5	251.39
1963.25	244.219
1964	223.306
1964.75	253.453
1965.5	231.608
1966.25	258.768
1967	261.387
1967.74	253.202
1968.49	250.845
1969.24	248.466
1969.99	236.367
1970.74	225.311
1971.48	239.602
1972.23	232.58
1972.98	246.974
1973.73	253.621
1974.47	233.081
1975.22	233.836
1975.96	241.314
1976.71	250.673
1977.46	237.767
1978.2	227.803
1978.95	230.442
1979.69	250.497
1980.44	262.89
1981.18	250.264
1981.93	253.07
1982.67	236.575
1983.41	248.928
1984.16	250.611
1984.9	239.729
1985.64	247.085
1986.39	247.708
1987.13	254.111
1987.87	227.981
1988.61	232.571
1989.36	260.165
1990.1	252.363
1990.84	261.791
1991.58	238.704
1992.32	236.665
1993.06	228.908
1993.81	214.496
1994.55	238.355
1995.29	217.34
1996.03	216.434
1996.77	234.692
1997.51	236.699
1998.24	253.064
1998.98	201.368
1999.72	237.812
2000.46	218.636
2001.2	235.893
2001.94	246.452
2002.68	208.093
2003.41	233.089
2004.15	247.556
2004.89	232.25
2005.63	226.537
2006.36	238.115
2007.1	225.639
2007.84	224.699
2008.57	230.511
2009.31	211.313
2010.05	207.547
2010.78	225.024
2011.52	212.628
2012.25	226.298
2012.99	240.941
2013.72	236.224
2014.46	211.141
2015.19	215.066
2015.92	202.522
2016.66	225.855
2017.39	252.168
2018.13	207.695
2018.86	218.576
2019.59	210.04
2020.32	216.098
2021.06	228.008
2021.79	217.334
2022.52	210.42
2023.25	223.543
2023.98	229.118
2024.72	229.366
2025.45	231.004
2026.18	210.508
2026.91	197.602
2027.64	237.598
2028.37	230.374
2029.1	234.184
2029.83	214.947
2030.56	222.266
2031.29	212.437
2032.02	232.188
2032.75	232.791
2033.47	220.9
2034.2	241.833
2034.93	211.893
2035.66	210.864
2036.39	227.538
2037.11	214.319
2037.84	229.602
2038.57	219.037
2039.3	222.827
2040.02	224.839
2040.75	207.458
2041.47	217.68
2042.2	228.959
2042.93	229.157
2043.65	220.999
2044.38	224.496
2045.1	223.819
2045.83	215.189
2046.55	217.548
2047.28	231.613
2048	225.655
2048.73	219.757
2049.45	217.467
2050.17	224.629
2050.9	215.205
2051.62	247.395
2052.34	225.091
2053.07	236.179
2053.79	221.34
2054.51	222.808
2055.23	229.335
2055.95	227.602
2056.68	221.505
2057.4	233.727
2058.12	235.883
2058.84	248.059
2059.56	231.274
2060.28	233.731
2061	235.423
2061.72	223.063
2062.44	224.871
2063.16	244.583
2063.88	227.266
2064.6	228.988
2065.32	242.704
2066.03	229.926
2066.75	215.135
2067.47	224.333
2068.19	230.538
2068.91	229.558
2069.62	236.313
2070.34	233.461
2071.06	227.334
2071.77	222.923
2072.49	230.432
2073.21	228.793
2073.92	227.051
2074.64	221.123
2075.36	234.207
2076.07	235.933
2076.79	226.347
2077.5	233.667
2078.22	228.592
2078.93	232.326
2079.64	235.597
2080.36	229.133
2081.07	232.82
2081.79	229.658
2082.5	243.963
2083.21	242.833
2083.93	236.321
2084.64	228.465
2085.35	234.134
2086.07	224.086
2086.78	236.147
2087.49	240.302
2088.2	225.261
2088.91	220.039
2089.62	215.837
2090.33	225.311
2091.04	245.234
2091.76	247.063
2092.47	233.389
2093.18	225.876
2093.89	224.536
2094.6	227.537
2095.3	232.025
2096.01	259.445
2096.72	241.855
2097.43	228.742
2098.14	225.143
2098.85	233.081
2099.56	237.973
2100.09	217.714
2100.87	250.245
2101.65	250.156
2102.43	229.322
2103.21	244.047
2103.99	233.054
2104.77	231.89
2105.55	250.391
2106.32	215.659
2107.1	222.311
2107.88	257.484
2108.66	229.829
2109.44	233.679
2110.22	238.546
2110.99	215.922
2111.77	245.25
2112.55	229.361
2113.33	237.915
2114.1	218.075
2114.88	249.122
2115.66	216.732
2116.43	227.397
2117.21	241.042
2117.99	230.294
2118.76	234.165
2119.54	250.683
2120.31	257.4
2121.09	242.644
2121.86	224.005
2122.64	252.159
2123.41	231.61
2124.19	246.143
2124.96	241.223
2125.74	236.338
2126.51	246.099
2127.28	233.493
2128.06	240.378
2128.83	239.454
2129.61	241.429
2130.38	234.602
2131.15	268.719
2131.92	248.236
2132.7	223.867
2133.47	234.623
2134.24	239.537
2135.01	256.16
2135.78	242.523
2136.55	235.715
2137.33	222.078
2138.1	228.969
2138.87	241.756
2139.64	243.827
2140.41	229.293
2141.18	265.699
2141.95	235.515
2142.72	253.368
2143.49	233.909
2144.26	234.047
2145.03	236.122
2145.8	254.914
2146.57	246.17
2147.33	222.668
2148.1	210.998
2148.87	234.869
2149.64	242.975
2150.41	232.276
2151.17	253.201
2151.94	235.502
2152.71	262.382
2153.48	236.76
2154.24	225.026
2155.01	227.208
2155.78	226.421
2156.54	240.567
2157.31	218.838
2158.08	233.971
2158.84	215.153
2159.61	207.276
2160.37	231.359
2161.14	229.437
2161.9	226.512
2162.67	244.634
2163.43	215.727
2164.2	216.909
2164.96	229.174
2165.72	240.469
2166.49	224.585
2167.25	250.929
2168.01	239.953
2168.78	222.871
2169.54	218.879
2170.3	230.038
2171.07	230.143
2171.83	231.3
2172.59	226.419
2173.35	211.406
2174.11	241.924
2174.88	243.036
2175.64	219.761
2176.4	236.994
2177.16	221.833
2177.92	256.378
2178.68	237.219
2179.44	238.382
2180.2	231.448
2180.96	219.43
2181.72	245.004
2182.48	257.356
2183.24	225.927
2184	243.311
2184.76	233.192
2185.52	235.274
2186.28	237.353
2187.04	234.347
2187.79	238.476
2188.55	237.522
2189.31	242.681
2190.07	237.655
2190.83	243.83
2191.58	248.985
2192.34	257.19
2193.1	223.605
2193.85	265.389
2194.61	239.894
2195.37	245.935
2196.12	259.056
2196.88	258.927
2197.63	271.003
2198.39	249.588
2199.15	254.634
2199.9	219.111
2200.66	249.587
2201.41	259.737
2202.16	243.458
2202.92	243.375
2203.67	240.224
2204.43	228.978
2205.18	219.802
2205.93	242.051
2206.69	213.743
2207.44	229.988
2208.19	238.135
2208.95	265.483
2209.7	230.043
2210.45	250.22
2211.2	242.053
2211.95	209.641
2212.71	228.767
2213.46	218.607
2214.21	244.771
2214.96	237.623
2215.71	210.312
2216.46	243.434
2217.21	235.235
2217.96	242.108
2218.71	262.013
2219.46	220.691
2220.21	240.61
2220.96	270.555
2221.71	241.432
2222.46	252.395
2223.21	242.339
2223.96	236.267
2224.71	238.164
2225.46	262.999
2226.21	254.854
2226.95	220.809
2227.7	230.679
2228.45	237.572
2229.2	240.491
2229.94	250.376
2230.69	256.276
2231.44	263.163
2232.18	253.149
2232.93	242.145
2233.68	250.988
2234.42	245.913
2235.17	240.827
2235.92	248.621
2236.66	226.724
2237.41	229.61
2238.15	224.608
2238.9	272.017
2239.64	251.222
2240.38	246.241
2241.13	242.242
2241.87	224.418
2242.62	267.77
2243.36	254.874
2244.1	225.233
2244.85	253.749
2245.59	255.655
2246.33	255.597
2247.08	257.511
2247.82	249.588
2248.56	252.476
2249.3	244.532
2250.05	251.313
2250.79	261.026
2251.53	262.89
2252.27	253.01
2253.01	263.759
2253.75	240.235
2254.49	259.868
2255.23	245.216
2255.97	260.955
2256.71	246.298
2257.45	221.818
2258.19	249.263
2258.93	237.476
2259.67	250.169
2260.41	261.883
2261.15	262.855
2261.89	242.338
2262.63	250.262
2263.36	246.473
2264.1	273.079
2264.84	240.869
2265.58	264.521
2266.32	266.565
2267.05	255.821
2267.79	276.445
2268.53	266.644
2269.26	259.791
2270	264.726
2270.74	248.11
2271.48	266.844
2272.21	250.288
2272.95	259.278
2273.68	258.471
2274.42	264.555
2275.15	246.048
2275.89	259.008
2276.62	259.158
2277.36	261.254
2278.09	249.533
2278.83	250.603
2279.56	250.678
2280.29	257.649
2281.03	236.023
2281.76	266.675
2282.49	251.975
2283.23	259.996
2283.96	256.208
2284.69	268.254
2285.42	253.627
2286.16	240.939
2286.89	268.783
2287.62	252.049
2288.35	246.176
2289.08	268.033
2289.81	246.344
2290.55	256.398
2291.28	256.593
2292.01	262.778
2292.74	257.067
2293.47	241.398
2294.2	240.609
2294.93	241.777
2295.66	263.824
2296.39	241.006
2297.11	234.098
2297.85	263.062
2298.57	245.206
2299.3	239.343
2300.03	244.49
2300.76	266.644
2301.49	229.879
2302.22	230.04
2302.94	245.177
2303.67	239.291
2304.4	241.406
2305.12	244.539
2305.85	246.696
2306.58	227.819
2307.31	237.006
2308.03	237.153
2308.76	257.356
2309.48	259.471
2310.21	252.536
2310.93	224.501
2311.66	235.667
2312.38	251.89
2313.11	222.862
2313.83	250.175
2314.56	226.132
2315.28	245.366
2316.01	239.402
2316.73	217.313
2317.45	231.517
2318.18	257.848
2318.9	222.674
2319.62	235.913
2320.35	234.003
2321.07	243.184
2321.79	218.013
2322.52	227.179
2323.24	213.114
2323.96	197.03
2324.68	232.506
2325.4	200.237
2326.12	212.451
2326.84	186.21
2327.56	158.942
2328.29	144.826
2329.01	149.943
2329.73	182.408
2330.45	173.381
2331.17	203.857
2331.89	203.943
2332.61	235.427
2333.32	227.367
2334.04	219.292
2334.76	223.376
2335.48	207.199
2336.2	220.43
2336.92	213.403
2337.64	225.648
2338.35	212.539
2339.07	229.846
2339.79	224.828
2340.51	221.836
2341.23	209.722
2341.94	230.105
2342.66	217.022
2343.37	227.304
2344.09	234.536
2344.81	202.096
2345.52	222.455
2346.24	206.179
2346.95	222.389
2347.67	233.51
2348.38	231.463
2349.1	229.468
2349.82	234.633
2350.53	227.648
2351.24	214.565
2351.96	232.961
2352.67	234.039
2353.39	224.911
2354.1	218.806
2354.81	246.223
2355.53	181.197
2356.24	213.711
2356.95	233.035
2357.66	222.925
2358.38	233.143
2359.09	206.804
2359.8	229.244
2360.51	233.414
2361.22	230.487
2361.94	220.451
2362.65	214.485
2363.36	221.751
2364.07	238.176
2364.78	220.942
2365.49	233.228
2366.2	218.981
2366.91	208.797
2367.62	230.205
2368.33	237.357
2369.04	211.921
2369.75	197.704
2370.46	236.482
2371.16	231.438
2371.87	204.984
2372.58	222.355
2373.29	229.538
2374	239.785
2374.71	216.393
2375.41	224.602
2376.12	228.729
2376.83	253.252
2377.53	236.992
2378.24	236.042
2378.95	203.476
2379.65	241.307
2380.36	218.926
2381.07	224.079
2381.77	238.4
2382.48	225.162
2383.18	257.875
2383.89	251.846
2384.59	249.938
2385.3	221.477
2386	254.318
2386.71	227.822
2387.41	223.762
2388.12	226.815
2388.82	258.462
2389.52	227.778
2390.23	263.542
2390.93	252.35
2391.63	239.133
2392.34	236.124
2393.04	222.87
2393.74	232.071
2394.44	238.197
2395.15	231.064
2395.85	236.224
2396.55	253.68
2397.25	252.762
2397.95	252.845
2398.65	247.773
2399.35	251.85
2400.05	248.735
2400.75	253.778
2401.45	273.121
2402.15	255.748
2402.85	241.482
2403.55	253.784
2404.25	246.722
2404.95	257.025
2405.65	254.055
2406.35	255.157
2407.05	226.618
2407.75	262.429
2408.44	247.158
2409.14	239.045
2409.84	228.894
2410.54	248.382
2411.24	249.461
2411.93	239.268
2412.63	246.425
2413.33	259.682
2414.02	223.886
2414.72	252.44
2415.42	265.667
2416.11	234
2416.81	249.291
2417.5	249.295
2418.2	252.38
2418.9	265.682
2419.59	236.149
2420.28	265.762
2420.98	239.242
2421.67	257.557
2422.37	225.896
2423.06	251.3
2423.75	249.222
2424.45	242.107
2425.14	247.267
2425.84	259.602
2426.53	238.337
2427.22	269.03
2427.91	242.601
2428.61	248.744
2429.3	233.427
2429.99	242.529
2430.68	259.729
2431.37	254.504
2432.07	254.371
2432.76	223.786
2433.45	236.93
2434.14	248.082
2434.83	257.242
2435.52	245.11
2436.21	229.926
2436.9	250.24
2437.59	236
2438.28	233.902
2438.97	278.409
2439.66	245.881
2440.35	250.871
2441.04	253.863
2441.72	251.82
2442.41	237.645
2443.1	215.377
2443.79	248.713
2444.48	245.629
2445.16	255.678
2445.85	254.627
2446.54	233.416
2447.23	261.702
2447.91	276.872
2448.6	307.177
2449.29	274.882
2449.97	240.561
2450.66	253.666
2451.34	244.578
2452.03	287.955
2452.72	239.568
2453.4	230.52
2454.09	237.593
2454.77	254.71
2455.46	273.786
2456.14	259.576
2456.82	253.425
2457.51	281.499
2458.19	257.311
2458.88	264.348
2459.56	265.395
2460.24	251.388
2460.92	273.589
2461.61	285.737
2462.29	262.671
2462.97	279.824
2463.66	277.839
2464.34	270.795
2465.02	317.015
2465.7	276.735
2466.38	265.61
2467.06	287.639
2467.75	268.515
2468.42	286.573
2469.11	275.563
2469.79	268.603
2470.47	282.748
2471.15	277.827
2471.83	277.916
2472.51	280.996
2473.19	243.863
2473.86	268.993
2474.54	272.008
2475.22	278.037
2475.9	288.1
2476.58	283.131
2477.26	274.175
2477.94	276.292
2478.61	253.292
2479.29	293.608
2479.97	289.678
2480.65	264.605
2481.32	276.726
2482	279.796
2482.68	277.844
2483.35	293.004
2484.03	269.934
2484.71	273.009
2485.38	260.966
2486.06	256.95
2486.73	271.028
2487.41	262.975
2488.08	273.048
2488.76	263.041
2489.43	292.301
2490.11	290.413
2490.78	275.452
2491.45	276.591
2492.13	279.732
2492.8	281.849
2493.48	264.802
2494.15	288.071
2494.82	263.97
2495.49	267.113
2496.17	274.326
2496.84	289.65
2497.51	271.656
2498.18	264.745
2498.86	280.04
2499.53	283.157
2500.2	285.223
2500.87	274.126
2501.54	274.177
2502.21	276.298
2502.88	284.546
2503.55	263.468
2504.22	272.778
2504.89	287.145
2505.56	303.507
2506.23	305.626
2506.9	267.13
2507.57	285.471
2508.24	279.484
2508.91	285.713
2509.58	293.994
2510.25	304.295
2510.91	284.062
2511.58	297.352
2512.25	295.373
2512.92	306.624
2513.59	304.68
2514.25	319.047
2514.92	293.743
2515.59	305.084
2516.25	329.663
2516.92	294.108
2517.59	293.168
2518.25	312.596
2518.92	306.535
2519.58	302.516
2520.25	299.531
2520.91	323.086
2521.58	304.862
2522.24	304.009
2522.91	307.264
2523.57	295.206
2524.24	306.644
2524.9	289.432
2525.56	312.1
2526.23	291.766
2526.89	299.06
2527.55	275.612
2528.22	275.707
2528.88	289.104
2529.54	305.55
2530.21	288.147
2530.87	307.638
2531.53	283.082
2532.19	281.119
2532.85	283.315
2533.51	289.664
2534.18	290.9
2534.84	282.864
2535.5	315.875
2536.16	314.898
2536.82	279.936
2537.48	310.707
2538.14	316.813
2538.8	309.607
2539.46	306.57
2540.12	300.512
2540.78	317.101
2541.44	332.7
2542.09	283.514
2542.75	312.456
2543.41	309.464
2544.07	331.112
2544.73	301.242
2545.39	305.279
2546.04	324.696
2546.7	332.784
2547.36	326.513
2548.02	318.243
2548.67	352.109
2549.33	313.153
2549.98	325.54
2550.64	350.261
2551.3	341.102
2551.95	350.424
2552.61	334.074
2553.26	362.92
2553.92	324.982
2554.57	328.105
2555.23	357.887
2555.88	343.436
2556.54	342.293
2557.19	371.903
2557.85	327.676
2558.5	331.693
2559.15	363.421
2559.81	374.7
2560.46	364.5
2561.11	366.604
2561.77	377.91
2562.42	364.587
2563.07	386.037
2563.72	349.068
2564.37	365.314
2565.03	353.937
2565.68	356.921
2566.33	354.857
2566.98	394.764
2567.63	370.315
2568.28	379.597
2568.93	394.968
2569.58	365.288
2570.23	358.053
2570.88	362.045
2571.53	393.632
2572.18	365.037
2572.83	390.609
2573.48	377.409
2574.13	373.388
2574.78	370.354
2575.43	390.765
2576.07	362.136
2576.72	359.022
2577.37	368.157
2578.02	361.994
2578.67	371.13
2579.31	384.323
2579.96	363.845
2580.61	339.282
2581.26	364.621
2581.9	339.071
2582.55	357.332
2583.19	357.34
2583.84	352.319
2584.49	358.522
2585.13	321.971
2585.78	342.363
2586.42	334.187
2587.07	350.35
2587.71	329.851
2588.36	331.702
2589	350.817
2589.65	352.709
2590.29	336.403
2590.93	347.528
2591.58	332.341
2592.22	356.723
2592.86	325.375
2593.51	322.433
2594.15	331.676
2594.79	323.682
2595.43	336.992
2596.07	324.905
2596.72	317.856
2597.36	347.311
2598	333.073
2598.64	322.877
2599.28	322.83
2599.92	360.329
2600.56	323.831
2601.2	353.286
2601.85	326.987
2602.49	332.126
2603.13	316.958
2603.76	309.879
2604.4	332.193
2605.04	324.073
2605.68	327.115
2606.32	303.807
2606.96	359.573
2607.6	323.077
2608.24	333.184
2608.88	328.065
2609.51	338.134
2610.15	318.855
2610.79	340.116
2611.43	316.889
2612.06	327.121
2612.7	330.301
2613.34	338.562
2613.97	329.587
2614.61	333.769
2615.25	323.732
2615.88	316.723
2616.52	336.091
2617.15	359.533
2617.79	350.51
2618.42	327.275
2619.06	361.926
2619.69	342.737
2620.33	336.731
2620.96	358.14
2621.6	349.041
2622.23	361.277
2622.86	353.195
2623.5	340.052
2624.13	351.33
2624.76	357.547
2625.4	358.682
2626.03	353.698
2626.66	334.442
2627.29	351.799
2627.93	352.871
2628.56	366.172
2629.19	378.484
2629.82	372.501
2630.45	363.472
2631.08	377.87
2631.71	357.609
2632.34	376.057
2632.98	410.815
2633.61	344.645
2634.24	367.202
2634.87	364.297
2635.5	414.49
2636.12	408.563
2636.75	385.254
2637.38	406.879
2638.01	390.672
2638.64	405.116
2639.27	393.976
2639.9	395.086
2640.53	404.359
2641.15	434.076
2641.78	426.952
2642.41	417.79
2643.04	429.116
2643.66	426.151
2644.29	429.358
2644.92	447.942
2645.54	426.582
2646.17	406.209
2646.8	434.973
2647.42	425.794
2648.05	461.673
2648.67	434.025
2649.3	437.127
2649.92	434.112
2650.55	474.171
2651.17	451.766
2651.8	444.762
2652.42	484.952
2653.05	475.921
2653.67	488.414
2654.29	472.125
2654.92	476.318
2655.54	433.241
2656.16	488.712
2656.79	469.237
2657.41	484.021
2658.03	452.59
2658.65	452.143
2659.27	467.814
2659.9	486.174
2660.52	460.095
2661.14	460.905
2661.76	479.277
2662.38	465.423
2663	465.984
2663.62	473.429
2664.24	469.508
2664.86	480.692
2665.48	483.136
2666.1	490.228
2666.72	481.119
2667.34	491.85
2667.96	505.918
2668.58	459.643
2669.2	480.942
2669.82	498.338
2670.44	474.732
2671.05	483.324
2671.67	519.97
2672.29	511.429
2672.91	517.173
2673.53	519.718
2674.14	536.054
2674.76	518.815
2675.38	531.806
2675.99	569.115
2676.61	589.885
2677.23	591.283
2677.84	632.032
2678.46	638.004
2679.07	709.803
2679.69	736.378
2680.3	758.849
2680.92	797.173
2681.53	832.478
2682.15	870.24
2682.76	888.298
2683.38	888.731
2683.99	888.958
2684.61	882.539
2685.22	857.826
2685.83	834.375
2686.44	835.624
2687.06	824.617
2687.67	833.796
2688.28	853.497
2688.9	837.7
2689.51	845.767
2690.12	869.617
2690.73	863.219
2691.34	850.5
2691.96	877.598
2692.57	876.935
2693.18	868.21
2693.79	881.1
2694.4	883.836
2695.01	884.341
2695.62	883.574
2696.23	863.648
2696.84	872.302
2697.45	863.893
2698.06	851.858
2698.67	868.229
2699.28	842.81
2699.88	864.376
2700.49	855.645
2701.1	864.18
2701.71	854.203
2702.32	865.426
2702.93	860.142
2703.53	870.138
2704.14	887.884
2704.75	858.512
2705.36	880.446
2705.96	889.905
2706.57	893.207
2707.17	881.82
2707.78	890.283
2708.39	891.961
2708.99	917.471
2709.6	924.176
2710.2	918.815
2710.81	900.321
2711.41	924.855
2712.02	933.019
2712.62	939.556
2713.23	956.071
2713.83	964.68
2714.44	944.35
2715.04	949.024
2715.64	980.111
2716.25	998.911
2716.85	984.201
2717.45	950.205
2718.05	956.1
2718.66	966.297
2719.26	977.053
2719.86	996.556
2720.46	997.821
2721.06	1018.69
2721.67	1020.19
2722.27	1021
2722.87	1033.42
2723.47	1027.57
2724.07	1028.93
2724.67	1029.91
2725.27	1030.42
2725.71	1039.88
2726.38	1048.86
2727.06	1039.35
2727.73	1042.97
2728.4	1020.11
2729.07	1065.42
2729.74	1034.64
2730.42	1085.34
2731.09	1063.12
2731.76	1076.65
2732.43	1068.96
2733.1	1093.84
2733.77	1105.47
2734.44	1105.8
2735.11	1106.98
2735.78	1091.72
2736.45	1122.12
2737.12	1116.77
2737.79	1119.48
2738.46	1141.5
2739.13	1106.63
2739.8	1149.14
2740.47	1115.61
2741.14	1131.08
2741.81	1152.83
2742.47	1124.85
2743.14	1115.2
2743.81	1110.58
2744.48	1127.25
2745.15	1121.43
2745.81	1112.5
2746.48	1156.58
2747.15	1152.81
2747.81	1170.48
2748.48	1154.47
2749.15	1162.83
2749.81	1182.26
2750.48	1177.03
2751.15	1186.01
2751.81	1166.47
2752.48	1170.58
2753.14	1136.21
2753.81	1109.21
2754.47	1087.41
2755.14	1085.95
2755.8	1084.28
2756.47	1082.37
2757.13	1039.38
2757.8	1047.44
2758.46	1016.74
2759.13	1020.93
2759.79	1027.34
2760.45	990.911
2761.12	1000.46
2761.78	1027.25
2762.44	1033.41
2763.1	1055.8
2763.77	1031.11
2764.43	1047.45
2765.09	1076.27
2765.76	1065.41
2766.42	1090.54
2767.08	1085.04
2767.74	1130.75
2768.4	1152.81
2769.06	1142.94
2769.72	1179.12
2770.38	1152.62
2771.05	1225.64
2771.71	1268.96
2772.37	1279.55
2773.03	1314.92
2773.69	1411
2774.35	1426.99
2775.01	1509.69
2775.67	1599.44
2776.33	1658.18
2776.99	1706.54
2777.64	1848.5
2778.3	1908.32
2778.96	1935.37
2779.62	1990.25
2780.28	2015.22
2780.94	2051.34
2781.59	2099.66
2782.25	2072.86
2782.91	2045.19
2783.57	2006.47
2784.22	1972.16
2784.88	1966.83
2785.54	1994.42
2786.2	1987.73
2786.85	1992.86
2787.51	2028.41
2788.16	1962.69
2788.82	2027.79
2789.48	2022.17
2790.13	2071.65
2790.79	2050.61
2791.44	2098.86
2792.1	2115.17
2792.75	2171.32
2793.41	2185.73
2794.06	2198.65
2794.72	2229.81
2795.37	2294.83
2796.02	2271.38
2796.68	2287.24
2797.33	2351.71
2797.98	2340.28
2798.64	2441.21
2799.29	2431.19
2799.94	2452.14
2800.6	2506.08
2801.25	2549.76
2801.9	2574.92
2802.55	2597.96
2803.21	2599.23
2803.86	2690.94
2804.51	2701.09
2805.16	2714.17
2805.81	2753.96
2806.46	2783.49
2807.11	2870.7
2807.77	2883.82
2808.42	2948.29
2809.07	2986.86
2809.72	3031.34
2810.37	3075.63
2811.02	3162
2811.67	3148.87
2812.32	3183.34
2812.97	3261.35
2813.61	3331.46
2814.26	3333.95
2814.91	3339.55
2815.56	3402.6
2816.21	3424.4
2816.86	3515.87
2817.51	3546.48
2818.15	3597.36
2818.8	3585.31
2819.45	3641.96
2820.1	3729.47
2820.74	3784.46
2821.39	3814.31
2822.04	3860.07
2822.69	3927.59
2823.33	3974.32
2823.98	3992.7
2824.63	4011.38
2825.27	4084.98
2825.92	4153.29
2826.56	4108.99
2827.21	4274.56
2827.85	4254.02
2828.5	4323.2
2829.14	4332.17
2829.79	4395.78
2830.43	4365.15
2831.08	4396.23
2831.72	4425.22
2832.37	4410.84
2833.01	4487.55
2833.65	4545.35
2834.3	4553.39
2834.94	4523.04
2835.58	4558.16
2836.23	4618.74
2836.87	4598.12
2837.51	4628.01
2838.16	4606.02
2838.8	4603.11
2839.44	4650.04
2840.08	4725.98
2840.72	4756.59
2841.36	4720.93
2842.01	4705.33
2842.65	4716.16
2843.29	4760.9
2843.93	4787.35
2844.57	4791.4
2845.21	4757.56
2845.85	4859.31
2846.49	4790.75
2847.13	4840.65
2847.77	4801.8
2848.41	4871.35
2849.05	4899.95
2849.69	4869.51
2850.33	4852.53
2850.97	4807.69
2851.61	4819.52
2852.24	4814.54
2852.88	4820.18
2853.52	4942.82
2854.16	4899.25
2854.8	4927.47
2855.43	4905.59
2856.07	4911.06
2856.71	4924
2857.35	4905.41
2857.98	5007.97
2858.62	4965.94
2859.26	4983.37
2859.89	5118.97
2860.53	5034.84
2861.16	5103.83
2861.8	5154.64
2862.44	5220.11
2863.07	5238.67
2863.71	5369.41
2864.34	5315.01
2864.98	5432.08
2865.61	5472.27
2866.25	5470.3
2866.88	5575.36
2867.52	5620.23
2868.15	5686.37
2868.78	5782.17
2869.42	5832.66
2870.05	5951.58
2870.69	6091.8
2871.32	6146.18
2871.95	6214.59
2872.58	6356.59
2873.22	6468.48
2873.85	6594.28
2874.48	6711.19
2875.11	6843.29
2875.75	6928.04
2876.38	7091.02
2877.01	7219.92
2877.64	7297.13
2878.27	7424.8
2878.9	7528.97
2879.53	7567.62
2880.16	7667.69
2880.79	7850.75
2881.42	7882.18
2882.05	7940.77
2882.68	8197.26
2883.31	8211.34
2883.94	8257.64
2884.57	8359.37
2885.2	8482.33
2885.83	8529.38
2886.46	8651.4
2887.09	8617.58
2887.72	8676.97
2888.35	8684.84
2888.97	8750.16
2889.6	8729.31
2890.23	8751.33
2890.86	8741.62
2891.49	8716.42
2892.11	8702.94
2892.74	8740.84
2893.37	8745.89
2893.99	8802.75
2894.62	8806.66
2895.25	8838.1
2895.87	8749.66
2896.5	8815.25
2897.12	8811.71
2897.75	8900.2
2898.38	8907.21
2899	8890.82
2899.63	8974.68
2900.25	9062.85
2900.88	9049.04
2901.5	9092.99
2902.12	9060.93
2902.75	9121.76
2903.37	9164.46
2904	9146.97
2904.62	9164.35
2905.25	9177.45
2905.87	9228.8
2906.49	9177.56
2907.11	9160.13
2907.74	9053.05
2908.36	9004.82
2908.98	8934.03
2909.6	8939.49
2910.23	8839.44
2910.85	8826.53
2911.47	8667.3
2912.09	8615.67
2912.71	8522.62
2913.33	8394.59
2913.96	8273.76
2914.58	8091.92
2915.2	7949.97
2915.82	7857.37
2916.44	7733.42
2917.06	7552.98
2917.68	7438.8
2918.3	7275.09
2918.92	7242.13
2919.54	7102.39
2920.16	7031.25
2920.77	6948.28
2921.39	6896.99
2922.01	6846.4
2922.63	6754.79
2923.25	6713.24
2923.87	6618.46
2924.48	6685.81
2925.1	6655.66
2925.72	6644.72
2926.34	6626.22
2926.95	6596.44
2927.57	6670.96
2928.19	6669.66
2928.8	6625.96
2929.42	6696.71
2930.04	6699.08
2930.65	6673.52
2931.27	6707.78
2931.89	6774.66
2932.5	6843
2933.12	6734.33
2933.73	6837.37
2934.35	6910.43
2934.96	7023.52
2935.58	7034.34
2936.19	7104.91
2936.81	7131.86
2937.42	7188.45
2938.03	7222.37
2938.65	7281.28
2939.26	7322.74
2939.88	7349.3
2940.49	7311.78
2941.1	7324.39
2941.71	7260.96
2942.33	7309.04
2942.94	7237.9
2943.55	7228.56
2944.17	7196.02
2944.78	7200.91
2945.39	7190.74
2946	7114.61
2946.61	7099.91
2947.22	7086.73
2947.83	7022.17
2948.45	7031.66
2949.06	6988.58
2949.67	6891.03
2950.28	6845.92
2950.89	6817.23
2951.5	6753.88
2952.11	6626.92
2952.72	6503.39
2953.33	6355.42
2953.94	6401.1
2954.54	6254.27
2955.15	6186.76
2955.76	6093.71
2956.37	5997.11
2956.98	5888.12
2957.59	5753.85
2958.2	5719.57
2958.8	5598.9
2959.41	5539.22
2960.02	5491.46
2960.63	5370.59
2961.23	5278.96
2961.84	5180.71
2962.45	5007.2
2963.05	4961.03
2963.66	4906.37
2964.27	4806.36
2964.87	4801.05
2965.48	4591.56
2966.08	4565.67
2966.69	4509.66
2967.29	4396.31
2967.9	4319.19
2968.5	4153.85
2969.11	4169.49
2969.71	4113.3
2970.32	3966.24
2970.92	3927.96
2971.53	3825.36
2972.13	3766.95
2972.74	3642.12
2973.34	3641.9
2973.94	3516.55
2974.54	3447.5
2975.15	3383.85
2975.75	3259.29
2976.35	3210.38
2976.96	3148.7
2977.56	3104.73
2978.16	3062.81
2978.76	2939.74
2979.36	2864.82
2979.97	2853.59
2980.57	2748.14
2981.17	2674.44
2981.77	2679.42
2982.37	2613.15
2982.97	2534.17
2983.57	2463.22
2984.17	2418.03
2984.77	2330.24
2985.37	2302.39
2985.97	2268.94
2986.57	2212.29
2987.17	2183.37
2987.77	2130.72
2988.37	2050.08
2988.97	2011.12
2989.57	1944.23
2990.17	1961.23
2990.76	1880.9
2991.36	1833.48
2991.96	1801.58
2992.56	1720.62
2993.16	1692.9
2993.75	1687.58
2994.35	1623.72
2994.95	1602.74
2995.54	1575.6
2996.14	1522.04
2996.74	1447.25
2997.33	1433.03
2997.93	1406.7
2998.52	1415.22
2999.12	1348
2999.72	1344.18
3000.31	1321.9
3000.91	1268.91
3001.5	1265.05
3002.1	1215.07
3002.69	1184.45
3003.29	1226.44
3003.88	1162.86
3004.47	1123.85
3005.07	1141.25
3005.66	1101.5
3006.26	1059.89
3006.85	1069.67
3007.44	1021.05
3008.04	1021.58
3008.63	998.32
3009.22	1011.8
3009.81	989.16
3010.41	1000.31
3011	954.002
3011.59	907.815
3012.18	948.991
3012.77	914.312
3013.36	886.833
3013.96	901.424
3014.55	861.545
3015.14	868.931
3015.73	859.945
3016.32	846.928
3016.91	811.318
3017.5	817.842
3018.09	797.508
3018.68	807.927
3019.27	776.052
3019.86	767.852
3020.45	770.026
3021.04	775.406
3021.63	767.491
3022.22	752.38
3022.8	767.114
3023.39	728.128
3023.98	730.314
3024.57	704.612
3025.16	725.34
3025.74	690.362
3026.33	692.523
3026.92	715.285
3027.5	697.728
3028.09	666.697
3028.68	691.381
3029.26	690.307
3029.85	697.584
3030.44	684.341
3031.02	656.73
3031.61	669.421
3032.19	659.361
3032.78	655.421
3033.37	650.352
3033.95	641.076
3034.54	654.505
3035.12	657.597
3035.71	658.645
3036.29	640.07
3036.87	631.839
3037.46	677.363
3038.04	671.215
3038.63	645.465
3039.21	644.596
3039.79	622.084
3040.38	634.807
3040.96	664.127
3041.54	644.724
3042.12	622.081
3042.71	655.241
3043.29	653.032
3043.87	648.67
3044.45	629.81
3045.03	638.969
3045.62	633.749
3046.2	646.239
3046.78	620.523
3047.36	644.529
3047.94	635.389
3048.52	645.874
3049.1	626.253
3049.68	638.69
3050.26	604.478
3050.84	658.296
3051.42	657.211
3052	646.806
3052.58	632.264
3053.16	617.736
3053.74	647.759
3054.32	635.383
3054.89	639.639
3055.47	657.428
3056.05	646.258
3056.63	649.592
3057.21	638.363
3057.78	663.336
3058.36	647.774
3058.94	647.685
3059.52	640.306
3060.09	666.107
3060.67	646.364
3061.25	668.134
3061.82	665.081
3062.4	673.43
3062.97	670.343
3063.55	656.838
3064.13	657.797
3064.7	682.579
3065.28	659.747
3065.85	648.369
3066.43	638.071
3067	649.527
3067.58	650.568
3068.15	667.05
3068.72	677.206
3069.3	642.782
3069.87	646.667
3070.45	674.409
3071.02	681.568
3071.59	624.721
3072.17	657.915
3072.74	665.255
3073.31	662.191
3073.89	633.177
3074.46	680.634
3075.03	648.436
3075.6	679.357
3076.17	656.614
3076.74	659.815
3077.32	647.584
3077.89	675.715
3078.46	667.622
3079.03	629.447
3079.6	665.69
3080.17	678.04
3080.74	684.101
3081.31	666.323
3081.88	663.012
3082.45	677.274
3083.02	660.548
3083.59	667.603
3084.16	649.879
3084.73	668.299
3085.3	667.115
3085.87	655.656
3086.43	687.604
3087	695.906
3087.57	664.034
3088.14	677.596
3088.71	690.106
3089.28	662.291
3089.84	687.053
3090.41	659.114
3090.98	683.799
3091.54	686.804
3092.11	712.51
3092.68	681.463
3093.24	686.514
3093.81	686.401
3094.38	712.074
3094.94	713.018
3095.51	699.553
3096.07	712.894
3096.64	692.208
3097.2	718.91
3097.77	720.877
3098.33	732.152
3098.9	685.803
3099.46	688.966
3100.03	714.835
3100.59	693.298
3101.15	692.323
3101.72	724.263
3102.28	725.228
3102.84	695.246
3103.41	720.879
3103.97	716.625
3104.53	711.335
3105.1	727.659
3105.66	708.989
3106.22	724.302
3106.78	709.803
3107.34	751.915
3107.91	760.099
3108.47	722.016
3109.03	750.823
3109.59	742.658
3110.15	749.996
3110.71	744.032
3111.27	732.953
3111.83	760.965
3112.39	760.054
3112.95	757.974
3113.51	756.801
3114.07	751.453
3114.63	762.587
3115.19	780.994
3115.75	775.829
3116.31	792.334
3116.87	723.455
3117.43	781.077
3117.98	783.064
3118.54	769.55
3119.1	797.136
3119.66	780.512
3120.22	774.222
3120.77	803.97
3121.33	780.328
3121.89	798.843
3122.44	769.032
3123	776.159
3123.56	785.265
3124.11	771.712
3124.67	788.948
3125.23	771.303
3125.78	799.922
3126.34	791.685
3126.89	824.596
3127.45	803.182
3128	793.086
3128.56	835.351
3129.11	797.481
3129.67	805.768
3130.22	809.878
3130.78	813.919
3131.33	847.674
3131.88	835.172
3132.44	831.896
3132.99	819.398
3133.54	811.048
3134.1	826.351
3134.65	827.349
3135.2	847.886
3135.76	844.862
3136.31	860.312
3136.86	852.161
3137.41	851.169
3137.96	834.767
3138.51	864.506
3139.07	884.995
3139.62	868.549
3140.17	837.748
3140.72	883.89
3141.27	854.144
3141.82	849.021
3142.37	870.55
3142.92	836.667
3143.47	898.14
3144.02	868.35
3144.57	871.419
3145.12	870.463
3145.67	872.669
3146.22	886.227
3146.77	892.631
3147.32	891.824
3147.86	866.306
3148.41	926.915
3148.96	874.512
3149.51	897.99
