401.058	2370.72
402.149	2452.82
403.243	2450.48
404.332	2446.09
405.424	2398.14
406.515	2376.66
407.606	2321.4
408.697	2304.03
409.785	2250.17
410.876	2186.04
411.967	2162.15
413.055	2130.43
414.143	2102.09
415.233	2094.88
416.321	2091.11
417.409	2143.98
418.499	2095.51
419.586	2132.81
420.673	2198.23
421.761	2251.13
422.848	2313.74
423.935	2352.76
425.02	2416.96
426.106	2483.94
427.193	2459.45
428.278	2598.69
429.364	2639.98
430.45	2729.98
431.534	2773.35
432.618	2746.52
433.704	2844.42
434.788	2851.94
435.871	2851.49
436.955	2862.09
438.038	2864.3
439.123	2784.72
440.204	2737.62
441.287	2753.69
442.37	2630.61
443.452	2518.9
444.535	2443.92
445.615	2376.69
446.698	2318.93
447.78	2216.21
448.86	2100.29
449.939	2039.04
451.021	1926.33
452.101	1942.54
453.18	1902.38
454.262	1849.9
455.341	1859.07
456.42	1798.17
457.499	1750.88
458.578	1765.78
459.654	1764.22
460.733	1735.11
461.811	1719.2
462.89	1715.44
463.966	1633.53
465.044	1755.23
466.12	1762.51
467.197	1762.24
468.273	1794.36
469.349	1748.74
470.426	1749.04
471.501	1720.86
472.576	1736.09
473.651	1713.26
474.726	1803.09
475.801	1734.61
476.876	1738.9
477.95	1802.68
479.022	1805.14
480.097	1794.32
481.171	1895.32
482.243	1869.07
483.317	1883.45
484.388	1871.86
485.46	1948.95
486.533	1998.12
487.605	2039.7
488.676	2074.67
489.747	2145.56
490.818	2177.96
491.889	2282.48
492.959	2288.07
494.03	2380.36
495.1	2305.4
496.171	2377.19
497.239	2419.11
498.309	2411.01
499.379	2450.37
500.446	2402.73
501.514	2331.72
502.584	2400.41
503.651	2332.34
504.718	2380.9
505.788	2351.92
506.855	2344.03
507.921	2329.7
508.988	2393.13
510.055	2320.16
511.119	2418.54
512.186	2373.32
513.252	2465.75
514.318	2460.35
515.382	2555.07
516.448	2617.91
517.512	2614.86
518.577	2664.43
519.641	2695.98
520.704	2708.57
521.768	2753.64
522.833	2830.17
523.896	2835.44
524.959	2965.76
526.021	2883.79
527.084	2950.75
528.144	2984.87
529.207	3060.51
530.269	3083.02
531.331	3165.64
532.391	3154.18
533.453	3142.63
534.513	3202.78
535.572	3105.82
536.634	3138.92
537.693	3000.04
538.752	2956.15
539.812	2908.36
540.87	2876.72
541.929	2781.55
542.988	2687.87
544.047	2581.29
545.105	2548.03
546.164	2356.19
547.22	2307.06
548.278	2219.67
549.336	2155.1
550.392	2078.28
551.448	2033.38
552.505	1992.59
553.561	1902.78
554.616	1855.13
555.671	1823.29
556.728	1735.31
557.783	1746.59
558.836	1668.07
559.891	1619.08
560.946	1596.05
562	1546.25
563.055	1556.12
564.107	1501.41
565.161	1544.19
566.213	1510.1
567.267	1538.86
568.318	1414.03
569.37	1464.87
570.424	1420.55
571.475	1393.88
572.526	1393.12
573.577	1407.14
574.628	1436.83
575.679	1455.48
576.73	1420.81
577.781	1450.71
578.829	1447.63
579.88	1413.4
580.93	1379.23
581.978	1404.84
583.026	1371.5
584.076	1347.29
585.124	1347.87
586.172	1354.85
587.221	1318.63
588.269	1408.21
589.316	1342.43
590.363	1330.73
591.41	1352.92
592.457	1392.59
593.502	1314.3
594.549	1330.86
595.595	1339.65
596.64	1266.2
597.686	1263.45
598.73	1243.95
599.776	1275.49
600.82	1194.54
601.864	1144.69
602.908	1159.27
603.953	1092.39
604.997	1138.02
606.04	1139.84
607.083	1123.3
608.125	1163.71
609.168	1091.36
610.211	1115.5
611.253	1092.42
612.294	1076.7
613.336	1119.15
614.377	1112.82
615.419	1106.52
616.459	1094.6
617.499	1121.31
618.539	1121.14
619.579	1129.22
620.619	1114.27
621.658	1098.48
622.698	1106.75
623.737	1085.58
624.776	1135.48
625.815	1119.04
626.852	1071.31
627.891	1056.86
628.928	1030.43
629.966	1027.01
631.003	1053.91
632.041	1056.57
633.077	1011.92
634.114	999.478
635.15	985.215
636.185	1019.05
637.221	970.084
638.257	970.157
639.292	935.242
640.328	939.911
641.361	922.258
642.396	907.148
643.431	908.439
644.464	862.669
645.497	839.078
646.532	867.156
647.564	862.31
648.597	841.094
649.629	873.29
650.663	864.083
651.695	833.618
652.727	849.896
653.757	901.868
654.789	824.255
655.821	835.773
656.852	875.823
657.882	836.178
658.913	841.593
659.942	830.539
660.973	846.956
662.002	832.089
663.031	862.999
664.06	871.097
665.09	888.634
666.119	886.352
667.147	955.038
668.175	855.819
669.201	853.814
670.229	853.398
671.257	849.006
672.285	820.466
673.311	843.442
674.338	855.503
675.363	814.352
676.389	839.662
677.416	838.29
678.441	837.727
679.466	846.19
680.491	815.7
681.515	815.542
682.54	873.497
683.565	812.582
684.589	866.214
685.613	873.909
686.635	859.569
687.659	876.666
688.681	888.215
689.705	893.245
690.727	883.41
691.75	892.022
692.772	941.319
693.793	928.541
694.814	985.128
695.835	951.789
696.856	995.206
697.877	966.316
698.898	1022.56
699.918	987.181
700.937	1037.91
701.957	990.601
702.978	1036.76
703.996	1031.09
705.016	1027.22
706.034	982.616
707.052	991.627
708.069	1042.23
709.087	967.163
710.107	915.275
711.124	954.015
712.139	949.385
713.156	911.516
714.173	879.166
715.19	854.127
716.205	922.27
717.222	904.329
718.238	856.737
719.253	846.034
720.267	854.705
721.283	862.497
722.297	844.571
723.311	824.887
724.325	817.241
725.339	849.229
726.353	868.423
727.366	873.912
728.38	854.628
729.391	837.173
730.404	859.182
731.417	820.324
732.428	838.331
733.441	834.157
734.452	834.564
735.463	783.658
736.475	813.68
737.486	850.285
738.496	830.148
739.506	829.348
740.516	826.705
741.526	802.881
742.534	813.839
743.544	808.197
744.554	765.82
745.561	790.438
746.571	756.384
747.578	760.911
748.587	782
749.594	718.744
750.601	748.18
751.608	766.664
752.615	754.93
753.621	748.768
754.628	730.73
755.634	756.868
756.641	784.941
757.647	797.458
758.651	751.989
759.657	749.782
760.663	735.553
761.666	778.484
762.67	724.403
763.676	761.65
764.679	794.185
765.682	778.546
766.686	769.296
767.689	798.863
768.692	815.582
769.694	759.436
770.697	796.929
771.698	769.847
772.7	775.26
773.703	771.344
774.703	787.65
775.703	801.833
776.705	814.825
777.705	822.085
778.705	797.772
779.705	808.878
780.705	790.431
781.704	812.058
782.704	810.503
783.703	816.336
784.702	839.742
785.701	833.291
786.698	857.498
787.697	875.225
788.694	841.858
789.693	877.415
790.689	897.175
791.686	911.294
792.682	942.061
793.68	947.576
794.676	1010.77
795.672	1009.78
796.666	1010.79
797.662	1008.23
798.658	1024.35
799.653	1081.42
800.647	1089.86
801.642	1126.94
802.636	1040.82
803.631	1102.68
804.624	1079.76
805.617	1104.32
806.61	1048.01
807.602	1080.91
808.595	1058.93
809.587	1017.43
810.58	1009.35
811.572	1042.14
812.564	1004.59
813.554	1057.04
814.546	1027.11
815.536	1060.17
816.528	1073.75
817.518	1121.52
818.507	1116.54
819.499	1134.7
820.488	1175.98
821.477	1230.12
822.466	1255.46
823.455	1363.71
824.444	1404.33
825.431	1468.85
826.42	1570.28
827.408	1659.91
828.395	1736.89
829.383	1857.29
830.369	1972.99
831.356	2106.71
832.342	2208.58
833.33	2417.52
834.315	2616.96
835.301	2777.08
836.287	2950.64
837.27	3170.84
838.256	3219.08
839.241	3430.08
840.226	3422.48
841.209	3388.91
842.194	3408.43
843.177	3285.56
844.16	3177.49
845.145	3021.79
846.127	2833.07
847.11	2641.55
848.092	2669.66
849.074	2530.26
850.056	2523.07
851.039	2545.08
852.018	2564.08
853	2618.75
853.982	2694.54
854.962	2803.56
855.941	2811.81
856.923	2816.82
857.902	2742.22
858.881	2642.98
859.86	2557.51
860.839	2382.54
861.818	2302.96
862.797	2154.89
863.776	2098.62
864.754	2036.63
865.733	2045.45
866.709	1918.97
867.687	1843.25
868.664	1891.92
869.642	1850.59
870.618	1826.9
871.594	1799.64
872.569	1751.26
873.545	1705.63
874.521	1668.25
875.496	1705.43
876.471	1702.88
877.447	1652.27
878.42	1674.32
879.395	1654.78
880.37	1597.42
881.343	1634.12
882.315	1615.66
883.29	1538.39
884.262	1596.67
885.235	1623.65
886.207	1583.25
887.179	1569.43
888.151	1557.34
889.123	1623.57
890.095	1617.93
891.065	1604.99
892.037	1627.15
893.009	1637.36
893.978	1652.18
894.948	1683.63
895.919	1681.08
896.888	1817.02
897.857	1789.87
898.826	1821.78
899.795	1981.85
900.764	2003.21
901.732	2100.82
902.701	2195.35
903.668	2303.5
904.636	2375.67
905.604	2399.13
906.57	2483.75
907.538	2570.6
908.504	2659.71
909.47	2617.31
910.436	2670.19
911.402	2725.08
912.367	2646.9
913.333	2617.42
914.298	2550.64
915.264	2483.59
916.229	2434.93
917.192	2314.19
918.157	2238.93
919.12	2239.74
920.084	2141.61
921.047	2136.95
922.01	2044.12
922.972	2001.1
923.935	1935.67
924.897	1911.9
925.859	1863.14
926.821	1816.34
927.783	1762.19
928.743	1649.52
929.705	1672.32
930.667	1656.93
931.626	1601.5
932.586	1606.5
933.547	1501.93
934.506	1486.77
935.466	1466.18
936.425	1420.49
937.384	1429.69
938.343	1421.06
939.301	1389.92
940.26	1412.8
941.217	1327.46
942.175	1408.35
943.132	1379.22
944.09	1394.1
945.046	1387.51
946.002	1368.71
946.96	1411.59
947.916	1355.09
948.872	1370.63
949.828	1358.92
950.783	1363.99
951.737	1415.86
952.692	1356.87
953.647	1396.23
954.601	1382.05
955.556	1381.05
956.509	1352.11
957.464	1378.79
958.417	1316.52
959.369	1353.84
960.322	1420.18
961.275	1397.82
962.227	1442.74
963.179	1479.85
964.132	1422.96
965.082	1454.58
966.034	1455.55
966.984	1504.75
967.936	1525.95
968.885	1538.64
969.837	1599
970.787	1602.6
971.736	1704.57
972.686	1721.75
973.635	1714.51
974.584	1771.27
975.533	1788.79
976.48	1874.98
977.429	1834.56
978.378	1868.31
979.325	1965.87
980.273	1907.61
981.22	1975.04
982.166	1910.04
983.113	1899.26
984.061	1870.41
985.007	1884.44
985.953	1784
986.897	1772.63
987.843	1753.03
988.789	1728.1
989.734	1652
990.678	1636.85
991.623	1578.68
992.567	1534.42
993.51	1529.25
994.453	1465.05
995.398	1440.95
996.341	1362.72
997.284	1381.63
998.227	1336.25
999.168	1291.92
1000.11	1292.43
1001.05	1276.23
1001.99	1241.49
1002.94	1209.66
1003.88	1236.64
1004.82	1183.66
1005.76	1227.67
1006.7	1252.18
1007.64	1189.99
1008.58	1229.23
1009.52	1258.93
1010.46	1204.56
1011.4	1212.56
1012.34	1223.44
1013.27	1221.53
1014.21	1242.31
1015.15	1282.98
1016.09	1226.89
1017.03	1251.89
1017.96	1245
1018.9	1212.67
1019.84	1261.39
1020.77	1246.51
1021.71	1216.76
1022.65	1260.05
1023.58	1263.44
1024.52	1251.19
1025.45	1335.53
1026.39	1277.56
1027.32	1303.71
1028.26	1277.12
1029.19	1324.42
1030.12	1321.89
1031.06	1368.21
1031.99	1361.22
1032.92	1327.23
1033.86	1303.75
1034.79	1350.92
1035.72	1339.72
1036.65	1362.28
1037.59	1320.56
1038.52	1339.98
1039.45	1381.07
1040.38	1364.58
1041.31	1370.75
1042.24	1378.77
1043.17	1427.37
1044.1	1423.93
1045.03	1461.15
1045.96	1437.02
1046.89	1516.26
1047.82	1565.57
1048.75	1538.43
1049.68	1505.68
1050.61	1598.14
1051.53	1559.35
1052.46	1582.9
1053.39	1611.8
1054.32	1667.05
1055.24	1734.56
1056.17	1719.42
1057.1	1768.21
1058.02	1870.51
1058.95	1914.96
1059.88	1919.44
1060.8	1960.05
1061.73	1880.56
1062.65	1850.62
1063.58	1840.78
1064.5	1817.65
1065.43	1836.41
1066.35	1782.32
1067.27	1893.72
1068.2	1937.67
1069.12	1946.8
1070.04	2009.13
1070.97	1970.78
1071.89	1981.57
1072.81	1981.58
1073.73	2031.54
1074.65	1984.57
1075.58	2003.09
1076.5	1983.15
1077.42	1964.72
1078.34	1908.9
1079.26	1912
1080.18	1893.22
1081.1	1782.27
1082.02	1729.41
1082.94	1685.11
1083.86	1634.14
1084.78	1572.75
1085.7	1551.31
1086.61	1519.54
1087.53	1461.32
1088.45	1478.15
1089.37	1424.77
1090.28	1408.3
1091.2	1431.54
1092.12	1413.89
1093.03	1383.91
1093.95	1447.77
1094.87	1473.86
1095.78	1494.44
1096.7	1528.4
1097.61	1557.69
1098.53	1561.4
1099.44	1600.99
1100.36	1637.63
1101.27	1675.1
1102.19	1661.38
1103.1	1683.54
1104.01	1717.98
1104.93	1798.8
1105.84	1779.65
1106.75	1784.41
1107.67	1830.09
1108.58	1846.72
1109.49	1859.63
1110.4	1861.91
1111.31	1852.52
1112.22	1932.66
1113.14	1962.49
1114.05	2023.52
1114.96	1995.84
1115.87	2071.44
1116.78	2119.81
1117.69	2100.1
1118.6	2208.77
1119.51	2267.93
1120.42	2337.18
1121.32	2453.56
1122.23	2479.52
1123.14	2451.35
1124.05	2485.43
1124.96	2446.57
1125.86	2423.26
1126.77	2284.31
1127.68	2294.51
1128.58	2237.6
1129.49	2232.05
1130.4	2177.49
1131.3	2193.72
1132.21	2191.02
1133.11	2210.45
1134.02	2223.77
1134.92	2190.27
1135.83	2322.13
1136.73	2242.73
1137.64	2287.51
1138.54	2241.88
1139.44	2233.02
1140.35	2176.51
1141.25	2062.04
1142.15	2005.63
1143.06	1975.03
1143.96	1895.04
1144.86	1837.8
1145.76	1781.33
1146.66	1718.91
1147.57	1646.74
1148.47	1532.5
1149.37	1507.76
1150.27	1458.25
1151.17	1366.87
1152.07	1315.53
1152.97	1244.18
1153.87	1194.71
1154.77	1140.39
1155.67	1120.28
1156.57	1035.32
1157.46	986.571
1158.36	979.812
1159.26	889.333
1160.16	865.647
1161.05	847.731
1161.95	814.523
1162.85	864.123
1163.75	809.619
1164.64	771.16
1165.54	777.383
1166.44	728.389
1167.33	717.582
1168.23	687.896
1169.12	684.016
1170.02	682.11
1170.91	675.457
1171.81	666.863
1172.7	654.404
1173.59	635.231
1174.49	639.769
1175.38	648.994
1176.27	661
1177.17	603.655
1178.06	616.562
1178.95	649.402
1179.84	604.582
1180.74	612.944
1181.63	611.902
1182.52	611.818
1183.41	596.529
1184.3	620.919
1185.19	599.765
1186.08	564.383
1186.97	582.907
1187.86	602.366
1188.75	612.381
1189.64	609.177
1190.53	623.889
1191.42	626.332
1192.31	616.561
1193.2	626.648
1194.09	631.189
1194.97	628.303
1195.86	621.711
1196.75	631.093
1197.64	651.711
1198.52	673.217
1199.41	654.241
1200.29	660.703
1201.18	686.972
1202.07	674.705
1202.95	669.951
1203.84	678.291
1204.72	663.959
1205.61	705.941
1206.49	688.685
1207.38	708.143
1208.26	696.773
1209.14	674.33
1210.03	654.86
1210.91	681.515
1211.79	698.767
1212.68	707.437
1213.56	674.522
1214.44	701.627
1215.32	687.209
1216.21	689.677
1217.09	703.482
1217.97	717.435
1218.85	707.185
1219.73	714.073
1220.61	753.138
1221.49	745.309
1222.37	771.384
1223.25	811.533
1224.13	868.52
1225.01	945.15
1225.89	1044.28
1226.77	1051.83
1227.65	1106.64
1228.52	1160.73
1229.4	1167.88
1230.28	1125.18
1231.16	1152.55
1232.03	1143.08
1232.91	1148.71
1233.79	1148.53
1234.66	1140.59
1235.54	1090.74
1236.42	1118.54
1237.29	1082.67
1238.17	976.523
1239.04	953.944
1239.92	950.43
1240.79	862.406
1241.67	898.912
1242.54	861.283
1243.41	821.729
1244.29	797.389
1245.16	818.781
1246.03	832.589
1246.91	827.322
1247.78	810.528
1248.65	805.061
1249.52	799.459
1250.4	831.945
1251.27	790.863
1252.14	831.921
1253.01	830.082
1253.88	870.344
1254.75	803.66
1255.62	844.903
1256.49	866.009
1257.36	904.202
1258.23	899.266
1259.1	910.478
1259.97	924.498
1260.84	916.552
1261.71	913.426
1262.57	968.579
1263.44	947.458
1264.31	977.921
1265.18	1035.12
1266.05	1066.54
1266.91	1098.85
1267.78	1112.94
1268.65	1181.32
1269.51	1229.56
1270.38	1357.77
1271.24	1423.91
1272.11	1529.94
1272.97	1632
1273.84	1702.55
1274.7	1781.6
1275.57	1850.17
1276.43	1822.74
1277.3	1855.71
1278.16	1859.15
1279.02	1819.67
1279.89	1731.8
1280.75	1737.62
1281.61	1652.98
1282.48	1577.91
1283.34	1475.04
1284.2	1374.27
1285.06	1324.66
1285.92	1238.73
1286.78	1191.17
1287.65	1099.18
1288.51	1045.02
1289.37	1022.63
1290.23	963.8
1291.09	937.27
1291.95	924.434
1292.81	892.581
1293.67	905.811
1294.52	851.164
1295.38	850.029
1296.24	800.382
1297.1	773.771
1297.96	813.532
1298.81	784.25
1299.67	771.617
1300.53	771.983
1301.39	772.569
1302.24	774.278
1303.1	745.85
1303.95	745.389
1304.81	756.404
1305.67	750.47
1306.52	775.766
1307.38	766.412
1308.23	738.276
1309.09	754.229
1309.94	727.811
1310.8	742.919
1311.65	756.285
1312.5	768.596
1313.35	784.091
1314.21	793.212
1315.06	804.3
1315.91	825.542
1316.77	825.362
1317.62	857.879
1318.47	852.889
1319.32	876.199
1320.17	903.732
1321.02	930.769
1321.87	955.995
1322.73	957.529
1323.57	1006.94
1324.43	1042.82
1325.28	1076.45
1326.13	1074.1
1326.97	1097.65
1327.82	1140.03
1328.67	1163.26
1329.52	1213.77
1330.37	1219.13
1331.22	1229.34
1332.06	1264.17
1332.91	1264.13
1333.76	1278.39
1334.61	1293.81
1335.45	1309.45
1336.3	1327.1
1337.15	1361.13
1337.99	1338.85
1338.84	1330.03
1339.68	1355.96
1340.53	1380.04
1341.37	1383.85
1342.22	1388.36
1343.06	1410.23
1343.91	1423.93
1344.75	1414.19
1345.6	1431.44
1346.44	1434.1
1347.28	1428.22
1348.12	1463.34
1348.97	1440.35
1349.81	1436.45
1350.65	1437.11
1351.49	1440.59
1352.33	1462.72
1353.18	1461.06
1354.02	1458.3
1354.86	1469.13
1355.7	1462.95
1356.54	1471.27
1357.38	1491.15
1358.22	1491.6
1359.06	1500.05
1359.9	1501.24
1360.74	1469.5
1361.58	1488.68
1362.42	1469.12
1363.25	1486.59
1364.09	1473.95
1364.93	1473.72
1365.77	1467.19
1366.6	1450.84
1367.19	1472.3
1368.1	1473.57
1369.01	1425.53
1369.92	1407.9
1370.83	1417.71
1371.74	1443.13
1372.65	1437.91
1373.56	1375.54
1374.47	1379.08
1375.37	1403.22
1376.28	1358.45
1377.19	1372.57
1378.1	1294.24
1379	1329.82
1379.91	1315.29
1380.82	1268.41
1381.72	1276.41
1382.63	1274.49
1383.54	1276.31
1384.44	1262.33
1385.35	1266.82
1386.25	1258.59
1387.16	1278.68
1388.06	1246.27
1388.97	1231.52
1389.87	1244.1
1390.78	1288.77
1391.68	1311.11
1392.59	1341.2
1393.49	1317.91
1394.39	1240.34
1395.3	1214.05
1396.2	1178.99
1397.1	1114.01
1398	1068.48
1398.91	1009.64
1399.81	971.248
1400.71	965.728
1401.61	961.202
1402.52	932.605
1403.42	867.475
1404.32	882.975
1405.22	895.544
1406.12	877.485
1407.02	858.601
1407.92	856.138
1408.82	825.121
1409.72	837.223
1410.62	825.459
1411.52	828.001
1412.42	816.155
1413.32	810.929
1414.21	790.388
1415.11	779.361
1416.01	771.188
1416.91	774.456
1417.81	776.82
1418.71	780.225
1419.6	763.804
1420.5	743.736
1421.4	758.969
1422.29	735.286
1423.19	774.341
1424.09	751.492
1424.98	750.405
1425.88	731.171
1426.77	734.728
1427.67	733.552
1428.56	734.328
1429.46	738.963
1430.35	729.41
1431.25	759.826
1432.14	788.434
1433.04	754.413
1433.93	762.311
1434.82	793.13
1435.72	794.519
1436.61	849.296
1437.5	869.836
1438.39	858.912
1439.29	911.915
1440.18	940.076
1441.07	971.036
1441.96	1028.71
1442.85	1024.24
1443.75	1036.11
1444.64	1018.46
1445.53	1040.27
1446.42	1072.75
1447.31	1066.85
1448.2	1102.08
1449.09	1078.51
1449.98	1063.39
1450.87	1145.31
1451.76	1122.53
1452.65	1160.57
1453.54	1172.96
1454.43	1187.54
1455.31	1180.01
1456.2	1180.99
1457.09	1191.29
1457.98	1209.9
1458.87	1209.88
1459.75	1202.09
1460.64	1281.54
1461.53	1243.42
1462.41	1281.11
1463.3	1301.58
1464.19	1383.05
1465.07	1489.5
1465.96	1530.53
1466.85	1563.44
1467.73	1522.47
1468.61	1545.63
1469.5	1464.18
1470.38	1465.38
1471.27	1466.67
1472.15	1473.75
1473.04	1507.89
1473.92	1517.58
1474.8	1602.88
1475.69	1604.64
1476.57	1614.3
1477.45	1613.55
1478.34	1568.4
1479.22	1542.79
1480.1	1527.74
1480.98	1516.19
1481.86	1488.53
1482.75	1511.85
1483.63	1493.01
1484.51	1430.49
1485.39	1315.94
1486.27	1185.42
1487.15	1016.57
1488.03	891.497
1488.91	779.982
1489.79	726.452
1490.67	666.014
1491.55	586.2
1492.43	558.622
1493.31	507.951
1494.19	494.052
1495.07	476.358
1495.94	478.922
1496.82	458.354
1497.7	437.77
1498.58	447.928
1499.45	394.666
1500.33	412.48
1501.21	393.852
1502.09	406.875
1502.96	386.41
1503.84	367.902
1504.72	396.236
1505.59	357.69
1506.47	359.25
1507.34	347.45
1508.22	343.286
1509.09	380.054
1509.97	355.011
1510.84	383.246
1511.72	355.456
1512.59	360.915
1513.46	358.751
1514.34	348.008
1515.21	346.699
1516.08	350.084
1516.96	340.217
1517.83	355.863
1518.7	343.208
1519.57	352.278
1520.45	355.724
1521.32	328.162
1522.19	318.545
1523.06	311.801
1523.93	344.566
1524.8	320.006
1525.67	348.04
1526.54	336.577
1527.41	319.456
1528.28	333.287
1529.16	332.109
1530.02	315.975
1530.89	325.189
1531.76	313.847
1532.63	325.957
1533.5	311.862
1534.37	327.73
1535.24	311.737
1536.11	327.562
1536.97	333.074
1537.84	318.936
1538.71	318.872
1539.57	319.791
1540.44	319.826
1541.31	342.39
1542.18	324.691
1543.04	333.226
1543.91	316.398
1544.77	308.892
1545.64	326.668
1546.5	299.38
1547.37	334.972
1548.24	319.966
1549.1	313.498
1549.96	320.283
1550.83	307.406
1551.69	325.611
1552.56	281.588
1553.42	292.149
1554.28	311.142
1555.15	294.196
1556.01	303.695
1556.87	285.835
1557.73	294.528
1558.6	310.894
1559.46	322.593
1560.32	326.695
1561.18	307.917
1562.04	291.882
1562.9	304.318
1563.77	306.279
1564.63	289.228
1565.49	321.773
1566.35	315.335
1567.21	305.121
1568.07	293.95
1568.93	308.592
1569.79	312.692
1570.64	307.163
1571.5	317.898
1572.36	319.975
1573.22	296.098
1574.08	305.871
1574.94	344.568
1575.8	316.88
1576.65	305.551
1577.51	329.915
1578.37	321.446
1579.22	321.631
1580.08	305.34
1580.94	325.812
1581.79	300.785
1582.65	322.292
1583.51	288.543
1584.36	316.922
1585.22	307.429
1586.07	302.765
1586.93	313.65
1587.78	308.926
1588.63	285.641
1589.49	322.791
1590.34	309.178
1591.2	309.175
1592.05	312.047
1592.9	319.762
1593.76	335.274
1594.61	320.565
1595.46	300.062
1596.32	330.388
1597.17	333.458
1598.02	338.516
1598.87	351.393
1599.72	306.488
1600.58	323.159
1601.43	340.734
1602.28	338.652
1603.13	340.421
1603.98	337.263
1604.83	324.33
1605.68	350.521
1606.53	358.188
1607.38	342.464
1608.23	353.134
1609.08	335.466
1609.93	337.275
1610.77	332.18
1611.62	346.542
1612.47	321.894
1613.32	350.872
1614.17	351.65
1615.01	336.915
1615.86	332.924
1616.71	336.715
1617.55	341.435
1618.4	346.087
1619.25	323.461
1620.09	344.521
1620.94	357.772
1621.79	347.756
1622.63	338.763
1623.48	343.389
1624.32	336.44
1625.17	351.789
1626.01	364.245
1626.86	347.676
1627.7	335.945
1628.54	342.584
1629.39	331.796
1630.23	346.115
1631.07	350.726
1631.92	331.161
1632.76	367.561
1633.6	349.917
1634.45	393.027
1635.29	325.356
1636.13	343.461
1636.97	359.641
1637.81	375.81
1638.66	375.616
1639.5	371.585
1640.34	346.441
1641.18	360.748
1642.02	373.176
1642.86	332.782
1643.7	370.25
1644.54	367.344
1645.38	345.194
1646.22	383.581
1647.06	365.243
1647.89	360.373
1648.73	386.302
1649.57	387.302
1650.41	384.534
1651.25	354.875
1652.09	346.397
1652.92	378.369
1653.76	341.842
1654.6	362.117
1655.43	385.235
1656.27	362.051
1657.11	373.656
1657.94	384.41
1658.78	357.608
1659.62	358.861
1660.45	362.042
1661.29	389.374
1662.12	378.841
1662.96	372.097
1663.79	359.511
1664.62	380.902
1665.46	376.198
1666.29	351.192
1667.13	357.319
1667.96	386.849
1668.79	358.959
1669.63	354.387
1670.46	358.551
1671.29	352.911
1672.12	359.929
1672.96	357.14
1673.79	351.39
1674.62	353.464
1675.45	353.605
1676.28	336.142
1677.11	336.357
1677.95	335.619
1678.78	321.126
1679.61	357.72
1680.44	320.493
1681.27	345.186
1682.1	340.302
1682.93	318.656
1683.75	329.541
1684.58	318.787
1685.41	299.185
1686.24	324.985
1687.07	327.119
1687.9	296.631
1688.73	327.404
1689.55	315.651
1690.38	300.898
1691.21	273.232
1692.04	285.132
1692.86	300.948
1693.69	295.923
1694.52	302.772
1695.34	286.867
1696.17	281.911
1696.99	295.848
1697.82	290.019
1698.64	287.181
1699.47	287.3
1700.29	298.296
1701.12	280.421
1701.94	282.354
1702.77	286.227
1703.59	288.086
1704.41	282.987
1705.24	294.772
1706.06	281.756
1706.88	288.608
1707.71	255.781
1708.53	284.481
1709.35	274.482
1710.17	288.279
1711	277.252
1711.82	253.314
1712.64	283.879
1713.46	262.898
1714.28	273.633
1715.1	260.631
1715.92	270.431
1716.74	272.325
1717.56	260.346
1718.38	272.061
1719.2	275.781
1720.02	261.655
1720.84	267.267
1721.66	274.874
1722.48	260.872
1723.3	259.777
1724.11	287.316
1724.93	263.636
1725.75	266.501
1726.57	258.446
1727.39	258.189
1728.2	266.732
1729.02	266.421
1729.84	269.095
1730.65	263.972
1731.47	264.773
1732.29	268.517
1733.1	242.852
1733.92	253.397
1734.73	273.683
1735.55	248.985
1736.36	267.308
1737.18	250.498
1737.99	250.3
1738.81	257.892
1739.62	243.047
1740.43	253.51
1741.25	240.605
1742.06	263.692
1742.87	254.718
1743.69	272.956
1744.5	270.813
1745.31	267.706
1746.13	216.143
1746.94	278.948
1747.75	254.566
1748.56	247.651
1749.37	256.244
1750.18	220.333
1750.99	253.116
1751.81	247.188
1752.61	245.125
1753.42	280.769
1754.24	252.636
1755.04	242.894
1755.85	248.623
1756.66	257.236
1757.47	237.794
1758.28	257.91
1759.09	250.955
1759.9	232.432
1760.71	243.839
1761.52	265.888
1762.32	231.122
1763.13	250.36
1763.94	251.293
1764.74	256.07
1765.55	229.023
1766.36	239.569
1767.17	259.778
1767.97	226.999
1768.78	241.501
1769.58	245.42
1770.39	243.549
1771.19	251.315
1772	243.603
1772.8	225.243
1773.61	238.772
1774.41	257.155
1775.22	270.726
1776.02	259.157
1776.83	228.222
1777.63	227.279
1778.43	254.434
1779.23	236.091
1780.04	236.183
1780.84	231.456
1781.64	261.705
1782.44	246.33
1783.25	236.757
1784.05	218.39
1784.85	232.13
1785.65	234.181
1786.45	231.355
1787.25	250.006
1788.05	233.522
1788.86	224.836
1789.65	244.5
1790.46	229.92
1791.25	206.498
1792.05	227.137
1792.85	238.977
1793.65	246.923
1794.45	223.491
1795.25	233.461
1796.05	217.904
1796.85	225.961
1797.64	237.976
1798.44	221.383
1799.24	230.403
1800.04	237.427
1800.83	249.375
1801.63	248.462
1802.43	233.687
1803.22	229.788
1804.02	227.864
1804.82	247.733
1805.61	222.996
1806.41	244.842
1807.2	223.048
1808	209.184
1808.79	219.151
1809.59	236.097
1810.38	239.156
1811.18	211.384
1811.97	233.302
1812.76	235.285
1813.56	229.257
1814.35	231.154
1815.14	240.008
1815.94	217.058
1816.73	246.876
1817.52	219.043
1818.31	229.043
1819.1	242.029
1819.9	239.043
1820.69	242.975
1821.48	234.911
1822.27	233.801
1823.06	231.703
1823.85	251.519
1824.64	227.546
1825.43	253.333
1826.22	225.362
1827.01	216.289
1827.8	231.084
1828.59	242.903
1829.38	232.872
1830.17	242.742
1830.96	245.651
1831.74	230.644
1832.53	229.515
1833.32	222.39
1834.11	215.246
1834.89	235.866
1835.68	249.519
1836.47	248.304
1837.26	235.222
1838.04	218.202
1838.83	221.962
1839.61	234.595
1840.4	240.277
1841.19	240.007
1841.97	219.024
1842.76	226.63
1843.54	197.847
1844.33	227.14
1845.11	196.507
1845.89	230.755
1846.68	242.412
1847.46	226.572
1848.25	224.466
1849.03	235.103
1849.81	235.927
1850.6	229.903
1851.38	223.898
1852.16	220.842
1852.94	232.469
1853.72	220.572
1854.51	212.574
1855.29	219.229
1856.07	222.929
1856.85	226.616
1857.63	238.102
1858.41	220.32
1859.19	236.68
1859.97	219.925
1860.75	210.029
1861.53	212.825
1862.31	228.302
1863.09	200.008
1863.87	214.526
1864.65	234.855
1865.43	246.377
1866.21	231.6
1866.99	195.437
1867.76	236.95
1868.54	225.075
1869.32	218.097
1870.1	229.578
1870.87	234.324
1871.65	218.765
1872.43	208.063
1873.2	215.761
1873.98	207.943
1874.76	228.198
1875.53	227.142
1876.31	205.772
1877.08	208.642
1877.86	213.481
1878.63	211.556
1879.41	225.135
1880.18	203.8
1880.96	222.186
1881.73	205.655
1882.5	230.818
1883.28	223.033
1884.05	232.727
1884.82	221.101
1885.6	190.062
1886.37	216.273
1887.14	226.948
1887.91	228.875
1888.68	197.778
1889.46	208.458
1890.23	220.142
1891	225.069
1891.77	228.104
1892.54	231.192
1893.31	217.749
1894.08	217.958
1894.85	209.359
1895.62	235.91
1896.39	210.558
1897.16	229.163
1897.93	209.538
1898.7	220.241
1899.47	216.286
1900.24	205.536
1901.01	233.06
1901.77	211.651
1902.54	197.101
1903.31	228.695
1904.08	224.903
1904.84	216.15
1905.61	222.134
1906.38	207.419
1907.14	216.344
1907.91	220.351
1908.68	211.548
1909.44	217.561
1910.21	217.672
1910.97	219.777
1911.74	228.825
1912.51	230.957
1913.27	217.224
1914.03	207.423
1914.8	223.404
1915.56	226.469
1916.33	217.589
1917.09	222.601
1917.85	215.663
1918.62	208.706
1919.38	207.71
1920.14	227.622
1920.9	193.797
1921.67	220.744
1922.43	203.901
1923.19	206.026
1923.95	209.174
1924.71	209.328
1925.47	224.46
1926.24	184.51
1927	211.565
1927.76	204.534
1928.52	192.46
1929.28	220.426
1930.04	217.335
1930.8	221.252
1931.56	203.15
1932.32	229.11
1933.08	212.052
1933.83	197.024
1934.59	216.071
1935.35	211.095
1936.11	217.124
1936.87	216.094
1937.62	187.942
1938.38	209.856
1939.14	213.7
1939.89	207.535
1940.65	223.422
1941.41	218.325
1942.16	189.237
1942.92	210.166
1943.68	209.048
1944.43	194.884
1945.19	204.666
1945.94	215.402
1946.7	207.164
1947.45	195.963
1948.21	196.75
1948.96	208.504
1949.71	201.368
1950.47	217.119
1951.22	191.131
1951.98	209.869
1952.73	204.756
1953.48	198.634
1954.23	227.2
1954.99	219.007
1955.74	217.717
1956.49	208.495
1957.24	215.107
1957.99	210.887
1958.75	228.422
1959.5	220.358
1960.25	217.25
1961	240.727
1961.75	207.054
1962.5	210.763
1963.25	208.542
1964	230.865
1964.75	222.746
1965.5	223.474
1966.25	204.608
1967	232.721
1967.74	210.884
1968.49	229.083
1969.24	244.284
1969.99	202.01
1970.74	224.06
1971.48	217.95
1972.23	210.944
1972.98	212.731
1973.73	199.986
1974.47	211.474
1975.22	222.905
1975.96	228.457
1976.71	213.643
1977.46	203.677
1978.2	214.988
1978.95	220.534
1979.69	214.561
1980.44	215.398
1981.18	222.056
1981.93	217.156
1982.67	203.561
1983.41	220.744
1984.16	221.485
1984.9	202.938
1985.64	209.374
1986.39	218.673
1987.13	231.816
1987.87	213.368
1988.61	200.734
1989.36	213.028
1990.1	234.902
1990.84	214.686
1991.58	218.386
1992.32	198.191
1993.06	204.779
1993.81	215.217
1994.55	216.139
1995.29	211.37
1996.03	203.768
1996.77	212.45
1997.51	208.699
1998.24	209.721
1998.98	201.137
1999.72	211.696
2000.46	210.734
2001.2	216.481
2001.94	227.995
2002.68	190.591
2003.41	205.02
2004.15	197.384
2004.89	214.727
2005.63	217.659
2006.36	183.072
2007.1	192.704
2007.84	190.793
2008.57	201.406
2009.31	181.231
2010.05	200.577
2010.78	193.938
2011.52	194.064
2012.25	201.922
2012.99	202.044
2013.72	220.521
2014.46	171.229
2015.19	206.127
2015.92	193.58
2016.66	196.55
2017.39	233.515
2018.13	207.474
2018.86	183.362
2019.59	192.302
2020.32	190.546
2021.06	192.675
2021.79	176.164
2022.52	212.794
2023.25	205.105
2023.98	205.91
2024.72	205.128
2025.45	210.583
2026.18	211.233
2026.91	205.424
2027.64	214.758
2028.37	206.502
2029.1	204.75
2029.83	193.969
2030.56	185.301
2031.29	193.378
2032.02	183.644
2032.75	204.009
2033.47	203.948
2034.2	206.526
2034.93	192.635
2035.66	190.245
2036.39	191.347
2037.11	211.987
2037.84	218.526
2038.57	190.017
2039.3	210.848
2040.02	195.458
2040.75	193.896
2041.47	208.69
2042.2	205.438
2042.93	202.025
2043.65	202.881
2044.38	207.986
2045.1	202.948
2045.83	213.254
2046.55	190.937
2047.28	196.855
2048	192.745
2048.73	201.414
2049.45	193.831
2050.17	215.711
2050.9	199.34
2051.62	206.402
2052.34	197.63
2053.07	212.294
2053.79	199.861
2054.51	207.367
2055.23	203.814
2055.95	202.993
2056.68	204.026
2057.4	196.83
2058.12	209.766
2058.84	224.432
2059.56	215.287
2060.28	211.58
2061	204.761
2061.72	206.392
2062.44	209.729
2063.16	204.903
2063.88	204.973
2064.6	219.471
2065.32	218.425
2066.03	205.73
2066.75	213.876
2067.47	209.934
2068.19	203.075
2068.91	209.351
2069.62	218.956
2070.34	216.394
2071.06	200.389
2071.77	201.75
2072.49	215.643
2073.21	219.658
2073.92	213.44
2074.64	214.99
2075.36	219.755
2076.07	205.427
2076.79	201.501
2077.5	209.483
2078.22	222.769
2078.93	194.804
2079.64	203.572
2080.36	209.59
2081.07	203.839
2081.79	207.078
2082.5	209.293
2083.21	206.832
2083.93	208.395
2084.64	205.451
2085.35	219.692
2086.07	202.746
2086.78	208.665
2087.49	217.339
2088.2	206.334
2088.91	204.391
2089.62	199.376
2090.33	200.22
2091.04	213.262
2091.76	225.78
2092.47	225.787
2093.18	220.954
2093.89	197.518
2094.6	225.5
2095.3	223.973
2096.01	223.462
2096.72	207.72
2097.43	213.308
2098.14	208.829
2098.85	198.074
2099.56	203.128
2100.09	210.398
2100.87	217.228
2101.65	216.162
2102.43	202.255
2103.21	219.954
2103.99	222.795
2104.77	200.922
2105.55	222.41
2106.32	235.949
2107.1	215.043
2107.88	218.78
2108.66	231.41
2109.44	207.772
2110.22	223.442
2110.99	207.691
2111.77	197.78
2112.55	225.063
2113.33	232.643
2114.1	205.962
2114.88	233.113
2115.66	238.816
2116.43	228.976
2117.21	209.433
2117.99	218.21
2118.76	230.868
2119.54	208.351
2120.31	243.376
2121.09	199.374
2121.86	205.123
2122.64	216.722
2123.41	205.925
2124.19	229.229
2124.96	233.076
2125.74	216.508
2126.51	216.53
2127.28	223.398
2128.06	222.485
2128.83	233.255
2129.61	217.681
2130.38	224.505
2131.15	236.195
2131.92	237.166
2132.7	204.019
2133.47	234.283
2134.24	229.441
2135.01	227.52
2135.78	206.068
2136.55	225.617
2137.33	215.887
2138.1	212.031
2138.87	229.699
2139.64	224.919
2140.41	220.161
2141.18	228.153
2141.95	221.47
2142.72	240.294
2143.49	218.861
2144.26	230.786
2145.03	228.927
2145.8	222.132
2146.57	220.263
2147.33	220.394
2148.1	224.505
2148.87	212.852
2149.64	221.926
2150.41	222.092
2151.17	215.296
2151.94	213.422
2152.71	217.495
2153.48	217.63
2154.24	224.744
2155.01	222.954
2155.78	212.216
2156.54	211.411
2157.31	190.654
2158.08	231.706
2158.84	199.907
2159.61	215.006
2160.37	203.1
2161.14	211.171
2161.9	226.253
2162.67	206.327
2163.43	211.465
2164.2	227.691
2164.96	197.793
2165.72	210.059
2166.49	214.275
2167.25	210.393
2168.01	222.579
2168.78	200.451
2169.54	214.609
2170.3	208.616
2171.07	200.633
2171.83	221.978
2172.59	218.102
2173.35	199.036
2174.11	219.417
2174.88	220.519
2175.64	207.377
2176.4	209.404
2177.16	214.512
2177.92	217.613
2178.68	220.751
2179.44	203.631
2180.2	206.824
2180.96	201.897
2181.72	217.287
2182.48	217.412
2183.24	209.368
2184	228.777
2184.76	228.829
2185.52	225.814
2186.28	233.993
2187.04	184.149
2187.79	205.575
2188.55	224.976
2189.31	224.016
2190.07	215.925
2190.83	213.941
2191.58	228.254
2192.34	231.356
2193.1	213.048
2193.85	219.168
2194.61	237.474
2195.37	232.309
2196.12	221.013
2196.88	237.169
2197.63	249.251
2198.39	227.839
2199.15	224.762
2199.9	228.826
2200.66	223.765
2201.41	242.032
2202.16	235.898
2202.92	243.923
2203.67	207.321
2204.43	224.445
2205.18	207.165
2205.93	223.338
2206.69	212.227
2207.44	206.199
2208.19	225.471
2208.95	235.608
2209.7	218.38
2210.45	197.087
2211.2	239.483
2211.95	209.085
2212.71	231.234
2213.46	192.802
2214.21	227.042
2214.96	235.02
2215.71	193.596
2216.46	228.736
2217.21	234.625
2217.96	243.5
2218.71	245.32
2219.46	239.118
2220.21	209.895
2220.96	233.841
2221.71	228.759
2222.46	224.705
2223.21	221.655
2223.96	218.586
2224.71	235.477
2225.46	247.323
2226.21	244.171
2226.95	218.103
2227.7	223.981
2228.45	219.914
2229.2	227.81
2229.94	235.704
2230.69	230.662
2231.44	215.682
2232.18	230.524
2232.93	237.399
2233.68	228.37
2234.42	246.116
2235.17	219.215
2235.92	242.864
2236.66	223.933
2237.41	230.768
2238.15	237.624
2238.9	228.679
2239.64	240.498
2240.38	239.465
2241.13	239.409
2241.87	236.384
2242.62	240.261
2243.36	229.341
2244.1	233.216
2244.85	210.49
2245.59	246.874
2246.33	232.045
2247.08	216.247
2247.82	238.826
2248.56	232.861
2249.3	246.54
2250.05	245.454
2250.79	249.273
2251.53	222.684
2252.27	245.175
2253.01	237.293
2253.75	216.706
2254.49	229.471
2255.23	220.691
2255.97	241.323
2256.71	228.618
2257.45	236.481
2258.19	236.473
2258.93	227.621
2259.67	257.941
2260.41	236.352
2261.15	240.258
2261.89	235.398
2262.63	242.335
2263.36	220.902
2264.1	229.848
2264.84	236.834
2265.58	233.014
2266.32	239.951
2267.05	244.896
2267.79	243.931
2268.53	244.916
2269.26	223.344
2270	244.947
2270.74	220.475
2271.48	237.233
2272.21	223.605
2272.95	241.413
2273.68	244.52
2274.42	226.992
2275.15	215.344
2275.89	241.078
2276.62	225.455
2277.36	248.222
2278.09	242.403
2278.83	230.651
2279.56	226.772
2280.29	239.649
2281.03	232.807
2281.76	239.779
2282.49	251.704
2283.23	243.927
2283.96	232.224
2284.69	245.237
2285.42	227.622
2286.16	239.648
2286.89	241.75
2287.62	239.854
2288.35	217.139
2289.08	244.926
2289.81	245.018
2290.55	226.324
2291.28	247.321
2292.01	237.612
2292.74	250.749
2293.47	212.2
2294.2	231.284
2294.93	222.484
2295.66	242.524
2296.39	233.644
2297.11	223.738
2297.85	233.758
2298.57	243.801
2299.3	238.929
2300.03	239.081
2300.76	227.277
2301.49	214.459
2302.22	227.602
2302.94	231.729
2303.67	242.843
2304.4	214.924
2305.12	243.074
2305.85	205.149
2306.58	208.296
2307.31	223.484
2308.03	218.601
2308.76	222.726
2309.48	222.815
2310.21	209.836
2310.93	231.021
2311.66	224.09
2312.38	233.262
2313.11	226.354
2313.83	218.43
2314.56	207.46
2315.28	221.645
2316.01	216.677
2316.73	195.585
2317.45	220.865
2318.18	205.841
2318.9	218.054
2319.62	224.22
2320.35	216.243
2321.07	203.195
2321.79	202.251
2322.52	211.408
2323.24	197.333
2323.96	193.367
2324.68	207.603
2325.4	192.514
2326.12	192.581
2326.84	173.412
2327.56	159.29
2328.29	171.478
2329.01	138.132
2329.73	161.476
2330.45	159.525
2331.17	177.834
2331.89	198.172
2332.61	213.433
2333.32	225.636
2334.04	215.526
2334.76	237.846
2335.48	209.5
2336.2	215.629
2336.92	198.458
2337.64	201.566
2338.35	193.517
2339.07	195.6
2339.79	208.832
2340.51	200.759
2341.23	202.841
2341.94	214.081
2342.66	207.078
2343.37	201.097
2344.09	201.199
2344.81	206.351
2345.52	215.523
2346.24	203.306
2346.95	190.054
2347.67	193.058
2348.38	213.343
2349.1	218.447
2349.82	204.312
2350.53	214.575
2351.24	185.223
2351.96	211.734
2352.67	194.505
2353.39	203.669
2354.1	206.707
2354.81	207.703
2355.53	176.2
2356.24	188.394
2356.95	230.054
2357.66	200.64
2358.38	238.275
2359.09	202.787
2359.8	201.846
2360.51	212.1
2361.22	215.26
2361.94	226.577
2362.65	197.195
2363.36	184.075
2364.07	212.706
2364.78	219.922
2365.49	205.697
2366.2	211.83
2366.91	211.831
2367.62	233.231
2368.33	202.675
2369.04	191.497
2369.75	210.899
2370.46	211.965
2371.16	208.951
2371.87	191.662
2372.58	204.948
2373.29	204.987
2374	222.362
2374.71	207.117
2375.41	226.534
2376.12	200.065
2376.83	223.558
2377.53	233.805
2378.24	205.307
2378.95	194.153
2379.65	202.384
2380.36	203.463
2381.07	209.628
2381.77	200.468
2382.48	219.883
2383.18	213.803
2383.89	200.609
2384.59	210.93
2385.3	209.013
2386	210.149
2386.71	203.066
2387.41	216.384
2388.12	222.498
2388.82	226.544
2389.52	224.469
2390.23	221.407
2390.93	223.487
2391.63	223.542
2392.34	216.437
2393.04	224.635
2393.74	205.221
2394.44	238.924
2395.15	221.569
2395.85	221.615
2396.55	237.018
2397.25	230.979
2397.95	203.452
2398.65	216.771
2399.35	233.111
2400.05	224.887
2400.75	228.911
2401.45	219.674
2402.15	249.249
2402.85	242.119
2403.55	222.778
2404.25	232.035
2404.95	209.656
2405.65	242.412
2406.35	245.548
2407.05	210.872
2407.75	238.501
2408.44	239.57
2409.14	243.711
2409.84	224.356
2410.54	232.593
2411.24	225.485
2411.93	214.264
2412.63	210.173
2413.33	244.891
2414.02	218.285
2414.72	238.663
2415.42	222.286
2416.11	226.338
2416.81	235.502
2417.5	235.501
2418.2	228.379
2418.9	250.853
2419.59	224.372
2420.28	217.258
2420.98	236.632
2421.67	219.257
2422.37	202.89
2423.06	227.278
2423.75	246.581
2424.45	214.008
2425.14	232.393
2425.84	244.718
2426.53	223.441
2427.22	234.754
2427.91	250.115
2428.61	241.976
2429.3	217.481
2429.99	234.731
2430.68	211.206
2431.37	209.06
2432.07	238.428
2432.76	208.86
2433.45	230.125
2434.14	215.893
2434.83	223.018
2435.52	212.907
2436.21	232.229
2436.9	231.22
2437.59	212.919
2438.28	215.895
2438.97	236.078
2439.66	216.734
2440.35	228.817
2441.04	246.99
2441.72	212.561
2442.41	234.804
2443.1	232.757
2443.79	228.671
2444.48	215.48
2445.16	232.605
2445.85	227.513
2446.54	238.608
2447.23	238.619
2447.91	217.441
2448.6	226.544
2449.29	234.623
2449.97	232.594
2450.66	244.684
2451.34	253.746
2452.03	254.755
2452.72	235.609
2453.4	227.563
2454.09	240.678
2454.77	219.479
2455.46	245.616
2456.14	238.462
2456.82	226.277
2457.51	222.171
2458.19	237.208
2458.88	233.183
2459.56	240.254
2460.24	238.302
2460.92	256.471
2461.61	251.512
2462.29	251.571
2462.97	257.65
2463.66	234.534
2464.34	255.651
2465.02	285.779
2465.7	256.559
2466.38	274.569
2467.06	263.445
2467.75	269.419
2468.42	254.346
2469.11	258.385
2469.79	261.454
2470.47	263.543
2471.15	245.555
2471.83	261.703
2472.51	273.816
2473.19	274.851
2473.86	250.749
2474.54	274.851
2475.22	271.834
2475.9	276.869
2476.58	250.803
2477.26	251.879
2477.94	262.021
2478.61	233.985
2479.29	254.183
2479.97	252.249
2480.65	229.176
2481.32	267.438
2482	240.325
2482.68	247.416
2483.35	267.596
2484.03	256.59
2484.71	239.532
2485.38	236.539
2486.06	241.573
2486.73	249.61
2487.41	254.629
2488.08	249.61
2488.76	242.612
2489.43	247.717
2490.11	262.916
2490.78	263.039
2491.45	264.168
2492.13	252.187
2492.8	263.361
2493.48	253.359
2494.15	254.441
2494.82	260.576
2495.49	250.599
2496.17	243.671
2496.84	248.874
2497.51	252.069
2498.18	244.132
2498.86	276.607
2499.53	265.555
2500.2	263.567
2500.87	259.545
2501.54	258.576
2502.21	261.699
2502.88	271.96
2503.55	250.869
2504.22	251.044
2504.89	251.196
2505.56	295.947
2506.23	265.586
2506.9	260.569
2507.57	255.558
2508.24	262.755
2508.91	273.035
2509.58	274.192
2510.25	274.315
2510.91	259.153
2511.58	283.619
2512.25	283.666
2512.92	283.721
2513.59	266.507
2514.25	273.733
2514.92	283.018
2515.59	279.073
2516.25	287.338
2516.92	287.432
2517.59	255.909
2518.25	284.5
2518.92	278.431
2519.58	282.558
2520.25	276.505
2520.91	269.454
2521.58	276.71
2522.24	285.024
2522.91	276.009
2523.57	268.015
2524.24	288.635
2524.9	260.156
2525.56	276.665
2526.23	280.885
2526.89	302.509
2527.55	267.786
2528.22	278.122
2528.88	257.689
2529.54	269.001
2530.21	286.441
2530.87	273.129
2531.53	247.54
2532.19	264.016
2532.85	257.995
2533.51	265.35
2534.18	247.055
2534.84	236.934
2535.5	268.897
2536.16	288.467
2536.82	252.475
2537.48	282.22
2538.14	239.031
2538.8	279.064
2539.46	271.912
2540.12	284.327
2540.78	279.326
2541.44	289.762
2542.09	285.804
2542.75	277.701
2543.41	308.658
2544.07	283.987
2544.73	282.929
2545.39	266.395
2546.04	304.326
2546.7	257.968
2547.36	285.609
2548.02	297.872
2548.67	290.681
2549.33	288.664
2549.98	296.937
2550.64	289.82
2551.3	305.289
2551.95	308.438
2552.61	303.373
2553.26	317.826
2553.92	296.315
2554.57	301.485
2555.23	331.263
2555.88	322.974
2556.54	294.119
2557.19	334.004
2557.85	299.014
2558.5	316.357
2559.15	297.875
2559.81	332.716
2560.46	328.655
2561.11	303.086
2561.77	335.902
2562.42	333.845
2563.07	316.377
2563.72	321.401
2564.37	299.793
2565.03	325.256
2565.68	325.175
2566.33	325.153
2566.98	342.565
2567.63	343.659
2568.28	342.706
2568.93	353.981
2569.58	313.057
2570.23	330.356
2570.88	346.607
2571.53	337.346
2572.18	338.359
2572.83	321.04
2573.48	330.29
2574.13	317.068
2574.78	317.092
2575.43	329.333
2576.07	342.564
2576.72	331.283
2577.37	320.011
2578.02	322.011
2578.67	312.792
2579.31	319.876
2579.96	312.662
2580.61	298.299
2581.26	341.975
2581.9	321.514
2582.55	324.511
2583.19	315.358
2583.84	311.344
2584.49	317.533
2585.13	316.591
2585.78	298.301
2586.42	318.617
2587.07	305.285
2587.71	277.69
2588.36	296.833
2589	294.65
2589.65	300.619
2590.29	293.449
2590.93	311.672
2591.58	285.328
2592.22	303.618
2592.86	293.548
2593.51	304.79
2594.15	307.937
2594.79	321.239
2595.43	306.123
2596.07	288.949
2596.72	296.103
2597.36	304.234
2598	306.236
2598.64	296.039
2599.28	300.049
2599.92	296.978
2600.56	304.082
2601.2	320.346
2601.85	298.095
2602.49	294.095
2603.13	322.536
2603.76	291.106
2604.4	316.456
2605.04	313.401
2605.68	311.367
2606.32	296.163
2606.96	307.32
2607.6	297.176
2608.24	311.333
2608.88	295.069
2609.51	314.254
2610.15	308.134
2610.79	310.155
2611.43	312.228
2612.06	299.162
2612.7	298.276
2613.34	297.398
2613.97	318.816
2614.61	283.439
2615.25	323.088
2615.88	303.898
2616.52	320.213
2617.15	313.197
2617.79	330.552
2618.42	310.353
2619.06	324.678
2619.69	301.411
2620.33	334.006
2620.96	343.213
2621.6	317.845
2622.23	320.927
2622.86	330.115
2623.5	342.374
2624.13	366.864
2624.76	339.521
2625.4	344.715
2626.03	310.216
2626.66	353.018
2627.29	318.471
2627.93	342.941
2628.56	336.896
2629.19	373.629
2629.82	360.511
2630.45	353.511
2631.08	339.372
2631.71	345.593
2632.34	339.569
2632.98	369.216
2633.61	363.194
2634.24	376.571
2634.87	362.441
2635.5	354.444
2636.12	370.953
2636.75	352.731
2637.38	384.56
2638.01	359.14
2638.64	393
2639.27	383.897
2639.9	377.839
2640.53	384.034
2641.15	394.305
2641.78	399.451
2642.41	413.813
2643.04	420.016
2643.66	427.277
2644.29	413.077
2644.92	433.698
2645.54	406.184
2646.17	376.58
2646.8	421.728
2647.42	440.206
2648.05	420.75
2648.67	448.42
2649.3	428.976
2649.92	464.886
2650.55	453.709
2651.17	424.119
2651.8	426.328
2652.42	457.276
2653.05	430.786
2653.67	453.523
2654.29	450.567
2654.92	440.377
2655.54	441.442
2656.16	444.542
2656.79	437.381
2657.41	467.559
2658.03	446.43
2658.65	456.151
2659.27	468.603
2659.9	464.081
2660.52	456.062
2661.14	463.83
2661.76	470.663
2662.38	446.226
2663	456.677
2663.62	469.478
2664.24	464.752
2664.86	468.089
2665.48	472.012
2666.1	461.683
2666.72	454.175
2667.34	455.982
2667.96	449.607
2668.58	453.629
2669.2	467.763
2669.82	475.108
2670.44	452.961
2671.05	482.356
2671.67	471.728
2672.29	499.399
2672.91	479.968
2673.53	489.486
2674.14	503.969
2674.76	495.375
2675.38	508.158
2675.99	529.243
2676.61	523.979
2677.23	514.035
2677.84	551.957
2678.46	570.403
2679.07	612.221
2679.69	609.199
2680.3	638.332
2680.92	676.829
2681.53	708.755
2682.15	738.488
2682.76	751.826
2683.38	746.102
2683.99	762.254
2684.61	759.946
2685.22	750.211
2685.83	734.504
2686.44	742.173
2687.06	723.588
2687.67	724.6
2688.28	731.5
2688.9	732.975
2689.51	727.759
2690.12	744.659
2690.73	751.57
2691.34	760.719
2691.96	762.044
2692.57	766.272
2693.18	769.513
2693.79	772.306
2694.4	778.759
2695.01	756.417
2695.62	754.418
2696.23	756.162
2696.84	752.022
2697.45	775.347
2698.06	755.677
2698.67	756.84
2699.28	741.614
2699.88	741.521
2700.49	756.675
2701.1	766.716
2701.71	763.034
2702.32	775.781
2702.93	763.731
2703.53	761.14
2704.14	773.49
2704.75	764.631
2705.36	763.544
2705.96	774.386
2706.57	776.848
2707.17	777.013
2707.78	780.635
2708.39	790.126
2708.99	790.793
2709.6	787.875
2710.2	824.277
2710.81	796.199
2711.41	806.551
2712.02	806.488
2712.62	802.834
2713.23	819.454
2713.83	832.816
2714.44	823.972
2715.04	833.804
2715.64	835.195
2716.25	854.651
2716.85	857.353
2717.45	827.832
2718.05	838.975
2718.66	852.03
2719.26	857.776
2719.86	868.638
2720.46	862.571
2721.06	862.14
2721.67	859.213
2722.27	890.393
2722.87	897.823
2723.47	891.797
2724.07	890.185
2724.67	889.499
2725.27	895.628
2725.71	913.73
2726.38	918.662
2727.06	929.554
2727.73	902.701
2728.4	901.258
2729.07	904.946
2729.74	936.19
2730.42	966.587
2731.09	947.398
2731.76	936.502
2732.43	922.65
2733.1	965.779
2733.77	978.373
2734.44	949.148
2735.11	972.705
2735.78	967.623
2736.45	993.963
2737.12	971.342
2737.79	978.168
2738.46	999.215
2739.13	970.481
2739.8	1002.85
2740.47	1023.19
2741.14	1016.27
2741.81	995.273
2742.47	987.578
2743.14	975.825
2743.81	1012.89
2744.48	1012.22
2745.15	995.156
2745.81	1012.69
2746.48	998.651
2747.15	1022.37
2747.81	1004.31
2748.48	1027.02
2749.15	1017
2749.81	1039.47
2750.48	1084.25
2751.15	1074.88
2751.81	1056.38
2752.48	1033.97
2753.14	1022.01
2753.81	1027.61
2754.47	1022.1
2755.14	1015.5
2755.8	1000.51
2756.47	965.88
2757.13	960.719
2757.8	965.721
2758.46	938.084
2759.13	937.161
2759.79	925.149
2760.45	949.01
2761.12	932.966
2761.78	894.269
2762.44	924.977
2763.1	954.539
2763.77	947.257
2764.43	953.371
2765.09	969.895
2765.76	938.529
2766.42	970.759
2767.08	961.091
2767.74	996.48
2768.4	1002.07
2769.06	997.285
2769.72	1031.37
2770.38	1021.27
2771.05	1071.7
2771.71	1086.25
2772.37	1105.01
2773.03	1136.2
2773.69	1157.22
2774.35	1211.13
2775.01	1282.46
2775.67	1295.04
2776.33	1368.15
2776.99	1435.02
2777.64	1470.03
2778.3	1510.27
2778.96	1591.78
2779.62	1647.63
2780.28	1676.66
2780.94	1700.42
2781.59	1725.08
2782.25	1681.82
2782.91	1663.39
2783.57	1678.12
2784.22	1685.91
2784.88	1642.34
2785.54	1671.87
2786.2	1620.77
2786.85	1593.96
2787.51	1621.37
2788.16	1650.57
2788.82	1650.94
2789.48	1660.85
2790.13	1687.67
2790.79	1692.27
2791.44	1714.62
2792.1	1708.1
2792.75	1724.99
2793.41	1783.72
2794.06	1754.48
2794.72	1842.45
2795.37	1834.52
2796.02	1844.17
2796.68	1851.92
2797.33	1886.61
2797.98	1902.99
2798.64	1944.23
2799.29	1905.35
2799.94	1936.5
2800.6	1985.21
2801.25	2050.42
2801.9	2073.43
2802.55	2083.01
2803.21	2079.09
2803.86	2139.9
2804.51	2123.3
2805.16	2173.51
2805.81	2207.2
2806.46	2260.47
2807.11	2283.92
2807.77	2311.5
2808.42	2319.45
2809.07	2311.83
2809.72	2372.95
2810.37	2422.59
2811.02	2446.47
2811.67	2503.4
2812.32	2504.06
2812.97	2546.12
2813.61	2590.5
2814.26	2593.92
2814.91	2626.14
2815.56	2652.12
2816.21	2660.5
2816.86	2772.54
2817.51	2778.53
2818.15	2817.19
2818.8	2853.6
2819.45	2864.2
2820.1	2878.96
2820.74	2955.62
2821.39	2962.87
2822.04	2975.64
2822.69	3022.44
2823.33	3088.58
2823.98	3124.45
2824.63	3159.75
2825.27	3213.11
2825.92	3264.28
2826.56	3259.24
2827.21	3328.5
2827.85	3311.04
2828.5	3369.86
2829.14	3370.46
2829.79	3382.53
2830.43	3385.51
2831.08	3427.6
2831.72	3472.74
2832.37	3444.79
2833.01	3475.11
2833.65	3557.52
2834.3	3529.63
2834.94	3590.86
2835.58	3595.34
2836.23	3599.64
2836.87	3622.4
2837.51	3648.37
2838.16	3681.91
2838.8	3636.88
2839.44	3710.36
2840.08	3759.4
2840.72	3714.86
2841.36	3724.34
2842.01	3745.76
2842.65	3733.06
2843.29	3741.95
2843.93	3790.02
2844.57	3808.46
2845.21	3824.93
2845.85	3848.62
2846.49	3809.79
2847.13	3867.79
2847.77	3881.09
2848.41	3889.67
2849.05	3898.36
2849.69	3907.74
2850.33	3881.41
2850.97	3877.83
2851.61	3827.24
2852.24	3886.37
2852.88	3924.15
2853.52	3972.95
2854.16	3945.7
2854.8	3985.96
2855.43	3964.78
2856.07	3991.58
2856.71	3971.5
2857.35	4010.52
2857.98	4047.31
2858.62	4099.87
2859.26	4094.5
2859.89	4115.56
2860.53	4157.59
2861.16	4194.3
2861.8	4156.28
2862.44	4227.82
2863.07	4295.83
2863.71	4408.04
2864.34	4415.42
2864.98	4412.87
2865.61	4529.12
2866.25	4538.3
2866.88	4648.35
2867.52	4601.37
2868.15	4638.62
2868.78	4784.95
2869.42	4787
2870.05	4893.48
2870.69	4939.68
2871.32	5059.74
2871.95	5089.55
2872.58	5256.89
2873.22	5373.53
2873.85	5451.5
2874.48	5559.93
2875.11	5638.15
2875.75	5728.93
2876.38	5855.43
2877.01	5898.02
2877.64	5978.68
2878.27	6101.4
2878.9	6229.6
2879.53	6297.54
2880.16	6403.23
2880.79	6481.09
2881.42	6662.73
2882.05	6786.62
2882.68	6826.21
2883.31	7010.39
2883.94	6895.56
2884.57	7150.46
2885.2	7208.35
2885.83	7207.8
2886.46	7351.85
2887.09	7390.18
2887.72	7489.73
2888.35	7495.29
2888.97	7578.21
2889.6	7590.56
2890.23	7606.04
2890.86	7623.96
2891.49	7658.6
2892.11	7663.27
2892.74	7715.25
2893.37	7736.66
2893.99	7725.45
2894.62	7833.73
2895.25	7819.07
2895.87	7796.19
2896.5	7840.45
2897.12	7864.62
2897.75	7890.84
2898.38	7849.24
2899	7965.58
2899.63	7970.76
2900.25	8014.91
2900.88	8104.83
2901.5	8119.46
2902.12	8166.97
2902.75	8207.79
2903.37	8230.38
2904	8194.83
2904.62	8290.57
2905.25	8275.1
2905.87	8290.58
2906.49	8295.87
2907.11	8216.5
2907.74	8148.25
2908.36	8191.3
2908.98	8101.57
2909.6	8128.95
2910.23	8044.49
2910.85	8061.86
2911.47	7914.05
2912.09	7820.35
2912.71	7812.32
2913.33	7691.63
2913.96	7626.47
2914.58	7488.75
2915.2	7317.4
2915.82	7303.58
2916.44	7162.83
2917.06	7092.63
2917.68	6965.83
2918.3	6869.33
2918.92	6720.88
2919.54	6716.66
2920.16	6584.74
2920.77	6552.27
2921.39	6464.38
2922.01	6431.71
2922.63	6347.45
2923.25	6267.07
2923.87	6378.88
2924.48	6333.99
2925.1	6218.92
2925.72	6221.71
2926.34	6291.38
2926.95	6288.92
2927.57	6248.21
2928.19	6297.23
2928.8	6230.45
2929.42	6300.12
2930.04	6342.31
2930.65	6346.11
2931.27	6324.9
2931.89	6357.35
2932.5	6423.77
2933.12	6444.01
2933.73	6522.05
2934.35	6553.38
2934.96	6577.7
2935.58	6595.95
2936.19	6670.79
2936.81	6586.02
2937.42	6770.13
2938.03	6793.64
2938.65	6765.89
2939.26	6884.72
2939.88	6885.35
2940.49	6891.9
2941.1	6876.66
2941.71	6869.79
2942.33	6862.9
2942.94	6828.34
2943.55	6916.9
2944.17	6838.57
2944.78	6835.15
2945.39	6856.25
2946	6835.31
2946.61	6758.23
2947.22	6734.69
2947.83	6690.93
2948.45	6748.26
2949.06	6711.44
2949.67	6650.36
2950.28	6587.71
2950.89	6610.09
2951.5	6466.99
2952.11	6407.62
2952.72	6312.19
2953.33	6228.52
2953.94	6209.98
2954.54	6154.33
2955.15	6074.42
2955.76	5945.16
2956.37	5969.71
2956.98	5803.83
2957.59	5719.23
2958.2	5613.61
2958.8	5520.86
2959.41	5428.12
2960.02	5410.35
2960.63	5296.74
2961.23	5229.93
2961.84	5160.6
2962.45	5020.1
2963.05	5006.91
2963.66	4865.69
2964.27	4793.49
2964.87	4730.51
2965.48	4659.04
2966.08	4610.49
2966.69	4512.24
2967.29	4423.61
2967.9	4272.32
2968.5	4271.76
2969.11	4186.47
2969.71	4090.14
2970.32	3997.61
2970.92	3918.18
2971.53	3867.01
2972.13	3770.54
2972.74	3654.97
2973.34	3632.11
2973.94	3540.68
2974.54	3452.11
2975.15	3413.09
2975.75	3356.22
2976.35	3278.57
2976.96	3192.27
2977.56	3159.58
2978.16	3110.48
2978.76	3012.03
2979.36	2969.93
2979.97	2893.05
2980.57	2861.47
2981.17	2786.74
2981.77	2735.29
2982.37	2656.7
2982.97	2655.62
2983.57	2529.27
2984.17	2489.16
2984.77	2424.9
2985.37	2358.14
2985.97	2314.46
2986.57	2275.23
2987.17	2240.18
2987.77	2147.57
2988.37	2119.21
2988.97	2083.33
2989.57	2048.19
2990.17	1998.57
2990.76	1957.15
2991.36	1887.19
2991.96	1884.98
2992.56	1818.35
2993.16	1782.44
2993.75	1748.43
2994.35	1669.21
2994.95	1675.83
2995.54	1641.51
2996.14	1532.7
2996.74	1593.92
2997.33	1501.99
2997.93	1483.85
2998.52	1474.99
2999.12	1409.83
2999.72	1366.1
3000.31	1341.78
3000.91	1347.15
3001.5	1311.55
3002.1	1315.86
3002.69	1248.37
3003.29	1255.54
3003.88	1200.14
3004.47	1186.73
3005.07	1197.99
3005.66	1174.63
3006.26	1120.75
3006.85	1124.41
3007.44	1073.77
3008.04	1104.07
3008.63	1051.08
3009.22	1037.87
3009.81	1012.14
3010.41	1034.58
3011	1009.82
3011.59	993.387
3012.18	990.439
3012.77	975.273
3013.36	921.109
3013.96	948.031
3014.55	911.241
3015.14	914.525
3015.73	890.134
3016.32	888.437
3016.91	897.074
3017.5	872.76
3018.09	847.294
3018.68	837.128
3019.27	836.138
3019.86	821.761
3020.45	825.999
3021.04	802.555
3021.63	785.376
3022.22	775.425
3022.8	816.977
3023.39	788.316
3023.98	769.877
3024.57	772.034
3025.16	771.1
3025.74	759.861
3026.33	721.777
3026.92	743.507
3027.5	766.2
3028.09	765.087
3028.68	745.385
3029.26	743.274
3029.85	727.853
3030.44	734.223
3031.02	726.246
3031.61	718.307
3032.19	730.996
3032.78	687.798
3033.37	701.339
3033.95	702.398
3034.54	718.925
3035.12	713.744
3035.71	736.497
3036.29	703.451
3036.87	692.119
3037.46	716.969
3038.04	693.248
3038.63	681.974
3039.21	714.205
3039.79	706.2
3040.38	695.154
3040.96	729.68
3041.54	685.439
3042.12	685.599
3042.71	702.178
3043.29	703.064
3043.87	726.642
3044.45	693.259
3045.03	702.4
3045.62	673.372
3046.2	718.979
3046.78	675.682
3047.36	690.383
3047.94	692.646
3048.52	705.211
3049.1	704.239
3049.68	702.171
3050.26	693.849
3050.84	701.048
3051.42	687.53
3052	683.334
3052.58	683.283
3053.16	686.352
3053.74	701.876
3054.32	710.209
3054.89	688.586
3055.47	665.989
3056.05	676.579
3056.63	697.542
3057.21	719.5
3057.78	695.747
3058.36	712.324
3058.94	728.81
3059.52	705.865
3060.09	715.072
3060.67	722.263
3061.25	704.657
3061.82	681.916
3062.4	706.846
3062.97	713.084
3063.55	726.515
3064.13	724.355
3064.7	731.515
3065.28	715.928
3065.85	674.51
3066.43	728.439
3067	743.008
3067.58	707.786
3068.15	706.648
3068.72	707.471
3069.3	718.576
3069.87	724.497
3070.45	733.596
3071.02	770.735
3071.59	719.061
3072.17	689.171
3072.74	718.237
3073.31	740.001
3073.89	718.219
3074.46	744.973
3075.03	738.607
3075.6	749.87
3076.17	732.293
3076.74	717.926
3077.32	734.664
3077.89	762.818
3078.46	737.155
3079.03	750.732
3079.6	757.998
3080.17	735.154
3080.74	746.373
3081.31	738.916
3081.88	744.883
3082.45	767.384
3083.02	757.862
3083.59	763.854
3084.16	726.482
3084.73	754.171
3085.3	757.093
3085.87	771.412
3086.43	757.951
3087	765.222
3087.57	760.191
3088.14	771.706
3088.71	781.132
3089.28	773.97
3089.84	779.11
3090.41	762.514
3090.98	769.636
3091.54	770.562
3092.11	797.286
3092.68	784.792
3093.24	781.573
3093.81	802.065
3094.38	809.157
3094.94	805.963
3095.51	782.177
3096.07	800.662
3096.64	786.147
3097.2	804.589
3097.77	799.33
3098.33	819.868
3098.9	812.663
3099.46	815.835
3100.03	801.534
3100.59	808.86
3101.15	821.289
3101.72	816.124
3102.28	786.163
3102.84	811.805
3103.41	808.572
3103.97	839.314
3104.53	823.699
3105.1	844.113
3105.66	847.029
3106.22	829.387
3106.78	840.591
3107.34	841.538
3107.91	847.656
3108.47	870.253
3109.03	825.001
3109.59	840.496
3110.15	848.878
3110.71	874.839
3111.27	850.417
3111.83	886.696
3112.39	856.966
3112.95	866.207
3113.51	853.686
3114.07	898.741
3114.63	863.531
3115.19	882.948
3115.75	884.979
3116.31	913.832
3116.87	905.659
3117.43	888.172
3117.98	900.434
3118.54	871.467
3119.1	900.054
3119.66	914.244
3120.22	879.15
3120.77	918.136
3121.33	898.601
3121.89	913.004
3122.44	900.659
3123	892.356
3123.56	896.301
3124.11	896.068
3124.67	914.292
3125.23	922.275
3125.78	933.419
3126.34	922.094
3126.89	937.565
3127.45	930.538
3128	916.358
3128.56	949.402
3129.11	952.629
3129.67	918.812
3130.22	923.946
3130.78	940.298
3131.33	942.198
3131.88	961.497
3132.44	961.265
3132.99	943.604
3133.54	955.747
3134.1	949.489
3134.65	937.146
3135.2	966.914
3135.76	941.327
3136.31	967.039
3136.86	981.46
3137.41	984.574
3137.96	979.454
3138.51	972.257
3139.07	986.584
3139.62	959.873
3140.17	1012.15
3140.72	1009.05
3141.27	988.531
3141.82	966.994
3142.37	983.39
3142.92	984.368
3143.47	1018.14
3144.02	1006.8
3144.57	1037.54
3145.12	1017.11
3145.67	1047.03
3146.22	1018.57
3146.77	1036.3
3147.32	1025.26
3147.86	1059.29
3148.41	1019.31
3148.96	1044.91
3149.51	1036.54
