401.058	2476.8
402.149	2603.31
403.243	2600.86
404.332	2650.18
405.424	2586
406.515	2450.3
407.606	2491.02
408.697	2369.12
409.785	2283.27
410.876	2186.29
411.967	2160.55
413.055	2106.39
414.143	2029.48
415.233	1963.59
416.321	2002.96
417.409	2012.29
418.499	1969.66
419.586	2123.08
420.673	2095.97
421.761	2138.84
422.848	2286.58
423.935	2397.65
425.02	2413.88
426.106	2485.49
427.193	2565.18
428.278	2728.33
429.364	2839.5
430.45	2859.48
431.534	2938.64
432.618	2924.64
433.704	3021.63
434.788	3013.57
435.871	3131.71
436.955	3124
438.038	3088.59
439.123	3005.4
440.204	2962.06
441.287	2825.54
442.37	2778.97
443.452	2629.65
444.535	2461.62
445.615	2392.6
446.698	2236.94
447.78	2126.83
448.86	1915.7
449.939	1871.98
451.021	1737.92
452.101	1682.73
453.18	1659.06
454.262	1595.31
455.341	1553.37
456.42	1467.38
457.499	1441.45
458.578	1422.96
459.654	1383.31
460.733	1442.3
461.811	1403.98
462.89	1335.02
463.966	1330.13
465.044	1421.01
466.12	1345.33
467.197	1356.1
468.273	1340.64
469.349	1393.76
470.426	1359.77
471.501	1393.28
472.576	1352.12
473.651	1388.15
474.726	1455.95
475.801	1370.94
476.876	1391.09
477.95	1454.01
479.022	1470.47
480.097	1454.23
481.171	1508.17
482.243	1533.13
483.317	1614.4
484.388	1685.34
485.46	1697.92
486.533	1753.79
487.605	1824.21
488.676	1877.84
489.747	1994.05
490.818	1998.07
491.889	2109.15
492.959	2126.79
494.03	2240.28
495.1	2224.18
496.171	2378.69
497.239	2369.23
498.309	2406.15
499.379	2414.37
500.446	2432.75
501.514	2367.25
502.584	2360.9
503.651	2323.98
504.718	2385.38
505.788	2422.32
506.855	2319.27
507.921	2354.4
508.988	2383.07
510.055	2397.12
511.119	2395.7
512.186	2465.02
513.252	2521.77
514.318	2594.35
515.382	2633.21
516.448	2793.39
517.512	2876.79
518.577	2855.81
519.641	2888.46
520.704	3020
521.768	3105.95
522.833	3082.31
523.896	3150.6
524.959	3209.11
526.021	3203.05
527.084	3244.21
528.144	3302.38
529.207	3398.37
530.269	3397.84
531.331	3451.94
532.391	3499.96
533.453	3512.88
534.513	3566.05
535.572	3502
536.634	3473.17
537.693	3486.94
538.752	3403.22
539.812	3393.67
540.87	3230.11
541.929	3187.3
542.988	3050.19
544.047	2920.66
545.105	2817.72
546.164	2706.37
547.22	2578.87
548.278	2434.49
549.336	2322.24
550.392	2265.88
551.448	2180.83
552.505	2071.97
553.561	2012
554.616	1972.75
555.671	1875.71
556.728	1846.43
557.783	1762.72
558.836	1725.16
559.891	1625.95
560.946	1616.87
562	1579.15
563.055	1589.94
564.107	1455.57
565.161	1512.29
566.213	1493.98
567.267	1429.35
568.318	1378.57
569.37	1347.24
570.424	1361.2
571.475	1355.81
572.526	1379.08
573.577	1365.48
574.628	1327.96
575.679	1389.06
576.73	1339.71
577.781	1347.58
578.829	1344.55
579.88	1335.2
580.93	1324.99
581.978	1317.51
583.026	1281.46
584.076	1314.3
585.124	1301.12
586.172	1336.64
587.221	1320.67
588.269	1334.95
589.316	1397.78
590.363	1386.08
591.41	1382.59
592.457	1407.61
593.502	1389.83
594.549	1368.85
595.595	1361.17
596.64	1283.17
597.686	1266.68
598.73	1260.99
599.776	1233.75
600.82	1193.26
601.864	1152.62
602.908	1135.07
603.953	1098.55
604.997	1129.49
606.04	1107.4
607.083	1089.02
608.125	1108.23
609.168	1071.84
610.211	1068.33
611.253	1093.24
612.294	1048.04
613.336	1100.66
614.377	1032.56
615.419	1114.83
616.459	1029.13
617.499	1114.91
618.539	1032.67
619.579	1088.75
620.619	1028.66
621.658	1000.92
622.698	1062.69
623.737	1042.47
624.776	1076.71
625.815	1087.96
626.852	1041.18
627.891	1028.58
628.928	1047.4
629.966	983.991
631.003	983.21
632.041	967.435
633.077	932.071
634.114	966.755
635.15	926.708
636.185	926.467
637.221	876.614
638.257	898.838
639.292	871.316
640.328	870.473
641.361	846.4
642.396	863.616
643.431	828.106
644.464	795.315
645.497	813.209
646.532	768.67
647.564	816.291
648.597	798.783
649.629	811.695
650.663	803.435
651.695	784.957
652.727	804.956
653.757	786.236
654.789	776.663
655.821	801.084
656.852	844.846
657.882	785.056
658.913	821.689
659.942	832.677
660.973	831.695
662.002	859.958
663.031	820.305
664.06	815.606
665.09	844.16
666.119	833.623
667.147	864.647
668.175	845.304
669.201	843.31
670.229	820.824
671.257	765.818
672.285	824.758
673.311	817.384
674.338	817.499
675.363	806.752
676.389	792.457
677.416	808.6
678.441	787.754
679.466	761.17
680.491	749.163
681.515	769.34
682.54	771.068
683.565	747.998
684.589	775.815
685.613	839.793
686.635	812.533
687.659	834.247
688.681	890.164
689.705	860.077
690.727	875.232
691.75	920.885
692.772	906.341
693.793	944.507
694.814	995.567
695.835	1006.71
696.856	1009.4
697.877	991.65
698.898	1101.61
699.918	1066.24
700.937	1089.23
701.957	1068.77
702.978	1089.05
703.996	1054.72
705.016	1013.88
706.034	1025.72
707.052	1009.79
708.069	1016.97
709.087	976.133
710.107	955.692
711.124	966.737
712.139	971.375
713.156	910.431
714.173	898.439
715.19	849.402
716.205	863.07
717.222	834.102
718.238	823.499
719.253	854.356
720.267	797.606
721.283	834.022
722.297	793.12
723.311	797.419
724.325	776.93
725.339	798.837
726.353	823.584
727.366	815.304
728.38	787.764
729.391	774.932
730.404	830.09
731.417	759.999
732.428	792.772
733.441	821.733
734.452	819.424
735.463	783.243
736.475	784.852
737.486	761.854
738.496	782.107
739.506	773.984
740.516	777.784
741.526	739.296
742.534	730.092
743.544	730.915
744.554	698.675
745.561	710.489
746.571	671.887
747.578	690.205
748.587	698.479
749.594	658.177
750.601	673.868
751.608	637.306
752.615	629.231
753.621	668.04
754.628	643.556
755.634	627.384
756.641	632.399
757.647	619.054
758.651	631.503
759.657	631.068
760.663	623.23
761.666	629.184
762.67	607.37
763.676	639.972
764.679	639.225
765.682	632.838
766.686	581.09
767.689	639.34
768.692	643.122
769.694	622.084
770.697	621.566
771.698	612.869
772.7	640.393
773.703	652.144
774.703	604.304
775.703	632.386
776.705	648.192
777.705	684.308
778.705	644.259
779.705	649.825
780.705	654.596
781.704	635.314
782.704	660.671
783.703	649.74
784.702	719.641
785.701	710.415
786.698	728.13
787.697	713.313
788.694	742.285
789.693	701.525
790.689	798.533
791.686	794.967
792.682	778.263
793.68	824.785
794.676	851.711
795.672	827.479
796.666	928.126
797.662	932.086
798.658	969.64
799.653	949.38
800.647	1009.09
801.642	1025.71
802.636	992.752
803.631	997.872
804.624	979.698
805.617	931.796
806.61	931.368
807.602	918.837
808.595	896.98
809.587	865.816
810.58	871.783
811.572	872.234
812.564	826.453
813.554	890.106
814.546	892.665
815.536	921.159
816.528	938.502
817.518	986.347
818.507	944.436
819.499	946.957
820.488	1031.77
821.477	1074.89
822.466	1131.74
823.455	1217.01
824.444	1242.07
825.431	1334.39
826.42	1425.8
827.408	1546.84
828.395	1707.69
829.383	1822.6
830.369	2014.75
831.356	2143.89
832.342	2275.21
833.33	2458.41
834.315	2629.37
835.301	2817.98
836.287	2970.45
837.27	3142.03
838.256	3243.53
839.241	3298.47
840.226	3299.13
841.209	3294.96
842.194	3214.38
843.177	3211.86
844.16	3089.11
845.145	2972.93
846.127	2885.33
847.11	2804.17
848.092	2723.83
849.074	2654.36
850.056	2580.07
851.039	2599.34
852.018	2581.58
853	2619.73
853.982	2641.31
854.962	2648.34
855.941	2676.84
856.923	2631.29
857.902	2622.88
858.881	2605.49
859.86	2520.95
860.839	2379.12
861.818	2306.01
862.797	2224.28
863.776	2167.11
864.754	2186.17
865.733	2065.18
866.709	2005
867.687	1994.64
868.664	1949.47
869.642	1913.69
870.618	1872.54
871.594	1809.42
872.569	1795.13
873.545	1760.6
874.521	1758.26
875.496	1669.24
876.471	1641.83
877.447	1674.19
878.42	1675.99
879.395	1602.11
880.37	1603.76
881.343	1531.76
882.315	1549.26
883.29	1515.32
884.262	1534
885.235	1547.17
886.207	1546.42
887.179	1489.3
888.151	1467.11
889.123	1562.86
890.095	1549.88
891.065	1548.03
892.037	1536.11
893.009	1572.15
893.978	1634.93
894.948	1616.62
895.919	1698
896.888	1802.61
897.857	1788.39
898.826	1912.6
899.795	2041.34
900.764	2122.73
901.732	2222.21
902.701	2407.16
903.668	2507.91
904.636	2668.57
905.604	2792.51
906.57	2849.47
907.538	2905.94
908.504	3026.51
909.47	3064.53
910.436	3042.88
911.402	3088.75
912.367	3036.63
913.333	3004.55
914.298	2944.37
915.264	2808.07
916.229	2703.99
917.192	2688.77
918.157	2523.89
919.12	2463.74
920.084	2354.61
921.047	2258.36
922.01	2153.54
922.972	2064.23
923.935	2021.09
924.897	1976.95
925.859	1822.49
926.821	1716.33
927.783	1710.43
928.743	1636.76
929.705	1573.2
930.667	1562.45
931.626	1469.86
932.586	1462.77
933.547	1400.02
934.506	1352.28
935.466	1307.43
936.425	1338.96
937.384	1288.5
938.343	1283.55
939.301	1299.93
940.26	1362.92
941.217	1248.65
942.175	1326.73
943.132	1243.39
944.09	1253.53
945.046	1288.02
946.002	1271.98
946.96	1348.55
947.916	1270.49
948.872	1316.01
949.828	1330.55
950.783	1381.6
951.737	1302.15
952.692	1338.88
953.647	1329.49
954.601	1338.79
955.556	1353.77
956.509	1343.61
957.464	1318.7
958.417	1363.47
959.369	1382.98
960.322	1407.05
961.275	1386.6
962.227	1417.45
963.179	1499.7
964.132	1477.59
965.082	1515.81
966.034	1530.89
966.984	1569.8
967.936	1616.43
968.885	1703.42
969.837	1715.89
970.787	1769.33
971.736	1850.61
972.686	1880.91
973.635	1907.46
974.584	1962.33
975.533	2018.32
976.48	2060.42
977.429	2128.89
978.378	2127
979.325	2183.29
980.273	2204.82
981.22	2236.61
982.166	2226.96
983.113	2234.91
984.061	2137.51
985.007	2172.06
985.953	2109.9
986.897	2057.18
987.843	2024.38
988.789	1990.04
989.734	1912.05
990.678	1837.05
991.623	1787.3
992.567	1688.81
993.51	1649.04
994.453	1619.39
995.398	1593.38
996.341	1508.57
997.284	1453.75
998.227	1454.07
999.168	1385.49
1000.11	1361.77
1001.05	1383.78
1001.99	1324.84
1002.94	1290.24
1003.88	1274.4
1004.82	1291.3
1005.76	1337.22
1006.7	1331.04
1007.64	1316.42
1008.58	1310.96
1009.52	1391.01
1010.46	1319.87
1011.4	1359.53
1012.34	1394.63
1013.27	1335.93
1014.21	1371.67
1015.15	1384.47
1016.09	1386.27
1017.03	1381.52
1017.96	1376.59
1018.9	1396.61
1019.84	1364.12
1020.77	1380.11
1021.71	1378.42
1022.65	1412.44
1023.58	1397.22
1024.52	1419.69
1025.45	1461.11
1026.39	1466.03
1027.32	1441.7
1028.26	1523.08
1029.19	1482.27
1030.12	1449.76
1031.06	1517.73
1031.99	1491.1
1032.92	1501.36
1033.86	1506.24
1034.79	1493.35
1035.72	1472.86
1036.65	1512.49
1037.59	1507.65
1038.52	1514.91
1039.45	1531.55
1040.38	1545.35
1041.31	1545
1042.24	1596.57
1043.17	1599.89
1044.1	1592.73
1045.03	1663.11
1045.96	1642.85
1046.89	1682.46
1047.82	1719.59
1048.75	1767.47
1049.68	1767.2
1050.61	1752.59
1051.53	1804.2
1052.46	1774.65
1053.39	1839.75
1054.32	1805.65
1055.24	1879.85
1056.17	1840.02
1057.1	1876.49
1058.02	1911.29
1058.95	1987.18
1059.88	1986.95
1060.8	1969.5
1061.73	2026.28
1062.65	1943.03
1063.58	1998.08
1064.5	1991.25
1065.43	1982.42
1066.35	2036.21
1067.27	2096.09
1068.2	2098.02
1069.12	2145.2
1070.04	2251.23
1070.97	2284.17
1071.89	2343.42
1072.81	2358.69
1073.73	2413.52
1074.65	2363.83
1075.58	2430.08
1076.5	2411.14
1077.42	2370.77
1078.34	2329.14
1079.26	2283.59
1080.18	2247.6
1081.1	2121.35
1082.02	2114.04
1082.94	2005.03
1083.86	1908.39
1084.78	1871.62
1085.7	1815.94
1086.61	1746.17
1087.53	1761
1088.45	1677.24
1089.37	1646.63
1090.28	1665.23
1091.2	1659.98
1092.12	1638.49
1093.03	1616.98
1093.95	1712.03
1094.87	1731.46
1095.78	1764.33
1096.7	1788.84
1097.61	1825.72
1098.53	1863.52
1099.44	1882.3
1100.36	1964.34
1101.27	1946.91
1102.19	1990.84
1103.1	2063.04
1104.01	2082.28
1104.93	2077.05
1105.84	2165.6
1106.75	2124.1
1107.67	2183.11
1108.58	2222.56
1109.49	2235.61
1110.4	2220.97
1111.31	2236.21
1112.22	2274.73
1113.14	2332.89
1114.05	2435.47
1114.96	2364.29
1115.87	2421.01
1116.78	2495.9
1117.69	2524.47
1118.6	2532
1119.51	2600.59
1120.42	2725.53
1121.32	2692.56
1122.23	2712.84
1123.14	2692.27
1124.05	2753.88
1124.96	2685.91
1125.86	2707.31
1126.77	2651.06
1127.68	2605.6
1128.58	2647.48
1129.49	2586.97
1130.4	2567.45
1131.3	2506.79
1132.21	2522.02
1133.11	2459.93
1134.02	2468.56
1134.92	2445.57
1135.83	2480.85
1136.73	2410.09
1137.64	2385.68
1138.54	2344.86
1139.44	2281.91
1140.35	2237.78
1141.25	2130
1142.15	2129.72
1143.06	2081.12
1143.96	1997.39
1144.86	1966.87
1145.76	1932.36
1146.66	1895.72
1147.57	1780.73
1148.47	1723.69
1149.37	1655.15
1150.27	1592.34
1151.17	1543.86
1152.07	1465.89
1152.97	1425.08
1153.87	1327.04
1154.77	1307.06
1155.67	1225.98
1156.57	1194.4
1157.46	1106.6
1158.36	1031.27
1159.26	1029.42
1160.16	937.174
1161.05	937.407
1161.95	926.166
1162.85	882.37
1163.75	798.345
1164.64	809.474
1165.54	753.815
1166.44	751.51
1167.33	730.265
1168.23	732.947
1169.12	718.631
1170.02	691.074
1170.91	662.572
1171.81	693.952
1172.7	678.668
1173.59	650.964
1174.49	661.235
1175.38	635.332
1176.27	675.873
1177.17	629.949
1178.06	585.015
1178.95	632.132
1179.84	614.839
1180.74	640.288
1181.63	603.27
1182.52	628.796
1183.41	631.531
1184.3	616.176
1185.19	625.347
1186.08	651.469
1186.97	631.226
1187.86	650.696
1188.75	653.17
1189.64	664.138
1190.53	662.826
1191.42	622.873
1192.31	653.65
1193.2	668.468
1194.09	676.798
1194.97	693.708
1195.86	683.378
1196.75	689.022
1197.64	699.309
1198.52	711.427
1199.41	710.353
1200.29	715.897
1201.18	724.316
1202.07	752.527
1202.95	758.146
1203.84	764.624
1204.72	779.447
1205.61	734.011
1206.49	793.813
1207.38	785.097
1208.26	784.078
1209.14	788.908
1210.03	775.141
1210.91	760.513
1211.79	752.427
1212.68	754.548
1213.56	741.42
1214.44	773.246
1215.32	736.27
1216.21	787.623
1217.09	763.848
1217.97	808.82
1218.85	758.211
1219.73	797.095
1220.61	774.155
1221.49	795.534
1222.37	778.321
1223.25	831.686
1224.13	883.039
1225.01	904.969
1225.89	948.45
1226.77	982.446
1227.65	1034.45
1228.52	1008.3
1229.4	1018.23
1230.28	982.053
1231.16	986.617
1232.03	1048.02
1232.91	1028.94
1233.79	991.724
1234.66	1014.07
1235.54	993.602
1236.42	1003.37
1237.29	1011.17
1238.17	959.146
1239.04	950.83
1239.92	945.435
1240.79	917.301
1241.67	917.719
1242.54	920.067
1243.41	880.558
1244.29	873.404
1245.16	891.042
1246.03	901.092
1246.91	881.57
1247.78	884.859
1248.65	938.623
1249.52	935.933
1250.4	936.942
1251.27	933.126
1252.14	931.246
1253.01	957.137
1253.88	992.671
1254.75	1012.98
1255.62	982.619
1256.49	1006.63
1257.36	1014.27
1258.23	1054.26
1259.1	1041.58
1259.97	1063.24
1260.84	1030.46
1261.71	1064.56
1262.57	1060.55
1263.44	1083.35
1264.31	1116.69
1265.18	1121.44
1266.05	1119.49
1266.91	1146.1
1267.78	1145.92
1268.65	1144.7
1269.51	1190.13
1270.38	1241.2
1271.24	1289.32
1272.11	1337.35
1272.97	1329.14
1273.84	1374.18
1274.7	1450.57
1275.57	1406.21
1276.43	1466.27
1277.3	1443.66
1278.16	1408.62
1279.02	1415.11
1279.89	1385.92
1280.75	1360.59
1281.61	1345.95
1282.48	1288.52
1283.34	1234.53
1284.2	1193.72
1285.06	1125.25
1285.92	1080.97
1286.78	1075.69
1287.65	1014.2
1288.51	1009.57
1289.37	966.985
1290.23	949.81
1291.09	920.956
1291.95	910.187
1292.81	905.749
1293.67	894.255
1294.52	878.203
1295.38	870.24
1296.24	861.719
1297.1	838.406
1297.96	842.427
1298.81	840.995
1299.67	838.248
1300.53	821.012
1301.39	823.081
1302.24	831.584
1303.1	820.392
1303.95	822.113
1304.81	839.524
1305.67	844.473
1306.52	856.826
1307.38	856.899
1308.23	852.62
1309.09	862.933
1309.94	886.701
1310.8	870.162
1311.65	888.337
1312.5	909.087
1313.35	919.501
1314.21	932.072
1315.06	957.482
1315.91	985.03
1316.77	993.952
1317.62	1031.24
1318.47	1059.97
1319.32	1087.6
1320.17	1120.89
1321.02	1175.64
1321.87	1204.95
1322.73	1247.53
1323.57	1292.08
1324.43	1359.36
1325.28	1388.14
1326.13	1431.61
1326.97	1456.32
1327.82	1495.22
1328.67	1525.95
1329.52	1567.76
1330.37	1579.38
1331.22	1619.31
1332.06	1646.19
1332.91	1678.91
1333.76	1726.48
1334.61	1766.46
1335.45	1753.36
1336.3	1777.85
1337.15	1794.76
1337.99	1828.57
1338.84	1816.94
1339.68	1830.82
1340.53	1873.42
1341.37	1885.24
1342.22	1901.42
1343.06	1902.47
1343.91	1924.58
1344.75	1948.79
1345.6	1954.73
1346.44	1954.24
1347.28	1978.45
1348.12	2007.24
1348.97	1982.22
1349.81	1989.72
1350.65	2004.91
1351.49	1975.36
1352.33	1979.16
1353.18	1971.65
1354.02	1964.32
1354.86	1964.98
1355.7	1965.73
1356.54	1966.37
1357.38	1946.01
1358.22	1970.26
1359.06	1983.01
1359.9	1992.54
1360.74	1979.67
1361.58	1973.43
1362.42	1976.08
1363.25	1985.74
1364.09	1986.54
1364.93	1979.94
1365.77	1981.51
1366.6	1988.02
1367.19	1985.02
1368.1	1978.55
1369.01	1937.51
1369.92	1974.09
1370.83	1955.37
1371.74	1932.52
1372.65	1926.24
1373.56	1896.25
1374.47	1903.6
1375.37	1839.08
1376.28	1835.46
1377.19	1825.8
1378.1	1812.08
1379	1781.61
1379.91	1763.9
1380.82	1738.34
1381.72	1727.43
1382.63	1701.7
1383.54	1691.43
1384.44	1691.71
1385.35	1696.72
1386.25	1663.64
1387.16	1650.19
1388.06	1618.39
1388.97	1630.56
1389.87	1613.66
1390.78	1565.79
1391.68	1569.5
1392.59	1568.38
1393.49	1499.39
1394.39	1455.58
1395.3	1450.39
1396.2	1356.14
1397.1	1307.39
1398	1252.02
1398.91	1245.06
1399.81	1229.61
1400.71	1178.69
1401.61	1150.95
1402.52	1130.87
1403.42	1086.71
1404.32	1111.62
1405.22	1080.84
1406.12	1064.54
1407.02	1014.9
1407.92	1005.66
1408.82	1032.9
1409.72	1023.92
1410.62	1000.64
1411.52	985.942
1412.42	983.586
1413.32	1020.27
1414.21	936.673
1415.11	962.73
1416.01	944.918
1416.91	954.745
1417.81	943.694
1418.71	889.979
1419.6	896.352
1420.5	878.188
1421.4	885.842
1422.29	845.083
1423.19	847.078
1424.09	891.769
1424.98	883.071
1425.88	847.654
1426.77	864.497
1427.67	861.399
1428.56	840.312
1429.46	839.249
1430.35	824.958
1431.25	864.896
1432.14	866.931
1433.04	868.124
1433.93	841.851
1434.82	843.231
1435.72	871.33
1436.61	872.815
1437.5	848.573
1438.39	896.809
1439.29	937.441
1440.18	937.928
1441.07	972.726
1441.96	979.745
1442.85	981.961
1443.75	1037.84
1444.64	1036.49
1445.53	1067.91
1446.42	1133.04
1447.31	1134.9
1448.2	1157.7
1449.09	1190.86
1449.98	1195.98
1450.87	1257.75
1451.76	1287.92
1452.65	1349.15
1453.54	1309.7
1454.43	1382.27
1455.31	1355.66
1456.2	1397.38
1457.09	1401.06
1457.98	1438.11
1458.87	1393.64
1459.75	1398.43
1460.64	1415.08
1461.53	1433.15
1462.41	1404.21
1463.3	1411.24
1464.19	1376.46
1465.07	1387.83
1465.96	1399.74
1466.85	1413.25
1467.73	1368.43
1468.61	1356.67
1469.5	1328.59
1470.38	1285.13
1471.27	1251.44
1472.15	1227.41
1473.04	1216.85
1473.92	1223.63
1474.8	1194.37
1475.69	1191.32
1476.57	1181.57
1477.45	1172.01
1478.34	1169.47
1479.22	1098.99
1480.1	1089.62
1480.98	1059.56
1481.86	1045.63
1482.75	1046.89
1483.63	1018.75
1484.51	985.768
1485.39	907.428
1486.27	856.554
1487.15	772.044
1488.03	709.949
1488.91	640.1
1489.79	585.655
1490.67	550.456
1491.55	539.362
1492.43	506.034
1493.31	499.801
1494.19	478.199
1495.07	475.942
1495.94	452.508
1496.82	440.626
1497.7	467.194
1498.58	465.799
1499.45	422.128
1500.33	415.939
1501.21	410.731
1502.09	414.17
1502.96	390.834
1503.84	416.309
1504.72	406.398
1505.59	392.67
1506.47	393.253
1507.34	390.957
1508.22	395.329
1509.09	391.152
1509.97	403.182
1510.84	394.343
1511.72	390.294
1512.59	382.456
1513.46	396.411
1514.34	386.593
1515.21	377.679
1516.08	377.254
1516.96	370.197
1517.83	372.601
1518.7	388.225
1519.57	381.243
1520.45	389.38
1521.32	376.858
1522.19	354.059
1523.06	355.772
1523.93	377.258
1524.8	370.554
1525.67	361.948
1526.54	379.597
1527.41	374.661
1528.28	365.02
1529.16	355.395
1530.02	351.438
1530.89	381.257
1531.76	370.854
1532.63	363.308
1533.5	370.766
1534.37	343.565
1535.24	351.931
1536.11	368.698
1536.97	346.128
1537.84	334.807
1538.71	357.22
1539.57	357.22
1540.44	346.978
1541.31	364.884
1542.18	370.646
1543.04	354.834
1543.91	367.11
1544.77	363.379
1545.64	365.215
1546.5	331.368
1547.37	367.91
1548.24	375.445
1549.1	356.814
1549.96	357.076
1550.83	330.147
1551.69	340.864
1552.56	332.71
1553.42	336.725
1554.28	334.04
1555.15	341.678
1556.01	346.483
1556.87	348.518
1557.73	352.549
1558.6	372.787
1559.46	355.177
1560.32	347.939
1561.18	346.306
1562.04	320.8
1562.9	344.68
1563.77	348.575
1564.63	356.319
1565.49	387.021
1566.35	357.769
1567.21	368.63
1568.07	347.994
1568.93	363.676
1569.79	361.145
1570.64	359.514
1571.5	359.748
1572.36	383.961
1573.22	348.609
1574.08	349.779
1574.94	373.126
1575.8	339.7
1576.65	353.488
1577.51	347.987
1578.37	355.977
1579.22	363.94
1580.08	354.467
1580.94	356.59
1581.79	374.234
1582.65	352.177
1583.51	344.676
1584.36	371.182
1585.22	345.226
1586.07	367.861
1586.93	349.593
1587.78	360.503
1588.63	360.666
1589.49	358.84
1590.34	369.653
1591.2	345.269
1592.05	353.034
1592.9	378.322
1593.76	375.295
1594.61	349.862
1595.46	349.871
1596.32	381.207
1597.17	385.299
1598.02	389.43
1598.87	384.747
1599.72	381.959
1600.58	368.315
1601.43	374.155
1602.28	386.759
1603.13	359.165
1603.98	371.653
1604.83	388.035
1605.68	418.117
1606.53	415.031
1607.38	371.965
1608.23	411.944
1609.08	388.422
1609.93	379.487
1610.77	386.091
1611.62	411.154
1612.47	381.597
1613.32	405.68
1614.17	406.444
1615.01	390.734
1615.86	387.721
1616.71	383.73
1617.55	410.822
1618.4	386.281
1619.25	388.903
1620.09	417.688
1620.94	425.065
1621.79	391.738
1622.63	402.104
1623.48	423.172
1624.32	401.684
1625.17	403.477
1626.01	413.03
1626.86	410.975
1627.7	430.197
1628.54	417.483
1629.39	402.817
1630.23	433.549
1631.07	409.147
1631.92	418.52
1632.76	423.998
1633.6	387.043
1634.45	421.467
1635.29	395.208
1636.13	421.959
1636.97	403.472
1637.81	403.279
1638.66	428.09
1639.5	419.244
1640.34	412.358
1641.18	436.276
1642.02	417.002
1642.86	416.026
1643.7	423.719
1644.54	422.753
1645.38	399.656
1646.22	438.053
1647.06	413.957
1647.89	399.484
1648.73	448.5
1649.57	415.875
1650.41	434.297
1651.25	419.121
1652.09	441.527
1652.92	430.201
1653.76	434.212
1654.6	443.911
1655.43	452.578
1656.27	426.516
1657.11	452.621
1657.94	434.469
1658.78	406.757
1659.62	417.743
1660.45	422.932
1661.29	459.041
1662.12	401.069
1662.96	452.506
1663.79	427.343
1664.62	412.884
1665.46	387.834
1666.29	407.525
1667.13	397.199
1667.96	412.192
1668.79	380.449
1669.63	403.221
1670.46	403.54
1671.29	419.44
1672.12	393.283
1672.96	390.526
1673.79	385.786
1674.62	392.786
1675.45	399.82
1676.28	418.669
1677.11	366.973
1677.95	395.734
1678.78	380.328
1679.61	385.513
1680.44	381.78
1681.27	374.021
1682.1	374.082
1682.93	360.337
1683.75	360.409
1684.58	354.612
1685.41	346.882
1686.24	362.856
1687.07	370.956
1687.9	361.264
1688.73	380.222
1689.55	355.649
1690.38	361.718
1691.21	360.826
1692.04	331.158
1692.86	342.038
1693.69	332.068
1694.52	366.658
1695.34	342.84
1696.17	329.982
1696.99	329.086
1697.82	348.083
1698.64	337.36
1699.47	317.665
1700.29	362.462
1701.12	339.645
1701.94	332.648
1702.77	333.544
1703.59	356.258
1704.41	332.286
1705.24	317.268
1706.06	335.025
1706.88	343.864
1707.71	320.967
1708.53	309.987
1709.35	335.712
1710.17	355.464
1711	319.639
1711.82	329.408
1712.64	342.114
1713.46	300.315
1714.28	318.967
1715.1	317.843
1715.92	323.685
1716.74	317.667
1717.56	325.481
1718.38	299.594
1719.2	311.213
1720.02	329.658
1720.84	323.371
1721.66	314.18
1722.48	316.917
1723.3	324.688
1724.11	342.389
1724.93	322.666
1725.75	310.758
1726.57	326.325
1727.39	294.538
1728.2	291.258
1729.02	330.216
1729.84	326.96
1730.65	310.043
1731.47	304.95
1732.29	312.606
1733.1	293.782
1733.92	301.366
1734.73	323.58
1735.55	327.191
1736.36	319.103
1737.18	310.079
1737.99	295.226
1738.81	303.776
1739.62	324.953
1740.43	307.133
1741.25	310.729
1742.06	318.222
1742.87	300.479
1743.69	311.905
1744.5	308.781
1745.31	301.786
1746.13	282.198
1746.94	295.576
1747.75	293.469
1748.56	302.04
1749.37	300.953
1750.18	295.038
1750.99	281.381
1751.81	299.634
1752.61	333.34
1753.42	301.31
1754.24	315.707
1755.04	286.644
1755.85	327.169
1756.66	317.427
1757.47	281.559
1758.28	284.287
1759.09	299.523
1759.9	294.485
1760.71	312.623
1761.52	281.657
1762.32	280.632
1763.13	312.415
1763.94	281.557
1764.74	291.167
1765.55	285.338
1766.36	283.365
1767.17	298.769
1767.97	305.546
1768.78	301.763
1769.58	280.631
1770.39	268.168
1771.19	295.274
1772	307.877
1772.8	285.678
1773.61	293.434
1774.41	285.739
1775.22	273.218
1776.02	303.266
1776.83	281.07
1777.63	282.095
1778.43	297.661
1779.23	286.135
1780.04	284.332
1780.84	300.032
1781.64	304.131
1782.44	276.171
1783.25	293.875
1784.05	270.698
1784.85	275.72
1785.65	291.461
1786.45	296.491
1787.25	290.796
1788.05	278.261
1788.86	275.485
1789.65	282.48
1790.46	286.535
1791.25	268.055
1792.05	256.405
1792.85	277.098
1793.65	278.214
1794.45	289.18
1795.25	285.465
1796.05	277.842
1796.85	297.792
1797.64	293.14
1798.44	286.48
1799.24	283.719
1800.04	287.829
1800.83	285.979
1801.63	287.076
1802.43	286.187
1803.22	266.485
1804.02	277.469
1804.82	271.607
1805.61	259.78
1806.41	291.569
1807.2	262.86
1808	270.857
1808.79	280.864
1809.59	284.939
1810.38	295.989
1811.18	266.271
1811.97	280.264
1812.76	292.22
1813.56	277.248
1814.35	279.149
1815.14	283.031
1815.94	269.042
1816.73	278.984
1817.52	286.002
1818.31	289.076
1819.1	260.269
1819.9	265.268
1820.69	283.159
1821.48	283.068
1822.27	266.026
1823.06	286.829
1823.85	289.727
1824.64	239.882
1825.43	268.664
1826.22	306.37
1827.01	301.264
1827.8	274.28
1828.59	286.1
1829.38	294.962
1830.17	270.049
1830.96	301.791
1831.74	273.868
1832.53	265.78
1833.32	285.458
1834.11	277.294
1834.89	287.966
1835.68	279.791
1836.47	274.605
1837.26	285.271
1838.04	266.254
1838.83	275.926
1839.61	262.846
1840.4	269.505
1841.19	273.164
1841.97	290.593
1842.76	258.761
1843.54	291.935
1844.33	273.005
1845.11	254.15
1845.89	276.602
1846.68	288.256
1847.46	265.541
1848.25	266.376
1849.03	282.892
1849.81	274.883
1850.6	283.558
1851.38	287.347
1852.16	259.795
1852.94	267.505
1853.72	261.479
1854.51	274.018
1855.29	275.758
1856.07	262.818
1856.85	259.652
1857.63	274.052
1858.41	265.032
1859.19	284.298
1859.97	249.993
1860.75	276.116
1861.53	250.679
1862.31	267.134
1863.09	275.823
1863.87	271.86
1864.65	260.088
1865.43	300.784
1866.21	280.156
1866.99	280.874
1867.76	261.194
1868.54	267.737
1869.32	259.775
1870.1	258.657
1870.87	279.875
1871.65	256.578
1872.43	256.545
1873.2	274.911
1873.98	257.415
1874.76	261.21
1875.53	270.814
1876.31	257.2
1877.08	255.245
1877.86	264.95
1878.63	273.711
1879.41	278.597
1880.18	255.345
1880.96	258.236
1881.73	255.292
1882.5	270.773
1883.28	264.943
1884.05	260.11
1884.82	258.205
1885.6	258.246
1886.37	257.306
1887.14	262.176
1887.91	263.15
1888.68	266.067
1889.46	271.916
1890.23	281.691
1891	260.409
1891.77	286.835
1892.54	276.354
1893.31	256.148
1894.08	278.864
1894.85	266.436
1895.62	253.929
1896.39	269.702
1897.16	292.251
1897.93	249.145
1898.7	256.922
1899.47	257.876
1900.24	258.903
1901.01	252.177
1901.77	245.51
1902.54	265.371
1903.31	249.872
1904.08	244.143
1904.84	251.163
1905.61	267.026
1906.38	239.538
1907.14	246.519
1907.91	250.554
1908.68	256.582
1909.44	259.674
1910.21	252.91
1910.97	280.767
1911.74	260.187
1912.51	268.301
1913.27	237.758
1914.03	261.717
1914.8	254.913
1915.56	245.095
1916.33	261.083
1917.09	272.09
1917.85	261.202
1918.62	217.46
1919.38	248.322
1920.14	253.325
1920.9	247.402
1921.67	232.547
1922.43	252.609
1923.19	248.801
1923.95	241.016
1924.71	241.212
1925.47	275.389
1926.24	218.466
1927	253.556
1927.76	248.546
1928.52	226.469
1929.28	255.445
1930.04	269.383
1930.8	244.27
1931.56	262.215
1932.32	244.139
1933.08	247.116
1933.83	249.129
1934.59	263.197
1935.35	255.245
1936.11	245.263
1936.87	241.24
1937.62	261.207
1938.38	267.075
1939.14	251.875
1939.89	255.716
1940.65	248.582
1941.41	262.503
1942.16	247.431
1942.92	251.358
1943.68	251.24
1944.43	269.054
1945.19	274.8
1945.94	252.551
1946.7	245.289
1947.45	247.022
1948.21	236.83
1948.96	234.639
1949.71	230.485
1950.47	269.1
1951.22	227.202
1951.98	251.898
1952.73	239.828
1953.48	256.528
1954.23	266.222
1954.99	276.837
1955.74	260.648
1956.49	259.301
1957.24	274.758
1957.99	252.731
1958.75	273.206
1959.5	275.974
1960.25	263.987
1961	258.894
1961.75	270.5
1962.5	258.436
1963.25	274.858
1964	273.568
1964.75	266.404
1965.5	267.107
1966.25	256.052
1967	263.58
1967.74	278.864
1968.49	271.606
1969.24	277.986
1969.99	255.15
1970.74	293.681
1971.48	249.627
1972.23	263.002
1972.98	254.102
1973.73	265.611
1974.47	249.928
1975.22	270.069
1975.96	277.53
1976.71	278.158
1977.46	265.237
1978.2	265.879
1978.95	263.678
1979.69	275.049
1980.44	275.88
1981.18	267.12
1981.93	273.792
1982.67	247.67
1983.41	280.256
1984.16	279.043
1984.9	247.955
1985.64	271.645
1986.39	274.175
1987.13	270.979
1987.87	261.136
1988.61	255.188
1989.36	262.687
1990.1	257.768
1990.84	281.554
1991.58	256.561
1992.32	267.912
1993.06	252.516
1993.81	254.361
1994.55	260.077
1995.29	246.728
1996.03	244.891
1996.77	263.177
1997.51	248.934
1998.24	250.947
1998.98	251.017
1999.72	260.644
2000.46	240.527
2001.2	285.616
2001.94	273.174
2002.68	231.957
2003.41	243.534
2004.15	251.294
2004.89	262.908
2005.63	261.066
2006.36	236.124
2007.1	254.444
2007.84	257.376
2008.57	253.585
2009.31	236.335
2010.05	248.017
2010.78	257.82
2011.52	249.324
2012.25	243.715
2012.99	282.555
2013.72	257.561
2014.46	240.244
2015.19	246.132
2015.92	239.427
2016.66	247.281
2017.39	272.651
2018.13	253.454
2018.86	239.122
2019.59	243.271
2020.32	234.765
2021.06	247.682
2021.79	252.479
2022.52	250.494
2023.25	231.145
2023.98	251.423
2024.72	243.283
2025.45	243.636
2026.18	249.047
2026.91	237.175
2027.64	243.082
2028.37	254.674
2029.1	261.264
2029.83	240.337
2030.56	224.926
2031.29	234.943
2032.02	247.457
2032.75	251.8
2033.47	253.091
2034.2	271.289
2034.93	254.885
2035.66	251.645
2036.39	249.7
2037.11	248.001
2037.84	260.369
2038.57	239.5
2039.3	258.356
2040.02	245.339
2040.75	230.67
2041.47	259.466
2042.2	243.976
2042.93	251.643
2043.65	236.645
2044.38	245.566
2045.1	253.125
2045.83	239.637
2046.55	244.855
2047.28	253.458
2048	251.838
2048.73	245.016
2049.45	251.337
2050.17	262.619
2050.9	251.846
2051.62	246.125
2052.34	236.451
2053.07	274.654
2053.79	251.089
2054.51	238.301
2055.23	261.543
2055.95	254.443
2056.68	244.212
2057.4	255.328
2058.12	247.987
2058.84	254.204
2059.56	268.267
2060.28	260.233
2061	254.501
2061.72	253.181
2062.44	270.627
2063.16	268.263
2063.88	255.298
2064.6	256.211
2065.32	255.085
2066.03	272.036
2066.75	254.887
2067.47	264.215
2068.19	261.207
2068.91	257.282
2069.62	249.69
2070.34	256.233
2071.06	252.396
2071.77	264.861
2072.49	255.896
2073.21	256.195
2073.92	257.501
2074.64	265.457
2075.36	266.923
2076.07	265.98
2076.79	262.407
2077.5	261.329
2078.22	264.072
2078.93	265.756
2079.64	258.87
2080.36	261.684
2081.07	263.335
2081.79	251.039
2082.5	250.814
2083.21	256.92
2083.93	262.524
2084.64	272.742
2085.35	282.11
2086.07	269.413
2086.78	263.953
2087.49	263.827
2088.2	262.392
2088.91	245.714
2089.62	259.738
2090.33	275.215
2091.04	266.61
2091.76	259.132
2092.47	265.824
2093.18	251.886
2093.89	261.564
2094.6	269.968
2095.3	262.64
2096.01	278.828
2096.72	265.625
2097.43	269.059
2098.14	270.607
2098.85	271.847
2099.56	274.794
2100.09	263.371
2100.87	270.181
2101.65	310.61
2102.43	272.962
2103.21	249.151
2103.99	253.951
2104.77	282.368
2105.55	274.211
2106.32	266.035
2107.1	268.698
2107.88	258.632
2108.66	261.419
2109.44	255.443
2110.22	275.034
2110.99	265.165
2111.77	277.794
2112.55	273.644
2113.33	260.605
2114.1	258.342
2114.88	266.877
2115.66	285.251
2116.43	274.423
2117.21	265.616
2117.99	265.609
2118.76	297.788
2119.54	267.446
2120.31	283.912
2121.09	281.82
2121.86	252.444
2122.64	289.355
2123.41	249.316
2124.19	274.556
2124.96	275.475
2125.74	267.67
2126.51	263.806
2127.28	283.352
2128.06	273.691
2128.83	277.654
2129.61	267.937
2130.38	280.615
2131.15	265.003
2131.92	266.951
2132.7	264.042
2133.47	251.396
2134.24	272.902
2135.01	274.895
2135.78	267.119
2136.55	259.341
2137.33	275.011
2138.1	271.175
2138.87	269.321
2139.64	279.235
2140.41	285.282
2141.18	274.716
2141.95	263.173
2142.72	287.924
2143.49	279.301
2144.26	272.592
2145.03	288.461
2145.8	262.999
2146.57	275.922
2147.33	260.326
2148.1	261.513
2148.87	283.463
2149.64	275.808
2150.41	251.292
2151.17	282.131
2151.94	261.479
2152.71	278.466
2153.48	267.736
2154.24	261.988
2155.01	273.154
2155.78	289.33
2156.54	246.778
2157.31	251.974
2158.08	277.116
2158.84	263.328
2159.61	263.48
2160.37	267.599
2161.14	264.695
2161.9	266.79
2162.67	281.932
2163.43	264.078
2164.2	281.36
2164.96	262.569
2165.72	275.917
2166.49	277.183
2167.25	280.404
2168.01	276.5
2168.78	255.399
2169.54	274.616
2170.3	265.619
2171.07	260.697
2171.83	271.984
2172.59	246.915
2173.35	259.252
2174.11	271.575
2174.88	265.609
2175.64	266.671
2176.4	271.743
2177.16	265.71
2177.92	290.123
2178.68	268.948
2179.44	266.069
2180.2	241.889
2180.96	256.301
2181.72	268.681
2182.48	285.114
2183.24	276.084
2184	273.124
2184.76	258.937
2185.52	273.238
2186.28	278.373
2187.04	243.811
2187.79	257.106
2188.55	257.174
2189.31	278.633
2190.07	246.111
2190.83	279.794
2191.58	273.747
2192.34	262.596
2193.1	255.504
2193.85	276.91
2194.61	265.672
2195.37	261.521
2196.12	259.373
2196.88	297.88
2197.63	249.984
2198.39	265.141
2199.15	270.184
2199.9	266.13
2200.66	280.362
2201.41	257.016
2202.16	275.236
2202.92	280.207
2203.67	267.912
2204.43	242.472
2205.18	262.646
2205.93	272.741
2206.69	278.84
2207.44	258.658
2208.19	250.614
2208.95	276.951
2209.7	272.875
2210.45	292.024
2211.2	275.75
2211.95	250.395
2212.71	285.659
2213.46	241.153
2214.21	284.457
2214.96	279.304
2215.71	261.037
2216.46	279.02
2217.21	273.809
2217.96	305.777
2218.71	303.53
2219.46	272.202
2220.21	279.048
2220.96	284.927
2221.71	269.816
2222.46	264.755
2223.21	285.712
2223.96	277.621
2224.71	277.494
2225.46	289.316
2226.21	276.161
2226.95	266.032
2227.7	273.881
2228.45	268.801
2229.2	282.655
2229.94	277.598
2230.69	275.53
2231.44	269.486
2232.18	271.394
2232.93	286.203
2233.68	291.053
2234.42	276.033
2235.17	279.847
2235.92	283.651
2236.66	272.619
2237.41	267.565
2238.15	271.447
2238.9	297.095
2239.64	272.34
2240.38	291.061
2241.13	271.247
2241.87	274.139
2242.62	276.035
2243.36	266.094
2244.1	286.717
2244.85	271.858
2245.59	309.211
2246.33	281.568
2247.08	271.665
2247.82	293.248
2248.56	283.336
2249.3	290.119
2250.05	277.231
2250.79	294.782
2251.53	290.742
2252.27	283.793
2253.01	285.711
2253.75	278.847
2254.49	290.64
2255.23	267.169
2255.97	275.069
2256.71	277.08
2257.45	266.323
2258.19	300.624
2258.93	279.024
2259.67	303.458
2260.41	279.906
2261.15	302.414
2261.89	263.298
2262.63	296.69
2263.36	281.164
2264.1	304.848
2264.84	260.887
2265.58	308.089
2266.32	283.654
2267.05	272.912
2267.79	298.442
2268.53	283.735
2269.26	289.632
2270	280.837
2270.74	254.414
2271.48	285.906
2272.21	284.083
2272.95	301.93
2273.68	286.41
2274.42	301.362
2275.15	287.799
2275.89	267.315
2276.62	284.213
2277.36	274.498
2278.09	259.825
2278.83	273.714
2279.56	258.019
2280.29	287.671
2281.03	256.19
2281.76	275.01
2282.49	261.301
2283.23	268.34
2283.96	267.521
2284.69	276.611
2285.42	261.002
2286.16	294.822
2286.89	276.17
2287.62	280.231
2288.35	282.284
2289.08	278.399
2289.81	268.602
2290.55	291.552
2291.28	293.757
2292.01	261.264
2292.74	285.357
2293.47	270.708
2294.2	275.914
2294.93	272.127
2295.66	274.266
2296.39	273.373
2297.11	260.492
2297.85	277.501
2298.57	259.649
2299.3	280.719
2300.03	293.873
2300.76	295.094
2301.49	270.34
2302.22	271.527
2302.94	287.685
2303.67	283.818
2304.4	264.93
2305.12	287.101
2305.85	277.259
2306.58	289.479
2307.31	269.615
2308.03	303.904
2308.76	285.982
2309.48	268.021
2310.21	256.066
2310.93	264.209
2311.66	264.334
2312.38	277.554
2313.11	267.658
2313.83	261.774
2314.56	253.85
2315.28	290.219
2316.01	271.167
2316.73	248.079
2317.45	256.245
2318.18	275.528
2318.9	268.61
2319.62	262.693
2320.35	247.67
2321.07	275.033
2321.79	264.011
2322.52	242.879
2323.24	229.83
2323.96	250.14
2324.68	260.357
2325.4	252.37
2326.12	244.365
2326.84	205.989
2327.56	203.009
2328.29	206.102
2329.01	177.831
2329.73	197.143
2330.45	210.402
2331.17	233.801
2331.89	233.896
2332.61	273.494
2333.32	264.424
2334.04	260.404
2334.76	266.515
2335.48	244.259
2336.2	255.468
2336.92	241.353
2337.64	267.801
2338.35	247.602
2339.07	257.816
2339.79	267.003
2340.51	266.045
2341.23	267.129
2341.94	250.991
2342.66	253.148
2343.37	252.274
2344.09	247.323
2344.81	256.56
2345.52	249.477
2346.24	238.276
2346.95	281.897
2347.67	245.277
2348.38	263.528
2349.1	263.565
2349.82	255.541
2350.53	251.614
2351.24	255.818
2351.96	252.883
2352.67	250.915
2353.39	253.985
2354.1	265.152
2354.81	245.821
2355.53	249.87
2356.24	242.765
2356.95	279.354
2357.66	236.747
2358.38	280.489
2359.09	260.256
2359.8	255.273
2360.51	252.338
2361.22	271.793
2361.94	262.797
2362.65	249.73
2363.36	251.923
2364.07	272.438
2364.78	274.582
2365.49	261.39
2366.2	256.316
2366.91	252.242
2367.62	283.836
2368.33	271.625
2369.04	253.323
2369.75	262.548
2370.46	260.569
2371.16	263.682
2371.87	234.173
2372.58	256.643
2373.29	269.945
2374	259.809
2374.71	261.908
2375.41	275.22
2376.12	267.116
2376.83	279.405
2377.53	273.348
2378.24	261.185
2378.95	232.707
2379.65	232.79
2380.36	266.542
2381.07	300.278
2381.77	260.505
2382.48	284.009
2383.18	256.508
2383.89	288.255
2384.59	270.022
2385.3	264.055
2386	271.358
2386.71	246.912
2387.41	269.442
2388.12	280.663
2388.82	275.5
2389.52	276.485
2390.23	265.252
2390.93	295.947
2391.63	280.694
2392.34	264.406
2393.04	250.131
2393.74	273.632
2394.44	281.794
2395.15	278.744
2395.85	267.567
2396.55	267.663
2397.25	285.146
2397.95	285.238
2398.65	287.323
2399.35	277.085
2400.05	282.134
2400.75	276.953
2401.45	265.665
2402.15	282.992
2402.85	301.379
2403.55	295.318
2404.25	282.142
2404.95	277.142
2405.65	282.348
2406.35	284.478
2407.05	263.096
2407.75	276.434
2408.44	276.492
2409.14	286.777
2409.84	268.459
2410.54	289.999
2411.24	273.704
2411.93	283.957
2412.63	273.732
2413.33	283.918
2414.02	278.758
2414.72	317.503
2415.42	289.881
2416.11	260.249
2416.81	280.636
2417.5	276.557
2418.2	289.84
2418.9	309.265
2419.59	282.796
2420.28	304.25
2420.98	293.023
2421.67	286.852
2422.37	294.92
2423.06	284.644
2423.75	289.683
2424.45	293.763
2425.14	253.112
2425.84	283.786
2426.53	271.703
2427.22	293.235
2427.91	293.321
2428.61	296.403
2429.3	267.825
2429.99	295.246
2430.68	275.764
2431.37	288.839
2432.07	299.862
2432.76	282.455
2433.45	270.189
2434.14	251.896
2434.83	291.509
2435.52	272.275
2436.21	282.472
2436.9	262.18
2437.59	292.584
2438.28	272.203
2438.97	306.552
2439.66	285.151
2440.35	281.011
2441.04	279.945
2441.72	280.932
2442.41	278.891
2443.1	282.909
2443.79	273.761
2444.48	272.689
2445.16	289.8
2445.85	298.837
2446.54	275.599
2447.23	272.587
2447.91	286.749
2448.6	284.753
2449.29	292.834
2449.97	279.703
2450.66	308.942
2451.34	297.828
2452.03	315.985
2452.72	281.717
2453.4	312
2454.09	286.796
2454.77	312.974
2455.46	284.667
2456.14	300.661
2456.82	287.441
2457.51	302.421
2458.19	318.444
2458.88	305.367
2459.56	317.475
2460.24	302.471
2460.92	314.626
2461.61	288.564
2462.29	319.819
2462.97	292.714
2463.66	285.7
2464.34	299.778
2465.02	339.958
2465.7	290.624
2466.38	315.662
2467.06	300.514
2467.75	300.461
2468.42	314.5
2469.11	317.542
2469.79	314.603
2470.47	314.704
2471.15	285.689
2471.83	300.849
2472.51	321.011
2473.19	306.987
2473.86	319.053
2474.54	329.093
2475.22	321.056
2475.9	306.014
2476.58	311.089
2477.26	328.255
2477.94	300.248
2478.61	280.272
2479.29	315.571
2479.97	331.759
2480.65	296.635
2481.32	324.853
2482	305.798
2482.68	289.767
2483.35	313.985
2484.03	311.043
2484.71	306.073
2485.38	304.094
2486.06	304.098
2486.73	298.049
2487.41	316.144
2488.08	313.14
2488.76	280.004
2489.43	315.304
2490.11	345.628
2490.78	314.582
2491.45	301.639
2492.13	316.88
2492.8	306.915
2493.48	306.002
2494.15	291.979
2494.82	309.224
2495.49	311.376
2496.17	298.427
2496.84	304.678
2497.51	295.789
2498.18	323.265
2498.86	329.482
2499.53	316.424
2500.2	314.447
2500.87	304.362
2501.54	333.753
2502.21	301.486
2502.88	320.884
2503.55	280.583
2504.22	309.165
2504.89	318.482
2505.56	326.741
2506.23	319.733
2506.9	313.716
2507.57	331.05
2508.24	320
2508.91	315.074
2509.58	323.37
2510.25	332.668
2510.91	312.443
2511.58	330.822
2512.25	311.558
2512.92	317.727
2513.59	308.665
2514.25	334.229
2514.92	332.346
2515.59	315.188
2516.25	324.49
2516.92	336.829
2517.59	317.552
2518.25	336.984
2518.92	305.443
2519.58	323.853
2520.25	321.892
2520.91	343.413
2521.58	304.795
2522.24	319.253
2522.91	319.454
2523.57	310.471
2524.24	316.807
2524.9	343.593
2525.56	319.205
2526.23	338.807
2526.89	326.658
2527.55	328.833
2528.22	315.62
2528.88	348.499
2529.54	336.249
2530.21	334.22
2530.87	323.988
2531.53	312.757
2532.19	302.601
2532.85	341.728
2533.51	315.276
2534.18	322.692
2534.84	312.62
2535.5	323.031
2536.16	351.864
2536.82	340.532
2537.48	326.082
2538.14	321.915
2538.8	316.763
2539.46	322.969
2540.12	336.43
2540.78	327.348
2541.44	343.982
2542.09	333.886
2542.75	345.358
2543.41	338.258
2544.07	318.742
2544.73	323.859
2545.39	337.143
2546.04	328.791
2546.7	322.496
2547.36	324.446
2548.02	344.918
2548.67	341.835
2549.33	330.591
2549.98	328.611
2550.64	343.067
2551.3	357.525
2551.95	348.366
2552.61	358.721
2553.26	342.373
2553.92	338.338
2554.57	341.462
2555.23	358.917
2555.88	352.682
2556.54	346.404
2557.19	371.91
2557.85	356.391
2558.5	335.801
2559.15	367.53
2559.81	366.517
2560.46	344.023
2561.11	337.93
2561.77	363.583
2562.42	358.458
2563.07	359.428
2563.72	341.923
2564.37	343.849
2565.03	375.437
2565.68	365.124
2566.33	361.016
2566.98	347.773
2567.63	359.099
2568.28	363.268
2568.93	361.259
2569.58	347.943
2570.23	340.716
2570.88	362.08
2571.53	359.972
2572.18	341.593
2572.83	357.976
2573.48	388.683
2574.13	375.473
2574.78	368.356
2575.43	378.558
2576.07	363.203
2576.72	357.03
2577.37	360.045
2578.02	361.025
2578.67	357.926
2579.31	380.299
2579.96	355.747
2580.61	374.991
2581.26	374.86
2581.9	360.502
2582.55	365.532
2583.19	359.436
2583.84	348.313
2584.49	367.745
2585.13	345.446
2585.78	366.857
2586.42	352.571
2587.07	353.472
2587.71	358.38
2588.36	341.93
2589	362.056
2589.65	362.928
2590.29	367.912
2590.93	379.033
2591.58	370.94
2592.22	353.763
2592.86	336.61
2593.51	371.193
2594.15	355.092
2594.79	360.298
2595.43	363.469
2596.07	340.222
2596.72	368.709
2597.36	363.646
2598	368.69
2598.64	377.763
2599.28	375.673
2599.92	360.427
2600.56	365.506
2601.2	374.682
2601.85	372.728
2602.49	359.616
2603.13	355.608
2603.76	340.414
2604.4	353.598
2605.04	366.77
2605.68	366.766
2606.32	374.884
2606.96	380.974
2607.6	354.612
2608.24	389.033
2608.88	355.534
2609.51	381.798
2610.15	356.435
2610.79	386.804
2611.43	371.681
2612.06	334.333
2612.7	381.077
2613.34	386.319
2613.97	394.597
2614.61	386.632
2615.25	388.781
2615.88	379.757
2616.52	400.153
2617.15	383.012
2617.79	398.36
2618.42	379.201
2619.06	385.427
2619.69	382.501
2620.33	411.054
2620.96	428.407
2621.6	400.002
2622.23	414.272
2622.86	416.357
2623.5	404.239
2624.13	415.532
2624.76	431.936
2625.4	433.092
2626.03	414.897
2626.66	424.142
2627.29	414.031
2627.93	415.108
2628.56	445.719
2629.19	450.922
2629.82	437.831
2630.45	451.233
2631.08	454.451
2631.71	427.077
2632.34	433.308
2632.98	474.195
2633.61	448.826
2634.24	485.692
2634.87	466.506
2635.5	472.851
2636.12	481.248
2636.75	469.208
2637.38	473.491
2638.01	494.111
2638.64	496.311
2639.27	504.625
2639.9	519.052
2640.53	501.736
2641.15	493.603
2641.78	528.428
2642.41	516.201
2643.04	524.467
2643.66	521.52
2644.29	521.682
2644.92	525.959
2645.54	516.914
2646.17	524.221
2646.8	556.073
2647.42	558.168
2648.05	537.692
2648.67	519.262
2649.3	535.682
2649.92	568.532
2650.55	567.626
2651.17	550.371
2651.8	557.754
2652.42	582.604
2653.05	574.637
2653.67	600.505
2654.29	561.658
2654.92	601.798
2655.54	575.153
2656.16	596.741
2656.79	593.694
2657.41	578.742
2658.03	571.848
2658.65	564.387
2659.27	581.103
2659.9	579.946
2660.52	584.57
2661.14	591.04
2661.76	571.681
2662.38	587.962
2663	601.472
2663.62	600.746
2664.24	593.215
2664.86	585.378
2665.48	613.24
2666.1	593.386
2666.72	605.615
2667.34	585.36
2667.96	603.28
2668.58	599.373
2669.2	571.325
2669.82	574.198
2670.44	594.821
2671.05	583.082
2671.67	579.346
2672.29	618.57
2672.91	619.697
2673.53	607.172
2674.14	637.427
2674.76	573.733
2675.38	604.265
2675.99	610.838
2676.61	608.943
2677.23	616.868
2677.84	630.359
2678.46	633.985
2679.07	653.319
2679.69	650.517
2680.3	679.37
2680.92	704.133
2681.53	705.376
2682.15	733.131
2682.76	732.172
2683.38	737.678
2683.99	727.483
2684.61	737.708
2685.22	737.308
2685.83	730.362
2686.44	707.197
2687.06	737.241
2687.67	749.547
2688.28	732.225
2688.9	734.253
2689.51	739.972
2690.12	721.748
2690.73	739.978
2691.34	733.701
2691.96	741.094
2692.57	754.783
2693.18	742.859
2693.79	756.644
2694.4	762.444
2695.01	740.506
2695.62	758.607
2696.23	759.458
2696.84	760.905
2697.45	779.618
2698.06	758.327
2698.67	762.945
2699.28	769.959
2699.88	753.339
2700.49	765.621
2701.1	769.78
2701.71	770.132
2702.32	770.12
2702.93	763.133
2703.53	787.111
2704.14	792.994
2704.75	774.441
2705.36	788.877
2705.96	787.014
2706.57	806.213
2707.17	797.617
2707.78	787.359
2708.39	779.135
2708.99	798.58
2709.6	807.906
2710.2	819.536
2710.81	821.979
2711.41	820.942
2712.02	821.199
2712.62	828.345
2713.23	838.264
2713.83	847.619
2714.44	844.71
2715.04	847.485
2715.64	866.156
2716.25	842.281
2716.85	868.706
2717.45	852.731
2718.05	863.682
2718.66	874.317
2719.26	863.548
2719.86	874.083
2720.46	902.16
2721.06	895.361
2721.67	920.46
2722.27	899.589
2722.87	911.604
2723.47	911.006
2724.07	913.315
2724.67	909.966
2725.27	904.276
2725.71	910.896
2726.38	935.172
2727.06	930.794
2727.73	960.907
2728.4	959.437
2729.07	949.889
2729.74	962.832
2730.42	975.956
2731.09	983.187
2731.76	962.139
2732.43	982.867
2733.1	966.011
2733.77	978.607
2734.44	1010.45
2735.11	1003.48
2735.78	981.094
2736.45	1008.45
2737.12	1015.34
2737.79	976.374
2738.46	1035.05
2739.13	1031.72
2739.8	1033.59
2740.47	1032.58
2741.14	1047.02
2741.81	1022.98
2742.47	1014.28
2743.14	1021.88
2743.81	1035.55
2744.48	1031.82
2745.15	1047.37
2745.81	1048.62
2746.48	1020.31
2747.15	1073.6
2747.81	1031.09
2748.48	1067.06
2749.15	1045.83
2749.81	1067.29
2750.48	1096.76
2751.15	1041.49
2751.81	1053.59
2752.48	1080.13
2753.14	1075.32
2753.81	1045.23
2754.47	1044.84
2755.14	1016.79
2755.8	1052.91
2756.47	1065.3
2757.13	1015.17
2757.8	1025.27
2758.46	1012.96
2759.13	1024.31
2759.79	1030.72
2760.45	1045.42
2761.12	993.604
2761.78	980.497
2762.44	1015.3
2763.1	1021.32
2763.77	1051.88
2764.43	1045.71
2765.09	1060.21
2765.76	1044.22
2766.42	1046.82
2767.08	1058.71
2767.74	1062.38
2768.4	1085.43
2769.06	1090.93
2769.72	1094.26
2770.38	1112.9
2771.05	1121.27
2771.71	1127.62
2772.37	1132.01
2773.03	1151.92
2773.69	1164.72
2774.35	1210.42
2775.01	1219.03
2775.67	1246
2776.33	1250.21
2776.99	1261.54
2777.64	1303.74
2778.3	1387.17
2778.96	1395.63
2779.62	1394.86
2780.28	1433.13
2780.94	1418.79
2781.59	1434.21
2782.25	1431.09
2782.91	1406.47
2783.57	1403.66
2784.22	1397.97
2784.88	1392.4
2785.54	1416.67
2786.2	1396.43
2786.85	1353.14
2787.51	1402.24
2788.16	1359.44
2788.82	1394.93
2789.48	1412.11
2790.13	1403.93
2790.79	1382.71
2791.44	1416.26
2792.1	1398.29
2792.75	1426.45
2793.41	1447.06
2794.06	1439.53
2794.72	1487.44
2795.37	1475.54
2796.02	1480.17
2796.68	1486.99
2797.33	1521.74
2797.98	1537.11
2798.64	1555.7
2799.29	1544.56
2799.94	1581.84
2800.6	1572.85
2801.25	1581.38
2801.9	1611.52
2802.55	1614.85
2803.21	1656.21
2803.86	1665.51
2804.51	1692.2
2805.16	1630.23
2805.81	1716.5
2806.46	1723.51
2807.11	1720.25
2807.77	1760.24
2808.42	1791.93
2809.07	1807.04
2809.72	1830.24
2810.37	1856.4
2811.02	1903.08
2811.67	1854.3
2812.32	1866.37
2812.97	1899.2
2813.61	1955.86
2814.26	1918.1
2814.91	1987.23
2815.56	1964.84
2816.21	2022.53
2816.86	2070.84
2817.51	2054.26
2818.15	2067.34
2818.8	2085.41
2819.45	2107.5
2820.1	2128.6
2820.74	2184.82
2821.39	2191.03
2822.04	2219.09
2822.69	2228.77
2823.33	2262.97
2823.98	2304
2824.63	2307.64
2825.27	2356.15
2825.92	2333.74
2826.56	2385.4
2827.21	2418.89
2827.85	2441.46
2828.5	2444.79
2829.14	2460.62
2829.79	2494.04
2830.43	2546.06
2831.08	2489.31
2831.72	2519.82
2832.37	2574.87
2833.01	2593.76
2833.65	2611.38
2834.3	2628.75
2834.94	2622.27
2835.58	2627.96
2836.23	2708.5
2836.87	2691.43
2837.51	2723.75
2838.16	2711.18
2838.8	2757.49
2839.44	2777.44
2840.08	2808.83
2840.72	2817.54
2841.36	2812.59
2842.01	2839.18
2842.65	2869.72
2843.29	2842.75
2843.93	2891.9
2844.57	2922.67
2845.21	2944.28
2845.85	2991.57
2846.49	2989.68
2847.13	2997.24
2847.77	3032.94
2848.41	3020.67
2849.05	3076.32
2849.69	3094.71
2850.33	3047.73
2850.97	3084.37
2851.61	3080.3
2852.24	3111.98
2852.88	3199.32
2853.52	3260.55
2854.16	3286.63
2854.8	3235.24
2855.43	3241.54
2856.07	3288.71
2856.71	3332.31
2857.35	3328.15
2857.98	3400.98
2858.62	3419.58
2859.26	3438.77
2859.89	3496.63
2860.53	3528.09
2861.16	3586.17
2861.8	3625.25
2862.44	3683.34
2863.07	3723.53
2863.71	3750.26
2864.34	3836.94
2864.98	3868.32
2865.61	3965.92
2866.25	3995.6
2866.88	4077.73
2867.52	4103.89
2868.15	4140.1
2868.78	4157.57
2869.42	4302.92
2870.05	4353.71
2870.69	4447.25
2871.32	4540.36
2871.95	4659.74
2872.58	4733.99
2873.22	4862.82
2873.85	4917.92
2874.48	5004.57
2875.11	5111.66
2875.75	5266.43
2876.38	5375.24
2877.01	5459.01
2877.64	5581.87
2878.27	5715.74
2878.9	5782.57
2879.53	5850.26
2880.16	5994.1
2880.79	6147.56
2881.42	6264.82
2882.05	6398.02
2882.68	6479.11
2883.31	6564.68
2883.94	6733.12
2884.57	6905.93
2885.2	6972.01
2885.83	7179.22
2886.46	7242.11
2887.09	7282.46
2887.72	7441.32
2888.35	7567.67
2888.97	7630.82
2889.6	7740.04
2890.23	7794.1
2890.86	7845.46
2891.49	7925.08
2892.11	8081.22
2892.74	8157.42
2893.37	8214.5
2893.99	8290.07
2894.62	8372.29
2895.25	8406.8
2895.87	8422.75
2896.5	8477.75
2897.12	8559.8
2897.75	8662.81
2898.38	8614.22
2899	8674.2
2899.63	8794.7
2900.25	8950.96
2900.88	8897.35
2901.5	8937.11
2902.12	8971.04
2902.75	9028.72
2903.37	9051.48
2904	9109.43
2904.62	9098.5
2905.25	9117.87
2905.87	9130.39
2906.49	9134.74
2907.11	9137.24
2907.74	9106.76
2908.36	9086.86
2908.98	9026.56
2909.6	9068.77
2910.23	8982.39
2910.85	8972.66
2911.47	8946.8
2912.09	8805.94
2912.71	8848.37
2913.33	8746.6
2913.96	8724.48
2914.58	8619.29
2915.2	8509.87
2915.82	8430.92
2916.44	8371.02
2917.06	8357.55
2917.68	8233.95
2918.3	8113.31
2918.92	8181.11
2919.54	8052.76
2920.16	7997.13
2920.77	7963.16
2921.39	7930.46
2922.01	7891.22
2922.63	7798.5
2923.25	7767.5
2923.87	7738.9
2924.48	7724.47
2925.1	7736.15
2925.72	7680.92
2926.34	7711.42
2926.95	7774.67
2927.57	7723.27
2928.19	7725.07
2928.8	7736.96
2929.42	7704.04
2930.04	7771.44
2930.65	7689.21
2931.27	7742.12
2931.89	7800.28
2932.5	7802.22
2933.12	7865.81
2933.73	7898.32
2934.35	7853.9
2934.96	8005.41
2935.58	8001.36
2936.19	8127.09
2936.81	8153.86
2937.42	8187.34
2938.03	8215.96
2938.65	8343.72
2939.26	8394.38
2939.88	8335.99
2940.49	8343.81
2941.1	8447.45
2941.71	8354.06
2942.33	8483.81
2942.94	8422.68
2943.55	8429.83
2944.17	8466.97
2944.78	8416.64
2945.39	8391.77
2946	8457.97
2946.61	8361.9
2947.22	8397.49
2947.83	8357.87
2948.45	8365.3
2949.06	8393.9
2949.67	8258.54
2950.28	8284.43
2950.89	8239.15
2951.5	8205.84
2952.11	8203.36
2952.72	8015.83
2953.33	7988.65
2953.94	7920.12
2954.54	7844.58
2955.15	7771.59
2955.76	7626.27
2956.37	7596.33
2956.98	7448.4
2957.59	7387.06
2958.2	7249.04
2958.8	7141.6
2959.41	7129.27
2960.02	7018.09
2960.63	6936.94
2961.23	6835.19
2961.84	6703.97
2962.45	6530.5
2963.05	6507.16
2963.66	6418.86
2964.27	6268.03
2964.87	6212.21
2965.48	6121.35
2966.08	6091.64
2966.69	5955.47
2967.29	5853.44
2967.9	5661.68
2968.5	5670.9
2969.11	5562.33
2969.71	5402.7
2970.32	5303.67
2970.92	5245.77
2971.53	5147.36
2972.13	5030.39
2972.74	4960.98
2973.34	4866.72
2973.94	4767.41
2974.54	4736.57
2975.15	4597.22
2975.75	4525.48
2976.35	4433.22
2976.96	4355.07
2977.56	4248.57
2978.16	4190.28
2978.76	4128.76
2979.36	3984.07
2979.97	3909.25
2980.57	3876.72
2981.17	3771.27
2981.77	3698.22
2982.37	3637.86
2982.97	3547.18
2983.57	3464.45
2984.17	3392.15
2984.77	3296.88
2985.37	3273.04
2985.97	3146.55
2986.57	3099.38
2987.17	3043.1
2987.77	2983.52
2988.37	2910.19
2988.97	2804.6
2989.57	2790.88
2990.17	2715.48
2990.76	2652.39
2991.36	2561.82
2991.96	2548.29
2992.56	2447.85
2993.16	2455.93
2993.75	2358.36
2994.35	2238.04
2994.95	2244.49
2995.54	2181.33
2996.14	2137.83
2996.74	2094.68
2997.33	2078.46
2997.93	1994.97
2998.52	1994.4
2999.12	1897.64
2999.72	1863.21
3000.31	1836.93
3000.91	1821.91
3001.5	1744.42
3002.1	1736.49
3002.69	1674.16
3003.29	1682.35
3003.88	1611.56
3004.47	1607.32
3005.07	1591.95
3005.66	1553.3
3006.26	1523.12
3006.85	1455.22
3007.44	1464.25
3008.04	1445.5
3008.63	1423.41
3009.22	1416.4
3009.81	1391.68
3010.41	1355.55
3011	1349.22
3011.59	1326.63
3012.18	1308.33
3012.77	1269.62
3013.36	1245.31
3013.96	1250.74
3014.55	1221.2
3015.14	1220.44
3015.73	1219.77
3016.32	1167.82
3016.91	1167.33
3017.5	1169.88
3018.09	1121.86
3018.68	1102.47
3019.27	1109.72
3019.86	1105.65
3020.45	1095.51
3021.04	1084.5
3021.63	1082.89
3022.22	1096.78
3022.8	1085.86
3023.39	1020.14
3023.98	1041.97
3024.57	1024.55
3025.16	1021.58
3025.74	1016.57
3026.33	986.777
3026.92	992.008
3027.5	990.955
3028.09	969.176
3028.68	986.593
3029.26	990.654
3029.85	972.152
3030.44	987.868
3031.02	955.206
3031.61	977.319
3032.19	964.278
3032.78	951.117
3033.37	965.727
3033.95	951.288
3034.54	963.671
3035.12	962.618
3035.71	963.665
3036.29	953.367
3036.87	945.147
3037.46	956.569
3038.04	926.661
3038.63	977.453
3039.21	941.498
3039.79	941.853
3040.38	929.883
3040.96	939.671
3041.54	935.917
3042.12	909.191
3042.71	946.49
3043.29	964.932
3043.87	933.534
3044.45	913.533
3045.03	903.987
3045.62	917.367
3046.2	945.405
3046.78	923.898
3047.36	934.529
3047.94	898.537
3048.52	943.25
3049.1	925.722
3049.68	917.436
3050.26	930.854
3050.84	972.213
3051.42	928.635
3052	951.341
3052.58	947.125
3053.16	950.176
3053.74	915.997
3054.32	963.688
3054.89	941.071
3055.47	942.363
3056.05	933.357
3056.63	950.258
3057.21	915.258
3057.78	963.074
3058.36	953.721
3058.94	955.657
3059.52	936.811
3060.09	986.389
3060.67	951.071
3061.25	983.2
3061.82	972.912
3062.4	953.302
3062.97	975.089
3063.55	967.778
3064.13	992.523
3064.7	984.107
3065.28	952.963
3065.85	931.227
3066.43	948.919
3067	969.72
3067.58	973.864
3068.15	959.219
3068.72	953.75
3069.3	1006.16
3069.87	951.95
3070.45	1004.42
3071.02	1001.19
3071.59	951.593
3072.17	970.348
3072.74	1018.07
3073.31	994.33
3073.89	990.109
3074.46	989.919
3075.03	1007.28
3075.6	1011.26
3076.17	1000.92
3076.74	1002.09
3077.32	1005.46
3077.89	1024.38
3078.46	1049.49
3079.03	1023.79
3079.6	1010.36
3080.17	1001.97
3080.74	1017.27
3081.31	1015.93
3081.88	1001.13
3082.45	1053.52
3083.02	1054.24
3083.59	1047.76
3084.16	1033.03
3084.73	1022.44
3085.3	1053.16
3085.87	1046.79
3086.43	1049.81
3087	1044.72
3087.57	1050.05
3088.14	1038.92
3088.71	1068
3089.28	1066.02
3089.84	1061.86
3090.41	1051.42
3090.98	1076.05
3091.54	1056.29
3092.11	1087.1
3092.68	1093.13
3093.24	1073.35
3093.81	1116.48
3094.38	1118.36
3094.94	1113.06
3095.51	1093.37
3096.07	1097.39
3096.64	1101.39
3097.2	1107.42
3097.77	1088.73
3098.33	1116.45
3098.9	1092.76
3099.46	1114.5
3100.03	1121.88
3100.59	1114.82
3101.15	1144.79
3101.72	1103.55
3102.28	1136.41
3102.84	1138.3
3103.41	1104.1
3103.97	1138.91
3104.53	1180.89
3105.1	1176.52
3105.66	1152.6
3106.22	1164.74
3106.78	1170.75
3107.34	1205.61
3107.91	1202.44
3108.47	1183.88
3109.03	1238.4
3109.59	1161.35
3110.15	1178.01
3110.71	1169.07
3111.27	1207.53
3111.83	1178.01
3112.39	1212.17
3112.95	1210.07
3113.51	1235.57
3114.07	1211.56
3114.63	1211.25
3115.19	1237.81
3115.75	1235.71
3116.31	1242.98
3116.87	1216.3
3117.43	1234.82
3117.98	1230.59
3118.54	1233.44
3119.1	1287.65
3119.66	1275.02
3120.22	1245
3120.77	1235.65
3121.33	1218.16
3121.89	1247.98
3122.44	1246.94
3123	1273.54
3123.56	1268.16
3124.11	1295.56
3124.67	1301.34
3125.23	1287.67
3125.78	1323.38
3126.34	1305.88
3126.89	1302.9
3127.45	1319.54
3128	1299.28
3128.56	1321.1
3129.11	1314.11
3129.67	1296.75
3130.22	1326.53
3130.78	1333.6
3131.33	1364.19
3131.88	1345.4
3132.44	1386.13
3132.99	1362.21
3133.54	1349.65
3134.1	1314.63
3134.65	1385.35
3135.2	1368.97
3135.76	1354.68
3136.31	1418.37
3136.86	1378.45
3137.41	1362.08
3137.96	1343.62
3138.51	1382.58
3139.07	1415.35
3139.62	1430.68
3140.17	1426.51
3140.72	1428.53
3141.27	1388.52
3141.82	1437.75
3142.37	1465.41
3142.92	1414.06
3143.47	1473.43
3144.02	1410.79
3144.57	1418.97
3145.12	1464.19
3145.67	1420.34
3146.22	1471.99
3146.77	1468.28
3147.32	1455.29
3147.86	1463.73
3148.41	1523.33
3148.96	1445.22
3149.51	1467.58
