401.058	1971.02
402.149	2113.08
403.243	2042.99
404.332	2057.89
405.424	1958.46
406.515	1982.68
407.606	1910.89
408.697	1829.97
409.785	1763.38
410.876	1757.91
411.967	1744.78
413.055	1638.64
414.143	1636.25
415.233	1624.19
416.321	1586.77
417.409	1618.23
418.499	1635.71
419.586	1686.74
420.673	1710.21
421.761	1743.32
422.848	1786.98
423.935	1874.36
425.02	1960.95
426.106	1944.23
427.193	1995.63
428.278	2113.06
429.364	2137.22
430.45	2252.42
431.534	2267.56
432.618	2285.03
433.704	2319.6
434.788	2327.07
435.871	2397.28
436.955	2392.16
438.038	2370.39
439.123	2398.3
440.204	2308.78
441.287	2219.75
442.37	2122.02
443.452	2007.96
444.535	1937.06
445.615	1831.55
446.698	1788.25
447.78	1693.65
448.86	1591.45
449.939	1528.17
451.021	1477.16
452.101	1432.84
453.18	1336.66
454.262	1394.13
455.341	1292.69
456.42	1251.15
457.499	1198.27
458.578	1269.74
459.654	1265.3
460.733	1207.22
461.811	1268.15
462.89	1193.51
463.966	1126.21
465.044	1209.51
466.12	1160.69
467.197	1193.7
468.273	1150.22
469.349	1193.05
470.426	1222.4
471.501	1219.69
472.576	1205.59
473.651	1161.83
474.726	1242.73
475.801	1219.93
476.876	1199.25
477.95	1234.34
479.022	1255.43
480.097	1230.88
481.171	1329.37
482.243	1306.26
483.317	1371.92
484.388	1359.78
485.46	1409.53
486.533	1506.21
487.605	1478.11
488.676	1577.17
489.747	1616.27
490.818	1609.5
491.889	1724.43
492.959	1768.83
494.03	1796.89
495.1	1748.69
496.171	1865.66
497.239	1931.7
498.309	1965.21
499.379	1893.06
500.446	1884.3
501.514	1877.67
502.584	1847.68
503.651	1842.81
504.718	1858.41
505.788	1875.1
506.855	1890.93
507.921	1865.54
508.988	1912.43
510.055	1908.98
511.119	1926.68
512.186	2005
513.252	1970.83
514.318	2029.39
515.382	2123.9
516.448	2171.81
517.512	2219.91
518.577	2228.76
519.641	2202.94
520.704	2343.94
521.768	2372.05
522.833	2439.88
523.896	2407.87
524.959	2465.84
526.021	2503.79
527.084	2520.78
528.144	2615.9
529.207	2625.92
530.269	2724.17
531.331	2718.79
532.391	2726.41
533.453	2773.69
534.513	2835.27
535.572	2731.42
536.634	2797.66
537.693	2654.89
538.752	2663.91
539.812	2566.75
540.87	2507.09
541.929	2411.7
542.988	2329.81
544.047	2288.16
545.105	2179.98
546.164	2076.63
547.22	1984.48
548.278	1886.88
549.336	1837.39
550.392	1773.81
551.448	1706.68
552.505	1640.82
553.561	1589.27
554.616	1518.33
555.671	1508.87
556.728	1445.16
557.783	1484.5
558.836	1395
559.891	1300.7
560.946	1372.71
562	1242.4
563.055	1251.57
564.107	1190.56
565.161	1258.47
566.213	1209.71
567.267	1141.49
568.318	1121.35
569.37	1183.45
570.424	1152.23
571.475	1110.93
572.526	1121.37
573.577	1160.41
574.628	1131.25
575.679	1162.92
576.73	1128.36
577.781	1149.14
578.829	1190.28
579.88	1189.19
580.93	1109.95
581.978	1106.14
583.026	1083.87
584.076	1083.62
585.124	1051.15
586.172	1075.67
587.221	1076.26
588.269	1103.45
589.316	1103.89
590.363	1101.47
591.41	1083.42
592.457	1093.88
593.502	1157.72
594.549	1099.1
595.595	1108.69
596.64	1044.26
597.686	1040.42
598.73	1025.37
599.776	978.733
600.82	1031.96
601.864	971.102
602.908	925.048
603.953	919.688
604.997	960.618
606.04	913.512
607.083	915.193
608.125	918.582
609.168	898.672
610.211	925.536
611.253	878.476
612.294	875.658
613.336	867.37
614.377	915.417
615.419	874.941
616.459	881.446
617.499	892.462
618.539	888.623
619.579	859.846
620.619	875.36
621.658	878.943
622.698	890.892
623.737	873.391
624.776	885.445
625.815	889.251
626.852	886.665
627.891	850.919
628.928	846.563
629.966	859.706
631.003	822.854
632.041	840.299
633.077	826.167
634.114	817.484
635.15	800.517
636.185	777.217
637.221	745.779
638.257	779.02
639.292	773.581
640.328	763.469
641.361	742.137
642.396	721.55
643.431	750.582
644.464	692.94
645.497	697.055
646.532	715.995
647.564	691.869
648.597	653.183
649.629	700.074
650.663	707.407
651.695	727.518
652.727	722.677
653.757	681.903
654.789	682.443
655.821	714.21
656.852	716.675
657.882	700.903
658.913	669.63
659.942	705.35
660.973	699.756
662.002	685.827
663.031	745.186
664.06	698.299
665.09	724.966
666.119	713.414
667.147	746.141
668.175	740.435
669.201	718.084
670.229	715.737
671.257	721.425
672.285	724.172
673.311	700.193
674.338	684.605
675.363	671.934
676.389	685.179
677.416	684.631
678.441	691.37
679.466	682.262
680.491	708.971
681.515	687.604
682.54	686.54
683.565	686.493
684.589	723.489
685.613	732.043
686.635	716.699
687.659	762.347
688.681	776.598
689.705	780.642
690.727	778.154
691.75	743.225
692.772	819.318
693.793	795.393
694.814	821.395
695.835	872.315
696.856	871.282
697.877	904.434
698.898	894.963
699.918	894.763
700.937	892.754
701.957	863.027
702.978	885.131
703.996	895.19
705.016	862.659
706.034	835.647
707.052	845.605
708.069	878.669
709.087	852.601
710.107	868.177
711.124	811.733
712.139	822.801
713.156	781.221
714.173	801.534
715.19	752.466
716.205	756.879
717.222	790.707
718.238	738.553
719.253	729.757
720.267	698.851
721.283	728.83
722.297	707.272
723.311	720.769
724.325	704.864
725.339	713.868
726.353	721.111
727.366	731.191
728.38	719.249
729.391	742.256
730.404	702.626
731.417	740.132
732.428	713.117
733.441	725.541
734.452	680.087
735.463	673.3
736.475	721.695
737.486	727.106
738.496	695.939
739.506	665.743
740.516	712.628
741.526	698.882
742.534	658.436
743.544	677.585
744.554	659.996
745.561	636
746.571	644.149
747.578	647.755
748.587	669.75
749.594	631.244
750.601	642.31
751.608	656.176
752.615	641.649
753.621	601.462
754.628	639.385
755.634	602.039
756.641	604.249
757.647	621.231
758.651	594.045
759.657	824.018
760.663	819.984
761.666	636.795
762.67	605.719
763.676	617.96
764.679	599.612
765.682	603.353
766.686	574.678
767.689	626.42
768.692	610.751
769.694	583.195
770.697	592.803
771.698	595.171
772.7	608.744
773.703	600.022
774.703	629.206
775.703	602.448
776.705	649.806
777.705	664.517
778.705	613.287
779.705	642.035
780.705	605.898
781.704	656.259
782.704	645.339
783.703	678.075
784.702	649.358
785.701	682.878
786.698	698.696
787.697	689.422
788.694	686.72
789.693	709.2
790.689	722.391
791.686	767.195
792.682	763.49
793.68	783.903
794.676	794.967
795.672	794.906
796.666	848.96
797.662	851.935
798.658	869.868
799.653	862.597
800.647	942.768
801.642	906.248
802.636	917.068
803.631	927.766
804.624	907.722
805.617	908.174
806.61	918.868
807.602	905.371
808.595	840.759
809.587	830.929
810.58	829.451
811.572	850.275
812.564	797.048
813.554	856.037
814.546	853.008
815.536	873.138
816.528	911.742
817.518	936.421
818.507	931.484
819.499	974.657
820.488	980.836
821.477	1051.66
822.466	1111.25
823.455	1201.1
824.444	1249.19
825.431	1257.55
826.42	1417.15
827.408	1468.14
828.395	1578.31
829.383	1695.04
830.369	1800.62
831.356	1947.28
832.342	2067.62
833.33	2221.49
834.315	2409.11
835.301	2560.15
836.287	2793.43
837.27	2955.8
838.256	3076.52
839.241	3263.61
840.226	3272.49
841.209	3250.84
842.194	3268.5
843.177	3135.5
844.16	2955.74
845.145	2798.16
846.127	2645.23
847.11	2577.77
848.092	2426.55
849.074	2322.05
850.056	2394.86
851.039	2364.43
852.018	2408.27
853	2460.21
853.982	2491.89
854.962	2530.15
855.941	2572.4
856.923	2636.19
857.902	2561.54
858.881	2486.14
859.86	2335.26
860.839	2242.14
861.818	2102.66
862.797	1972.99
863.776	1909.35
864.754	1858.42
865.733	1799.14
866.709	1707.67
867.687	1674.29
868.664	1613.46
869.642	1586.83
870.618	1533.63
871.594	1497.1
872.569	1549.93
873.545	1473.85
874.521	1439.17
875.496	1447.72
876.471	1394.44
877.447	1360.39
878.42	1364.93
879.395	1347.25
880.37	1353.51
881.343	1352.43
882.315	1320.15
883.29	1323.01
884.262	1349.92
885.235	1307.71
886.207	1318.89
887.179	1263.58
888.151	1268.09
889.123	1341.69
890.095	1329.61
891.065	1317.59
892.037	1335.12
893.009	1320.41
893.978	1385.91
894.948	1397.05
895.919	1428.57
896.888	1493.43
897.857	1478.16
898.826	1546.88
899.795	1653.34
900.764	1679.29
901.732	1785.23
902.701	1879.82
903.668	2047.1
904.636	2069.53
905.604	2165.88
906.57	2260.65
907.538	2335.49
908.504	2371.05
909.47	2421.71
910.436	2345.28
911.402	2427.7
912.367	2423.28
913.333	2359.51
914.298	2291.72
915.264	2161.74
916.229	2120.42
917.192	2122.64
918.157	2009.39
919.12	1923.1
920.084	1891.49
921.047	1855.22
922.01	1791.93
922.972	1716.39
923.935	1621.22
924.897	1669.72
925.859	1514.23
926.821	1478.46
927.783	1463.16
928.743	1388.45
929.705	1314.56
930.667	1370.61
931.626	1312.33
932.586	1290.3
933.547	1227.46
934.506	1214.03
935.466	1253.77
936.425	1163.25
937.384	1176.95
938.343	1149.54
939.301	1152.79
940.26	1155.05
941.217	1134
942.175	1176.52
943.132	1157.53
944.09	1145.15
945.046	1135.59
946.002	1198.05
946.96	1176.22
947.916	1133.65
948.872	1135.97
949.828	1106.35
950.783	1140.42
951.737	1180.03
952.692	1191.38
953.647	1161.31
954.601	1178.09
955.556	1144.25
956.509	1188.46
957.464	1189.74
958.417	1171.51
959.369	1178.68
960.322	1212.04
961.275	1240.4
962.227	1266.54
963.179	1244.49
964.132	1220.54
965.082	1274.74
966.034	1310.44
966.984	1306.99
967.936	1336.57
968.885	1407.47
969.837	1411.4
970.787	1420.64
971.736	1463.44
972.686	1508.88
973.635	1539.28
974.584	1600.78
975.533	1625.82
976.48	1705.45
977.429	1663.14
978.378	1749.44
979.325	1711.85
980.273	1779.34
981.22	1778.27
982.166	1790.22
983.113	1722.24
984.061	1739.39
985.007	1690.67
985.953	1677.45
986.897	1613.71
987.843	1593.23
988.789	1523.45
989.734	1512.84
990.678	1495.83
991.623	1427.38
992.567	1350.41
993.51	1319.11
994.453	1336.27
995.398	1279.54
996.341	1249.91
997.284	1243.67
998.227	1212.33
999.168	1160.58
1000.11	1203.98
1001.05	1188.73
1001.99	1181.94
1002.94	1131.48
1003.88	1107.22
1004.82	1085.89
1005.76	1105.65
1006.7	1104.04
1007.64	1120.09
1008.58	1088.48
1009.52	1123.77
1010.46	1130.92
1011.4	1146.38
1012.34	1159.13
1013.27	1119.03
1014.21	1164.93
1015.15	1149.64
1016.09	1121.43
1017.03	1148.23
1017.96	1176.76
1018.9	1124.79
1019.84	1166.02
1020.77	1124.04
1021.71	1117.61
1022.65	1186.1
1023.58	1181.97
1024.52	1178.08
1025.45	1241.76
1026.39	1196.82
1027.32	1204.17
1028.26	1259.13
1029.19	1236.04
1030.12	1197.81
1031.06	1249.73
1031.99	1237.99
1032.92	1233.05
1033.86	1250.88
1034.79	1267.88
1035.72	1271.68
1036.65	1221.61
1037.59	1248.65
1038.52	1244.46
1039.45	1243.97
1040.38	1293.52
1041.31	1292.09
1042.24	1334.1
1043.17	1276.82
1044.1	1317.77
1045.03	1372.92
1045.96	1331.72
1046.89	1370.21
1047.82	1437.41
1048.75	1432.91
1049.68	1456.03
1050.61	1476.27
1051.53	1480.16
1052.46	1464.68
1053.39	1538.23
1054.32	1585.86
1055.24	1624.84
1056.17	1603.03
1057.1	1684.13
1058.02	1734.07
1058.95	1740.38
1059.88	1816.21
1060.8	1785.34
1061.73	1753.43
1062.65	1677.7
1063.58	1708.78
1064.5	1720.89
1065.43	1694.76
1066.35	1758.97
1067.27	1717.69
1068.2	1810.35
1069.12	1808.12
1070.04	1908.63
1070.97	1915.07
1071.89	1900.17
1072.81	1897.32
1073.73	1960.57
1074.65	1933.56
1075.58	1931.12
1076.5	1874.02
1077.42	1874.64
1078.34	1840.73
1079.26	1787.7
1080.18	1748.98
1081.1	1691.32
1082.02	1628.01
1082.94	1564.73
1083.86	1548
1084.78	1484.72
1085.7	1454.76
1086.61	1431.54
1087.53	1394.21
1088.45	1361.7
1089.37	1303.59
1090.28	1372.49
1091.2	1328.41
1092.12	1357.23
1093.03	1332
1093.95	1349.46
1094.87	1381.25
1095.78	1437.8
1096.7	1442.41
1097.61	1474.53
1098.53	1506.63
1099.44	1552.84
1100.36	1538.38
1101.27	1585.32
1102.19	1643.49
1103.1	1597.58
1104.01	1635.81
1104.93	1687.35
1105.84	1729.61
1106.75	1678.61
1107.67	1785.7
1108.58	1751.26
1109.49	1809.51
1110.4	1811.77
1111.31	1837.37
1112.22	1854.14
1113.14	1912.34
1114.05	1955.41
1114.96	1959.87
1115.87	2002.37
1116.78	2056.4
1117.69	2093.4
1118.6	2169.92
1119.51	2229.08
1120.42	2297.38
1121.32	2322.12
1122.23	2427.43
1123.14	2387.92
1124.05	2477.72
1124.96	2378.33
1125.86	2323.71
1126.77	2287.94
1127.68	2256.42
1128.58	2190.95
1129.49	2137.01
1130.4	2151.69
1131.3	2152.75
1132.21	2112.15
1133.11	2156.21
1134.02	2174.27
1134.92	2227.94
1135.83	2210.94
1136.73	2206.42
1137.64	2180.94
1138.54	2179.89
1139.44	2130.16
1140.35	2103.07
1141.25	2062.7
1142.15	1974.91
1143.06	2000.4
1143.96	1826.23
1144.86	1770.86
1145.76	1759.11
1146.66	1683.34
1147.57	1612.11
1148.47	1516.91
1149.37	1470.24
1150.27	1431.21
1151.17	1332.19
1152.07	1333.25
1152.97	1191.38
1153.87	1153.33
1154.77	1091.37
1155.67	1086.51
1156.57	1012.02
1157.46	972.791
1158.36	928.87
1159.26	882.203
1160.16	852.79
1161.05	882.519
1161.95	833.104
1162.85	837.888
1163.75	770.034
1164.64	746.823
1165.54	736.857
1166.44	696.438
1167.33	687.536
1168.23	668.308
1169.12	686.294
1170.02	672.966
1170.91	635.867
1171.81	617.753
1172.7	649.987
1173.59	649.819
1174.49	610.618
1175.38	624.593
1176.27	647.044
1177.17	624.813
1178.06	580.777
1178.95	616.467
1179.84	621.879
1180.74	616.96
1181.63	616.855
1182.52	609.182
1183.41	609.984
1184.3	605.953
1185.19	605.614
1186.08	616.559
1186.97	579.268
1187.86	611.941
1188.75	597.389
1189.64	648.91
1190.53	616.432
1191.42	636.774
1192.31	605.316
1193.2	625.755
1194.09	645.348
1194.97	648.1
1195.86	665.976
1196.75	632.984
1197.64	695.01
1198.52	674.146
1199.41	667.391
1200.29	694.539
1201.18	675.639
1202.07	697.229
1202.95	729.151
1203.84	732.77
1204.72	709.006
1205.61	715.242
1206.49	726.152
1207.38	739.951
1208.26	726.689
1209.14	718.33
1210.03	702.63
1210.91	716.144
1211.79	734.349
1212.68	726.088
1213.56	711.041
1214.44	719.314
1215.32	737.785
1216.21	712.023
1217.09	720.17
1217.97	753.835
1218.85	745.46
1219.73	753.3
1220.61	766.994
1221.49	783.65
1222.37	819.177
1223.25	831.072
1224.13	916.362
1225.01	985.448
1225.89	1037.39
1226.77	1128.92
1227.65	1155.42
1228.52	1149.09
1229.4	1167.57
1230.28	1146.6
1231.16	1171.14
1232.03	1143.7
1232.91	1165.43
1233.79	1129.23
1234.66	1126.98
1235.54	1149.22
1236.42	1117.24
1237.29	1088.96
1238.17	1029.33
1239.04	1009.6
1239.92	995.649
1240.79	929.495
1241.67	919.436
1242.54	872.299
1243.41	884.138
1244.29	891.249
1245.16	884.105
1246.03	860.768
1246.91	871.727
1247.78	853.995
1248.65	874.311
1249.52	846.753
1250.4	877.322
1251.27	896.385
1252.14	900.197
1253.01	890.718
1253.88	890.868
1254.75	910.165
1255.62	941.868
1256.49	919.97
1257.36	947.64
1258.23	969.442
1259.1	945.279
1259.97	993.657
1260.84	972.312
1261.71	983.476
1262.57	1006.16
1263.44	1043.23
1264.31	1059.37
1265.18	1085.07
1266.05	1076.4
1266.91	1129.69
1267.78	1159.99
1268.65	1204.49
1269.51	1284.18
1270.38	1351.37
1271.24	1474.66
1272.11	1546.37
1272.97	1592.26
1273.84	1703.71
1274.7	1754.22
1275.57	1819.93
1276.43	1793.62
1277.3	1859.72
1278.16	1833.63
1279.02	1823.69
1279.89	1780.97
1280.75	1693.37
1281.61	1674.58
1282.48	1561.89
1283.34	1530.21
1284.2	1407.9
1285.06	1358.31
1285.92	1264.52
1286.78	1217.55
1287.65	1140.61
1288.51	1112.28
1289.37	1074.1
1290.23	1014.91
1291.09	991.784
1291.95	951.347
1292.81	939.878
1293.67	940.51
1294.52	891.398
1295.38	908.809
1296.24	865.276
1297.1	854.025
1297.96	860.656
1298.81	839.073
1299.67	834.478
1300.53	826.953
1301.39	824.39
1302.24	813.667
1303.1	820.98
1303.95	805.987
1304.81	806.38
1305.67	816.997
1306.52	820.748
1307.38	813.506
1308.23	820.877
1309.09	819.318
1309.94	823.827
1310.8	817.251
1311.65	827.163
1312.5	851.16
1313.35	850.185
1314.21	859.01
1315.06	876.529
1315.91	870.554
1316.77	901.542
1317.62	922.698
1318.47	959.636
1319.32	954.637
1320.17	999.631
1321.02	1010.21
1321.87	1015.4
1322.73	1044.65
1323.57	1103.4
1324.43	1116.46
1325.28	1162.53
1326.13	1153.03
1326.97	1203.82
1327.82	1218.15
1328.67	1226.99
1329.52	1277.15
1330.37	1321.6
1331.22	1329.45
1332.06	1334.65
1332.91	1349.7
1333.76	1387.77
1334.61	1391.49
1335.45	1382.15
1336.3	1426.27
1337.15	1444
1337.99	1445.71
1338.84	1438.72
1339.68	1451.54
1340.53	1454.65
1341.37	1469.56
1342.22	1494.91
1343.06	1507.98
1343.91	1521.11
1344.75	1515.48
1345.6	1515.04
1346.44	1545.72
1347.28	1537.89
1348.12	1561.49
1348.97	1544.3
1349.81	1572.8
1350.65	1563.21
1351.49	1577.12
1352.33	1547.05
1353.18	1541.8
1354.02	1549.71
1354.86	1549.83
1355.7	1549.31
1356.54	1552.22
1357.38	1571.44
1358.22	1568.38
1359.06	1569.51
1359.9	1609.45
1360.74	1530.71
1361.58	1577.16
1362.42	1571.45
1363.25	1580.52
1364.09	1561.79
1364.93	1542.45
1365.77	1580.15
1366.6	1601.63
1367.19	1539.38
1368.1	1537.69
1369.01	1562.49
1369.92	1501.54
1370.83	1551.69
1371.74	1543.61
1372.65	1507.84
1373.56	1506.46
1374.47	1532.56
1375.37	1479.93
1376.28	1464.6
1377.19	1394.14
1378.1	1408.12
1379	1415.15
1379.91	1404.48
1380.82	1407.54
1381.72	1379.18
1382.63	1401.65
1383.54	1373.02
1384.44	1358.93
1385.35	1352.55
1386.25	1324.7
1387.16	1361.28
1388.06	1338.51
1388.97	1333.39
1389.87	1368.22
1390.78	1374.9
1391.68	1361.25
1392.59	1361.22
1393.49	1330.15
1394.39	1314.53
1395.3	1296.86
1396.2	1208.55
1397.1	1169.59
1398	1111.44
1398.91	1088.21
1399.81	1042.04
1400.71	1019.13
1401.61	994.35
1402.52	977.245
1403.42	903.419
1404.32	944.775
1405.22	930.43
1406.12	905.619
1407.02	882.867
1407.92	892.806
1408.82	897.127
1409.72	872.869
1410.62	873.495
1411.52	855.945
1412.42	868.891
1413.32	867.437
1414.21	867.827
1415.11	796.687
1416.01	805.628
1416.91	832.653
1417.81	806.426
1418.71	803.142
1419.6	795.251
1420.5	810.333
1421.4	804.637
1422.29	777.139
1423.19	784.796
1424.09	760.025
1424.98	800.76
1425.88	791.953
1426.77	772.662
1427.67	782.861
1428.56	790.26
1429.46	752.119
1430.35	764.396
1431.25	807.146
1432.14	792.979
1433.04	836.891
1433.93	795.35
1434.82	814.747
1435.72	849.455
1436.61	904.247
1437.5	912.407
1438.39	896.718
1439.29	952.588
1440.18	991.26
1441.07	1014.58
1441.96	1085.64
1442.85	1041.94
1443.75	1058.58
1444.64	1096.46
1445.53	1101.06
1446.42	1114.39
1447.31	1149.78
1448.2	1098.6
1449.09	1163.41
1449.98	1149.26
1450.87	1149.45
1451.76	1218.02
1452.65	1197.39
1453.54	1208.82
1454.43	1260.04
1455.31	1253.53
1456.2	1257.45
1457.09	1268.74
1457.98	1264.15
1458.87	1277.65
1459.75	1253.4
1460.64	1290.3
1461.53	1316.98
1462.41	1345.99
1463.3	1361.65
1464.19	1428.61
1465.07	1471.99
1465.96	1547.94
1466.85	1542.97
1467.73	1570.88
1468.61	1544.53
1469.5	1545.54
1470.38	1495.3
1471.27	1479.1
1472.15	1473.54
1473.04	1503.77
1473.92	1518.3
1474.8	1556.96
1475.69	1597.55
1476.57	1619.81
1477.45	1606.42
1478.34	1576.79
1479.22	1531.72
1480.1	1533.18
1480.98	1499.24
1481.86	1516.29
1482.75	1465.73
1483.63	1466.33
1484.51	1403.81
1485.39	1330.94
1486.27	1204.26
1487.15	1050.88
1488.03	932.564
1488.91	863.622
1489.79	771.331
1490.67	708.914
1491.55	639.679
1492.43	630.387
1493.31	582.535
1494.19	577.244
1495.07	564.298
1495.94	565.829
1496.82	524.009
1497.7	521.634
1498.58	498.064
1499.45	496.588
1500.33	467.282
1501.21	480.213
1502.09	469.204
1502.96	443.885
1503.84	437.742
1504.72	456.45
1505.59	441.703
1506.47	447.942
1507.34	440.809
1508.22	447.967
1509.09	419.938
1509.97	418.612
1510.84	434.438
1511.72	433.188
1512.59	437.638
1513.46	433.511
1514.34	436.908
1515.21	441.181
1516.08	419.856
1516.96	423.124
1517.83	400.906
1518.7	391.016
1519.57	415.099
1520.45	410.003
1521.32	423.784
1522.19	390.59
1523.06	386.621
1523.93	408.069
1524.8	405.087
1525.67	410.531
1526.54	387.755
1527.41	410.003
1528.28	420.01
1529.16	435.635
1530.02	396.009
1530.89	391.128
1531.76	398.486
1532.63	409.637
1533.5	404.889
1534.37	398.26
1535.24	397.227
1536.11	396.167
1536.97	386.669
1537.84	390.29
1538.71	401.436
1539.57	386.43
1540.44	388.337
1541.31	406.227
1542.18	404.475
1543.04	407.4
1543.91	378.383
1544.77	382.127
1545.64	393.315
1546.5	395.088
1547.37	410.956
1548.24	393.129
1549.1	387.617
1549.96	386.928
1550.83	401.388
1551.69	390.488
1552.56	378.578
1553.42	381.652
1554.28	361.959
1555.15	379.965
1556.01	397.035
1556.87	382.988
1557.73	364.299
1558.6	410.09
1559.46	396.281
1560.32	394.749
1561.18	392.171
1562.04	368.56
1562.9	384.815
1563.77	387.739
1564.63	386.897
1565.49	367.076
1566.35	386.416
1567.21	374.352
1568.07	395.753
1568.93	412.41
1569.79	395.519
1570.64	387.169
1571.5	395.068
1572.36	395.256
1573.22	381.021
1574.08	405.264
1574.94	418.994
1575.8	394.245
1576.65	389.723
1577.51	383.255
1578.37	405.732
1579.22	398.227
1580.08	376.162
1580.94	388.914
1581.79	399.763
1582.65	396.115
1583.51	387.645
1584.36	386.953
1585.22	383.339
1586.07	386.507
1586.93	400.357
1587.78	416.139
1588.63	403.623
1589.49	399.832
1590.34	379.394
1591.2	374.502
1592.05	413.471
1592.9	408.465
1593.76	409.305
1594.61	382.863
1595.46	389.676
1596.32	428.805
1597.17	405.537
1598.02	397.916
1598.87	420.594
1599.72	419.747
1600.58	409.017
1601.43	417.764
1602.28	409.773
1603.13	400.73
1603.98	432.726
1604.83	392.355
1605.68	414.589
1606.53	425.149
1607.38	421.117
1608.23	427.857
1609.08	402.349
1609.93	409
1610.77	397.994
1611.62	399.617
1612.47	431.433
1613.32	421.369
1614.17	447.41
1615.01	424.846
1615.86	441.262
1616.71	424.582
1617.55	421.475
1618.4	430.932
1619.25	431.552
1620.09	419.493
1620.94	426.84
1621.79	440.988
1622.63	426.102
1623.48	438.413
1624.32	439.155
1625.17	422.519
1626.01	406.878
1626.86	427.045
1627.7	444.298
1628.54	429.615
1629.39	433.285
1630.23	423.383
1631.07	408.616
1631.92	441.13
1632.76	435.951
1633.6	442.348
1634.45	473.819
1635.29	415.72
1636.13	430.878
1636.97	434.493
1637.81	460.235
1638.66	443.639
1639.5	456.869
1640.34	438.408
1641.18	449.798
1642.02	438.18
1642.86	452.55
1643.7	439.069
1644.54	464.988
1645.38	436.093
1646.22	447.542
1647.06	425.336
1647.89	443.512
1648.73	453.086
1649.57	453.122
1650.41	459.984
1651.25	454.417
1652.09	468.144
1652.92	473.187
1653.76	476.22
1654.6	472.393
1655.43	480.066
1656.27	480.983
1657.11	468.474
1657.94	478.292
1658.78	456.379
1659.62	446.103
1660.45	460.964
1661.29	460.259
1662.12	477.844
1662.96	437.18
1663.79	448.825
1664.62	446.948
1665.46	443.231
1666.29	458.077
1667.13	454.573
1667.96	465.702
1668.79	449.571
1669.63	448.973
1670.46	443.444
1671.29	427.106
1672.12	441.974
1672.96	416.717
1673.79	427.613
1674.62	417.958
1675.45	418.116
1676.28	434.005
1677.11	434.28
1677.95	432.63
1678.78	424.104
1679.61	412.57
1680.44	418.664
1681.27	434.518
1682.1	407.973
1682.93	414.89
1683.75	403.122
1684.58	419
1685.41	418.179
1686.24	394.685
1687.07	406.724
1687.9	405.917
1688.73	397.18
1689.55	397.318
1690.38	372.688
1691.21	383.651
1692.04	373.768
1692.86	382.638
1693.69	387.492
1694.52	403.226
1695.34	364.52
1696.17	353.615
1696.99	358.643
1697.82	369.693
1698.64	372.843
1699.47	380.939
1700.29	386.991
1701.12	393.955
1701.94	370.035
1702.77	351.025
1703.59	386.615
1704.41	392.389
1705.24	362.435
1706.06	372.211
1706.88	372.083
1707.71	356.097
1708.53	367.903
1709.35	350.932
1710.17	360.731
1711	364.543
1711.82	336.591
1712.64	370.075
1713.46	340.119
1714.28	340.9
1715.1	334.788
1715.92	367.321
1716.74	364.236
1717.56	340.344
1718.38	347.062
1719.2	367.516
1720.02	357.237
1720.84	348.919
1721.66	348.547
1722.48	353.205
1723.3	334.337
1724.11	369.74
1724.93	344.075
1725.75	351.836
1726.57	339.781
1727.39	341.406
1728.2	352.795
1729.02	346.486
1729.84	352.017
1730.65	337.995
1731.47	333.837
1732.29	340.468
1733.1	318.659
1733.92	337.938
1734.73	345.423
1735.55	353.872
1736.36	354.522
1737.18	337.636
1737.99	341.268
1738.81	349.759
1739.62	338.725
1740.43	324.756
1741.25	336.086
1742.06	352.275
1742.87	332.534
1743.69	352.647
1744.5	369.843
1745.31	341.45
1746.13	326.656
1746.94	345.792
1747.75	344.601
1748.56	326.019
1749.37	354.895
1750.18	317.006
1750.99	354.583
1751.81	332.165
1752.61	331.99
1753.42	352.125
1754.24	339.42
1755.04	332.549
1755.85	334.388
1756.66	335.242
1757.47	317.689
1758.28	331.956
1759.09	361.608
1759.9	314.067
1760.71	352.408
1761.52	330.074
1762.32	333.834
1763.13	335.71
1763.94	339.524
1764.74	327.898
1765.55	324.929
1766.36	310.392
1767.17	350.832
1767.97	330.59
1768.78	313.281
1769.58	328.797
1770.39	332.738
1771.19	320.236
1772	331.849
1772.8	327.985
1773.61	322.188
1774.41	331.873
1775.22	320.303
1776.02	344.531
1776.83	315.543
1777.63	310.74
1778.43	338.878
1779.23	337.031
1780.04	321.654
1780.84	327.648
1781.64	342.423
1782.44	324.186
1783.25	345.792
1784.05	318.731
1784.85	314.014
1785.65	307.328
1786.45	316.24
1787.25	329.075
1788.05	324.351
1788.86	317.667
1789.65	326.617
1790.46	312.072
1791.25	305.329
1792.05	326.985
1792.85	331.021
1793.65	329.197
1794.45	309.736
1795.25	329.592
1796.05	303.296
1796.85	321.274
1797.64	330.416
1798.44	317.844
1799.24	309.155
1800.04	332.026
1800.83	322.262
1801.63	312.467
1802.43	323.436
1803.22	324.513
1804.02	316.674
1804.82	333.592
1805.61	294
1806.41	337.673
1807.2	312.917
1808	305.023
1808.79	314.021
1809.59	310.136
1810.38	304.273
1811.18	307.345
1811.97	314.361
1812.76	310.372
1813.56	309.299
1814.35	303.203
1815.14	305.059
1815.94	305.956
1816.73	291.997
1817.52	319.886
1818.31	328.918
1819.1	325.991
1819.9	320.017
1820.69	325.923
1821.48	296.907
1822.27	311.694
1823.06	329.469
1823.85	318.391
1824.64	308.324
1825.43	315.17
1826.22	323.979
1827.01	333.756
1827.8	337.557
1828.59	330.439
1829.38	338.269
1830.17	315.31
1830.96	321.174
1831.74	299.178
1832.53	305.95
1833.32	310.68
1834.11	294.527
1834.89	326.969
1835.68	294.949
1836.47	320.42
1837.26	319.147
1838.04	297.107
1838.83	316.611
1839.61	304.458
1840.4	305.126
1841.19	302.801
1841.97	329.035
1842.76	300.085
1843.54	311.546
1844.33	291.585
1845.11	295.285
1845.89	305.902
1846.68	319.479
1847.46	314.391
1848.25	293.586
1849.03	339.482
1849.81	334.358
1850.6	327.296
1851.38	313.402
1852.16	296.586
1852.94	316.982
1853.72	315.799
1854.51	308.707
1855.29	307.458
1856.07	326.71
1856.85	321.511
1857.63	287.039
1858.41	313.081
1859.19	309.865
1859.97	307.653
1860.75	311.324
1861.53	283.897
1862.31	287.662
1863.09	287.56
1863.87	301.077
1864.65	302.884
1865.43	313.387
1866.21	329.647
1866.99	318.641
1867.76	309.57
1868.54	294.708
1869.32	309.954
1870.1	295.22
1870.87	300.901
1871.65	302.755
1872.43	287.195
1873.2	296.811
1873.98	289.936
1874.76	286.916
1875.53	308.104
1876.31	309.95
1877.08	307
1877.86	317.655
1878.63	298.303
1879.41	304.135
1880.18	302.186
1880.96	297.294
1881.73	281.715
1882.5	318.497
1883.28	266.095
1884.05	315.547
1884.82	307.807
1885.6	302.981
1886.37	321.439
1887.14	314.641
1887.91	283.545
1888.68	304.89
1889.46	279.629
1890.23	282.574
1891	281.683
1891.77	302.26
1892.54	302.481
1893.31	294.953
1894.08	295.239
1894.85	303.325
1895.62	296.693
1896.39	309.528
1897.16	331.079
1897.93	280.112
1898.7	298.622
1899.47	284.865
1900.24	287.83
1901.01	302.653
1901.77	272.468
1902.54	287.422
1903.31	288.626
1904.08	286.837
1904.84	310.59
1905.61	283.13
1906.38	279.268
1907.14	295.112
1907.91	291.254
1908.68	305.171
1909.44	284.569
1910.21	292.619
1910.97	286.859
1911.74	295.95
1912.51	275.343
1913.27	276.503
1914.03	294.513
1914.8	293.661
1915.56	310.66
1916.33	311.745
1917.09	279.991
1917.85	275.044
1918.62	285.993
1919.38	274.052
1920.14	291.973
1920.9	272.095
1921.67	288.106
1922.43	295.22
1923.19	274.461
1923.95	296.636
1924.71	314.852
1925.47	294.042
1926.24	250.115
1927	282.184
1927.76	282.156
1928.52	296.102
1929.28	292.993
1930.04	289.872
1930.8	276.737
1931.56	293.644
1932.32	307.567
1933.08	289.494
1933.83	303.501
1934.59	307.543
1935.35	281.543
1936.11	309.628
1936.87	274.506
1937.62	268.376
1938.38	305.267
1939.14	293.018
1939.89	308.817
1940.65	297.629
1941.41	295.501
1942.16	313.41
1942.92	297.289
1943.68	287.123
1944.43	315.879
1945.19	287.59
1945.94	295.233
1946.7	285.9
1947.45	285.568
1948.21	274.314
1948.96	283.01
1949.71	249.951
1950.47	309.398
1951.22	277.386
1951.98	275.206
1952.73	288.908
1953.48	290.66
1954.23	302.278
1954.99	309.849
1955.74	291.605
1956.49	301.058
1957.24	279.88
1957.99	282.479
1958.75	315.716
1959.5	280.968
1960.25	300.474
1961	307.148
1961.75	300.971
1962.5	301.631
1963.25	305.2
1964	298.933
1964.75	297.594
1965.5	328.619
1966.25	287.111
1967	320.989
1967.74	292.181
1968.49	290.719
1969.24	311.651
1969.99	290.672
1970.74	302.861
1971.48	296.649
1972.23	285.682
1972.98	291.294
1973.73	301.785
1974.47	291.869
1975.22	306.131
1975.96	290.28
1976.71	303.43
1977.46	297.205
1978.2	317.084
1978.95	292.613
1979.69	298.146
1980.44	317.249
1981.18	305.559
1981.93	304.484
1982.67	289.884
1983.41	287.744
1984.16	304.773
1984.9	291.89
1985.64	307.807
1986.39	296.822
1987.13	296.439
1987.87	284.621
1988.61	302.558
1989.36	288.946
1990.1	294.507
1990.84	319.204
1991.58	295.122
1992.32	290.177
1993.06	287.167
1993.81	277.508
1994.55	277.46
1995.29	290.856
1996.03	287.1
1996.77	286.244
1997.51	273.904
1998.24	273.988
1998.98	292.251
1999.72	285.564
2000.46	280.767
2001.2	282.673
2001.94	285.551
2002.68	262.543
2003.41	269.305
2004.15	303.944
2004.89	311.712
2005.63	282.947
2006.36	257.024
2007.1	282.057
2007.84	286.894
2008.57	291.751
2009.31	267.752
2010.05	278.464
2010.78	281.516
2011.52	268.192
2012.25	264.509
2012.99	267.57
2013.72	283.176
2014.46	261.977
2015.19	271.722
2015.92	265.002
2016.66	285.448
2017.39	294.33
2018.13	263.479
2018.86	260.803
2019.59	265.932
2020.32	250.615
2021.06	280.11
2021.79	269.457
2022.52	295.185
2023.25	267.965
2023.98	315.677
2024.72	275.213
2025.45	269.237
2026.18	268.364
2026.91	265.578
2027.64	289.784
2028.37	281.236
2029.1	285.729
2029.83	256.215
2030.56	256.796
2031.29	275.829
2032.02	267.679
2032.75	265.795
2033.47	272.906
2034.2	284.92
2034.93	263.621
2035.66	276.001
2036.39	270.303
2037.11	269.428
2037.84	270.849
2038.57	272.131
2039.3	298.152
2040.02	283.763
2040.75	277.815
2041.47	255.876
2042.2	279.265
2042.93	264.363
2043.65	269.184
2044.38	264.227
2045.1	290.487
2045.83	287.251
2046.55	268.12
2047.28	273.719
2048	285.109
2048.73	272.431
2049.45	268.257
2050.17	273.585
2050.9	283.081
2051.62	274.08
2052.34	279.974
2053.07	286.1
2053.79	281.852
2054.51	267.544
2055.23	248.22
2055.95	275.321
2056.68	270.003
2057.4	283.08
2058.12	269.14
2058.84	278.414
2059.56	303.015
2060.28	279.11
2061	298.372
2061.72	276.702
2062.44	278.004
2063.16	289.766
2063.88	283.794
2064.6	287.529
2065.32	290.136
2066.03	286.386
2066.75	289.859
2067.47	293.115
2068.19	279.252
2068.91	299.158
2069.62	289.066
2070.34	278.775
2071.06	280.98
2071.77	272.157
2072.49	289.919
2073.21	281.279
2073.92	279.921
2074.64	298.734
2075.36	290.334
2076.07	290.745
2076.79	273.211
2077.5	273.271
2078.22	289.157
2078.93	274.178
2079.64	280.758
2080.36	297.937
2081.07	292.521
2081.79	278.796
2082.5	275.466
2083.21	278.227
2083.93	287.228
2084.64	287.349
2085.35	278.638
2086.07	275.299
2086.78	286.714
2087.49	283.245
2088.2	276.261
2088.91	287.229
2089.62	295.643
2090.33	289.722
2091.04	291.859
2091.76	292.091
2092.47	291.767
2093.18	290.19
2093.89	273.919
2094.6	285.271
2095.3	277.226
2096.01	289.397
2096.72	285.443
2097.43	285.621
2098.14	288.178
2098.85	296.622
2099.56	293.886
2100.09	257.534
2100.87	283.125
2101.65	300.812
2102.43	289.84
2103.21	295.65
2103.99	279.69
2104.77	272.571
2105.55	297.931
2106.32	290.714
2107.1	295.317
2107.88	306.842
2108.66	294.868
2109.44	313.421
2110.22	306.495
2110.99	301.522
2111.77	288.622
2112.55	311.909
2113.33	293.931
2114.1	274.025
2114.88	305.993
2115.66	300.904
2116.43	281.28
2117.21	291.013
2117.99	284.166
2118.76	303.645
2119.54	286.959
2120.31	299.511
2121.09	292.531
2121.86	275.816
2122.64	301.022
2123.41	291.166
2124.19	279.388
2124.96	291.009
2125.74	288.065
2126.51	308.54
2127.28	291.075
2128.06	285.304
2128.83	325.329
2129.61	288.313
2130.38	299.033
2131.15	295.116
2131.92	283.404
2132.7	297.07
2133.47	281.495
2134.24	297.145
2135.01	291.326
2135.78	276.711
2136.55	292.359
2137.33	288.495
2138.1	293.447
2138.87	290.615
2139.64	301.508
2140.41	303.644
2141.18	304.836
2141.95	285.462
2142.72	282.74
2143.49	284.905
2144.26	293.916
2145.03	296.999
2145.8	278.418
2146.57	282.477
2147.33	285.596
2148.1	296.654
2148.87	277.161
2149.64	296.167
2150.41	274.623
2151.17	276.761
2151.94	287.789
2152.71	293.879
2153.48	305.96
2154.24	280.379
2155.01	290.555
2155.78	299.772
2156.54	284.106
2157.31	268.39
2158.08	285.551
2158.84	277.748
2159.61	301.881
2160.37	293.011
2161.14	298.111
2161.9	279.195
2162.67	278.311
2163.43	257.436
2164.2	303.786
2164.96	288.019
2165.72	312.442
2166.49	268.439
2167.25	276.676
2168.01	292.918
2168.78	280.887
2169.54	277.912
2170.3	298.167
2171.07	280.129
2171.83	298.491
2172.59	284.557
2173.35	256.426
2174.11	269.747
2174.88	276.944
2175.64	274.959
2176.4	301.315
2177.16	284.112
2177.92	283.157
2178.68	282.247
2179.44	300.667
2180.2	278.518
2180.96	283.786
2181.72	298.194
2182.48	302.413
2183.24	295.404
2184	285.303
2184.76	290.44
2185.52	285.382
2186.28	286.427
2187.04	275.263
2187.79	268.179
2188.55	296.742
2189.31	311.058
2190.07	297.875
2190.83	295.891
2191.58	301.033
2192.34	292.923
2193.1	272.568
2193.85	280.71
2194.61	317.324
2195.37	302.954
2196.12	271.261
2196.88	303.645
2197.63	293.326
2198.39	294.229
2199.15	300.262
2199.9	289.081
2200.66	301.264
2201.41	283.987
2202.16	304.211
2202.92	299.011
2203.67	289.73
2204.43	272.363
2205.18	284.409
2205.93	286.386
2206.69	289.431
2207.44	285.424
2208.19	297.606
2208.95	296.596
2209.7	261.133
2210.45	274.203
2211.2	305.434
2211.95	286.11
2212.71	283.977
2213.46	264.69
2214.21	276.693
2214.96	287.662
2215.71	272.397
2216.46	298.413
2217.21	292.167
2217.96	309.027
2218.71	305.759
2219.46	293.478
2220.21	284.255
2220.96	294.122
2221.71	290.006
2222.46	300.936
2223.21	297.85
2223.96	301.738
2224.71	304.579
2225.46	282.412
2226.21	304.174
2226.95	275.065
2227.7	308.801
2228.45	293.727
2229.2	285.654
2229.94	293.515
2230.69	294.407
2231.44	281.38
2232.18	310.096
2232.93	263.295
2233.68	308.838
2234.42	309.662
2235.17	298.569
2235.92	317.202
2236.66	314.05
2237.41	300.055
2238.15	277.209
2238.9	316.677
2239.64	275.101
2240.38	292.817
2241.13	290.759
2241.87	276.848
2242.62	303.391
2243.36	288.491
2244.1	297.26
2244.85	295.188
2245.59	339.408
2246.33	290.08
2247.08	298.854
2247.82	298.771
2248.56	303.589
2249.3	292.656
2250.05	295.466
2250.79	307.102
2251.53	295.19
2252.27	307.835
2253.01	285.222
2253.75	291.083
2254.49	281.295
2255.23	299.952
2255.97	300.976
2256.71	285.324
2257.45	323.563
2258.19	303.93
2258.93	297.99
2259.67	315.544
2260.41	297.846
2261.15	298.796
2261.89	278.263
2262.63	318.495
2263.36	280.426
2264.1	313.891
2264.84	275.797
2265.58	296.5
2266.32	300.496
2267.05	268.151
2267.79	302.494
2268.53	309.35
2269.26	281.878
2270	299.547
2270.74	282.917
2271.48	284.962
2272.21	301.768
2272.95	302.909
2273.68	308.004
2274.42	297.385
2275.15	311.347
2275.89	302.669
2276.62	300.851
2277.36	301.96
2278.09	305.016
2278.83	292.28
2279.56	283.471
2280.29	303.249
2281.03	272.737
2281.76	313.241
2282.49	293.603
2283.23	292.739
2283.96	297.838
2284.69	292.106
2285.42	311.095
2286.16	291.497
2286.89	295.59
2287.62	280.825
2288.35	289.791
2289.08	315.599
2289.81	266.168
2290.55	300.991
2291.28	298.223
2292.01	288.542
2292.74	308.664
2293.47	278.105
2294.2	286.282
2294.93	293.434
2295.66	290.582
2296.39	283.696
2297.11	267.808
2297.85	288.786
2298.57	291.852
2299.3	279.009
2300.03	304.116
2300.76	292.343
2301.49	286.551
2302.22	257.734
2302.94	300.873
2303.67	301.995
2304.4	276.087
2305.12	296.241
2305.85	287.386
2306.58	282.55
2307.31	291.751
2308.03	308.971
2308.76	261.915
2309.48	277.07
2310.21	270.122
2310.93	299.352
2311.66	256.246
2312.38	282.517
2313.11	255.498
2313.83	279.789
2314.56	264.804
2315.28	302.164
2316.01	261.937
2316.73	253.945
2317.45	280.239
2318.18	282.368
2318.9	277.452
2319.62	280.603
2320.35	269.605
2321.07	277.768
2321.79	243.496
2322.52	278.917
2323.24	258.784
2323.96	246.738
2324.68	250.868
2325.4	226.678
2326.12	242.927
2326.84	212.626
2327.56	215.7
2328.29	203.596
2329.01	193.525
2329.73	225.983
2330.45	196.699
2331.17	247.426
2331.89	256.626
2332.61	264.792
2333.32	254.69
2334.04	252.679
2334.76	256.745
2335.48	263.863
2336.2	260.864
2336.92	262.952
2337.64	267.078
2338.35	266.131
2339.07	272.271
2339.79	283.471
2340.51	250.031
2341.23	259.212
2341.94	271.471
2342.66	254.326
2343.37	273.749
2344.09	262.691
2344.81	263.781
2345.52	258.713
2346.24	262.733
2346.95	271.793
2347.67	240.238
2348.38	261.517
2349.1	263.566
2349.82	264.661
2350.53	272.906
2351.24	267.956
2351.96	279.237
2352.67	256.922
2353.39	288.436
2354.1	256.893
2354.81	260.916
2355.53	247.675
2356.24	257.819
2356.95	286.264
2357.66	249.734
2358.38	286.348
2359.09	258.987
2359.8	265.163
2360.51	279.494
2361.22	247.076
2361.94	260.433
2362.65	253.454
2363.36	264.797
2364.07	260.843
2364.78	282.332
2365.49	248.735
2366.2	270.146
2366.91	240.573
2367.62	301.702
2368.33	280.301
2369.04	258.924
2369.75	259.98
2370.46	263.078
2371.16	246.808
2371.87	234.608
2372.58	268.271
2373.29	275.44
2374	260.189
2374.71	262.27
2375.41	266.387
2376.12	265.403
2376.83	275.634
2377.53	274.658
2378.24	254.316
2378.95	238.061
2379.65	273.842
2380.36	256.553
2381.07	260.671
2381.77	244.355
2382.48	254.574
2383.18	264.818
2383.89	282.255
2384.59	256.851
2385.3	239.618
2386	262.226
2386.71	245.942
2387.41	244.933
2388.12	279.657
2388.82	259.147
2389.52	275.444
2390.23	290.754
2390.93	287.719
2391.63	278.577
2392.34	264.315
2393.04	245.935
2393.74	245.921
2394.44	270.413
2395.15	264.282
2395.85	270.45
2396.55	275.637
2397.25	276.753
2397.95	254.336
2398.65	265.602
2399.35	274.769
2400.05	304.32
2400.75	285.836
2401.45	278.61
2402.15	278.567
2402.85	266.324
2403.55	288.816
2404.25	269.497
2404.95	298.167
2405.65	281.914
2406.35	286.07
2407.05	272.842
2407.75	299.444
2408.44	284.16
2409.14	275.013
2409.84	282.225
2410.54	280.238
2411.24	269.036
2411.93	262.915
2412.63	282.316
2413.33	285.329
2414.02	281.172
2414.72	280.077
2415.42	288.174
2416.11	268.729
2416.81	283.996
2417.5	298.258
2418.2	271.744
2418.9	279.93
2419.59	290.163
2420.28	298.338
2420.98	258.538
2421.67	288.044
2422.37	266.542
2423.06	267.465
2423.75	268.42
2424.45	266.376
2425.14	258.286
2425.84	286.906
2426.53	264.617
2427.22	308.553
2427.91	288.233
2428.61	303.532
2429.3	241.3
2429.99	273.81
2430.68	274.684
2431.37	269.432
2432.07	276.385
2432.76	276.244
2433.45	271.071
2434.14	247.684
2434.83	292.354
2435.52	299.494
2436.21	262.978
2436.9	293.422
2437.59	281.18
2438.28	263.83
2438.97	297.152
2439.66	280.802
2440.35	276.647
2441.04	277.589
2441.72	263.38
2442.41	273.464
2443.1	262.296
2443.79	284.477
2444.48	279.341
2445.16	274.207
2445.85	289.29
2446.54	263.007
2447.23	268.054
2447.91	276.141
2448.6	289.269
2449.29	274.118
2449.97	280.145
2450.66	263.966
2451.34	290.164
2452.03	296.201
2452.72	286.12
2453.4	297.224
2454.09	269.987
2454.77	301.192
2455.46	258.765
2456.14	291.876
2456.82	277.636
2457.51	290.592
2458.19	299.563
2458.88	297.529
2459.56	285.492
2460.24	305.655
2460.92	304.72
2461.61	295.736
2462.29	292.774
2462.97	320.977
2463.66	291.814
2464.34	292.797
2465.02	302.796
2465.7	299.693
2466.38	328.727
2467.06	298.492
2467.75	289.386
2468.42	299.394
2469.11	300.411
2469.79	307.49
2470.47	325.644
2471.15	312.683
2471.83	312.763
2472.51	319.849
2473.19	293.751
2473.86	308.814
2474.54	313.815
2475.22	299.737
2475.9	317.815
2476.58	318.857
2477.26	330.984
2477.94	287.889
2478.61	293.018
2479.29	304.175
2479.97	285.147
2480.65	306.319
2481.32	310.381
2482	278.231
2482.68	302.417
2483.35	309.516
2484.03	306.555
2484.71	288.485
2485.38	289.507
2486.06	289.495
2486.73	295.502
2487.41	289.44
2488.08	280.386
2488.76	287.46
2489.43	305.643
2490.11	304.75
2490.78	319.98
2491.45	314.071
2492.13	312.172
2492.8	288.08
2493.48	302.264
2494.15	311.41
2494.82	304.441
2495.49	303.548
2496.17	286.541
2496.84	301.857
2497.51	286.886
2498.18	313.329
2498.86	318.514
2499.53	280.148
2500.2	294.336
2500.87	320.65
2501.54	300.455
2502.21	291.435
2502.88	294.614
2503.55	312.019
2504.22	300.059
2504.89	298.198
2505.56	322.665
2506.23	303.462
2506.9	292.351
2507.57	336.055
2508.24	335.142
2508.91	328.173
2509.58	316.135
2510.25	317.28
2510.91	328.555
2511.58	303.19
2512.25	314.416
2512.92	310.396
2513.59	316.575
2514.25	327.878
2514.92	316.813
2515.59	333.239
2516.25	333.361
2516.92	303.905
2517.59	302.951
2518.25	316.248
2518.92	324.442
2519.58	347.933
2520.25	314.35
2520.91	318.516
2521.58	321.699
2522.24	318.797
2522.91	292.428
2523.57	307.937
2524.24	327.548
2524.9	321.586
2525.56	323.782
2526.23	332.106
2526.89	342.471
2527.55	308.774
2528.22	304.762
2528.88	320.197
2529.54	311.003
2530.21	304.857
2530.87	329.455
2531.53	305.907
2532.19	312.134
2532.85	320.482
2533.51	316.576
2534.18	312.681
2534.84	306.698
2535.5	322.229
2536.16	327.402
2536.82	308.863
2537.48	337.552
2538.14	325.146
2538.8	308.68
2539.46	329.243
2540.12	323.175
2540.78	335.648
2541.44	340.961
2542.09	346.275
2542.75	333.041
2543.41	334.154
2544.07	341.377
2544.73	330.008
2545.39	338.128
2546.04	312.282
2546.7	331.658
2547.36	326.397
2548.02	333.505
2548.67	319.116
2549.33	341.723
2549.98	332.542
2550.64	340.821
2551.3	359.367
2551.95	356.353
2552.61	349.231
2553.26	325.673
2553.92	341.139
2554.57	346.3
2555.23	371.953
2555.88	375.963
2556.54	327.573
2557.19	383.843
2557.85	343.692
2558.5	347.684
2559.15	351.727
2559.81	344.55
2560.46	351.749
2561.11	349.737
2561.77	370.249
2562.42	368.178
2563.07	376.295
2563.72	348.526
2564.37	367.823
2565.03	386.084
2565.68	381.882
2566.33	364.465
2566.98	394.134
2567.63	368.646
2568.28	373.822
2568.93	388.154
2569.58	364.591
2570.23	356.317
2570.88	381.741
2571.53	373.481
2572.18	361.207
2572.83	383.699
2573.48	358.228
2574.13	364.402
2574.78	360.33
2575.43	384.809
2576.07	365.352
2576.72	354.055
2577.37	362.153
2578.02	388.616
2578.67	354.896
2579.31	370.115
2579.96	349.624
2580.61	345.422
2581.26	387.029
2581.9	343.133
2582.55	365.444
2583.19	361.365
2583.84	339.032
2584.49	372.692
2585.13	340.199
2585.78	330.042
2586.42	346.271
2587.07	344.103
2587.71	342.899
2588.36	335.58
2589	354.673
2589.65	355.529
2590.29	336.162
2590.93	358.421
2591.58	331.052
2592.22	349.335
2592.86	344.331
2593.51	356.589
2594.15	332.351
2594.79	334.49
2595.43	347.786
2596.07	326.55
2596.72	349.941
2597.36	342.831
2598	356.995
2598.64	357.935
2599.28	343.659
2599.92	330.429
2600.56	328.394
2601.2	350.734
2601.85	340.646
2602.49	354.899
2603.13	341.744
2603.76	332.619
2604.4	331.586
2605.04	341.702
2605.68	342.696
2606.32	339.645
2606.96	355.857
2607.6	344.683
2608.24	330.447
2608.88	343.546
2609.51	362.706
2610.15	364.663
2610.79	345.41
2611.43	361.65
2612.06	348.586
2612.7	367.968
2613.34	341.773
2613.97	351.032
2614.61	347.093
2615.25	348.202
2615.88	354.371
2616.52	371.701
2617.15	367.731
2617.79	341.436
2618.42	349.663
2619.06	359.927
2619.69	353.93
2620.33	373.314
2620.96	370.32
2621.6	365.271
2622.23	374.441
2622.86	379.556
2623.5	387.746
2624.13	389.868
2624.76	381.842
2625.4	378.9
2626.03	367.799
2626.66	392.284
2627.29	395.382
2627.93	378.122
2628.56	378.178
2629.19	382.333
2629.82	401.792
2630.45	398.869
2631.08	423.451
2631.71	410.32
2632.34	376.777
2632.98	418.656
2633.61	390.201
2634.24	394.395
2634.87	413.933
2635.5	415.136
2636.12	435.747
2636.75	417.542
2637.38	437.121
2638.01	402.506
2638.64	429.209
2639.27	429.31
2639.9	414.042
2640.53	440.692
2641.15	448.908
2641.78	461.207
2642.41	441.798
2643.04	469.481
2643.66	464.461
2644.29	447.19
2644.92	460.644
2645.54	459.758
2646.17	467.037
2646.8	486.57
2647.42	469.179
2648.05	457.909
2648.67	475.322
2649.3	466.113
2649.92	472.304
2650.55	486.736
2651.17	457.145
2651.8	486.012
2652.42	504.665
2653.05	484.34
2653.67	469.108
2654.29	502.078
2654.92	501.125
2655.54	490.887
2656.16	485.763
2656.79	516.581
2657.41	487.417
2658.03	499.884
2658.65	502.43
2659.27	494.746
2659.9	504.704
2660.52	489.815
2661.14	506.657
2661.76	510.955
2662.38	505.088
2663	519.442
2663.62	508.117
2664.24	501.812
2664.86	520.286
2665.48	516.541
2666.1	513.991
2666.72	501.755
2667.34	523.522
2667.96	513.525
2668.58	503.576
2669.2	511.101
2669.82	519.331
2670.44	516.386
2671.05	517.096
2671.67	518.333
2672.29	529.961
2672.91	546.722
2673.53	506.342
2674.14	520.825
2674.76	526.415
2675.38	549.625
2675.99	528.745
2676.61	558.932
2677.23	567.454
2677.84	597.411
2678.46	602.243
2679.07	640.927
2679.69	650.986
2680.3	661.063
2680.92	706.021
2681.53	738.471
2682.15	769.674
2682.76	790.087
2683.38	785.088
2683.99	795.445
2684.61	790.674
2685.22	763.234
2685.83	778.506
2686.44	752.44
2687.06	764.355
2687.67	775.306
2688.28	772.389
2688.9	754.275
2689.51	750.423
2690.12	773.113
2690.73	791.274
2691.34	763.142
2691.96	778.521
2692.57	789.728
2693.18	780.147
2693.79	792.654
2694.4	786.188
2695.01	791.416
2695.62	805.967
2696.23	789.795
2696.84	789.671
2697.45	806.772
2698.06	770.323
2698.67	784.179
2699.28	783.921
2699.88	796.433
2700.49	792.26
2701.1	786.075
2701.71	781.55
2702.32	787.59
2702.93	780.893
2703.53	787.44
2704.14	793.213
2704.75	785.922
2705.36	798.139
2705.96	800.288
2706.57	800.513
2707.17	805.519
2707.78	822.697
2708.39	814.47
2708.99	823.776
2709.6	816.777
2710.2	822.742
2710.81	844.265
2711.41	838.89
2712.02	855.846
2712.62	856.424
2713.23	851.658
2713.83	858.41
2714.44	866.19
2715.04	861.561
2715.64	859.103
2716.25	854.818
2716.85	875.456
2717.45	868.91
2718.05	870.925
2718.66	884.478
2719.26	888.579
2719.86	892.103
2720.46	899.261
2721.06	907.928
2721.67	920.773
2722.27	932.709
2722.87	905.683
2723.47	917.566
2724.07	928.293
2724.67	926.05
2725.27	929.168
2725.71	940.575
2726.38	910.887
2727.06	954.348
2727.73	935.622
2728.4	953.48
2729.07	954.097
2729.74	962.973
2730.42	975.081
2731.09	981.293
2731.76	972.438
2732.43	965.717
2733.1	1000.73
2733.77	990.947
2734.44	1011.6
2735.11	1013.79
2735.78	1013.79
2736.45	1026.89
2737.12	1013.42
2737.79	1002.94
2738.46	1031.1
2739.13	1011.51
2739.8	1015.41
2740.47	1029.65
2741.14	1042.05
2741.81	1046.48
2742.47	1059.15
2743.14	1023
2743.81	1015.29
2744.48	994.237
2745.15	1022
2745.81	1030.37
2746.48	1042.83
2747.15	1045.15
2747.81	1057.69
2748.48	1062.06
2749.15	1093.87
2749.81	1110.22
2750.48	1074.4
2751.15	1088.49
2751.81	1078.14
2752.48	1050.64
2753.14	1042.76
2753.81	1053.47
2754.47	1036.75
2755.14	1030.15
2755.8	993.705
2756.47	1012.22
2757.13	995.815
2757.8	966.066
2758.46	968.063
2759.13	970.208
2759.79	965.359
2760.45	967.76
2761.12	951.72
2761.78	971.343
2762.44	949.872
2763.1	964.087
2763.77	991.578
2764.43	980.303
2765.09	973.302
2765.76	1007.43
2766.42	1011.03
2767.08	991.136
2767.74	1044.99
2768.4	1031.12
2769.06	1020.19
2769.72	1085.06
2770.38	1066.76
2771.05	1086.4
2771.71	1119.43
2772.37	1128.96
2773.03	1148.86
2773.69	1190.43
2774.35	1236.13
2775.01	1283.82
2775.67	1320.05
2776.33	1351
2776.99	1440.49
2777.64	1481.67
2778.3	1570.25
2778.96	1565.36
2779.62	1631.49
2780.28	1666.7
2780.94	1676.05
2781.59	1712.03
2782.25	1704.79
2782.91	1688.41
2783.57	1670.21
2784.22	1662.55
2784.88	1607.65
2785.54	1644.37
2786.2	1637.58
2786.85	1638.6
2787.51	1645.39
2788.16	1641.62
2788.82	1670.82
2789.48	1665.29
2790.13	1702.4
2790.79	1660.67
2791.44	1702.57
2792.1	1698.11
2792.75	1738.7
2793.41	1774.76
2794.06	1759.95
2794.72	1819.08
2795.37	1826.6
2796.02	1804.34
2796.68	1840.91
2797.33	1899.27
2797.98	1869.35
2798.64	1947.63
2799.29	1936.53
2799.94	1967.69
2800.6	1971.11
2801.25	2028.08
2801.9	2041.83
2802.55	2056.55
2803.21	2017.61
2803.86	2100.04
2804.51	2146.26
2805.16	2143.96
2805.81	2216.77
2806.46	2215.48
2807.11	2273.93
2807.77	2265.49
2808.42	2278.59
2809.07	2337.85
2809.72	2321.82
2810.37	2416.72
2811.02	2412.85
2811.67	2419.43
2812.32	2474.56
2812.97	2529.98
2813.61	2573.33
2814.26	2564.41
2814.91	2579.16
2815.56	2645.22
2816.21	2661.83
2816.86	2654.63
2817.51	2684.26
2818.15	2770.21
2818.8	2769.64
2819.45	2819.3
2820.1	2860.77
2820.74	2892.25
2821.39	2939.55
2822.04	2987.23
2822.69	3025.82
2823.33	3025.18
2823.98	3087.76
2824.63	3076.84
2825.27	3123.04
2825.92	3166.04
2826.56	3189.75
2827.21	3251.84
2827.85	3289.78
2828.5	3313.72
2829.14	3282.49
2829.79	3381.79
2830.43	3370.39
2831.08	3405.29
2831.72	3421.66
2832.37	3407.05
2833.01	3436.34
2833.65	3448.86
2834.3	3536.08
2834.94	3550.04
2835.58	3539.11
2836.23	3538.29
2836.87	3559.01
2837.51	3601.43
2838.16	3516.91
2838.8	3627.92
2839.44	3588.45
2840.08	3672.38
2840.72	3696.65
2841.36	3669.14
2842.01	3661.8
2842.65	3647.06
2843.29	3747.36
2843.93	3720.46
2844.57	3748.14
2845.21	3724.57
2845.85	3761.6
2846.49	3800.82
2847.13	3812.6
2847.77	3833.08
2848.41	3832.39
2849.05	3892.46
2849.69	3892.58
2850.33	3827.17
2850.97	3800.97
2851.61	3847.04
2852.24	3844.5
2852.88	3900.79
2853.52	3974.25
2854.16	3962.4
2854.8	3942.04
2855.43	3933.17
2856.07	3978.48
2856.71	3960.45
2857.35	3998.44
2857.98	4013.64
2858.62	4069.28
2859.26	4052.59
2859.89	4061.29
2860.53	4085.79
2861.16	4164.7
2861.8	4209.08
2862.44	4298.13
2863.07	4287.84
2863.71	4361.94
2864.34	4336.36
2864.98	4404.88
2865.61	4442.82
2866.25	4485.99
2866.88	4578.51
2867.52	4665.55
2868.15	4689.39
2868.78	4737.78
2869.42	4829.52
2870.05	4875.18
2870.69	4969.84
2871.32	5088.88
2871.95	5101.16
2872.58	5237.53
2873.22	5354.16
2873.85	5405.26
2874.48	5576.71
2875.11	5629.1
2875.75	5755.01
2876.38	5913.56
2877.01	5923.08
2877.64	5996.51
2878.27	6151.34
2878.9	6283.71
2879.53	6398.34
2880.16	6482.29
2880.79	6494.82
2881.42	6695.14
2882.05	6729.79
2882.68	6895.98
2883.31	7000.25
2883.94	7008.93
2884.57	7201.58
2885.2	7222.1
2885.83	7268.33
2886.46	7447.79
2887.09	7426.84
2887.72	7514.95
2888.35	7600.7
2888.97	7652.39
2889.6	7720.99
2890.23	7715.67
2890.86	7705.49
2891.49	7772.51
2892.11	7746.99
2892.74	7835.55
2893.37	7869.54
2893.99	7866.7
2894.62	7957.24
2895.25	7942.59
2895.87	7932.28
2896.5	7937.91
2897.12	8032.23
2897.75	8047.03
2898.38	8050.52
2899	8120.83
2899.63	8145.93
2900.25	8208.94
2900.88	8316.67
2901.5	8263.2
2902.12	8334.81
2902.75	8326.4
2903.37	8354.26
2904	8420.42
2904.62	8426.05
2905.25	8355.03
2905.87	8399.9
2906.49	8399.96
2907.11	8384.6
2907.74	8382.45
2908.36	8323.72
2908.98	8309.55
2909.6	8319.12
2910.23	8253.58
2910.85	8143.96
2911.47	8115.87
2912.09	8082.04
2912.71	7962.71
2913.33	7853.58
2913.96	7784.21
2914.58	7639.13
2915.2	7597.99
2915.82	7467.6
2916.44	7380.41
2917.06	7298.66
2917.68	7166.62
2918.3	7072.22
2918.92	7016.17
2919.54	6874.36
2920.16	6829.52
2920.77	6752.9
2921.39	6709.01
2922.01	6654.27
2922.63	6629.78
2923.25	6527.39
2923.87	6559.51
2924.48	6539.79
2925.1	6515.95
2925.72	6489.31
2926.34	6498.11
2926.95	6523.9
2927.57	6476.87
2928.19	6435.75
2928.8	6452.82
2929.42	6466.96
2930.04	6417.97
2930.65	6522.37
2931.27	6561.9
2931.89	6565.99
2932.5	6536
2933.12	6607.46
2933.73	6609.07
2934.35	6629.92
2934.96	6738.91
2935.58	6734.11
2936.19	6815.19
2936.81	6881.9
2937.42	6924.94
2938.03	7038.27
2938.65	7048.1
2939.26	7040.52
2939.88	7103.72
2940.49	7103.89
2941.1	7065.56
2941.71	7086.7
2942.33	7063.02
2942.94	7000.29
2943.55	7090.91
2944.17	7079.18
2944.78	7037.24
2945.39	7103.06
2946	7027.97
2946.61	7017.44
2947.22	7033.4
2947.83	7002.12
2948.45	6927.35
2949.06	6941.48
2949.67	6842.91
2950.28	6841.47
2950.89	6805.51
2951.5	6786.8
2952.11	6588.25
2952.72	6556.99
2953.33	6460.81
2953.94	6412.19
2954.54	6375.17
2955.15	6229.96
2955.76	6194.88
2956.37	6088.91
2956.98	6033.68
2957.59	5923.15
2958.2	5860.92
2958.8	5750.56
2959.41	5710.5
2960.02	5570.71
2960.63	5553.13
2961.23	5417
2961.84	5334.14
2962.45	5220.34
2963.05	5185.38
2963.66	5066.75
2964.27	5008.92
2964.87	4909.89
2965.48	4856.98
2966.08	4762.11
2966.69	4675.21
2967.29	4587.62
2967.9	4534.16
2968.5	4433.61
2969.11	4361.62
2969.71	4275.52
2970.32	4166.47
2970.92	4161.1
2971.53	4048.22
2972.13	3926.04
2972.74	3854.68
2973.34	3830.73
2973.94	3701.17
2974.54	3674.11
2975.15	3594.93
2975.75	3522.59
2976.35	3417.21
2976.96	3392.44
2977.56	3326.94
2978.16	3251.17
2978.76	3158.87
2979.36	3075.74
2979.97	3044
2980.57	2982.68
2981.17	2920.26
2981.77	2850.34
2982.37	2778.91
2982.97	2758.29
2983.57	2680.05
2984.17	2606.07
2984.77	2540.74
2985.37	2490.36
2985.97	2462.05
2986.57	2341.95
2987.17	2330.49
2987.77	2271.73
2988.37	2224.94
2988.97	2150.1
2989.57	2138.53
2990.17	2077.61
2990.76	2055.64
2991.36	1986.68
2991.96	1991.64
2992.56	1891.21
2993.16	1821.49
2993.75	1819.23
2994.35	1759.43
2994.95	1744.54
2995.54	1720.43
2996.14	1671.93
2996.74	1599.17
2997.33	1578.83
2997.93	1553.55
2998.52	1539.58
2999.12	1483.65
2999.72	1440.95
3000.31	1359.32
3000.91	1401.55
3001.5	1365.96
3002.1	1333.4
3002.69	1300.75
3003.29	1298.7
3003.88	1285.28
3004.47	1255.48
3005.07	1186.86
3005.66	1168.62
3006.26	1195.68
3006.85	1128.64
3007.44	1113.9
3008.04	1123.7
3008.63	1110.74
3009.22	1088.3
3009.81	1026.65
3010.41	1069.6
3011	1017.13
3011.59	1009.94
3012.18	1016.23
3012.77	1007.22
3013.36	953.068
3013.96	966.645
3014.55	895.959
3015.14	948.557
3015.73	937.537
3016.32	912.21
3016.91	900.285
3017.5	905.813
3018.09	880.356
3018.68	880.489
3019.27	838.32
3019.86	855.857
3020.45	840.536
3021.04	829.455
3021.63	821.559
3022.22	817.808
3022.8	853.188
3023.39	828.662
3023.98	817.45
3024.57	800.009
3025.16	791.854
3025.74	776.49
3026.33	768.338
3026.92	761.169
3027.5	798.311
3028.09	757.978
3028.68	735.181
3029.26	752.674
3029.85	755.825
3030.44	759.105
3031.02	771.785
3031.61	726.681
3032.19	749.706
3032.78	742.687
3033.37	730.392
3033.95	743.856
3034.54	739.707
3035.12	728.323
3035.71	728.335
3036.29	734.568
3036.87	734.608
3037.46	726.379
3038.04	739.875
3038.63	718.266
3039.21	716.378
3039.79	733.202
3040.38	706.643
3040.96	723.569
3041.54	706.26
3042.12	713.677
3042.71	724.038
3043.29	740.457
3043.87	704.996
3044.45	706.816
3045.03	716.987
3045.62	716.931
3046.2	717.008
3046.78	695.447
3047.36	701.87
3047.94	706.206
3048.52	726.024
3049.1	708.478
3049.68	714.696
3050.26	727.09
3050.84	719.786
3051.42	723.871
3052	739.346
3052.58	710.297
3053.16	704.045
3053.74	734.063
3054.32	741.362
3054.89	724.921
3055.47	766.554
3056.05	718.115
3056.63	716.287
3057.21	730.992
3057.78	703.092
3058.36	725.89
3058.94	709.199
3059.52	717.352
3060.09	714.121
3060.67	751.36
3061.25	777.272
3061.82	734.847
3062.4	743.199
3062.97	760.836
3063.55	745.249
3064.13	780.384
3064.7	752.315
3065.28	755.371
3065.85	717.059
3066.43	758.56
3067	727.547
3067.58	768.988
3068.15	751.266
3068.72	735.507
3069.3	732.108
3069.87	747.335
3070.45	749.186
3071.02	745.991
3071.59	726.375
3072.17	741.996
3072.74	743.138
3073.31	781.454
3073.89	741.048
3074.46	735.737
3075.03	735.576
3075.6	761.313
3076.17	731.329
3076.74	756.25
3077.32	746.108
3077.89	771.163
3078.46	747.57
3079.03	766.322
3079.6	779.798
3080.17	762.124
3080.74	787.819
3081.31	797.93
3081.88	776.997
3082.45	761.248
3083.02	787.888
3083.59	763.917
3084.16	733.773
3084.73	774.88
3085.3	772.635
3085.87	772.505
3086.43	776.583
3087	786.951
3087.57	786.05
3088.14	781.055
3088.71	801.838
3089.28	779.19
3089.84	792.588
3090.41	741.926
3090.98	777.949
3091.54	773.714
3092.11	803.532
3092.68	779.689
3093.24	806.381
3093.81	795.932
3094.38	807.148
3094.94	807.046
3095.51	777.076
3096.07	815.143
3096.64	798.565
3097.2	807.731
3097.77	825.137
3098.33	837.43
3098.9	812.712
3099.46	837.518
3100.03	820.129
3100.59	828.488
3101.15	824.427
3101.72	833.689
3102.28	819.183
3102.84	814.941
3103.41	840.549
3103.97	849.656
3104.53	877.283
3105.1	849.303
3105.66	843.984
3106.22	843.834
3106.78	835.489
3107.34	866.268
3107.91	882.669
3108.47	863.093
3109.03	866.182
3109.59	841.564
3110.15	861.262
3110.71	883.11
3111.27	876.189
3111.83	875.406
3112.39	870.39
3112.95	879.63
3113.51	903.139
3114.07	855.547
3114.63	902.666
3115.19	885.04
3115.75	897.357
3116.31	903.576
3116.87	901.575
3117.43	898.492
3117.98	906.637
3118.54	869.44
3119.1	895.97
3119.66	938.946
3120.22	888.429
3120.77	904.803
3121.33	888.351
3121.89	916.114
3122.44	921.239
3123	912.934
3123.56	919.957
3124.11	907.391
3124.67	925.612
3125.23	929.485
3125.78	932.416
3126.34	957.011
3126.89	933.482
3127.45	951.09
3128	949.234
3128.56	955.584
3129.11	957.784
3129.67	932.184
3130.22	958.887
3130.78	968.046
3131.33	976.101
3131.88	969.727
3132.44	994.125
3132.99	952.856
3133.54	973.203
3134.1	962.84
3134.65	987.421
3135.2	972.057
3135.76	992.629
3136.31	980.388
3136.86	973.266
3137.41	993.819
3137.96	1013.32
3138.51	1005.1
3139.07	1016.34
3139.62	1000.91
3140.17	1000.87
3140.72	1008.03
3141.27	981.36
3141.82	999.823
3142.37	1018.27
3142.92	1017.19
3143.47	1053.01
3144.02	1031.41
3144.57	1002.69
3145.12	1014.04
3145.67	1064.47
3146.22	1046.27
3146.77	1043.48
3147.32	1056.05
3147.86	1083.93
3148.41	1072.69
3148.96	1083.91
3149.51	1057.07
