401.058	1857.37
402.149	1972.1
403.243	1934.3
404.332	1950.27
405.424	1875.5
406.515	1892.29
407.606	1873.33
408.697	1818.79
409.785	1655.45
410.876	1608.8
411.967	1648.35
413.055	1613.53
414.143	1585
415.233	1556.24
416.321	1600.04
417.409	1593.35
418.499	1549.6
419.586	1613.77
420.673	1679.01
421.761	1660.4
422.848	1712.47
423.935	1801.76
425.02	1841.35
426.106	1832.09
427.193	1966.51
428.278	2004.77
429.364	2042.83
430.45	2108.45
431.534	2073.15
432.618	2211.98
433.704	2235.55
434.788	2225.58
435.871	2295.78
436.955	2327.42
438.038	2266.15
439.123	2245.32
440.204	2134.64
441.287	2133.85
442.37	2020.42
443.452	1968.02
444.535	1836.21
445.615	1751.87
446.698	1700.22
447.78	1604.68
448.86	1534.83
449.939	1459.52
451.021	1390.91
452.101	1380.81
453.18	1350.39
454.262	1319.79
455.341	1254.51
456.42	1194.43
457.499	1226
458.578	1210.26
459.654	1197.47
460.733	1201.59
461.811	1146.42
462.89	1121.91
463.966	1134.56
465.044	1149.04
466.12	1131.85
467.197	1159.28
468.273	1154.92
469.349	1119.54
470.426	1147.99
471.501	1146.28
472.576	1199.19
473.651	1198.18
474.726	1250.29
475.801	1183.9
476.876	1136.35
477.95	1173.31
479.022	1288.09
480.097	1259.84
481.171	1241.58
482.243	1269.47
483.317	1253.74
484.388	1311.06
485.46	1363.63
486.533	1453.91
487.605	1410.18
488.676	1528.68
489.747	1536.53
490.818	1508.67
491.889	1618.16
492.959	1692.95
494.03	1715.53
495.1	1744.54
496.171	1776.11
497.239	1854.15
498.309	1854.7
499.379	1804.66
500.446	1806.05
501.514	1797.66
502.584	1767.7
503.651	1763.78
504.718	1770.24
505.788	1799.75
506.855	1755.17
507.921	1803.93
508.988	1762.93
510.055	1848.3
511.119	1831.2
512.186	1865.54
513.252	1877.16
514.318	1916.44
515.382	1968.72
516.448	2023.9
517.512	2104.07
518.577	2088.05
519.641	2143.05
520.704	2196.56
521.768	2203.35
522.833	2292.24
523.896	2289.65
524.959	2325.38
526.021	2330.02
527.084	2437.58
528.144	2480.04
529.207	2576.04
530.269	2550.43
531.331	2663.36
532.391	2675.58
533.453	2590.35
534.513	2707.37
535.572	2636.83
536.634	2560.85
537.693	2524.89
538.752	2532.96
539.812	2472.99
540.87	2377.03
541.929	2248.06
542.988	2167.92
544.047	2049.66
545.105	2033.69
546.164	1895.71
547.22	1882
548.278	1799.39
549.336	1676.23
550.392	1601.55
551.448	1581.15
552.505	1543.31
553.561	1489.93
554.616	1380.8
555.671	1403.05
556.728	1310.51
557.783	1362.03
558.836	1302.41
559.891	1224.02
560.946	1232.97
562	1177.03
563.055	1172.37
564.107	1149.41
565.161	1109.94
566.213	1070.52
567.267	1078.25
568.318	1048
569.37	1084.29
570.424	1030.98
571.475	1056.22
572.526	1064.86
573.577	1054.17
574.628	1073.9
575.679	1101.94
576.73	1095.03
577.781	1159.1
578.829	1119.28
579.88	1141.22
580.93	1138.36
581.978	1035.21
583.026	1025.85
584.076	978.723
585.124	1021.68
586.172	1001.19
587.221	988.955
588.269	1006.08
589.316	1010.25
590.363	1023.5
591.41	1015.59
592.457	1038.93
593.502	1037.73
594.549	1068.95
595.595	1054.7
596.64	926.934
597.686	963.419
598.73	962.127
599.776	935.707
600.82	900.73
601.864	917.091
602.908	817.769
603.953	839.052
604.997	835.819
606.04	833.716
607.083	823.369
608.125	890.299
609.168	808.614
610.211	843.779
611.253	832.699
612.294	809.611
613.336	837.302
614.377	822.64
615.419	814.453
616.459	861.56
617.499	811.705
618.539	796.824
619.579	787.447
620.619	823.275
621.658	813.048
622.698	824.091
623.737	796.459
624.776	816.819
625.815	835.386
626.852	820.81
627.891	801.67
628.928	796.388
629.966	776.288
631.003	776.382
632.041	773.531
633.077	780.669
634.114	743.415
635.15	744.944
636.185	743.808
637.221	699.478
638.257	715.209
639.292	735.6
640.328	682.147
641.361	709.723
642.396	710.37
643.431	672.161
644.464	649.582
645.497	658.345
646.532	644.21
647.564	635.751
648.597	622.829
649.629	635.713
650.663	654.095
651.695	652.163
652.727	652.876
653.757	626.849
654.789	613.661
655.821	691.369
656.852	652.573
657.882	638.665
658.913	625.757
659.942	686.259
660.973	635.744
662.002	678.695
663.031	647.321
664.06	673.789
665.09	692.216
666.119	682.495
667.147	684.913
668.175	678.238
669.201	658.603
670.229	667.276
671.257	646.27
672.285	668.363
673.311	685.826
674.338	687.745
675.363	606.934
676.389	666.232
677.416	683.206
678.441	667.819
679.466	679.019
680.491	640.236
681.515	670.557
682.54	639.074
683.565	592.928
684.589	649.294
685.613	684.597
686.635	656.315
687.659	667.761
688.681	709.704
689.705	710.956
690.727	705.679
691.75	693.875
692.772	743.123
693.793	732.159
694.814	772.985
695.835	775.765
696.856	804.387
697.877	799.608
698.898	859.597
699.918	847.39
700.937	814.868
701.957	831.427
702.978	872.979
703.996	862.703
705.016	807.069
706.034	822.624
707.052	789.146
708.069	847.198
709.087	769.396
710.107	785.922
711.124	782.169
712.139	766.455
713.156	753.535
714.173	753.533
715.19	705.409
716.205	716.317
717.222	727.093
718.238	705.448
719.253	663.486
720.267	709.149
721.283	693.998
722.297	673.396
723.311	648.263
724.325	647.121
725.339	671.796
726.353	694.697
727.366	679.038
728.38	698.385
729.391	683.687
730.404	687.313
731.417	680.694
732.428	665.673
733.441	678.143
734.452	692.422
735.463	670.044
736.475	652.395
737.486	638.562
738.496	666.125
739.506	657.963
740.516	631.436
741.526	646.154
742.534	625.919
743.544	647.841
744.554	584.397
745.561	637.491
746.571	632.815
747.578	590.576
748.587	597.91
749.594	600.693
750.601	588.834
751.608	617.386
752.615	581.75
753.621	574.611
754.628	605.185
755.634	582.539
756.641	585.669
757.647	593.444
758.651	571.776
759.657	572.201
760.663	571.685
761.666	605.283
762.67	570.507
763.676	597.531
764.679	567.177
765.682	619.922
766.686	585.716
767.689	598.649
768.692	600.557
769.694	551.739
770.697	587.252
771.698	561.837
772.7	614.33
773.703	580.565
774.703	606.961
775.703	587.641
776.705	600.639
777.705	653.461
778.705	613.395
779.705	607.796
780.705	619.971
781.704	619.243
782.704	610.18
783.703	631.76
784.702	639.321
785.701	657.973
786.698	686.828
787.697	646.868
788.694	675.809
789.693	678.756
790.689	705.918
791.686	734.904
792.682	740.524
793.68	715.329
794.676	751.554
795.672	776.648
796.666	841.888
797.662	828.112
798.658	835.805
799.653	874.199
800.647	961.841
801.642	907.632
802.636	877.486
803.631	909.635
804.624	895.201
805.617	931.95
806.61	867.354
807.602	848.325
808.595	851.554
809.587	823.176
810.58	820.795
811.572	855.548
812.564	822.721
813.554	842.816
814.546	838.882
815.536	860.885
816.528	938.383
817.518	931.611
818.507	957.219
819.499	978.209
820.488	1059.29
821.477	1038.61
822.466	1103.76
823.455	1215.8
824.444	1201.15
825.431	1301.77
826.42	1387.65
827.408	1532.63
828.395	1602.28
829.383	1675.74
830.369	1770.29
831.356	1961.15
832.342	2042.87
833.33	2186.67
834.315	2463.44
835.301	2641.1
836.287	2842.25
837.27	3079.9
838.256	3258.49
839.241	3408.9
840.226	3452.73
841.209	3413.66
842.194	3310.1
843.177	3212.02
844.16	3090.17
845.145	2946.41
846.127	2723.67
847.11	2545.92
848.092	2422.3
849.074	2417.14
850.056	2375.92
851.039	2415.41
852.018	2422.47
853	2463.39
853.982	2579.66
854.962	2642.74
855.941	2711.66
856.923	2710.23
857.902	2686.18
858.881	2513.34
859.86	2433.34
860.839	2250.96
861.818	2090.33
862.797	1942.25
863.776	1879.55
864.754	1809.31
865.733	1763.85
866.709	1701.86
867.687	1663.9
868.664	1568.11
869.642	1578.31
870.618	1518.69
871.594	1495.05
872.569	1477.91
873.545	1479.2
874.521	1450.98
875.496	1445.73
876.471	1398.91
877.447	1381.47
878.42	1400.77
879.395	1389.56
880.37	1352.51
881.343	1286.04
882.315	1321.95
883.29	1305.47
884.262	1311.2
885.235	1328.92
886.207	1316.14
887.179	1306.94
888.151	1297.64
889.123	1317.8
890.095	1295.59
891.065	1324.14
892.037	1316.8
893.009	1356.49
893.978	1349.18
894.948	1367.71
895.919	1385.41
896.888	1477.02
897.857	1496.82
898.826	1526.79
899.795	1604.66
900.764	1673.07
901.732	1797.49
902.701	1842.27
903.668	1966.22
904.636	1973.01
905.604	2029.76
906.57	2142.99
907.538	2169.89
908.504	2269.98
909.47	2232.98
910.436	2274.61
911.402	2284.06
912.367	2238.93
913.333	2264.75
914.298	2176.61
915.264	2057.72
916.229	2053.39
917.192	1986.24
918.157	1887.76
919.12	1866.23
920.084	1859.62
921.047	1757.57
922.01	1684.07
922.972	1712.34
923.935	1605.12
924.897	1560.9
925.859	1446.21
926.821	1424.35
927.783	1407.19
928.743	1411.39
929.705	1338.45
930.667	1303.48
931.626	1304.67
932.586	1262.2
933.547	1217.03
934.506	1211.98
935.466	1154.94
936.425	1184.5
937.384	1154.43
938.343	1130.75
939.301	1163.85
940.26	1153.06
941.217	1133.89
942.175	1161.48
943.132	1149.97
944.09	1121.71
945.046	1127.11
946.002	1132.48
946.96	1189.29
947.916	1135.5
948.872	1142.52
949.828	1169.17
950.783	1144.18
951.737	1097.5
952.692	1169.83
953.647	1121.95
954.601	1171.59
955.556	1133.08
956.509	1161.35
957.464	1197.36
958.417	1121.87
959.369	1192.91
960.322	1193.39
961.275	1200.14
962.227	1163.32
963.179	1233.41
964.132	1268.67
965.082	1245.86
966.034	1221.47
966.984	1287.52
967.936	1291.74
968.885	1352.3
969.837	1401.36
970.787	1381.48
971.736	1469.42
972.686	1476.36
973.635	1470.16
974.584	1525.12
975.533	1518.28
976.48	1634.54
977.429	1646.69
978.378	1666.37
979.325	1681.35
980.273	1673.78
981.22	1704.63
982.166	1674.39
983.113	1650.54
984.061	1623.66
985.007	1645.32
985.953	1581.56
986.897	1565.64
987.843	1571.42
988.789	1471.72
989.734	1451.79
990.678	1415.16
991.623	1391.62
992.567	1316.55
993.51	1289.95
994.453	1251.08
995.398	1252.31
996.341	1214.32
997.284	1157.74
998.227	1144.17
999.168	1122.3
1000.11	1115.4
1001.05	1083.42
1001.99	1089.71
1002.94	1047.66
1003.88	1029.94
1004.82	1018.86
1005.76	1060.05
1006.7	1005.32
1007.64	1074.5
1008.58	1010.27
1009.52	1081.01
1010.46	1031.34
1011.4	1074.8
1012.34	1050.32
1013.27	1085.68
1014.21	1061.72
1015.15	1092.06
1016.09	1047.97
1017.03	1056.06
1017.96	1086.44
1018.9	1070.87
1019.84	1085.02
1020.77	1077.61
1021.71	1058.11
1022.65	1099.5
1023.58	1113.1
1024.52	1091.4
1025.45	1146.58
1026.39	1109.08
1027.32	1128.56
1028.26	1090.63
1029.19	1160.4
1030.12	1187.87
1031.06	1144.98
1031.99	1130.39
1032.92	1183.66
1033.86	1187.35
1034.79	1200.55
1035.72	1156.27
1036.65	1155.14
1037.59	1200.08
1038.52	1162.85
1039.45	1179.33
1040.38	1177.88
1041.31	1213.26
1042.24	1249.58
1043.17	1228.21
1044.1	1237.96
1045.03	1291.21
1045.96	1241.49
1046.89	1310.22
1047.82	1323.41
1048.75	1345.37
1049.68	1344.69
1050.61	1382.89
1051.53	1395.27
1052.46	1359.8
1053.39	1445.7
1054.32	1499.04
1055.24	1578.93
1056.17	1605.63
1057.1	1683.89
1058.02	1691.98
1058.95	1779.2
1059.88	1783.63
1060.8	1788.96
1061.73	1770.41
1062.65	1727.1
1063.58	1680.99
1064.5	1672.11
1065.43	1646.93
1066.35	1661.52
1067.27	1675.62
1068.2	1717.77
1069.12	1761.36
1070.04	1781.94
1070.97	1816.07
1071.89	1791.71
1072.81	1835.5
1073.73	1844.5
1074.65	1812.7
1075.58	1762.63
1076.5	1781.73
1077.42	1772.86
1078.34	1726.62
1079.26	1614.66
1080.18	1622.63
1081.1	1579.29
1082.02	1478.02
1082.94	1425.25
1083.86	1425.69
1084.78	1383.37
1085.7	1360.1
1086.61	1287.58
1087.53	1280.66
1088.45	1256.72
1089.37	1231.84
1090.28	1245.78
1091.2	1266.22
1092.12	1253.39
1093.03	1239.59
1093.95	1290.25
1094.87	1292.73
1095.78	1308.61
1096.7	1341.64
1097.61	1411.63
1098.53	1378.44
1099.44	1377.37
1100.36	1453.79
1101.27	1476.16
1102.19	1492.77
1103.1	1470.56
1104.01	1513.58
1104.93	1600.12
1105.84	1561.16
1106.75	1634.89
1107.67	1613.46
1108.58	1629.08
1109.49	1664.61
1110.4	1654.56
1111.31	1717.99
1112.22	1759.39
1113.14	1749.55
1114.05	1821.97
1114.96	1819.85
1115.87	1911.52
1116.78	1937.19
1117.69	2037.55
1118.6	2088.55
1119.51	2148.69
1120.42	2261.44
1121.32	2355.18
1122.23	2336.78
1123.14	2370
1124.05	2398.38
1124.96	2341.49
1125.86	2299.15
1126.77	2235.89
1127.68	2094.36
1128.58	2049.7
1129.49	2113.39
1130.4	2039.89
1131.3	2062.82
1132.21	2028.9
1133.11	2124.17
1134.02	2146.02
1134.92	2167.47
1135.83	2237.7
1136.73	2238.89
1137.64	2212.49
1138.54	2220.96
1139.44	2180.75
1140.35	2098.58
1141.25	2043.96
1142.15	2000.86
1143.06	1946.49
1143.96	1843.66
1144.86	1791.16
1145.76	1790.86
1146.66	1662.72
1147.57	1579.12
1148.47	1481.08
1149.37	1436.34
1150.27	1362.06
1151.17	1288.78
1152.07	1225.06
1152.97	1158.47
1153.87	1109.95
1154.77	1043.24
1155.67	989.795
1156.57	926.77
1157.46	933.302
1158.36	875.111
1159.26	816.072
1160.16	783.803
1161.05	766.826
1161.95	745.046
1162.85	781.301
1163.75	705.848
1164.64	681.731
1165.54	672.774
1166.44	639.074
1167.33	653.051
1168.23	624.339
1169.12	652.807
1170.02	641.395
1170.91	611.92
1171.81	588.116
1172.7	640.341
1173.59	599.309
1174.49	579.153
1175.38	601.711
1176.27	594.755
1177.17	571.626
1178.06	547.564
1178.95	568.123
1179.84	584.947
1180.74	533.625
1181.63	562.918
1182.52	577.056
1183.41	545.678
1184.3	580.51
1185.19	589.669
1186.08	562.814
1186.97	553.937
1187.86	582.869
1188.75	558.915
1189.64	597.27
1190.53	581.819
1191.42	566.387
1192.31	583.975
1193.2	585.609
1194.09	579.81
1194.97	602.352
1195.86	583.527
1196.75	588.209
1197.64	630.489
1198.52	620.949
1199.41	632.101
1200.29	620.698
1201.18	626.28
1202.07	661.057
1202.95	653.488
1203.84	650.552
1204.72	635.295
1205.61	669.78
1206.49	684.49
1207.38	666.393
1208.26	662.547
1209.14	663.582
1210.03	645.052
1210.91	661.364
1211.79	695.54
1212.68	684.456
1213.56	684.476
1214.44	685.249
1215.32	693.412
1216.21	687.428
1217.09	674.937
1217.97	732.11
1218.85	712.473
1219.73	725.007
1220.61	730.222
1221.49	745.91
1222.37	765.392
1223.25	819.681
1224.13	902.145
1225.01	1005.21
1225.89	1041.13
1226.77	1163.81
1227.65	1213.92
1228.52	1250.1
1229.4	1268.63
1230.28	1219.39
1231.16	1218.46
1232.03	1203.37
1232.91	1239.35
1233.79	1203.22
1234.66	1266.45
1235.54	1177.75
1236.42	1186.6
1237.29	1113.73
1238.17	1066.45
1239.04	1009.71
1239.92	943.522
1240.79	936.28
1241.67	924.333
1242.54	869.597
1243.41	863.361
1244.29	872.375
1245.16	831.882
1246.03	844.748
1246.91	854.752
1247.78	838.93
1248.65	841.114
1249.52	806.88
1250.4	820.276
1251.27	833.625
1252.14	859.413
1253.01	848.034
1253.88	862.516
1254.75	842.648
1255.62	852.37
1256.49	883.995
1257.36	896.391
1258.23	906.752
1259.1	914.148
1259.97	923.401
1260.84	938.377
1261.71	948.615
1262.57	969.414
1263.44	1000.78
1264.31	1036.97
1265.18	1075.09
1266.05	1043.55
1266.91	1110.21
1267.78	1173.91
1268.65	1265.16
1269.51	1354.38
1270.38	1455.88
1271.24	1561.05
1272.11	1665.12
1272.97	1753.8
1273.84	1867.11
1274.7	1934.68
1275.57	2063.07
1276.43	2115.98
1277.3	2063.3
1278.16	2092.07
1279.02	2059.09
1279.89	1927.97
1280.75	1887.76
1281.61	1818.69
1282.48	1726.07
1283.34	1629.9
1284.2	1551.07
1285.06	1445.71
1285.92	1380.83
1286.78	1298.62
1287.65	1209.03
1288.51	1144.29
1289.37	1075.34
1290.23	1028.73
1291.09	1018.14
1291.95	964.6
1292.81	957.564
1293.67	915.098
1294.52	897.69
1295.38	879.288
1296.24	838.111
1297.1	834.432
1297.96	849.496
1298.81	792.435
1299.67	801.426
1300.53	802.992
1301.39	795.565
1302.24	777.23
1303.1	766.332
1303.95	769.255
1304.81	760.797
1305.67	762.15
1306.52	767.878
1307.38	770.405
1308.23	754.924
1309.09	754.231
1309.94	775.776
1310.8	755.2
1311.65	774.028
1312.5	776.452
1313.35	768.133
1314.21	794.159
1315.06	805.71
1315.91	813.699
1316.77	814.802
1317.62	847.146
1318.47	844.239
1319.32	871.682
1320.17	901.806
1321.02	922.225
1321.87	939.501
1322.73	966.98
1323.57	981.284
1324.43	1005.16
1325.28	1014.12
1326.13	1051
1326.97	1075.33
1327.82	1116.93
1328.67	1144.89
1329.52	1134.53
1330.37	1193.21
1331.22	1207.45
1332.06	1205.35
1332.91	1223.65
1333.76	1255.37
1334.61	1258.73
1335.45	1261.34
1336.3	1266.17
1337.15	1301.75
1337.99	1303.75
1338.84	1327.81
1339.68	1353.36
1340.53	1335.03
1341.37	1360.16
1342.22	1356.89
1343.06	1330.99
1343.91	1371.14
1344.75	1376.66
1345.6	1384.23
1346.44	1396.14
1347.28	1403.47
1348.12	1390.67
1348.97	1392.02
1349.81	1393.54
1350.65	1397.88
1351.49	1413.14
1352.33	1402.6
1353.18	1401.36
1354.02	1409.33
1354.86	1414.64
1355.7	1410.89
1356.54	1428.56
1357.38	1434.44
1358.22	1419.32
1359.06	1470.19
1359.9	1445.74
1360.74	1419.77
1361.58	1436.98
1362.42	1445.14
1363.25	1425.55
1364.09	1451.45
1364.93	1470.02
1365.77	1439.03
1366.6	1405.52
1367.19	1401.45
1368.1	1402.7
1369.01	1405.84
1369.92	1370.48
1370.83	1364.53
1371.74	1375.19
1372.65	1390.65
1373.56	1362.73
1374.47	1360.36
1375.37	1291.07
1376.28	1369.23
1377.19	1308.66
1378.1	1298.13
1379	1266.95
1379.91	1314.27
1380.82	1246.79
1381.72	1210.69
1382.63	1226.44
1383.54	1206.78
1384.44	1227.08
1385.35	1258.94
1386.25	1221.45
1387.16	1194.8
1388.06	1253.01
1388.97	1225.6
1389.87	1253.73
1390.78	1272.17
1391.68	1293.54
1392.59	1289.69
1393.49	1286.79
1394.39	1268.32
1395.3	1254.57
1396.2	1145.04
1397.1	1089.75
1398	1053.88
1398.91	991.196
1399.81	957.633
1400.71	939.607
1401.61	898.548
1402.52	895.94
1403.42	868.287
1404.32	849.242
1405.22	838.832
1406.12	819.861
1407.02	805.8
1407.92	826.32
1408.82	820.169
1409.72	775.883
1410.62	779.42
1411.52	787.705
1412.42	797.831
1413.32	783.068
1414.21	758.725
1415.11	761.057
1416.01	758.607
1416.91	756.168
1417.81	746.171
1418.71	729.619
1419.6	713.208
1420.5	741.62
1421.4	721.675
1422.29	721.755
1423.19	712.303
1424.09	723.687
1424.98	744.473
1425.88	759.464
1426.77	733.545
1427.67	736.167
1428.56	704.636
1429.46	741.572
1430.35	731.066
1431.25	742.477
1432.14	770.13
1433.04	773.176
1433.93	766.815
1434.82	774.797
1435.72	819.975
1436.61	858.57
1437.5	854.323
1438.39	867.241
1439.29	917.384
1440.18	997.135
1441.07	1014.74
1441.96	1062.87
1442.85	1059.36
1443.75	1073.16
1444.64	1086.17
1445.53	1069.7
1446.42	1099.33
1447.31	1128.97
1448.2	1110.45
1449.09	1142.62
1449.98	1134.25
1450.87	1131.57
1451.76	1195.34
1452.65	1154.52
1453.54	1128.38
1454.43	1194.96
1455.31	1223.15
1456.2	1187.46
1457.09	1192.94
1457.98	1244.41
1458.87	1226.02
1459.75	1241.43
1460.64	1223.23
1461.53	1292.46
1462.41	1315.66
1463.3	1385.58
1464.19	1470.03
1465.07	1529.95
1465.96	1640.87
1466.85	1705.79
1467.73	1699.74
1468.61	1626.82
1469.5	1655.03
1470.38	1616.47
1471.27	1612.94
1472.15	1657.93
1473.04	1683.35
1473.92	1714.41
1474.8	1750.17
1475.69	1808.23
1476.57	1807.21
1477.45	1820.09
1478.34	1833.3
1479.22	1815.59
1480.1	1781.19
1480.98	1751.19
1481.86	1724.44
1482.75	1749.55
1483.63	1681.96
1484.51	1645.45
1485.39	1520.07
1486.27	1389.44
1487.15	1205.04
1488.03	1033.47
1488.91	904.504
1489.79	820.927
1490.67	747.857
1491.55	679.574
1492.43	626.804
1493.31	581.865
1494.19	559.232
1495.07	519.328
1495.94	495.857
1496.82	494.526
1497.7	485.454
1498.58	464.813
1499.45	444.177
1500.33	426.447
1501.21	426.97
1502.09	424.639
1502.96	409.897
1503.84	405.708
1504.72	412.035
1505.59	383.019
1506.47	419.845
1507.34	398.456
1508.22	360.917
1509.09	366.272
1509.97	383.063
1510.84	378.975
1511.72	375.872
1512.59	373.724
1513.46	378.188
1514.34	357
1515.21	369.882
1516.08	374.185
1516.96	388.856
1517.83	361.024
1518.7	370.049
1519.57	335.75
1520.45	372.155
1521.32	353.046
1522.19	347.175
1523.06	337.597
1523.93	351.556
1524.8	341.086
1525.67	388.837
1526.54	354.819
1527.41	355.515
1528.28	326.177
1529.16	350.309
1530.02	362.271
1530.89	335.874
1531.76	358.243
1532.63	359.111
1533.5	331.903
1534.37	341.212
1535.24	353.311
1536.11	341.037
1536.97	355.907
1537.84	326.785
1538.71	375.394
1539.57	333.253
1540.44	352.956
1541.31	347.427
1542.18	332.542
1543.04	344.83
1543.91	328.943
1544.77	356.154
1545.64	354.223
1546.5	321.301
1547.37	352.199
1548.24	344.702
1549.1	319.467
1549.96	341.292
1550.83	353.84
1551.69	338.193
1552.56	319.645
1553.42	284.937
1554.28	312.424
1555.15	317.204
1556.01	335.215
1556.87	306.97
1557.73	334.607
1558.6	362.386
1559.46	332.414
1560.32	349.821
1561.18	323.461
1562.04	307.434
1562.9	316.069
1563.77	334.215
1564.63	341.937
1565.49	328.774
1566.35	343.329
1567.21	328.371
1568.07	337.308
1568.93	316.583
1569.79	336.983
1570.64	345.863
1571.5	370.067
1572.36	344.322
1573.22	325.267
1574.08	365.84
1574.94	352.602
1575.8	310.468
1576.65	338.677
1577.51	353.418
1578.37	345.935
1579.22	340.337
1580.08	317.284
1580.94	341.637
1581.79	344.719
1582.65	338.139
1583.51	334.491
1584.36	338.626
1585.22	341.793
1586.07	325.48
1586.93	340.277
1587.78	359.936
1588.63	331.804
1589.49	331.9
1590.34	326.097
1591.2	333.903
1592.05	340.678
1592.9	336.674
1593.76	344.374
1594.61	360.888
1595.46	324.774
1596.32	364.871
1597.17	353.307
1598.02	348.602
1598.87	357.571
1599.72	342.03
1600.58	355.772
1601.43	349.85
1602.28	339.932
1603.13	354.417
1603.98	368.85
1604.83	349.055
1605.68	370.348
1606.53	367.261
1607.38	341.767
1608.23	376.85
1609.08	347.459
1609.93	371.715
1610.77	341.229
1611.62	342.904
1612.47	375.75
1613.32	366.71
1614.17	375.266
1615.01	353.709
1615.86	367.232
1616.71	358.364
1617.55	361.129
1618.4	384.245
1619.25	373.251
1620.09	368.051
1620.94	380.308
1621.79	372.209
1622.63	353.508
1623.48	355.218
1624.32	352.134
1625.17	367.476
1626.01	368.314
1626.86	381.733
1627.7	371.928
1628.54	365.983
1629.39	373.555
1630.23	378.19
1631.07	362.496
1631.92	373.814
1632.76	384.132
1633.6	403.115
1634.45	408.606
1635.29	368.857
1636.13	385.978
1636.97	357.866
1637.81	381.729
1638.66	396.917
1639.5	388.068
1640.34	370.605
1641.18	379.14
1642.02	402.136
1642.86	398.262
1643.7	389.599
1644.54	388.616
1645.38	382.806
1646.22	387.545
1647.06	391.313
1647.89	391.245
1648.73	399.871
1649.57	415.296
1650.41	426.007
1651.25	403.11
1652.09	390.813
1652.92	419.92
1653.76	393.054
1654.6	388.262
1655.43	402.698
1656.27	414.239
1657.11	408.487
1657.94	405.743
1658.78	407.942
1659.62	409.243
1660.45	400.856
1661.29	378.815
1662.12	388.627
1662.96	411.934
1663.79	391.597
1664.62	384.871
1665.46	385.02
1666.29	392.068
1667.13	368.101
1667.96	391.805
1668.79	389.251
1669.63	398.362
1670.46	368.403
1671.29	388.168
1672.12	377.614
1672.96	363.097
1673.79	380.834
1674.62	387.816
1675.45	356.63
1676.28	376.416
1677.11	381.567
1677.95	374.979
1678.78	367.4
1679.61	393.213
1680.44	361.913
1681.27	362.993
1682.1	352.203
1682.93	352.229
1683.75	353.27
1684.58	340.553
1685.41	341.678
1686.24	348.75
1687.07	334.109
1687.9	341.18
1688.73	339.345
1689.55	348.375
1690.38	328.688
1691.21	332.72
1692.04	329.775
1692.86	327.762
1693.69	320.751
1694.52	345.423
1695.34	312.677
1696.17	325.556
1696.99	324.644
1697.82	298.999
1698.64	322.959
1699.47	324.091
1700.29	331.129
1701.12	326.176
1701.94	313.203
1702.77	300.18
1703.59	323.882
1704.41	296.926
1705.24	316.646
1706.06	293.698
1706.88	284.668
1707.71	317.327
1708.53	316.255
1709.35	299.306
1710.17	316.072
1711	326.855
1711.82	294.967
1712.64	299.744
1713.46	301.538
1714.28	315.225
1715.1	287.358
1715.92	319.916
1716.74	316.854
1717.56	300.906
1718.38	291.83
1719.2	305.418
1720.02	291.261
1720.84	313.613
1721.66	309.346
1722.48	287.438
1723.3	296.187
1724.11	321.755
1724.93	310.883
1725.75	296.007
1726.57	288.919
1727.39	282.73
1728.2	281.415
1729.02	289.923
1729.84	290.611
1730.65	279.587
1731.47	298.021
1732.29	308.606
1733.1	301.523
1733.92	280.706
1734.73	299.989
1735.55	301.65
1736.36	287.707
1737.18	301.134
1737.99	276.519
1738.81	254.848
1739.62	289.682
1740.43	267.009
1741.25	302.72
1742.06	271.329
1742.87	300.224
1743.69	299.989
1744.5	280.364
1745.31	283.066
1746.13	278.982
1746.94	274.91
1747.75	275.703
1748.56	289.106
1749.37	285.104
1750.18	266.6
1750.99	272.283
1751.81	284.722
1752.61	292.314
1753.42	302.811
1754.24	299.798
1755.04	268.789
1755.85	276.447
1756.66	284.088
1757.47	254.01
1758.28	275.081
1759.09	280.658
1759.9	275.617
1760.71	282.181
1761.52	275.303
1762.32	274.265
1763.13	267.48
1763.94	279.016
1764.74	265.477
1765.55	275.057
1766.36	276.926
1767.17	291.352
1767.97	264.363
1768.78	258.621
1769.58	265.443
1770.39	263.579
1771.19	270.385
1772	286.832
1772.8	267.513
1773.61	269.452
1774.41	293.642
1775.22	269.504
1776.02	276.316
1776.83	259.903
1777.63	264.779
1778.43	275.481
1779.23	267.807
1780.04	279.553
1780.84	282.621
1781.64	266.298
1782.44	278.142
1783.25	277.351
1784.05	275.565
1784.85	264.989
1785.65	261.212
1786.45	256.453
1787.25	288.786
1788.05	262.561
1788.86	254.872
1789.65	263.795
1790.46	240.419
1791.25	250.299
1792.05	271.942
1792.85	273.021
1793.65	274.121
1794.45	269.362
1795.25	265.615
1796.05	263.861
1796.85	269.998
1797.64	286.001
1798.44	270.441
1799.24	262.716
1800.04	303.356
1800.83	261.956
1801.63	276.874
1802.43	274.977
1803.22	259.216
1804.02	260.277
1804.82	271.241
1805.61	260.391
1806.41	269.357
1807.2	246.578
1808	251.578
1808.79	260.569
1809.59	263.628
1810.38	256.761
1811.18	256.842
1811.97	269.823
1812.76	255.892
1813.56	270.757
1814.35	266.676
1815.14	281.488
1815.94	265.495
1816.73	264.48
1817.52	262.524
1818.31	245.662
1819.1	264.629
1819.9	266.627
1820.69	272.55
1821.48	276.43
1822.27	261.367
1823.06	283.153
1823.85	282.055
1824.64	237.174
1825.43	253.999
1826.22	279.755
1827.01	255.742
1827.8	266.545
1828.59	270.399
1829.38	268.314
1830.17	267.245
1830.96	275.119
1831.74	258.117
1832.53	266.909
1833.32	256.783
1834.11	263.507
1834.89	280.123
1835.68	257.074
1836.47	255.849
1837.26	252.656
1838.04	245.513
1838.83	263.092
1839.61	257.91
1840.4	273.442
1841.19	255.383
1841.97	265.915
1842.76	243.936
1843.54	261.368
1844.33	249.325
1845.11	245.206
1845.89	253.896
1846.68	256.705
1847.46	274.232
1848.25	245.611
1849.03	283.7
1849.81	268.813
1850.6	259.833
1851.38	270.473
1852.16	249.769
1852.94	251.591
1853.72	245.557
1854.51	267.874
1855.29	255.913
1856.07	237.107
1856.85	253.475
1857.63	248.347
1858.41	260.784
1859.19	256.648
1859.97	253.513
1860.75	271.831
1861.53	251.247
1862.31	239.467
1863.09	237.441
1863.87	252.926
1864.65	264.49
1865.43	288.639
1866.21	256.34
1866.99	247.348
1867.76	273.289
1868.54	254.595
1869.32	246.625
1870.1	251.311
1870.87	273.485
1871.65	249.205
1872.43	226.879
1873.2	251.042
1873.98	248.062
1874.76	255.719
1875.53	255.625
1876.31	233.283
1877.08	254.553
1877.86	244.871
1878.63	246.83
1879.41	268.172
1880.18	258.477
1880.96	244.872
1881.73	259.365
1882.5	265.136
1883.28	271.899
1884.05	248.624
1884.82	265.137
1885.6	248.667
1886.37	256.449
1887.14	238.972
1887.91	252.553
1888.68	242.827
1889.46	237.971
1890.23	245.777
1891	261.413
1891.77	248.905
1892.54	235.455
1893.31	247.367
1894.08	249.564
1894.85	249.795
1895.62	239.217
1896.39	242.247
1897.16	269.669
1897.93	239.275
1898.7	256.826
1899.47	251.893
1900.24	237.236
1901.01	248.122
1901.77	241.439
1902.54	236.738
1903.31	241.837
1904.08	232.155
1904.84	235.218
1905.61	259.922
1906.38	225.521
1907.14	243.325
1907.91	247.346
1908.68	248.425
1909.44	241.625
1910.21	241.753
1910.97	255.744
1911.74	241.069
1912.51	232.316
1913.27	237.42
1914.03	242.516
1914.8	240.651
1915.56	231.805
1916.33	237.835
1917.09	245.837
1917.85	250.841
1918.62	223
1919.38	235.938
1920.14	252.869
1920.9	239.962
1921.67	230.071
1922.43	241.148
1923.19	230.334
1923.95	230.509
1924.71	231.683
1925.47	242.832
1926.24	213.904
1927	234.96
1927.76	214.911
1928.52	225.87
1929.28	251.827
1930.04	247.728
1930.8	245.631
1931.56	239.536
1932.32	255.481
1933.08	257.443
1933.83	230.408
1934.59	237.445
1935.35	211.435
1936.11	247.532
1936.87	256.527
1937.62	255.429
1938.38	246.255
1939.14	242.066
1939.89	230.88
1940.65	246.755
1941.41	233.647
1942.16	231.569
1942.92	223.479
1943.68	234.355
1944.43	261.159
1945.19	237.925
1945.94	246.631
1946.7	243.347
1947.45	212.183
1948.21	242.824
1948.96	252.555
1949.71	225.501
1950.47	252.172
1951.22	216.229
1951.98	229.986
1952.73	228.832
1953.48	238.575
1954.23	242.314
1954.99	261.851
1955.74	245.66
1956.49	253.212
1957.24	243.964
1957.99	256.489
1958.75	247.359
1959.5	235.338
1960.25	251.926
1961	255.687
1961.75	245.624
1962.5	255.201
1963.25	244.092
1964	270.305
1964.75	247.431
1965.5	246.172
1966.25	234.138
1967	238.733
1967.74	240.342
1968.49	237.019
1969.24	240.503
1969.99	239.118
1970.74	248.475
1971.48	242.337
1972.23	225.601
1972.98	240.965
1973.73	231.118
1974.47	238.71
1975.22	254.965
1975.96	246.927
1976.71	244.665
1977.46	230.795
1978.2	240.143
1978.95	263.028
1979.69	258.956
1980.44	263.632
1981.18	243.294
1981.93	247.063
1982.67	241.166
1983.41	240.03
1984.16	247.49
1984.9	239.491
1985.64	245.882
1986.39	241.703
1987.13	258.653
1987.87	241.138
1988.61	229.44
1989.36	248.419
1990.1	261.667
1990.84	262.481
1991.58	236.523
1992.32	228.746
1993.06	242.971
1993.81	220.91
1994.55	242.857
1995.29	248.611
1996.03	218.069
1996.77	232.501
1997.51	235.463
1998.24	223.087
1998.98	212.591
1999.72	245.202
2000.46	232.74
2001.2	238.49
2001.94	243.291
2002.68	214.528
2003.41	241.446
2004.15	260.719
2004.89	229.084
2005.63	233.944
2006.36	214.75
2007.1	220.543
2007.84	224.413
2008.57	224.448
2009.31	219.694
2010.05	226.535
2010.78	233.418
2011.52	227.786
2012.25	223.115
2012.99	223.254
2013.72	226.266
2014.46	209.889
2015.19	205.097
2015.92	222.584
2016.66	219.754
2017.39	248.004
2018.13	208.383
2018.86	220.238
2019.59	228.25
2020.32	210.949
2021.06	215.052
2021.79	221.967
2022.52	241.248
2023.25	204.427
2023.98	219.675
2024.72	213.224
2025.45	219.14
2026.18	232.219
2026.91	220.902
2027.64	236.814
2028.37	244.666
2029.1	229.909
2029.83	216.963
2030.56	216.93
2031.29	231.672
2032.02	217.041
2032.75	233.858
2033.47	216.484
2034.2	245.772
2034.93	228.556
2035.66	216.002
2036.39	218.366
2037.11	221.182
2037.84	227.9
2038.57	226.062
2039.3	247.657
2040.02	222.74
2040.75	221.86
2041.47	217.761
2042.2	221.622
2042.93	221.15
2043.65	217.601
2044.38	232.39
2045.1	229.878
2045.83	228.205
2046.55	225.243
2047.28	237.033
2048	217.721
2048.73	223.262
2049.45	240.779
2050.17	215.187
2050.9	207.158
2051.62	232.625
2052.34	226.858
2053.07	238.43
2053.79	231.909
2054.51	219.074
2055.23	226.291
2055.95	236.396
2056.68	223.196
2057.4	228.971
2058.12	208.511
2058.84	235.163
2059.56	235.09
2060.28	220.282
2061	243.813
2061.72	231.778
2062.44	238.399
2063.16	242.298
2063.88	234.79
2064.6	238.117
2065.32	232.675
2066.03	240.345
2066.75	244.342
2067.47	239.767
2068.19	238.258
2068.91	235.893
2069.62	238.579
2070.34	236.577
2071.06	232.979
2071.77	234.217
2072.49	236.864
2073.21	228.788
2073.92	219.791
2074.64	237.509
2075.36	240.265
2076.07	243.96
2076.79	234.735
2077.5	232.041
2078.22	246.344
2078.93	233.348
2079.64	241.852
2080.36	233.922
2081.07	234.886
2081.79	228.259
2082.5	239.483
2083.21	232.018
2083.93	240.991
2084.64	245.164
2085.35	234.21
2086.07	220.914
2086.78	231.48
2087.49	237.819
2088.2	233.959
2088.91	223.127
2089.62	235.764
2090.33	235.399
2091.04	227.965
2091.76	237.308
2092.47	250.132
2093.18	228.542
2093.89	226.028
2094.6	240.273
2095.3	244.373
2096.01	244.146
2096.72	237.164
2097.43	233.304
2098.14	227.043
2098.85	232.711
2099.56	237.536
2100.09	211.273
2100.87	232.93
2101.65	252.611
2102.43	234.739
2103.21	225.754
2103.99	229.577
2104.77	220.523
2105.55	235.092
2106.32	226.959
2107.1	234.581
2107.88	228.474
2108.66	246.008
2109.44	251.814
2110.22	239.99
2110.99	236.993
2111.77	234.915
2112.55	242.562
2113.33	225.641
2114.1	240.047
2114.88	250.554
2115.66	234.761
2116.43	245.419
2117.21	233.681
2117.99	230.74
2118.76	220.942
2119.54	244.292
2120.31	260.765
2121.09	244.056
2121.86	241.984
2122.64	237.977
2123.41	239.833
2124.19	245.598
2124.96	260.148
2125.74	255.26
2126.51	234.834
2127.28	251.444
2128.06	227.148
2128.83	261.31
2129.61	259.386
2130.38	256.458
2131.15	249.618
2131.92	260.337
2132.7	229.14
2133.47	235.016
2134.24	248.708
2135.01	241.907
2135.78	246.811
2136.55	254.646
2137.33	234.175
2138.1	243.02
2138.87	228.442
2139.64	243.215
2140.41	259.017
2141.18	281.73
2141.95	229.005
2142.72	238.014
2143.49	257.828
2144.26	238.319
2145.03	257.113
2145.8	260.167
2146.57	232.713
2147.33	247.626
2148.1	244.85
2148.87	233.21
2149.64	220.555
2150.41	226.647
2151.17	243.604
2151.94	238.771
2152.71	255.738
2153.48	241.016
2154.24	245.166
2155.01	241.401
2155.78	278.428
2156.54	226.894
2157.31	252.002
2158.08	227.247
2158.84	240.376
2159.61	257.494
2160.37	235.607
2161.14	241.687
2161.9	248.77
2162.67	241.868
2163.43	236.003
2164.2	243.218
2164.96	234.419
2165.72	246.721
2166.49	222.785
2167.25	239.05
2168.01	255.278
2168.78	239.206
2169.54	220.086
2170.3	238.305
2171.07	248.507
2171.83	220.373
2172.59	240.76
2173.35	216.645
2174.11	240.072
2174.88	226.99
2175.64	234.12
2176.4	232.089
2177.16	245.305
2177.92	260.575
2178.68	230.247
2179.44	228.349
2180.2	243.737
2180.96	258.135
2181.72	216.612
2182.48	229.954
2183.24	235.139
2184	258.619
2184.76	238.311
2185.52	244.453
2186.28	245.503
2187.04	249.612
2187.79	253.731
2188.55	243.603
2189.31	235.511
2190.07	251.863
2190.83	246.822
2191.58	237.702
2192.34	244.875
2193.1	241.846
2193.85	244.903
2194.61	245.883
2195.37	246.82
2196.12	258.913
2196.88	260.807
2197.63	257.631
2198.39	260.586
2199.15	243.282
2199.9	227.037
2200.66	255.47
2201.41	248.354
2202.16	224.967
2202.92	232.995
2203.67	239.974
2204.43	231.757
2205.18	219.531
2205.93	234.685
2206.69	226.606
2207.44	235.755
2208.19	243.891
2208.95	250.986
2209.7	234.763
2210.45	243.802
2211.2	235.628
2211.95	216.344
2212.71	233.436
2213.46	208.122
2214.21	230.245
2214.96	243.26
2215.71	227.019
2216.46	238.975
2217.21	243.847
2217.96	284.877
2218.71	272.598
2219.46	259.346
2220.21	215.068
2220.96	265.055
2221.71	237.927
2222.46	257.888
2223.21	253.822
2223.96	256.735
2224.71	234.622
2225.46	245.467
2226.21	272.251
2226.95	259.122
2227.7	258.993
2228.45	247.933
2229.2	248.845
2229.94	251.751
2230.69	240.731
2231.44	244.632
2232.18	230.642
2232.93	256.384
2233.68	249.327
2234.42	250.194
2235.17	265.91
2235.92	246.932
2236.66	230.964
2237.41	227.901
2238.15	236.732
2238.9	269.299
2239.64	257.387
2240.38	252.393
2241.13	242.456
2241.87	235.478
2242.62	249.218
2243.36	249.138
2244.1	262.858
2244.85	254.893
2245.59	261.712
2246.33	231.123
2247.08	226.147
2247.82	260.523
2248.56	236.847
2249.3	260.348
2250.05	259.252
2250.79	282.692
2251.53	293.361
2252.27	296.205
2253.01	256.934
2253.75	247.122
2254.49	258.903
2255.23	246.198
2255.97	264.867
2256.71	249.219
2257.45	243.352
2258.19	245.299
2258.93	253.098
2259.67	271.652
2260.41	255.931
2261.15	273.536
2261.89	236.364
2262.63	260.923
2263.36	260.064
2264.1	267.063
2264.84	226.993
2265.58	280.056
2266.32	251.678
2267.05	249.751
2267.79	255.649
2268.53	266.439
2269.26	257.612
2270	252.727
2270.74	255.718
2271.48	252.856
2272.21	253.951
2272.95	241.325
2273.68	268.009
2274.42	261.305
2275.15	240.817
2275.89	251.794
2276.62	268.67
2277.36	257.951
2278.09	233.405
2278.83	262.061
2279.56	248.323
2280.29	248.38
2281.03	265.202
2281.76	278.093
2282.49	255.492
2283.23	274.359
2283.96	249.83
2284.69	271.741
2285.42	242.272
2286.16	249.353
2286.89	257.393
2287.62	247.575
2288.35	266.444
2289.08	260.563
2289.81	229.945
2290.55	259.801
2291.28	245.111
2292.01	246.312
2292.74	227.659
2293.47	243.771
2294.2	250.932
2294.93	229.194
2295.66	245.247
2296.39	236.362
2297.11	240.403
2297.85	254.408
2298.57	244.512
2299.3	248.61
2300.03	240.779
2300.76	234.961
2301.49	236.131
2302.22	221.288
2302.94	245.411
2303.67	237.513
2304.4	218.595
2305.12	252.75
2305.85	249.89
2306.58	207.946
2307.31	238.174
2308.03	255.372
2308.76	236.414
2309.48	245.542
2310.21	238.591
2310.93	243.701
2311.66	236.769
2312.38	235.884
2313.11	225.954
2313.83	236.144
2314.56	219.133
2315.28	228.279
2316.01	239.429
2316.73	216.321
2317.45	229.505
2318.18	222.546
2318.9	226.69
2319.62	236.892
2320.35	217.808
2321.07	250.2
2321.79	200.776
2322.52	224.072
2323.24	212.016
2323.96	208.049
2324.68	223.296
2325.4	206.183
2326.12	191.074
2326.84	199.217
2327.56	162.833
2328.29	159.837
2329.01	170.006
2329.73	156.907
2330.45	173.178
2331.17	204.656
2331.89	183.45
2332.61	215.933
2333.32	209.888
2334.04	232.207
2334.76	203.847
2335.48	212.996
2336.2	197.835
2336.92	193.835
2337.64	223.302
2338.35	193.954
2339.07	205.161
2339.79	218.389
2340.51	231.617
2341.23	203.259
2341.94	230.733
2342.66	216.624
2343.37	186.264
2344.09	220.904
2344.81	229.105
2345.52	201.682
2346.24	217.916
2346.95	229.031
2347.67	213.741
2348.38	218.792
2349.1	223.891
2349.82	227.012
2350.53	206.809
2351.24	203.867
2351.96	215.133
2352.67	205.015
2353.39	224.339
2354.1	207.044
2354.81	196.86
2355.53	197.86
2356.24	201.921
2356.95	212.094
2357.66	190.8
2358.38	239.602
2359.09	199.029
2359.8	223.488
2360.51	240.86
2361.22	214.534
2361.94	194.304
2362.65	224.963
2363.36	199.628
2364.07	212.975
2364.78	224.264
2365.49	232.461
2366.2	206.99
2366.91	196.796
2367.62	249.784
2368.33	204.957
2369.04	228.418
2369.75	205.02
2370.46	219.329
2371.16	204.08
2371.87	204.114
2372.58	227.589
2373.29	212.335
2374	215.433
2374.71	200.184
2375.41	216.537
2376.12	216.573
2376.83	242.103
2377.53	227.871
2378.24	209.568
2378.95	203.511
2379.65	204.595
2380.36	225.062
2381.07	217.955
2381.77	208.79
2382.48	191.459
2383.18	208.848
2383.89	195.648
2384.59	232.518
2385.3	220.387
2386	214.366
2386.71	203.188
2387.41	221.616
2388.12	207.277
2388.82	221.545
2389.52	233.771
2390.23	224.574
2390.93	225.629
2391.63	221.592
2392.34	229.81
2393.04	215.523
2393.74	228.8
2394.44	221.636
2395.15	229.813
2395.85	220.662
2396.55	212.561
2397.25	244.323
2397.95	219.86
2398.65	243.398
2399.35	215.782
2400.05	226.972
2400.75	223.844
2401.45	248.289
2402.15	225.808
2402.85	222.757
2403.55	243.21
2404.25	238.177
2404.95	250.509
2405.65	227.101
2406.35	258.83
2407.05	224.151
2407.75	236.451
2408.44	216.058
2409.14	239.608
2409.84	232.512
2410.54	218.257
2411.24	208.077
2411.93	224.452
2412.63	226.489
2413.33	229.522
2414.02	225.389
2414.72	229.425
2415.42	247.751
2416.11	217.098
2416.81	221.16
2417.5	231.356
2418.2	239.53
2418.9	244.66
2419.59	221.235
2420.28	240.637
2420.98	218.189
2421.67	228.343
2422.37	234.386
2423.06	227.181
2423.75	231.209
2424.45	226.12
2425.14	219.048
2425.84	230.344
2426.53	196.828
2427.22	242.785
2427.91	248.966
2428.61	214.316
2429.3	217.344
2429.99	222.366
2430.68	242.621
2431.37	201.793
2432.07	228.114
2432.76	226.993
2433.45	223.878
2434.14	228.93
2434.83	246.2
2435.52	228.981
2436.21	203.633
2436.9	215.818
2437.59	220.856
2438.28	204.555
2438.97	236.905
2439.66	240.854
2440.35	221.537
2441.04	225.539
2441.72	224.502
2442.41	226.507
2443.1	217.378
2443.79	226.437
2444.48	220.317
2445.16	245.517
2445.85	227.29
2446.54	238.381
2447.23	227.283
2447.91	228.31
2448.6	228.323
2449.29	249.519
2449.97	213.173
2450.66	230.307
2451.34	234.326
2452.03	252.478
2452.72	244.422
2453.4	216.201
2454.09	237.38
2454.77	232.307
2455.46	223.169
2456.14	221.06
2456.82	236.055
2457.51	258.091
2458.19	243.953
2458.88	248.97
2459.56	235.931
2460.24	223.92
2460.92	242.082
2461.61	251.196
2462.29	236.162
2462.97	254.308
2463.66	251.306
2464.34	268.394
2465.02	275.388
2465.7	272.3
2466.38	259.155
2467.06	273.14
2467.75	280.11
2468.42	269.047
2469.11	246.985
2469.79	262.094
2470.47	261.167
2471.15	272.297
2471.83	268.356
2472.51	264.391
2473.19	249.349
2473.86	239.308
2474.54	273.451
2475.22	254.362
2475.9	272.448
2476.58	265.458
2477.26	260.505
2477.94	248.542
2478.61	261.704
2479.29	262.803
2479.97	253.828
2480.65	258.91
2481.32	270.014
2482	251.949
2482.68	247.971
2483.35	255.068
2484.03	265.186
2484.71	265.23
2485.38	255.189
2486.06	241.1
2486.73	253.156
2487.41	230.008
2488.08	260.187
2488.76	243.127
2489.43	259.294
2490.11	268.453
2490.78	246.426
2491.45	246.537
2492.13	281.896
2492.8	265.863
2493.48	256.866
2494.15	255.927
2494.82	229.79
2495.49	273.261
2496.17	236.061
2496.84	259.431
2497.51	253.534
2498.18	252.669
2498.86	264.915
2499.53	260.937
2500.2	271.084
2500.87	256.941
2501.54	264.061
2502.21	258.073
2502.88	263.267
2503.55	233.048
2504.22	257.533
2504.89	255.655
2505.56	289.243
2506.23	255.832
2506.9	245.735
2507.57	252.897
2508.24	280.395
2508.91	260.206
2509.58	293.869
2510.25	258.415
2510.91	269.682
2511.58	275.839
2512.25	284.018
2512.92	286.102
2513.59	266.849
2514.25	273.053
2514.92	287.423
2515.59	299.77
2516.25	296.83
2516.92	251.066
2517.59	258.261
2518.25	287.868
2518.92	277.717
2519.58	275.723
2520.25	292.095
2520.91	280.964
2521.58	286.179
2522.24	272.038
2522.91	269.137
2523.57	260.112
2524.24	275.61
2524.9	283.948
2525.56	252.358
2526.23	271.923
2526.89	283.297
2527.55	263.931
2528.22	277.335
2528.88	270.223
2529.54	282.556
2530.21	257.969
2530.87	294.873
2531.53	259.031
2532.19	262.178
2532.85	238.717
2533.51	258.369
2534.18	246.225
2534.84	250.484
2535.5	292.724
2536.16	290.706
2536.82	283.484
2537.48	286.504
2538.14	274.12
2538.8	255.615
2539.46	261.807
2540.12	296.81
2540.78	284.617
2541.44	296.078
2542.09	286.976
2542.75	325.17
2543.41	288.209
2544.07	286.175
2544.73	293.344
2545.39	288.114
2546.04	299.304
2546.7	285.819
2547.36	293.934
2548.02	290.793
2548.67	287.704
2549.33	293.893
2549.98	319.612
2550.64	301.202
2551.3	300.239
2551.95	307.49
2552.61	316.8
2553.26	312.76
2553.92	307.682
2554.57	293.328
2555.23	314.884
2555.88	309.678
2556.54	300.327
2557.19	307.379
2557.85	321.612
2558.5	321.519
2559.15	328.647
2559.81	323.525
2560.46	333.803
2561.11	316.426
2561.77	349.238
2562.42	342.052
2563.07	337.892
2563.72	337.785
2564.37	320.257
2565.03	356.955
2565.68	309.832
2566.33	339.451
2566.98	350.726
2567.63	357.951
2568.28	342.681
2568.93	347.816
2569.58	330.4
2570.23	334.405
2570.88	358.822
2571.53	352.616
2572.18	342.392
2572.83	359.784
2573.48	348.612
2574.13	319.047
2574.78	328.257
2575.43	343.556
2576.07	351.675
2576.72	339.367
2577.37	318.906
2578.02	310.702
2578.67	337.175
2579.31	336.091
2579.96	318.676
2580.61	325.698
2581.26	317.432
2581.9	350.915
2582.55	323.377
2583.19	323.376
2583.84	306.132
2584.49	317.403
2585.13	310.35
2585.78	301.216
2586.42	309.317
2587.07	327.513
2587.71	296.85
2588.36	322.069
2589	301.596
2589.65	302.486
2590.29	327.758
2590.93	334.818
2591.58	319.619
2592.22	320.673
2592.86	323.781
2593.51	302.574
2594.15	316.874
2594.79	320.027
2595.43	312.011
2596.07	315.137
2596.72	312.137
2597.36	304.019
2598	319.212
2598.64	321.182
2599.28	288.664
2599.92	312.973
2600.56	302.833
2601.2	330.247
2601.85	333.347
2602.49	300.946
2603.13	300.981
2603.76	305.049
2604.4	309.095
2605.04	326.317
2605.68	313.124
2606.32	311.096
2606.96	323.26
2607.6	266.486
2608.24	302.939
2608.88	309.973
2609.51	360.542
2610.15	320.996
2610.79	330.097
2611.43	322.044
2612.06	315.052
2612.7	318.218
2613.34	297.076
2613.97	303.282
2614.61	289.192
2615.25	312.608
2615.88	315.731
2616.52	301.603
2617.15	301.683
2617.79	303.803
2618.42	323.195
2619.06	325.33
2619.69	309.17
2620.33	327.536
2620.96	328.607
2621.6	319.496
2622.23	341.883
2622.86	334.806
2623.5	334.864
2624.13	327.831
2624.76	330.981
2625.4	344.305
2626.03	319.976
2626.66	328.179
2627.29	319.066
2627.93	319.108
2628.56	354.785
2629.19	340.618
2629.82	371.271
2630.45	351.028
2631.08	380.695
2631.71	362.463
2632.34	349.303
2632.98	384.045
2633.61	360.687
2634.24	375.078
2634.87	381.35
2635.5	406.022
2636.12	426.634
2636.75	374.716
2637.38	400.416
2638.01	374.996
2638.64	385.335
2639.27	364.975
2639.9	396.76
2640.53	365.1
2641.15	393.781
2641.78	385.622
2642.41	386.679
2643.04	395.944
2643.66	406.267
2644.29	417.649
2644.92	430.075
2645.54	413.822
2646.17	410.852
2646.8	404.77
2647.42	427.341
2648.05	435.545
2648.67	407.886
2649.3	416.1
2649.92	418.195
2650.55	446.97
2651.17	427.623
2651.8	451.359
2652.42	444.362
2653.05	440.437
2653.67	443.671
2654.29	449.948
2654.92	419.218
2655.54	434.653
2656.16	428.509
2656.79	436.744
2657.41	449.686
2658.03	429.733
2658.65	422.176
2659.27	448.938
2659.9	465.637
2660.52	460.832
2661.14	449.598
2661.76	474.351
2662.38	458.643
2663	451.488
2663.62	470.828
2664.24	444.589
2664.86	450.717
2665.48	477.085
2666.1	460.912
2666.72	463.475
2667.34	473.703
2667.96	460.007
2668.58	461.542
2669.2	476.409
2669.82	460.874
2670.44	476.236
2671.05	466.049
2671.67	476.769
2672.29	484.27
2672.91	502.813
2673.53	489.082
2674.14	519.953
2674.76	490.388
2675.38	509.377
2675.99	521.81
2676.61	527.289
2677.23	551.442
2677.84	562.344
2678.46	573.365
2679.07	620.879
2679.69	652.056
2680.3	682.02
2680.92	716.944
2681.53	748.413
2682.15	764.996
2682.76	811.813
2683.38	814.052
2683.99	820.322
2684.61	821.633
2685.22	807.739
2685.83	798.088
2686.44	791.632
2687.06	780.485
2687.67	776.367
2688.28	771.14
2688.9	782.764
2689.51	795.737
2690.12	787.487
2690.73	796.679
2691.34	785.833
2691.96	806.048
2692.57	810.525
2693.18	826.141
2693.79	825.594
2694.4	830.743
2695.01	823.068
2695.62	819.435
2696.23	810.468
2696.84	801.677
2697.45	817.099
2698.06	805.99
2698.67	792.409
2699.28	813.854
2699.88	813.676
2700.49	783.604
2701.1	793.647
2701.71	801.602
2702.32	802.514
2702.93	796.625
2703.53	783.398
2704.14	825.679
2704.75	826.032
2705.36	821.164
2705.96	835.774
2706.57	838.711
2707.17	827.388
2707.78	835.41
2708.39	838.147
2708.99	829.874
2709.6	836.571
2710.2	853.637
2710.81	849.414
2711.41	854.646
2712.02	858.158
2712.62	867.691
2713.23	872.923
2713.83	886.897
2714.44	889.346
2715.04	874.917
2715.64	892.344
2716.25	894.171
2716.85	896.813
2717.45	883.134
2718.05	888.924
2718.66	890.443
2719.26	893.33
2719.86	904.697
2720.46	909.917
2721.06	912.016
2721.67	936.395
2722.27	938.715
2722.87	943.29
2723.47	933.242
2724.07	952.183
2724.67	977.772
2725.27	986.267
2725.71	993.108
2726.38	977.663
2727.06	946.808
2727.73	955.55
2728.4	980.516
2729.07	966.892
2729.74	982.876
2730.42	983.805
2731.09	997.13
2731.76	1006.57
2732.43	1000.88
2733.1	984.029
2733.77	1012.91
2734.44	1021.35
2735.11	1003.18
2735.78	1027.62
2736.45	1053.95
2737.12	1036.4
2737.79	1039.13
2738.46	1051.01
2739.13	1023.28
2739.8	1047.51
2740.47	1017.02
2741.14	1069.06
2741.81	1033.84
2742.47	1078.05
2743.14	1061.25
2743.81	1066.78
2744.48	1044.73
2745.15	1049.07
2745.81	1060.5
2746.48	1080.1
2747.15	1075.29
2747.81	1093.96
2748.48	1093.23
2749.15	1105.66
2749.81	1110.8
2750.48	1106.6
2751.15	1080.9
2751.81	1128.68
2752.48	1110.36
2753.14	1063.73
2753.81	1065.26
2754.47	1062.84
2755.14	1022.54
2755.8	1043.33
2756.47	1003.59
2757.13	1006.6
2757.8	993.198
2758.46	999.28
2759.13	969.746
2759.79	996.585
2760.45	975.476
2761.12	1001.38
2761.78	948.368
2762.44	991.352
2763.1	986.124
2763.77	972.699
2764.43	978.81
2765.09	986.13
2765.76	983.421
2766.42	996.219
2767.08	999.881
2767.74	996.34
2768.4	1049.1
2769.06	1043.3
2769.72	1063.03
2770.38	1093.98
2771.05	1121.84
2771.71	1154.88
2772.37	1191.1
2773.03	1198.7
2773.69	1278.3
2774.35	1304.51
2775.01	1385.11
2775.67	1411.08
2776.33	1471.86
2776.99	1551.07
2777.64	1605.61
2778.3	1702.44
2778.96	1758.25
2779.62	1805.9
2780.28	1869.94
2780.94	1876.2
2781.59	1894.69
2782.25	1884.35
2782.91	1879.31
2783.57	1861.14
2784.22	1815.45
2784.88	1819.32
2785.54	1804.61
2786.2	1817.44
2786.85	1793.72
2787.51	1823.13
2788.16	1818.26
2788.82	1837.09
2789.48	1832.55
2790.13	1883.04
2790.79	1846.51
2791.44	1904.97
2792.1	1918.1
2792.75	1948.44
2793.41	1964.91
2794.06	2021.15
2794.72	2032.8
2795.37	2074.22
2796.02	2066.28
2796.68	2088.37
2797.33	2147.72
2797.98	2150.71
2798.64	2176.53
2799.29	2177.8
2799.94	2231.63
2800.6	2238.18
2801.25	2299.32
2801.9	2295.6
2802.55	2299.03
2803.21	2329.12
2803.86	2381.68
2804.51	2423.77
2805.16	2403.93
2805.81	2520.97
2806.46	2513.47
2807.11	2565.71
2807.77	2574.74
2808.42	2643.37
2809.07	2651.12
2809.72	2715.23
2810.37	2728.77
2811.02	2802.92
2811.67	2841.26
2812.32	2830.57
2812.97	2911.66
2813.61	2954
2814.26	2959.52
2814.91	3046.26
2815.56	3050.7
2816.21	3065.27
2816.86	3160.86
2817.51	3182.23
2818.15	3210.56
2818.8	3244.83
2819.45	3256.36
2820.1	3300.82
2820.74	3342.51
2821.39	3405.22
2822.04	3478.64
2822.69	3465.96
2823.33	3534.21
2823.98	3571.08
2824.63	3620.67
2825.27	3599.94
2825.92	3670.47
2826.56	3746.37
2827.21	3808.37
2827.85	3861.7
2828.5	3863.11
2829.14	3852.51
2829.79	3874.95
2830.43	3974.57
2831.08	3872.02
2831.72	3933.73
2832.37	3963.42
2833.01	4065.75
2833.65	4055.69
2834.3	4108.97
2834.94	4082.78
2835.58	4121.07
2836.23	4142.71
2836.87	4101.67
2837.51	4125.49
2838.16	4209.29
2838.8	4163.24
2839.44	4216.27
2840.08	4269.52
2840.72	4246.63
2841.36	4257.17
2842.01	4290.89
2842.65	4301.76
2843.29	4262.32
2843.93	4308.31
2844.57	4314.42
2845.21	4351.43
2845.85	4303.24
2846.49	4394.86
2847.13	4443.68
2847.77	4394.46
2848.41	4429.94
2849.05	4455.28
2849.69	4423.69
2850.33	4370.66
2850.97	4336.16
2851.61	4391.31
2852.24	4416.31
2852.88	4469.33
2853.52	4476.97
2854.16	4479.57
2854.8	4483
2855.43	4477.4
2856.07	4481.72
2856.71	4421.6
2857.35	4515.11
2857.98	4552.9
2858.62	4522.17
2859.26	4588.88
2859.89	4625.55
2860.53	4630.75
2861.16	4734.59
2861.8	4691.56
2862.44	4740.49
2863.07	4760.08
2863.71	4825.93
2864.34	4878.65
2864.98	4912.21
2865.61	4934.78
2866.25	5047.11
2866.88	5018.08
2867.52	5142.27
2868.15	5160.97
2868.78	5175.33
2869.42	5324.8
2870.05	5330.27
2870.69	5445.63
2871.32	5541.09
2871.95	5601
2872.58	5688.03
2873.22	5819.29
2873.85	5980.02
2874.48	6087.52
2875.11	6183.37
2875.75	6295.93
2876.38	6363.64
2877.01	6501.57
2877.64	6612.54
2878.27	6697.34
2878.9	6846.63
2879.53	6906.65
2880.16	7047.88
2880.79	7096.91
2881.42	7241.3
2882.05	7377.67
2882.68	7426.61
2883.31	7497.72
2883.94	7554.24
2884.57	7692.06
2885.2	7816.73
2885.83	7868.55
2886.46	7933.96
2887.09	7958.03
2887.72	8053.62
2888.35	7962.44
2888.97	8144.34
2889.6	8083.84
2890.23	8089.02
2890.86	8106.12
2891.49	8131.65
2892.11	8164.78
2892.74	8161.67
2893.37	8214.57
2893.99	8196.13
2894.62	8207.29
2895.25	8243.87
2895.87	8203.34
2896.5	8297.96
2897.12	8165.46
2897.75	8302.79
2898.38	8288.6
2899	8316.02
2899.63	8390.38
2900.25	8514.16
2900.88	8547.5
2901.5	8540.12
2902.12	8504.89
2902.75	8559.37
2903.37	8606.13
2904	8603.17
2904.62	8630.88
2905.25	8608.16
2905.87	8690.85
2906.49	8648.98
2907.11	8609.49
2907.74	8583.21
2908.36	8537.07
2908.98	8527.11
2909.6	8476.89
2910.23	8384.09
2910.85	8375.28
2911.47	8245.38
2912.09	8185.31
2912.71	8092.23
2913.33	7997.8
2913.96	7939.98
2914.58	7814.85
2915.2	7581.54
2915.82	7504.71
2916.44	7318.8
2917.06	7282.21
2917.68	7103.96
2918.3	6989.6
2918.92	6936.7
2919.54	6829.55
2920.16	6691.31
2920.77	6652.51
2921.39	6596.05
2922.01	6570.7
2922.63	6472.8
2923.25	6424.94
2923.87	6438.17
2924.48	6424.74
2925.1	6262.47
2925.72	6356.47
2926.34	6361.11
2926.95	6364.92
2927.57	6317.91
2928.19	6356.44
2928.8	6271.85
2929.42	6320.56
2930.04	6296.72
2930.65	6303.67
2931.27	6368.39
2931.89	6389.3
2932.5	6448.38
2933.12	6489.53
2933.73	6518.38
2934.35	6512.07
2934.96	6603.31
2935.58	6628.87
2936.19	6672.35
2936.81	6768.33
2937.42	6750.79
2938.03	6788.93
2938.65	6824.89
2939.26	6960.42
2939.88	6926.57
2940.49	6894.49
2941.1	6950.14
2941.71	6957.82
2942.33	6888.39
2942.94	6872.56
2943.55	6885.13
2944.17	6938.99
2944.78	6913.7
2945.39	6836.97
2946	6804.59
2946.61	6831.54
2947.22	6827.75
2947.83	6790.23
2948.45	6730.03
2949.06	6685.92
2949.67	6646.69
2950.28	6639.11
2950.89	6620.95
2951.5	6504.83
2952.11	6376.99
2952.72	6337.55
2953.33	6236.25
2953.94	6220.82
2954.54	6109.23
2955.15	6014.82
2955.76	5911.47
2956.37	5881.17
2956.98	5755.67
2957.59	5707.29
2958.2	5607.87
2958.8	5398.29
2959.41	5403.77
2960.02	5377.73
2960.63	5277.57
2961.23	5155.01
2961.84	5086.76
2962.45	4972.09
2963.05	4956.86
2963.66	4832.14
2964.27	4721.85
2964.87	4708.3
2965.48	4602.83
2966.08	4519.25
2966.69	4430.25
2967.29	4298.35
2967.9	4191.38
2968.5	4173.34
2969.11	4110.74
2969.71	4053.54
2970.32	3903.4
2970.92	3833.24
2971.53	3814.98
2972.13	3749.37
2972.74	3580.31
2973.34	3549.25
2973.94	3498.98
2974.54	3414.53
2975.15	3329.35
2975.75	3275.6
2976.35	3228.73
2976.96	3159.87
2977.56	3085.12
2978.16	2988.83
2978.76	2917.05
2979.36	2850.33
2979.97	2802.17
2980.57	2773.66
2981.17	2694.82
2981.77	2619.78
2982.37	2556.6
2982.97	2521.73
2983.57	2478.45
2984.17	2386.13
2984.77	2368.99
2985.37	2348.31
2985.97	2285.16
2986.57	2198.81
2987.17	2163.74
2987.77	2111.08
2988.37	2007.88
2988.97	2024.27
2989.57	1948.15
2990.17	1939.53
2990.76	1889.93
2991.36	1831.24
2991.96	1828.02
2992.56	1750.13
2993.16	1693.73
2993.75	1688.41
2994.35	1633.76
2994.95	1600.49
2995.54	1564.15
2996.14	1515.69
2996.74	1471.58
2997.33	1452.25
2997.93	1455.58
2998.52	1363.84
2999.12	1353.92
2999.72	1357.26
3000.31	1300.18
3000.91	1276.87
3001.5	1247.4
3002.1	1255.79
3002.69	1183.18
3003.29	1210.84
3003.88	1161.58
3004.47	1134.86
3005.07	1132.81
3005.66	1077.69
3006.26	1081.15
3006.85	1062.23
3007.44	1064.89
3008.04	1038.75
3008.63	1014.47
3009.22	1017.68
3009.81	982.719
3010.41	965.125
3011	995.791
3011.59	907.525
3012.18	937.408
3012.77	919.149
3013.36	875.238
3013.96	880.58
3014.55	848.912
3015.14	858.347
3015.73	839.077
3016.32	866.147
3016.91	823.342
3017.5	807.229
3018.09	797.182
3018.68	792.155
3019.27	822.047
3019.86	794.284
3020.45	803.666
3021.04	746.226
3021.63	767.146
3022.22	757.185
3022.8	748.2
3023.39	743.244
3023.98	763.999
3024.57	746.551
3025.16	733.23
3025.74	718.889
3026.33	714.858
3026.92	704.589
3027.5	704.575
3028.09	674.573
3028.68	692.029
3029.26	704.366
3029.85	694.099
3030.44	697.365
3031.02	696.599
3031.61	689.679
3032.19	681.69
3032.78	652.947
3033.37	663.381
3033.95	679.944
3034.54	662.359
3035.12	694.389
3035.71	666.493
3036.29	649.982
3036.87	660.355
3037.46	684.168
3038.04	669.748
3038.63	655.367
3039.21	687.591
3039.79	666.126
3040.38	657.13
3040.96	655.392
3041.54	656.701
3042.12	643.384
3042.71	642.347
3043.29	688.826
3043.87	657.524
3044.45	614.85
3045.03	635.393
3045.62	633.274
3046.2	677.842
3046.78	627.288
3047.36	641.974
3047.94	665.972
3048.52	667.136
3049.1	654.765
3049.68	651.66
3050.26	666.129
3050.84	674.365
3051.42	654.634
3052	652.511
3052.58	644.178
3053.16	656.567
3053.74	653.454
3054.32	673.173
3054.89	628.76
3055.47	665.188
3056.05	676.813
3056.63	646.985
3057.21	648.194
3057.78	653.465
3058.36	657.599
3058.94	666.836
3059.52	696.763
3060.09	682.135
3060.67	687.256
3061.25	678.975
3061.82	664.521
3062.4	678.048
3062.97	658.377
3063.55	649.015
3064.13	669.657
3064.7	664.393
3065.28	670.563
3065.85	658.147
3066.43	678.924
3067	676.911
3067.58	688.309
3068.15	658.17
3068.72	692.142
3069.3	668.06
3069.87	658.482
3070.45	671.736
3071.02	697.508
3071.59	682.026
3072.17	666.611
3072.74	681.19
3073.31	687.434
3073.89	666.69
3074.46	667.598
3075.03	687.097
3075.6	686.997
3076.17	684.925
3076.74	664.348
3077.32	671.763
3077.89	681.279
3078.46	699.051
3079.03	696.063
3079.6	674.351
3080.17	688.766
3080.74	693.787
3081.31	685.311
3081.88	692.329
3082.45	708.645
3083.02	704.305
3083.59	659.7
3084.16	705.996
3084.73	705.817
3085.3	673.659
3085.87	700.375
3086.43	720.966
3087	735.458
3087.57	709.781
3088.14	710.962
3088.71	723.475
3089.28	697.723
3089.84	709.06
3090.41	675.955
3090.98	726.436
3091.54	742.847
3092.11	770.605
3092.68	731.292
3093.24	706.42
3093.81	712.488
3094.38	738.153
3094.94	710.225
3095.51	734.897
3096.07	726.587
3096.64	730.63
3097.2	753.202
3097.77	744.858
3098.33	747.887
3098.9	750.982
3099.46	735.603
3100.03	750.141
3100.59	763.642
3101.15	747.21
3101.72	775.024
3102.28	743.005
3102.84	751.138
3103.41	758.216
3103.97	778.668
3104.53	779.539
3105.1	769.081
3105.66	742.165
3106.22	750.266
3106.78	758.395
3107.34	761.407
3107.91	768.558
3108.47	765.443
3109.03	773.676
3109.59	748.022
3110.15	766.675
3110.71	795.701
3111.27	795.958
3111.83	772.5
3112.39	828.227
3112.95	797.307
3113.51	793.035
3114.07	814.434
3114.63	797.766
3115.19	788.387
3115.75	818.196
3116.31	818.239
3116.87	781.252
3117.43	830.64
3117.98	821.303
3118.54	821.149
3119.1	814.786
3119.66	828.996
3120.22	832.972
3120.77	821.602
3121.33	812.345
3121.89	839.079
3122.44	811.319
3123	838.99
3123.56	830.616
3124.11	848.887
3124.67	815.785
3125.23	824.819
3125.78	846.241
3126.34	823.63
3126.89	865.778
3127.45	837.182
3128	874.318
3128.56	869.357
3129.11	884.896
3129.67	843.883
3130.22	889.075
3130.78	864.348
3131.33	871.394
3131.88	869.15
3132.44	876.125
3132.99	866.692
3133.54	865.511
3134.1	857.211
3134.65	864.36
3135.2	873.611
3135.76	903.41
3136.31	908.602
3136.86	906.605
3137.41	902.534
3137.96	898.439
3138.51	902.527
3139.07	901.469
3139.62	916.817
3140.17	916.782
3140.72	913.686
3141.27	899.322
3141.82	894.194
3142.37	890.079
3142.92	891.061
3143.47	912.533
3144.02	916.576
3144.57	908.362
3145.12	928.94
3145.67	950.639
3146.22	960.109
3146.77	941.903
3147.32	944.183
3147.86	945.359
3148.41	963.88
3148.96	941.238
3149.51	954.439
