401.058	1893.36
402.149	1993.79
403.243	2016.4
404.332	2122.89
405.424	1978.99
406.515	1937.16
407.606	1884.19
408.697	1786.3
409.785	1715.01
410.876	1689.81
411.967	1676.69
413.055	1658.62
414.143	1611.25
415.233	1541.29
416.321	1568.27
417.409	1617.38
418.499	1574.44
419.586	1634.78
420.673	1657.34
421.761	1716.34
422.848	1777.53
423.935	1840.85
425.02	1813.91
426.106	1898.66
427.193	1966.61
428.278	2037.95
429.364	2203.84
430.45	2222.37
431.534	2284.35
432.618	2295.32
433.704	2323.4
434.788	2315.2
435.871	2401.88
436.955	2375.57
438.038	2413.49
439.123	2342.98
440.204	2273.62
441.287	2198.32
442.37	2139.19
443.452	2053.66
444.535	1908.95
445.615	1873.54
446.698	1742.43
447.78	1680.11
448.86	1484.48
449.939	1467.34
451.021	1405.14
452.101	1312.57
453.18	1321.88
454.262	1310.66
455.341	1188.71
456.42	1208.34
457.499	1122
458.578	1092.26
459.654	1095.16
460.733	1146.52
461.811	1119.12
462.89	1084.31
463.966	1064.32
465.044	1115.91
466.12	1076.29
467.197	1093.39
468.273	1087.08
469.349	1088.87
470.426	1376.1
471.501	1145.27
472.576	1093.06
473.651	1172.87
474.726	1160.88
475.801	1138.98
476.876	1130.32
477.95	1171.85
479.022	1153.94
480.097	1207.25
481.171	1175.04
482.243	1258.46
483.317	1264.87
484.388	1322.1
485.46	1369.97
486.533	1421.39
487.605	1467.09
488.676	1455.51
489.747	1542.53
490.818	1543.12
491.889	1663.55
492.959	1637.12
494.03	1767.17
495.1	1770.37
496.171	1842.27
497.239	1897.25
498.309	1879.34
499.379	1868.62
500.446	1899.21
501.514	1907.16
502.584	1881.67
503.651	1872.17
504.718	1890.45
505.788	1838.45
506.855	1853.3
507.921	1851.65
508.988	1821.57
510.055	1925.19
511.119	1839.35
512.186	1987.22
513.252	1967.65
514.318	2061.91
515.382	2084.83
516.448	2182.22
517.512	2253.24
518.577	2328.22
519.641	2332.77
520.704	2372.59
521.768	2429.24
522.833	2511.84
523.896	2475.22
524.959	2546.11
526.021	2586.82
527.084	2626.87
528.144	2713.61
529.207	2789.2
530.269	2829.18
531.331	2873.71
532.391	2975.8
533.453	2920.46
534.513	2960.82
535.572	2888.63
536.634	2948.43
537.693	2878.2
538.752	2759.83
539.812	2680.3
540.87	2619.69
541.929	2502.9
542.988	2455.51
544.047	2389.68
545.105	2304.87
546.164	2127.76
547.22	2077.6
548.278	1954.71
549.336	1930.33
550.392	1891.81
551.448	1739.72
552.505	1727.85
553.561	1663.18
554.616	1594.04
555.671	1530.47
556.728	1483.47
557.783	1477.11
558.836	1419.18
559.891	1352.69
560.946	1393
562	1301.57
563.055	1277.26
564.107	1239.33
565.161	1249.75
566.213	1195.37
567.267	1223.3
568.318	1189.19
569.37	1161.56
570.424	1191.23
571.475	1176.61
572.526	1151.91
573.577	1167.83
574.628	1192.04
575.679	1259.54
576.73	1273.67
577.781	1259.37
578.829	1273.75
579.88	1269.83
580.93	1208.93
581.978	1208.73
583.026	1163.39
584.076	1161.23
585.124	1094.67
586.172	1120.03
587.221	1136.17
588.269	1162.36
589.316	1193.02
590.363	1153.79
591.41	1190.67
592.457	1195.52
593.502	1177.7
594.549	1185.94
595.595	1191.85
596.64	1104.48
597.686	1090.53
598.73	1071.79
599.776	1081.17
600.82	1054.38
601.864	959.462
602.908	955.614
603.953	967.666
604.997	1026.96
606.04	951.333
607.083	946.553
608.125	1013.51
609.168	903.226
610.211	978.913
611.253	956.694
612.294	957.507
613.336	971.299
614.377	931.681
615.419	931.743
616.459	928.048
617.499	929.78
618.539	878.835
619.579	925.625
620.619	920.784
621.658	920.617
622.698	927.898
623.737	922.33
624.776	933.41
625.815	989.742
626.852	892.104
627.891	914.445
628.928	898.057
629.966	872.377
631.003	886.266
632.041	889.796
633.077	913.439
634.114	864.054
635.15	811.954
636.185	808.878
637.221	786.601
638.257	831.779
639.292	795.856
640.328	789.379
641.361	814.102
642.396	820.164
643.431	771.673
644.464	748.02
645.497	749.273
646.532	760.766
647.564	753.119
648.597	707.016
649.629	754.773
650.663	785.957
651.695	751.755
652.727	736.736
653.757	724.373
654.789	743.193
655.821	749.168
656.852	791.012
657.882	762.322
658.913	752.082
659.942	753.806
660.973	745.398
662.002	752.49
663.031	765.018
664.06	738.233
665.09	764.851
666.119	794.546
667.147	765.793
668.175	743.524
669.201	789.192
670.229	782.239
671.257	780.527
672.285	767.569
673.311	750.896
674.338	733.419
675.363	746.503
676.389	778.169
677.416	765.641
678.441	758.529
679.466	730.928
680.491	746.507
681.515	744.446
682.54	758.993
683.565	703.548
684.589	745.105
685.613	811.755
686.635	777.013
687.659	819.875
688.681	837.807
689.705	811.312
690.727	841.167
691.75	829.344
692.772	821.167
693.793	849.967
694.814	925.928
695.835	887.891
696.856	903.466
697.877	899.519
698.898	970.519
699.918	929.525
700.937	959.838
701.957	982.785
702.978	953.937
703.996	969.481
705.016	933.181
706.034	972.679
707.052	890.089
708.069	955.436
709.087	910.81
710.107	887.507
711.124	878.131
712.139	890.991
713.156	849.358
714.173	843.74
715.19	791.839
716.205	804.496
717.222	795.762
718.238	787.839
719.253	780.79
720.267	791.266
721.283	783.354
722.297	798.54
723.311	750.264
724.325	770.175
725.339	753.343
726.353	769.72
727.366	742.029
728.38	779.708
729.391	748.383
730.404	772.169
731.417	806.837
732.428	742.957
733.441	747.028
734.452	747.406
735.463	737.768
736.475	747.545
737.486	765.739
738.496	727.179
739.506	774.019
740.516	730.003
741.526	711.614
742.534	686.712
743.544	695.702
744.554	684.473
745.561	726.464
746.571	696.018
747.578	679.384
748.587	698.571
749.594	693.953
750.601	651.761
751.608	678.423
752.615	642.738
753.621	637.395
754.628	664.263
755.634	654.461
756.641	664.019
757.647	669.035
758.651	686.979
759.657	650.565
760.663	628.833
761.666	650.411
762.67	628.532
763.676	652.747
764.679	628.811
765.682	646.367
766.686	641.67
767.689	693.356
768.692	625.866
769.694	647.283
770.697	668.92
771.698	622.224
772.7	650.625
773.703	658.611
774.703	667.36
775.703	653.571
776.705	656.276
777.705	678.357
778.705	664.214
779.705	618.605
780.705	674.372
781.704	644.794
782.704	660.778
783.703	693.47
784.702	711.208
785.701	700.96
786.698	751.141
787.697	755.771
788.694	766.984
789.693	745.689
790.689	773.734
791.686	843.635
792.682	797.044
793.68	806.224
794.676	825.606
795.672	910.207
796.666	884.144
797.662	918.741
798.658	908.696
799.653	966.61
800.647	1014.12
801.642	1010.14
802.636	967.763
803.631	1016.54
804.624	1018.71
805.617	1000.44
806.61	991.505
807.602	1006.71
808.595	982.83
809.587	919.015
810.58	942.455
811.572	907.527
812.564	926.48
813.554	919.598
814.546	944.271
815.536	959.688
816.528	1029.67
817.518	983.932
818.507	1010.37
819.499	1050.68
820.488	1131.66
821.477	1192.21
822.466	1206.41
823.455	1309.98
824.444	1361.63
825.431	1439.92
826.42	1515.48
827.408	1720.22
828.395	1785.13
829.383	1924.8
830.369	2068.04
831.356	2230.19
832.342	2353.99
833.33	2510.34
834.315	2715.14
835.301	2974.28
836.287	3264.28
837.27	3542.23
838.256	3681.36
839.241	3873.12
840.226	3955.55
841.209	3937.61
842.194	3977.31
843.177	3746.01
844.16	3611.28
845.145	3439.05
846.127	3152.02
847.11	3034.97
848.092	2800.12
849.074	2751.73
850.056	2739.9
851.039	2761.83
852.018	2716.36
853	2829.78
853.982	2951.42
854.962	3047.47
855.941	3090.58
856.923	3146.13
857.902	3041.23
858.881	2958.61
859.86	2845.6
860.839	2592.42
861.818	2375.63
862.797	2262.5
863.776	2139.85
864.754	2028.99
865.733	1947.52
866.709	1883.57
867.687	1837.23
868.664	1728.48
869.642	1757.94
870.618	1705.64
871.594	1583.47
872.569	1623.37
873.545	1535.29
874.521	1584.41
875.496	1571.75
876.471	1533.18
877.447	1476.04
878.42	1486.97
879.395	1486.73
880.37	1422.88
881.343	1396.86
882.315	1389.4
883.29	1358.11
884.262	1410.78
885.235	1354.71
886.207	1371.37
887.179	1361.17
888.151	1370.22
889.123	1339.61
890.095	1356.04
891.065	1323.68
892.037	1414.9
893.009	1408.43
893.978	1409.35
894.948	1472.99
895.919	1479.57
896.888	1549
897.857	1565.99
898.826	1626.38
899.795	1750.35
900.764	1818.71
901.732	1883.04
902.701	2003.38
903.668	2013.74
904.636	2159.69
905.604	2255.04
906.57	2325.77
907.538	2439.28
908.504	2450.83
909.47	2523.63
910.436	2523.8
911.402	2494.53
912.367	2499.34
913.333	2469.75
914.298	2389
915.264	2309.85
916.229	2237.98
917.192	2254.04
918.157	2129.67
919.12	2048.93
920.084	1997.89
921.047	1879.17
922.01	1850.14
922.972	1807.93
923.935	1737.76
924.897	1705.55
925.859	1613.09
926.821	1555.96
927.783	1569.42
928.743	1492.84
929.705	1509.96
930.667	1399.71
931.626	1390.63
932.586	1364.85
933.547	1351.27
934.506	1331.33
935.466	1262.21
936.425	1199.6
937.384	1195.57
938.343	1190.51
939.301	1205.85
940.26	1196.89
941.217	1195.41
942.175	1222.97
943.132	1218.92
944.09	1250.48
945.046	1225.04
946.002	1222.94
946.96	1258.21
947.916	1184.72
948.872	1218.89
949.828	1203.31
950.783	1229.86
951.737	1230.04
952.692	1240.39
953.647	1560.24
954.601	1708.28
955.556	1567.42
956.509	1256.01
957.464	1242.25
958.417	1260.62
959.369	1224.58
960.322	1258.86
961.275	1243.93
962.227	1249.33
963.179	1308.97
964.132	1324.38
965.082	1372.86
966.034	1325.86
966.984	1361.82
967.936	1439.3
968.885	1466.95
969.837	1496.22
970.787	1464.03
971.736	1567.84
972.686	1572.77
973.635	1673.51
974.584	1654.16
975.533	1657.54
976.48	1765.27
977.429	1792.36
978.378	1806.33
979.325	1836.25
980.273	1840.81
981.22	1843.42
982.166	1870.32
983.113	1877.31
984.061	1798.68
985.007	1853.9
985.953	1795.54
986.897	1718.55
987.843	1719.47
988.789	1629.93
989.734	1636.08
990.678	1566.62
991.623	1556.08
992.567	1500.53
993.51	1431.73
994.453	1436.62
995.398	1417.12
996.341	1334.15
997.284	1340.86
998.227	1278.63
999.168	1260.35
1000.11	1272.89
1001.05	1244.52
1001.99	1219.02
1002.94	1180.61
1003.88	1186.1
1004.82	1183.34
1005.76	1212.39
1006.7	1208.89
1007.64	1198.82
1008.58	1207.24
1009.52	1217.3
1010.46	1212.25
1011.4	1209.92
1012.34	1254.25
1013.27	1211.3
1014.21	1244.14
1015.15	1286.63
1016.09	1253.8
1017.03	1223.72
1017.96	1213.05
1018.9	1256.29
1019.84	1262.92
1020.77	1271.34
1021.71	1234.98
1022.65	1271.69
1023.58	1300.28
1024.52	1299.24
1025.45	1327.41
1026.39	1319.99
1027.32	1345.2
1028.26	1334.53
1029.19	1389.3
1030.12	1352
1031.06	1369.17
1031.99	1346.16
1032.92	1403.27
1033.86	1361.01
1034.79	1428.9
1035.72	1375.34
1036.65	1389.4
1037.59	1384.43
1038.52	1376.47
1039.45	1377.88
1040.38	1429.33
1041.31	1435.47
1042.24	1427.4
1043.17	1438.15
1044.1	1479.09
1045.03	1505.87
1045.96	1473.19
1046.89	1546.72
1047.82	1556.23
1048.75	1606.78
1049.68	1570.27
1050.61	1671.3
1051.53	1655.33
1052.46	1640.86
1053.39	1726.77
1054.32	1753.43
1055.24	1791.4
1056.17	1877.96
1057.1	1923.87
1058.02	2003.32
1058.95	2087.74
1059.88	2136.04
1060.8	2082.37
1061.73	2055.26
1062.65	2014.84
1063.58	1993.56
1064.5	1938.02
1065.43	1938.64
1066.35	1984.71
1067.27	2052.12
1068.2	2044.42
1069.12	2082.92
1070.04	2172.66
1070.97	2115.09
1071.89	2174.29
1072.81	2171.38
1073.73	2168.03
1074.65	2157.23
1075.58	2126.22
1076.5	2130.02
1077.42	2088.64
1078.34	2025.09
1079.26	2054.71
1080.18	1957.8
1081.1	1877.18
1082.02	1799.49
1082.94	1823.5
1083.86	1697.36
1084.78	1688.09
1085.7	1638.05
1086.61	1594.79
1087.53	1541.23
1088.45	1528.56
1089.37	1478.89
1090.28	1500.27
1091.2	1543.3
1092.12	1459.19
1093.03	1515.31
1093.95	1543.05
1094.87	1582.3
1095.78	1558.3
1096.7	1625.31
1097.61	1665.88
1098.53	1706.43
1099.44	1731.75
1100.36	1727.61
1101.27	1780.12
1102.19	1799.39
1103.1	1822.38
1104.01	1847.25
1104.93	1910
1105.84	1947.45
1106.75	1944.59
1107.67	1992.14
1108.58	1939.76
1109.49	1974.4
1110.4	1985.16
1111.31	2030.57
1112.22	2100.22
1113.14	2081.71
1114.05	2198.41
1114.96	2224.53
1115.87	2246.18
1116.78	2301.11
1117.69	2423.18
1118.6	2476.94
1119.51	2617.27
1120.42	2650.42
1121.32	2768.51
1122.23	2827.4
1123.14	2825.64
1124.05	2861.72
1124.96	3189.07
1125.86	2858.8
1126.77	2694.65
1127.68	2628.32
1128.58	2581.94
1129.49	2502.36
1130.4	2479.91
1131.3	2509.22
1132.21	2471.26
1133.11	2514.24
1134.02	2538.89
1134.92	2567.97
1135.83	2633.59
1136.73	2671.96
1137.64	2696.03
1138.54	2694.2
1139.44	2649.33
1140.35	2525.4
1141.25	2490.78
1142.15	2420.19
1143.06	2306.98
1143.96	2249.93
1144.86	2208.04
1145.76	2137.37
1146.66	2005.46
1147.57	1911.36
1148.47	1807.56
1149.37	1755.12
1150.27	1657.93
1151.17	1557.92
1152.07	1496.06
1152.97	1474.23
1153.87	1350.37
1154.77	1296.94
1155.67	1216.72
1156.57	1134.53
1157.46	1139.05
1158.36	1062.67
1159.26	1022.62
1160.16	996.041
1161.05	956.182
1161.95	945.819
1162.85	954.369
1163.75	881.663
1164.64	862.146
1165.54	863.465
1166.44	831.461
1167.33	820.522
1168.23	804.047
1169.12	796.284
1170.02	792.413
1170.91	785.699
1171.81	739.943
1172.7	798.729
1173.59	767.088
1174.49	758.199
1175.38	763.49
1176.27	753.507
1177.17	720.694
1178.06	696.442
1178.95	739.578
1179.84	753.399
1180.74	705.742
1181.63	742.515
1182.52	699.716
1183.41	740.217
1184.3	722.814
1185.19	734.641
1186.08	700.972
1186.97	698.518
1187.86	731.98
1188.75	735.216
1189.64	784.69
1190.53	749.223
1191.42	737.36
1192.31	739.684
1193.2	748.694
1194.09	735.241
1194.97	779.349
1195.86	776.462
1196.75	781.067
1197.64	783.712
1198.52	793.825
1199.41	810.504
1200.29	823.453
1201.18	829.884
1202.07	808.138
1202.95	839.996
1203.84	867.988
1204.72	844.113
1205.61	848.336
1206.49	853.471
1207.38	861.518
1208.26	873.534
1209.14	867.967
1210.03	862.625
1210.91	864.91
1211.79	861.523
1212.68	870.193
1213.56	841.927
1214.44	845.401
1215.32	867.505
1216.21	882.014
1217.09	862.778
1217.97	891.659
1218.85	899.224
1219.73	934.355
1220.61	902.069
1221.49	940.476
1222.37	980.833
1223.25	1059.76
1224.13	1158.34
1225.01	1201.02
1225.89	1285.01
1226.77	1411.4
1227.65	1456.75
1228.52	1457.07
1229.4	1567.26
1230.28	1508.74
1231.16	1539.22
1232.03	1511.12
1232.91	1464.91
1233.79	1528.43
1234.66	1470.4
1235.54	1469.02
1236.42	1432.33
1237.29	1375.59
1238.17	1317.86
1239.04	1260.17
1239.92	1196.85
1240.79	1144.05
1241.67	1108.38
1242.54	1103.15
1243.41	1084.62
1244.29	1056.57
1245.16	1047.58
1246.03	1051.96
1246.91	1038.19
1247.78	1035.78
1248.65	1054.21
1249.52	1048.59
1250.4	1059.07
1251.27	1040.83
1252.14	1098.06
1253.01	1079
1253.88	1082.01
1254.75	1055.45
1255.62	1094.78
1256.49	1114.9
1257.36	1130.09
1258.23	1127.91
1259.1	1170.51
1259.97	1173.86
1260.84	1181.03
1261.71	1214.02
1262.57	1222.28
1263.44	1213.46
1264.31	1252.43
1265.18	1316.23
1266.05	1335.16
1266.91	1417.93
1267.78	1475.78
1268.65	1523.01
1269.51	1659.73
1270.38	1786.75
1271.24	1880.27
1272.11	2014.58
1272.97	2160.11
1273.84	2244.58
1274.7	2357.51
1275.57	2442.83
1276.43	2517.18
1277.3	2424.23
1278.16	2535.22
1279.02	2473.21
1279.89	2393.38
1280.75	2281.84
1281.61	2224.93
1282.48	2108.95
1283.34	1987.41
1284.2	1876.69
1285.06	1757.73
1285.92	1668.08
1286.78	1604.88
1287.65	1484.43
1288.51	1453.44
1289.37	1390.2
1290.23	1328.99
1291.09	1264.43
1291.95	1228.58
1292.81	1196.25
1293.67	1161.78
1294.52	1122.89
1295.38	1114.19
1296.24	1070.65
1297.1	1059.64
1297.96	1043.83
1298.81	1047.65
1299.67	1020.99
1300.53	1012.44
1301.39	1028.35
1302.24	1015.39
1303.1	989.232
1303.95	1000.6
1304.81	975.492
1305.67	961.501
1306.52	996.265
1307.38	1006.3
1308.23	978.169
1309.09	988.267
1309.94	978.606
1310.8	980.53
1311.65	972.732
1312.5	998.19
1313.35	1000.87
1314.21	1003.94
1315.06	1021.58
1315.91	1071.12
1316.77	1065.32
1317.62	1088.09
1318.47	1083.4
1319.32	1113.36
1320.17	1138.66
1321.02	1174.33
1321.87	1169.92
1322.73	1214.68
1323.57	1252.36
1324.43	1278.9
1325.28	1315.65
1326.13	1327.93
1326.97	1357.27
1327.82	1384.93
1328.67	1417.96
1329.52	1456.54
1330.37	1471.16
1331.22	1478.44
1332.06	1515.37
1332.91	1519.08
1333.76	1550.4
1334.61	1547.54
1335.45	1574.42
1336.3	1584.76
1337.15	1588.01
1337.99	1620.35
1338.84	1621.93
1339.68	1649.86
1340.53	1637.81
1341.37	1649.38
1342.22	1658.69
1343.06	1670.34
1343.91	1692.98
1344.75	1680.07
1345.6	1698.22
1346.44	1708.51
1347.28	1711.92
1348.12	1708.33
1348.97	1703.86
1349.81	1732.56
1350.65	1730.51
1351.49	1749.64
1352.33	1747.61
1353.18	1731.97
1354.02	1735.88
1354.86	1757.7
1355.7	1771.66
1356.54	1765.6
1357.38	1760.13
1358.22	1770.86
1359.06	1784.85
1359.9	1797.28
1360.74	1808.36
1361.58	1784.67
1362.42	1779.83
1363.25	1779.03
1364.09	1754.21
1364.93	1735.48
1365.77	1733.16
1366.6	1741.79
1367.19	1750.96
1368.1	1740.4
1369.01	1725.81
1369.92	1779.02
1370.83	1698.18
1371.74	1721.54
1372.65	1721.13
1373.56	1659.63
1374.47	1643.35
1375.37	1693.91
1376.28	1652.91
1377.19	1644.25
1378.1	1653.15
1379	1649.21
1379.91	1577.55
1380.82	1578.51
1381.72	1591.17
1382.63	1581.14
1383.54	1559.19
1384.44	1559.55
1385.35	1515.83
1386.25	1514.13
1387.16	1555.36
1388.06	1546.01
1388.97	1545.54
1389.87	1562.68
1390.78	1586.67
1391.68	1579.63
1392.59	1616.28
1393.49	1620.85
1394.39	1569.15
1395.3	1543.49
1396.2	1484.87
1397.1	1379.94
1398	1339.89
1398.91	1282.69
1399.81	1245.97
1400.71	1223.85
1401.61	1161.4
1402.52	1151.83
1403.42	1102.8
1404.32	1129.56
1405.22	1085.31
1406.12	1083.32
1407.02	1087.2
1407.92	1071.16
1408.82	1047.64
1409.72	1050.05
1410.62	1052.49
1411.52	1030.07
1412.42	1030.49
1413.32	1038.46
1414.21	999.613
1415.11	1017.95
1416.01	1015.28
1416.91	1004.06
1417.81	981.507
1418.71	974.303
1419.6	969.175
1420.5	951.876
1421.4	970.86
1422.29	968.062
1423.19	978.549
1424.09	960.392
1424.98	953.51
1425.88	947.477
1426.77	971.824
1427.67	984.782
1428.56	932.244
1429.46	977.647
1430.35	987.975
1431.25	982.237
1432.14	975.653
1433.04	1008.16
1433.93	1009.44
1434.82	1048.87
1435.72	1034.15
1436.61	1100.43
1437.5	1126.77
1438.39	1148.38
1439.29	1196.71
1440.18	1252.65
1441.07	1270.29
1441.96	1303.14
1442.85	1300.6
1443.75	1381.4
1444.64	1364.83
1445.53	1360.94
1446.42	1405.12
1447.31	1418.61
1448.2	1418.44
1449.09	1447.79
1449.98	1403.87
1450.87	1429.06
1451.76	1482.27
1452.65	1453.05
1453.54	1483.87
1454.43	1514.08
1455.31	1524.16
1456.2	1498.31
1457.09	1515.48
1457.98	1499.3
1458.87	1509.85
1459.75	1501.03
1460.64	1570.79
1461.53	1613.98
1462.41	1656.72
1463.3	1678.4
1464.19	1779.48
1465.07	1916.14
1465.96	1968.84
1466.85	2009.43
1467.73	2048.88
1468.61	2047.68
1469.5	1995.31
1470.38	2003.34
1471.27	1976.53
1472.15	1987.54
1473.04	2049.85
1473.92	2084.73
1474.8	2147.58
1475.69	2167.68
1476.57	2272.44
1477.45	2219.28
1478.34	2187.86
1479.22	2159.54
1480.1	2150.47
1480.98	2105.86
1481.86	2084.79
1482.75	2087.28
1483.63	2070.8
1484.51	1975.69
1485.39	1875.2
1486.27	1742.4
1487.15	1492
1488.03	1303.87
1488.91	1143.82
1489.79	1044.62
1490.67	971.371
1491.55	907.701
1492.43	843.104
1493.31	791.19
1494.19	755.826
1495.07	757.191
1495.94	708.486
1496.82	685.79
1497.7	676.528
1498.58	679.705
1499.45	656.909
1500.33	648.527
1501.21	621.968
1502.09	612.72
1502.96	595.866
1503.84	599.134
1504.72	587.112
1505.59	592.275
1506.47	597.401
1507.34	604.397
1508.22	589.479
1509.09	571.763
1509.97	588.353
1510.84	569.835
1511.72	536.189
1512.59	571.865
1513.46	590.384
1514.34	565.194
1515.21	547.539
1516.08	562.968
1516.96	548.102
1517.83	550.266
1518.7	538.312
1519.57	557.521
1520.45	544.748
1521.32	541.471
1522.19	529.807
1523.06	553.948
1523.93	565.912
1524.8	524.324
1525.67	548.476
1526.54	548.136
1527.41	529.905
1528.28	520.106
1529.16	525.323
1530.02	548.39
1530.89	549.037
1531.76	533.848
1532.63	502.803
1533.5	527.976
1534.37	546.583
1535.24	539.874
1536.11	523.767
1536.97	512.33
1537.84	521.503
1538.71	527.916
1539.57	518.49
1540.44	537.237
1541.31	527.026
1542.18	547.771
1543.04	529.136
1543.91	505.734
1544.77	530.091
1545.64	510.265
1546.5	510.104
1547.37	536.241
1548.24	528.708
1549.1	485.649
1549.96	509.412
1550.83	521.116
1551.69	519.708
1552.56	509.758
1553.42	498.722
1554.28	521.53
1555.15	520.646
1556.01	499.91
1556.87	509.497
1557.73	514.507
1558.6	520.605
1559.46	522.036
1560.32	507.282
1561.18	500.938
1562.04	504.915
1562.9	524.976
1563.77	500.293
1564.63	525.161
1565.49	499.657
1566.35	503.793
1567.21	524.259
1568.07	524.736
1568.93	516.586
1569.79	493.989
1570.64	527.866
1571.5	508.934
1572.36	509.137
1573.22	496.84
1574.08	517.256
1574.94	532.94
1575.8	519.792
1576.65	522.078
1577.51	522.427
1578.37	527.569
1579.22	498.82
1580.08	501.921
1580.94	518.568
1581.79	523.63
1582.65	501.591
1583.51	507.708
1584.36	498.319
1585.22	509.328
1586.07	526.164
1586.93	544.929
1587.78	518.839
1588.63	500.471
1589.49	524.961
1590.34	507.438
1591.2	520.084
1592.05	502.388
1592.9	540.267
1593.76	532.258
1594.61	520.397
1595.46	518.395
1596.32	553.613
1597.17	526.453
1598.02	530.585
1598.87	547.419
1599.72	518.194
1600.58	529.954
1601.43	534.738
1602.28	533.527
1603.13	540.046
1603.98	542.591
1604.83	513.851
1605.68	554.554
1606.53	566.007
1607.38	540.424
1608.23	579.336
1609.08	526.422
1609.93	546.661
1610.77	538.474
1611.62	560.444
1612.47	556.055
1613.32	529.32
1614.17	548.457
1615.01	553.077
1615.86	542.178
1616.71	575.063
1617.55	543.658
1618.4	563.712
1619.25	544.77
1620.09	547.15
1620.94	547.563
1621.79	564.489
1622.63	546.578
1623.48	571.377
1624.32	559.443
1625.17	539.827
1626.01	554.113
1626.86	554.856
1627.7	548.821
1628.54	558.244
1629.39	553.129
1630.23	579.864
1631.07	561.115
1631.92	568.397
1632.76	538.009
1633.6	567.441
1634.45	570.851
1635.29	558.894
1636.13	556.618
1636.97	570.728
1637.81	585.791
1638.66	568.142
1639.5	567.823
1640.34	564.665
1641.18	551.962
1642.02	577.769
1642.86	579.605
1643.7	568.009
1644.54	565.051
1645.38	560.141
1646.22	584.034
1647.06	605.988
1647.89	557.787
1648.73	567.32
1649.57	573.1
1650.41	601.123
1651.25	574.408
1652.09	586.235
1652.92	591.295
1653.76	603.969
1654.6	578.899
1655.43	598.102
1656.27	599.94
1657.11	604.773
1657.94	585.644
1658.78	585.977
1659.62	583.501
1660.45	564.55
1661.29	559.988
1662.12	595.009
1662.96	576.617
1663.79	548.485
1664.62	569.861
1665.46	575.858
1666.29	580.068
1667.13	536.767
1667.96	569.333
1668.79	578.582
1669.63	567.325
1670.46	564.77
1671.29	568.003
1672.12	581.93
1672.96	562.562
1673.79	556.841
1674.62	560.899
1675.45	577.733
1676.28	563.285
1677.11	544.966
1677.95	550.228
1678.78	530.939
1679.61	555.823
1680.44	538.331
1681.27	513.813
1682.1	532.54
1682.93	537.464
1683.75	504.988
1684.58	523.814
1685.41	522.01
1686.24	540.969
1687.07	517.49
1687.9	520.649
1688.73	522.801
1689.55	530.866
1690.38	509.215
1691.21	513.245
1692.04	478.579
1692.86	527.03
1693.69	505.082
1694.52	508.87
1695.34	517.654
1696.17	489.886
1696.99	493.925
1697.82	459.383
1698.64	511.161
1699.47	504.39
1700.29	500.509
1701.12	484.592
1701.94	516.262
1702.77	478.306
1703.59	489.98
1704.41	468.871
1705.24	487.49
1706.06	485.283
1706.88	480.129
1707.71	498.811
1708.53	469.88
1709.35	470.709
1710.17	482.427
1711	473.272
1711.82	459.12
1712.64	470.704
1713.46	445.612
1714.28	488.887
1715.1	430.217
1715.92	488.42
1716.74	460.53
1717.56	464.28
1718.38	469.915
1719.2	475.416
1720.02	465
1720.84	462.457
1721.66	477.722
1722.48	614.303
1723.3	612.082
1724.11	609.022
1724.93	608.941
1725.75	578.198
1726.57	579.781
1727.39	447.358
1728.2	472.366
1729.02	464.918
1729.84	506.62
1730.65	588.572
1731.47	589.154
1732.29	475.102
1733.1	453.175
1733.92	440.023
1734.73	453.253
1735.55	480.141
1736.36	471.87
1737.18	464.627
1737.99	479.846
1738.81	460.914
1739.62	469.243
1740.43	463.89
1741.25	478.956
1742.06	453.2
1742.87	457.629
1743.69	465.003
1744.5	452.017
1745.31	448.747
1746.13	434.82
1746.94	462.576
1747.75	454.51
1748.56	456.173
1749.37	451.096
1750.18	428.62
1750.99	432.265
1751.81	466.837
1752.61	466.575
1753.42	476.96
1754.24	462.251
1755.04	439.858
1755.85	463.867
1756.66	448.232
1757.47	438.329
1758.28	446.703
1759.09	442.47
1759.9	422.806
1760.71	423.455
1761.52	459.846
1762.32	444.273
1763.13	452.853
1763.94	463.375
1764.74	449.778
1765.55	455.433
1766.36	447.594
1767.17	434.972
1767.97	424.341
1768.78	411.838
1769.58	443.753
1770.39	437.075
1771.19	451.605
1772	445.812
1772.8	443.856
1773.61	437.067
1774.41	412.892
1775.22	461.263
1776.02	475.813
1776.83	439.076
1777.63	425.55
1778.43	428.497
1779.23	416.95
1780.04	449.08
1780.84	443.472
1781.64	441.78
1782.44	420.659
1783.25	433.537
1784.05	440.563
1784.85	407.625
1785.65	427.269
1786.45	428.402
1787.25	451.021
1788.05	408.232
1788.86	425.991
1789.65	446.698
1790.46	404.771
1791.25	419.575
1792.05	423.603
1792.85	419.797
1793.65	422.881
1794.45	425.035
1795.25	439.041
1796.05	442.305
1796.85	433.791
1797.64	445.953
1798.44	432.452
1799.24	409.98
1800.04	422.988
1800.83	431.019
1801.63	425.184
1802.43	430.219
1803.22	409.515
1804.02	427.418
1804.82	452.262
1805.61	436.46
1806.41	433.52
1807.2	409.739
1808	413.739
1808.79	399.896
1809.59	436.732
1810.38	434.861
1811.18	413.089
1811.97	449.94
1812.76	415.081
1813.56	425.898
1814.35	418.74
1815.14	431.467
1815.94	408.434
1816.73	442.187
1817.52	436.242
1818.31	434.322
1819.1	426.407
1819.9	430.367
1820.69	433.236
1821.48	438.018
1822.27	426.831
1823.06	444.532
1823.85	408.501
1824.64	407.332
1825.43	414.114
1826.22	437.778
1827.01	410.669
1827.8	429.314
1828.59	436.044
1829.38	432.875
1830.17	424.77
1830.96	420.637
1831.74	435.343
1832.53	430.099
1833.32	409.894
1834.11	397.601
1834.89	422.983
1835.68	411.66
1836.47	423.141
1837.26	417.796
1838.04	428.291
1838.83	419.984
1839.61	414.629
1840.4	432.934
1841.19	428.478
1841.97	423.011
1842.76	430.352
1843.54	427.882
1844.33	425.486
1845.11	419.244
1845.89	417.981
1846.68	420.674
1847.46	414.523
1848.25	403.444
1849.03	450.226
1849.81	407.749
1850.6	411.392
1851.38	419.959
1852.16	413.841
1852.94	429.256
1853.72	416.232
1854.51	427.631
1855.29	413.548
1856.07	397.499
1856.85	426.379
1857.63	400.566
1858.41	409.901
1859.19	428.012
1859.97	418.865
1860.75	430.223
1861.53	405.629
1862.31	413.216
1863.09	421.811
1863.87	409.969
1864.65	424.351
1865.43	423.089
1866.21	430.492
1866.99	417.42
1867.76	421.808
1868.54	421.36
1869.32	414.191
1870.1	422.618
1870.87	394.324
1871.65	408.718
1872.43	404.736
1873.2	409.46
1873.98	400.591
1874.76	374.262
1875.53	404.105
1876.31	401.054
1877.08	400.968
1877.86	401.908
1878.63	391.253
1879.41	394.154
1880.18	416.409
1880.96	402.753
1881.73	408.457
1882.5	415.137
1883.28	402.455
1884.05	414.059
1884.82	400.477
1885.6	359.722
1886.37	409.21
1887.14	393.642
1887.91	436.318
1888.68	402.273
1889.46	407.102
1890.23	401.296
1891	400.418
1891.77	409.354
1892.54	403.781
1893.31	406.064
1894.08	391.788
1894.85	379.411
1895.62	403.117
1896.39	389.544
1897.16	429.667
1897.93	385.506
1898.7	417.666
1899.47	442.047
1900.24	408.782
1901.01	407.956
1901.77	400.377
1902.54	398.725
1903.31	409.815
1904.08	406.109
1904.84	417.1
1905.61	398.515
1906.38	394.663
1907.14	400.657
1907.91	386.943
1908.68	384.091
1909.44	402.987
1910.21	394.276
1910.97	397.448
1911.74	406.585
1912.51	424.655
1913.27	374.34
1914.03	394.361
1914.8	409.414
1915.56	392.658
1916.33	396.718
1917.09	385.83
1917.85	398.772
1918.62	373.891
1919.38	370.878
1920.14	414.656
1920.9	373.862
1921.67	386.887
1922.43	395.018
1923.19	380.282
1923.95	393.522
1924.71	398.787
1925.47	397.006
1926.24	365.106
1927	396.167
1927.76	401.115
1928.52	374.951
1929.28	385.804
1930.04	414.661
1930.8	396.452
1931.56	395.277
1932.32	390.125
1933.08	391.028
1933.83	400.001
1934.59	401.021
1935.35	387.033
1936.11	374.008
1936.87	387.963
1937.62	379.762
1938.38	388.507
1939.14	390.187
1939.89	397.882
1940.65	402.626
1941.41	377.417
1942.16	391.268
1942.92	388.092
1943.68	393.851
1944.43	392.512
1945.19	365.113
1945.94	377.626
1946.7	373.152
1947.45	381.66
1948.21	379.245
1948.96	403.744
1949.71	387.478
1950.47	378.214
1951.22	361.027
1951.98	398.497
1952.73	375.357
1953.48	392.892
1954.23	401.414
1954.99	399.926
1955.74	387.472
1956.49	395.771
1957.24	380.359
1957.99	401.56
1958.75	390.28
1959.5	418.527
1960.25	432.998
1961	426.757
1961.75	406.676
1962.5	394.415
1963.25	404.726
1964	377.694
1964.75	395.851
1965.5	385.57
1966.25	404.684
1967	406.104
1967.74	376.167
1968.49	393.087
1969.24	421.617
1969.99	376.091
1970.74	403.679
1971.48	393.431
1972.23	377.491
1972.98	385.923
1973.73	407.973
1974.47	396.988
1975.22	381.084
1975.96	390.292
1976.71	402.318
1977.46	426.857
1978.2	402.138
1978.95	395.873
1979.69	409.973
1980.44	403.927
1981.18	408.559
1981.93	399.712
1982.67	393.711
1983.41	418.44
1984.16	382.389
1984.9	404.954
1985.64	382.273
1986.39	377.867
1987.13	369.682
1987.87	374.036
1988.61	398.57
1989.36	392.521
1990.1	390.342
1990.84	407.307
1991.58	384.102
1992.32	395.331
1993.06	392.247
1993.81	333.79
1994.55	388.176
1995.29	388.172
1996.03	387.282
1996.77	396.963
1997.51	371.237
1998.24	372.284
1998.98	363.707
1999.72	377.128
2000.46	376.139
2001.2	396.241
2001.94	393.341
2002.68	350.167
2003.41	364.598
2004.15	371.38
2004.89	388.744
2005.63	403.227
2006.36	361.916
2007.1	392.708
2007.84	381.174
2008.57	357.139
2009.31	368.762
2010.05	376.602
2010.78	359.432
2011.52	360.61
2012.25	371.457
2012.99	369.726
2013.72	363.105
2014.46	346.744
2015.19	346.798
2015.92	357.508
2016.66	366.326
2017.39	376.193
2018.13	336.636
2018.86	352.467
2019.59	361.557
2020.32	350.209
2021.06	345.639
2021.79	367.059
2022.52	378.331
2023.25	370.155
2023.98	370.499
2024.72	365.277
2025.45	378.078
2026.18	358.589
2026.91	333.598
2027.64	372.881
2028.37	353.168
2029.1	374.433
2029.83	356.748
2030.56	332.597
2031.29	363.512
2032.02	368.4
2032.75	365.154
2033.47	367.157
2034.2	375.807
2034.93	348.37
2035.66	358.997
2036.39	369.652
2037.11	371.501
2037.84	362.636
2038.57	357.993
2039.3	365.338
2040.02	360.105
2040.75	353.97
2041.47	356.243
2042.2	375.513
2042.93	368.151
2043.65	357.668
2044.38	362.253
2045.1	355.54
2045.83	376.264
2046.55	379.922
2047.28	374.194
2048	376.16
2048.73	372.853
2049.45	363.873
2050.17	368.969
2050.9	378.786
2051.62	371.167
2052.34	356.431
2053.07	381.781
2053.79	364.405
2054.51	365.592
2055.23	370.711
2055.95	362.672
2056.68	364.049
2057.4	364.96
2058.12	351.967
2058.84	372.203
2059.56	378.016
2060.28	371.387
2061	373.274
2061.72	365.181
2062.44	382.17
2063.16	385.376
2063.88	374.579
2064.6	386.947
2065.32	391.948
2066.03	384.98
2066.75	377.523
2067.47	388.386
2068.19	373.107
2068.91	374.071
2069.62	381.886
2070.34	367.208
2071.06	384.367
2071.77	366.624
2072.49	387.932
2073.21	391.554
2073.92	382.777
2074.64	377.279
2075.36	378.781
2076.07	366.379
2076.79	362.176
2077.5	379.976
2078.22	375.353
2078.93	370.809
2079.64	381.093
2080.36	377.316
2081.07	373.231
2081.79	368.453
2082.5	369.543
2083.21	369.414
2083.93	380.776
2084.64	379.794
2085.35	363.073
2086.07	372.601
2086.78	366.745
2087.49	364.015
2088.2	372.908
2088.91	375.022
2089.62	384.913
2090.33	377.615
2091.04	368.217
2091.76	373.84
2092.47	382.242
2093.18	378.264
2093.89	353.721
2094.6	365.568
2095.3	373.595
2096.01	397.094
2096.72	394.051
2097.43	374.115
2098.14	364.563
2098.85	370.557
2099.56	376.126
2100.09	368.69
2100.87	398.188
2101.65	389.147
2102.43	393.952
2103.21	389.843
2103.99	368.894
2104.77	362.692
2105.55	374.167
2106.32	382.618
2107.1	367.453
2107.88	388.738
2108.66	387.514
2109.44	373.636
2110.22	409.888
2110.99	373.483
2111.77	348.773
2112.55	373.969
2113.33	389.214
2114.1	361.372
2114.88	395.206
2115.66	385.173
2116.43	382.114
2117.21	372.313
2117.99	411.341
2118.76	367.352
2119.54	376.992
2120.31	402.183
2121.09	392.226
2121.86	386.181
2122.64	364.571
2123.41	390.724
2124.19	411.047
2124.96	395.38
2125.74	394.374
2126.51	401.225
2127.28	375.985
2128.06	380.952
2128.83	394.675
2129.61	377.16
2130.38	401.529
2131.15	384.928
2131.92	397.59
2132.7	389.804
2133.47	381.066
2134.24	380.14
2135.01	397.752
2135.78	376.313
2136.55	370.489
2137.33	385.189
2138.1	381.368
2138.87	390.294
2139.64	371.889
2140.41	370.145
2141.18	397.825
2141.95	376.559
2142.72	400.403
2143.49	382.024
2144.26	388.14
2145.03	391.263
2145.8	370.749
2146.57	386.662
2147.33	363.234
2148.1	381.248
2148.87	372.681
2149.64	393.742
2150.41	369.299
2151.17	395.246
2151.94	395.438
2152.71	372.839
2153.48	392.898
2154.24	375.319
2155.01	379.611
2155.78	375.971
2156.54	367.338
2157.31	352.683
2158.08	372.897
2158.84	390.113
2159.61	374.335
2160.37	382.488
2161.14	350.603
2161.9	391.743
2162.67	374.886
2163.43	351.061
2164.2	375.418
2164.96	381.808
2165.72	373.143
2166.49	355.355
2167.25	371.706
2168.01	356.74
2168.78	364.884
2169.54	361.922
2170.3	358.99
2171.07	356.115
2171.83	367.447
2172.59	371.761
2173.35	359.887
2174.11	384.412
2174.88	390.642
2175.64	355.22
2176.4	372.447
2177.16	350.172
2177.92	367.473
2178.68	384.841
2179.44	371.841
2180.2	390.347
2180.96	359.093
2181.72	378.618
2182.48	392.021
2183.24	380.963
2184	381.051
2184.76	389.246
2185.52	364.844
2186.28	380.138
2187.04	344.539
2187.79	379.2
2188.55	396.569
2189.31	391.542
2190.07	391.604
2190.83	389.624
2191.58	374.394
2192.34	393.793
2193.1	354.074
2193.85	404.992
2194.61	374.346
2195.37	404.741
2196.12	392.315
2196.88	390.048
2197.63	389.834
2198.39	361.237
2199.15	394.66
2199.9	393.614
2200.66	393.604
2201.41	389.503
2202.16	381.28
2202.92	388.206
2203.67	354.545
2204.43	378.66
2205.18	354.21
2205.93	384.502
2206.69	354.142
2207.44	382.52
2208.19	376.484
2208.95	385.585
2209.7	375.39
2210.45	365.148
2211.2	389.256
2211.95	364.836
2212.71	354.582
2213.46	361.502
2214.21	384.551
2214.96	382.351
2215.71	352.918
2216.46	370.819
2217.21	377.593
2217.96	388.346
2218.71	435.213
2219.46	375.661
2220.21	374.39
2220.96	399.225
2221.71	399.062
2222.46	364.907
2223.21	363.795
2223.96	381.651
2224.71	388.438
2225.46	390.175
2226.21	366.947
2226.95	403.599
2227.7	391.414
2228.45	361.356
2229.2	384.108
2229.94	378.986
2230.69	388.789
2231.44	359.811
2232.18	394.45
2232.93	394.283
2233.68	401.04
2234.42	378.989
2235.17	373.793
2235.92	402.274
2236.66	377.288
2237.41	386.997
2238.15	368.065
2238.9	431.22
2239.64	371.819
2240.38	388.511
2241.13	415.049
2241.87	380.356
2242.62	377.253
2243.36	382.039
2244.1	384.85
2244.85	392.589
2245.59	384.571
2246.33	365.739
2247.08	392.194
2247.82	396.991
2248.56	380.133
2249.3	395.694
2250.05	393.532
2250.79	415.905
2251.53	386.272
2252.27	390.049
2253.01	390.934
2253.75	370.311
2254.49	402.66
2255.23	378.191
2255.97	387.056
2256.71	401.792
2257.45	370.421
2258.19	371.358
2258.93	378.133
2259.67	371.169
2260.41	383.805
2261.15	411.167
2261.89	356.366
2262.63	389.754
2263.36	380.115
2264.1	410.677
2264.84	377.52
2265.58	397.268
2266.32	382.635
2267.05	380.703
2267.79	378.734
2268.53	365.958
2269.26	403.212
2270	388.505
2270.74	364.031
2271.48	399.447
2272.21	378.008
2272.95	389.98
2273.68	401.995
2274.42	381.591
2275.15	410.352
2275.89	387.938
2276.62	379.258
2277.36	399.107
2278.09	385.428
2278.83	374.675
2279.56	379.674
2280.29	393.542
2281.03	393.608
2281.76	393.686
2282.49	391.821
2283.23	385.064
2283.96	379.339
2284.69	389.459
2285.42	361.041
2286.16	391.922
2286.89	395.058
2287.62	392.191
2288.35	389.283
2289.08	402.224
2289.81	375.594
2290.55	389.647
2291.28	378.002
2292.01	367.382
2292.74	398.49
2293.47	376.945
2294.2	370.261
2294.93	376.459
2295.66	388.576
2296.39	374.734
2297.11	378.782
2297.85	387.807
2298.57	388.893
2299.3	402.006
2300.03	389.255
2300.76	380.525
2301.49	346.806
2302.22	370.003
2302.94	378.177
2303.67	393.328
2304.4	380.456
2305.12	378.615
2305.85	362.78
2306.58	390.059
2307.31	377.246
2308.03	366.399
2308.76	334.418
2309.48	357.622
2310.21	365.755
2310.93	373.902
2311.66	340.867
2312.38	369.178
2313.11	361.311
2313.83	356.451
2314.56	336.452
2315.28	349.648
2316.01	351.741
2316.73	343.76
2317.45	372.088
2318.18	363.15
2318.9	361.285
2319.62	362.443
2320.35	372.668
2321.07	354.593
2321.79	321.339
2322.52	349.697
2323.24	341.698
2323.96	362.013
2324.68	337.859
2325.4	307.617
2326.12	327.922
2326.84	321.909
2327.56	278.442
2328.29	276.459
2329.01	284.611
2329.73	282.664
2330.45	305.037
2331.17	325.402
2331.89	325.495
2332.61	364.069
2333.32	362.075
2334.04	360.057
2334.76	352.966
2335.48	371.228
2336.2	331.743
2336.92	334.85
2337.64	365.348
2338.35	354.271
2339.07	362.446
2339.79	326.983
2340.51	334.12
2341.23	331.13
2341.94	351.519
2342.66	336.427
2343.37	350.8
2344.09	349.927
2344.81	347.981
2345.52	353.068
2346.24	339.785
2346.95	346.778
2347.67	330.417
2348.38	348.624
2349.1	337.472
2349.82	354.823
2350.53	347.862
2351.24	364.275
2351.96	331.872
2352.67	342.088
2353.39	327.847
2354.1	350.155
2354.81	348.052
2355.53	321.582
2356.24	358.116
2356.95	364.209
2357.66	346.973
2358.38	359.215
2359.09	357.259
2359.8	351.259
2360.51	352.395
2361.22	362.712
2361.94	354.75
2362.65	342.723
2363.36	351.048
2364.07	358.331
2364.78	348.241
2365.49	334.012
2366.2	340.122
2366.91	337.033
2367.62	377.762
2368.33	367.558
2369.04	359.422
2369.75	363.535
2370.46	337.083
2371.16	355.465
2371.87	343.263
2372.58	338.192
2373.29	322.934
2374	337.243
2374.71	343.403
2375.41	360.776
2376.12	354.693
2376.83	367.983
2377.53	376.187
2378.24	356.875
2378.95	340.634
2379.65	332.552
2380.36	343.842
2381.07	342.857
2381.77	365.318
2382.48	343.889
2383.18	350.051
2383.89	347.084
2384.59	377.876
2385.3	347.411
2386	371.082
2386.71	346.636
2387.41	350.732
2388.12	335.329
2388.82	352.61
2389.52	344.355
2390.23	377.017
2390.93	366.829
2391.63	350.538
2392.34	371.018
2393.04	334.237
2393.74	331.14
2394.44	353.569
2395.15	361.723
2395.85	351.55
2396.55	376.162
2397.25	373.211
2397.95	362.052
2398.65	377.402
2399.35	368.144
2400.05	378.246
2400.75	384.234
2401.45	359.614
2402.15	370.772
2402.85	370.762
2403.55	371.827
2404.25	371.911
2404.95	367.929
2405.65	367.005
2406.35	368.106
2407.05	361.011
2407.75	376.376
2408.44	373.353
2409.14	408.15
2409.84	346.9
2410.54	378.649
2411.24	369.493
2411.93	359.275
2412.63	367.413
2413.33	378.572
2414.02	368.25
2414.72	362.014
2415.42	397.638
2416.11	348.565
2416.81	365.849
2417.5	347.454
2418.2	365.811
2418.9	368.893
2419.59	341.383
2420.28	374.032
2420.98	378.069
2421.67	348.399
2422.37	375.778
2423.06	358.313
2423.75	358.214
2424.45	374.48
2425.14	343.999
2425.84	357.362
2426.53	357.512
2427.22	394.339
2427.91	379.125
2428.61	368.926
2429.3	384.13
2429.99	358.501
2430.68	365.425
2431.37	362.137
2432.07	368.003
2432.76	340.374
2433.45	343.291
2434.14	356.425
2434.83	368.603
2435.52	347.319
2436.21	353.433
2436.9	343.261
2437.59	354.338
2438.28	336.948
2438.97	359.074
2439.66	356.866
2440.35	376.969
2441.04	366.738
2441.72	357.562
2442.41	382.795
2443.1	357.435
2443.79	376.547
2444.48	376.423
2445.16	396.501
2445.85	373.165
2446.54	341.813
2447.23	352.904
2447.91	370.069
2448.6	343.817
2449.29	347.832
2449.97	356.867
2450.66	368.916
2451.34	361.801
2452.03	381.944
2452.72	374.879
2453.4	359.753
2454.09	359.73
2454.77	376.793
2455.46	375.64
2456.14	355.307
2456.82	363.164
2457.51	382.104
2458.19	367.913
2458.88	364.858
2459.56	383.98
2460.24	363.934
2460.92	392.165
2461.61	375.144
2462.29	373.191
2462.97	381.274
2463.66	394.352
2464.34	393.303
2465.02	431.423
2465.7	387.056
2466.38	403.992
2467.06	385.773
2467.75	411.77
2468.42	390.635
2469.11	413.725
2469.79	384.676
2470.47	418.904
2471.15	389.89
2471.83	382.949
2472.51	380.995
2473.19	397.086
2473.86	378.985
2474.54	420.128
2475.22	381.929
2475.9	381.922
2476.58	373.923
2477.26	386.054
2477.94	365.071
2478.61	372.228
2479.29	405.518
2479.97	392.539
2480.65	369.467
2481.32	384.59
2482	373.562
2482.68	357.513
2483.35	398.819
2484.03	397.877
2484.71	376.789
2485.38	375.792
2486.06	378.783
2486.73	391.81
2487.41	380.696
2488.08	373.641
2488.76	342.496
2489.43	379.797
2490.11	385.966
2490.78	408.267
2491.45	370.158
2492.13	391.441
2492.8	415.734
2493.48	386.596
2494.15	370.548
2494.82	371.653
2495.49	380.863
2496.17	346.729
2496.84	367.119
2497.51	372.387
2498.18	380.671
2498.86	376.771
2499.53	410.228
2500.2	382.94
2500.87	399.13
2501.54	393.096
2502.21	395.223
2502.88	398.442
2503.55	388.552
2504.22	388.797
2504.89	407.26
2505.56	401.322
2506.23	386.186
2506.9	401.465
2507.57	414.728
2508.24	424.997
2508.91	406.884
2509.58	430.439
2510.25	426.537
2510.91	401.227
2511.58	437.898
2512.25	414.549
2512.92	406.465
2513.59	404.518
2514.25	423.981
2514.92	406.837
2515.59	422.272
2516.25	425.473
2516.92	409.281
2517.59	405.279
2518.25	402.271
2518.92	418.62
2519.58	430.899
2520.25	406.497
2520.91	402.518
2521.58	414.906
2522.24	418.164
2522.91	391.844
2523.57	394.12
2524.24	422.975
2524.9	412.962
2525.56	411.098
2526.23	421.495
2526.89	430.858
2527.55	418.697
2528.22	413.68
2528.88	389.151
2529.54	421.978
2530.21	404.547
2530.87	433.231
2531.53	410.704
2532.19	388.243
2532.85	381.233
2533.51	412.247
2534.18	406.353
2534.84	403.497
2535.5	390.274
2536.16	422.17
2536.82	429.299
2537.48	424.041
2538.14	395.17
2538.8	423.865
2539.46	420.808
2540.12	432.216
2540.78	450.892
2541.44	419.246
2542.09	409.163
2542.75	421.667
2543.41	418.676
2544.07	419.719
2544.73	422.732
2545.39	425.667
2546.04	397.713
2546.7	429.366
2547.36	425.08
2548.02	424.967
2548.67	428.007
2549.33	444.453
2549.98	438.358
2550.64	470.259
2551.3	435.425
2551.95	438.576
2552.61	455.083
2553.26	477.762
2553.92	429.542
2554.57	452.164
2555.23	449.033
2555.88	477.659
2556.54	460.005
2557.19	477.218
2557.85	479.049
2558.5	449.164
2559.15	446.006
2559.81	466.477
2560.46	453.183
2561.11	479.859
2561.77	492.168
2562.42	500.322
2563.07	478.697
2563.72	484.663
2564.37	457.842
2565.03	484.237
2565.68	485.106
2566.33	475.843
2566.98	515.73
2567.63	501.498
2568.28	505.662
2568.93	499.539
2569.58	471.86
2570.23	469.675
2570.88	498.114
2571.53	496.96
2572.18	496.918
2572.83	487.757
2573.48	497.01
2574.13	480.721
2574.78	469.494
2575.43	472.51
2576.07	470.381
2576.72	477.422
2577.37	487.524
2578.02	460.91
2578.67	434.307
2579.31	485.18
2579.96	448.336
2580.61	465.476
2581.26	490.73
2581.9	453.909
2582.55	468.044
2583.19	469.037
2583.84	454.847
2584.49	468.171
2585.13	438.74
2585.78	436.719
2586.42	442.743
2587.07	423.236
2587.71	440.27
2588.36	467.407
2589	439.723
2589.65	457.772
2590.29	445.459
2590.93	460.595
2591.58	468.693
2592.22	447.442
2592.86	442.446
2593.51	424.295
2594.15	440.644
2594.79	453.969
2595.43	455.112
2596.07	438.966
2596.72	415.659
2597.36	463.357
2598	441.968
2598.64	454.04
2599.28	442.775
2599.92	433.575
2600.56	454.849
2601.2	425.469
2601.85	408.284
2602.49	457.024
2603.13	446.91
2603.76	434.731
2604.4	429.623
2605.04	453.915
2605.68	436.64
2606.32	453.851
2606.96	461.938
2607.6	430.473
2608.24	428.374
2608.88	413.074
2609.51	463.6
2610.15	453.377
2610.79	440.182
2611.43	434.15
2612.06	438.312
2612.7	439.485
2613.34	451.821
2613.97	424.617
2614.61	419.679
2615.25	460.358
2615.88	458.426
2616.52	468.666
2617.15	441.365
2617.79	464.826
2618.42	453.785
2619.06	441.724
2619.69	447.932
2620.33	458.182
2620.96	471.451
2621.6	461.317
2622.23	452.189
2622.86	468.481
2623.5	455.329
2624.13	464.574
2624.76	445.374
2625.4	445.492
2626.03	468.991
2626.66	450.745
2627.29	446.718
2627.93	451.844
2628.56	472.257
2629.19	473.37
2629.82	493.864
2630.45	496.054
2631.08	487.036
2631.71	459.647
2632.34	460.764
2632.98	523.042
2633.61	490.521
2634.24	488.616
2634.87	504.1
2635.5	524.728
2636.12	525.976
2636.75	523.126
2637.38	503.898
2638.01	522.46
2638.64	519.531
2639.27	513.506
2639.9	544.278
2640.53	506.48
2641.15	551.523
2641.78	541.309
2642.41	541.335
2643.04	543.441
2643.66	554.802
2644.29	559.044
2644.92	586.86
2645.54	525.571
2646.17	561.542
2646.8	553.416
2647.42	578.027
2648.05	571.87
2648.67	596.443
2649.3	555.468
2649.92	574.976
2650.55	565.849
2651.17	586.494
2651.8	575.411
2652.42	627.937
2653.05	625.094
2653.67	616.059
2654.29	612.096
2654.92	594.722
2655.54	576.267
2656.16	574.215
2656.79	611.187
2657.41	608.462
2658.03	585.931
2658.65	608.541
2659.27	590.96
2659.9	596.307
2660.52	603.132
2661.14	586.947
2661.76	623.968
2662.38	591.956
2663	586.884
2663.62	626.324
2664.24	600.367
2664.86	601.204
2665.48	610.515
2666.1	652.522
2666.72	610.697
2667.34	606.255
2667.96	611.013
2668.58	629.296
2669.2	608.95
2669.82	615.234
2670.44	616.214
2671.05	600.435
2671.67	627.958
2672.29	636.395
2672.91	651.906
2673.53	636.929
2674.14	675.714
2674.76	637.385
2675.38	674.218
2675.99	659.803
2676.61	685.011
2677.23	685.86
2677.84	734
2678.46	769.075
2679.07	772.346
2679.69	814.602
2680.3	856.264
2680.92	910.033
2681.53	942.002
2682.15	988.707
2682.76	1012.16
2683.38	1012.4
2683.99	1006.19
2684.61	1009.68
2685.22	1025.38
2685.83	1002.3
2686.44	979.514
2687.06	1002.51
2687.67	987.379
2688.28	978.697
2688.9	981.732
2689.51	1003.01
2690.12	1012.52
2690.73	1020.8
2691.34	992.185
2691.96	1008.67
2692.57	1015.77
2693.18	1028.98
2693.79	1010.08
2694.4	1031.77
2695.01	1024.63
2695.62	1038.21
2696.23	1031.77
2696.84	1029.98
2697.45	1036.58
2698.06	1011.09
2698.67	1015.15
2699.28	1014.83
2699.88	994.16
2700.49	1006.92
2701.1	1003.13
2701.71	1001.13
2702.32	1003.08
2702.93	1003.7
2703.53	1015.68
2704.14	1053.97
2704.75	1046.19
2705.36	1037.4
2705.96	1037.16
2706.57	1045.51
2707.17	1031.89
2707.78	1030.86
2708.39	1027.72
2708.99	1052.68
2709.6	1058.35
2710.2	1051.49
2710.81	1086.35
2711.41	1072.39
2712.02	1050.52
2712.62	1074.87
2713.23	1098.78
2713.83	1101.9
2714.44	1099.74
2715.04	1117.51
2715.64	1112.42
2716.25	1118.27
2716.85	1123.85
2717.45	1121.66
2718.05	1116.86
2718.66	1128.64
2719.26	1131.7
2719.86	1135.25
2720.46	1155.15
2721.06	1151.34
2721.67	1166.22
2722.27	1160.39
2722.87	1154.21
2723.47	1157.95
2724.07	1177.52
2724.67	1208.12
2725.27	1217.32
2725.71	1194.97
2726.38	1193.74
2727.06	1200.46
2727.73	1209.09
2728.4	1232.92
2729.07	1203.94
2729.74	1232.05
2730.42	1234.99
2731.09	1212.78
2731.76	1203.99
2732.43	1235.99
2733.1	1252.8
2733.77	1275.68
2734.44	1250.61
2735.11	1265.04
2735.78	1264.03
2736.45	1298.47
2737.12	1285.95
2737.79	1271.31
2738.46	1318.7
2739.13	1301.06
2739.8	1289.67
2740.47	1323.21
2741.14	1310.25
2741.81	1288.33
2742.47	1267.53
2743.14	1285.42
2743.81	1325.67
2744.48	1276.19
2745.15	1294.86
2745.81	1314.49
2746.48	1312.74
2747.15	1319.2
2747.81	1319.58
2748.48	1343.39
2749.15	1357.9
2749.81	1369.16
2750.48	1358.81
2751.15	1396.31
2751.81	1398.15
2752.48	1371.67
2753.14	1362.84
2753.81	1332.88
2754.47	1308.15
2755.14	1280.24
2755.8	1274.54
2756.47	1245.04
2757.13	1242.93
2757.8	1209.06
2758.46	1201.84
2759.13	1210.14
2759.79	1210.46
2760.45	1192.5
2761.12	1207.22
2761.78	1189.03
2762.44	1198.25
2763.1	1238.01
2763.77	1229.66
2764.43	1195.87
2765.09	1239.03
2765.76	1239.48
2766.42	1249.33
2767.08	1264.41
2767.74	1295.86
2768.4	1296.46
2769.06	1290.74
2769.72	1347.46
2770.38	1357.93
2771.05	1381.71
2771.71	1405.55
2772.37	1424.38
2773.03	1489.57
2773.69	1532.3
2774.35	1570.94
2775.01	1645.45
2775.67	1681.75
2776.33	1786.77
2776.99	1882.43
2777.64	1939.04
2778.3	2044.12
2778.96	2106.16
2779.62	2175.47
2780.28	2205.6
2780.94	2245.84
2781.59	2272.55
2782.25	2291.01
2782.91	2261.29
2783.57	2226.72
2784.22	2216.15
2784.88	2216.07
2785.54	2192.25
2786.2	2170.14
2786.85	2181.45
2787.51	2161.3
2788.16	2181.01
2788.82	2230.58
2789.48	2184.77
2790.13	2254.83
2790.79	2246.2
2791.44	2285.26
2792.1	2304.72
2792.75	2348.54
2793.41	2365.01
2794.06	2414.98
2794.72	2464.6
2795.37	2472.9
2796.02	2480.25
2796.68	2512.52
2797.33	2541.97
2797.98	2575.8
2798.64	2555.34
2799.29	2616.32
2799.94	2682.56
2800.6	2671.69
2801.25	2715.41
2801.9	2720
2802.55	2754.38
2803.21	2802.01
2803.86	2861.79
2804.51	2861.63
2805.16	2934.4
2805.81	3008.13
2806.46	3022.19
2807.11	3072.32
2807.77	3112.17
2808.42	3106.64
2809.07	3153.4
2809.72	3240.02
2810.37	3241.05
2811.02	3318.11
2811.67	3337.82
2812.32	3435.96
2812.97	3463.61
2813.61	3529.63
2814.26	3551.66
2814.91	3556.25
2815.56	3621.39
2816.21	3673
2816.86	3691.49
2817.51	3742.63
2818.15	3790.4
2818.8	3891.34
2819.45	3859.56
2820.1	3920.32
2820.74	3970.14
2821.39	4024.64
2822.04	4077.62
2822.69	4161.61
2823.33	4196.04
2823.98	4237
2824.63	4287.47
2825.27	4359.95
2825.92	4409.68
2826.56	4467.92
2827.21	4517.49
2827.85	4582.1
2828.5	4554.86
2829.14	4616.2
2829.79	4648.06
2830.43	4673.96
2831.08	4665.07
2831.72	4624.27
2832.37	4715.78
2833.01	4742.17
2833.65	4852.39
2834.3	4871.72
2834.94	4853.66
2835.58	4858.92
2836.23	4886.56
2836.87	4996.28
2837.51	4936.77
2838.16	4932.2
2838.8	4959.07
2839.44	5002.98
2840.08	5030.71
2840.72	5039.8
2841.36	5008.26
2842.01	5080.98
2842.65	5082.53
2843.29	5125.17
2843.93	5109.5
2844.57	5090.94
2845.21	5108.45
2845.85	5118.8
2846.49	5127.28
2847.13	5193.65
2847.77	5215.5
2848.41	5258.47
2849.05	5291.32
2849.69	5232.2
2850.33	5187.49
2850.97	5179.62
2851.61	5148.14
2852.24	5167.7
2852.88	5314.98
2853.52	5328.68
2854.16	5321.1
2854.8	5305.26
2855.43	5291.74
2856.07	5301.42
2856.71	5316.46
2857.35	5323.58
2857.98	5377.77
2858.62	5316.21
2859.26	5359.42
2859.89	5438.56
2860.53	5412.21
2861.16	5520.49
2861.8	5494.15
2862.44	5608.07
2863.07	5617.35
2863.71	5720.27
2864.34	5786.42
2864.98	5790.2
2865.61	5819.12
2866.25	5917.19
2866.88	5983.15
2867.52	6055.89
2868.15	6130.29
2868.78	6132.25
2869.42	6251.82
2870.05	6262.5
2870.69	6417.2
2871.32	6532.53
2871.95	6636.17
2872.58	6729.83
2873.22	6839.79
2873.85	6990.48
2874.48	7121.92
2875.11	7237.54
2875.75	7384.36
2876.38	7558.81
2877.01	7578.27
2877.64	7742.57
2878.27	7874.64
2878.9	7936.63
2879.53	8147.58
2880.16	8209.55
2880.79	8379.3
2881.42	8449.2
2882.05	8632.34
2882.68	8751.87
2883.31	8867.69
2883.94	8955.63
2884.57	9114.73
2885.2	9178.88
2885.83	9251.32
2886.46	9337.39
2887.09	9391.36
2887.72	9463.52
2888.35	9477.78
2888.97	9524.42
2889.6	9500.53
2890.23	9568.59
2890.86	9569.64
2891.49	9585.59
2892.11	9621.69
2892.74	9604.71
2893.37	9661.23
2893.99	9690.04
2894.62	9722.22
2895.25	9714.07
2895.87	9742.92
2896.5	9688.72
2897.12	9791.31
2897.75	9763.09
2898.38	9825.97
2899	9919.8
2899.63	9927.32
2900.25	10029.1
2900.88	10022.6
2901.5	10086.5
2902.12	10210.5
2902.75	10179.3
2903.37	10162.5
2904	10219.7
2904.62	10299.2
2905.25	10187.8
2905.87	10244.6
2906.49	10220.8
2907.11	10241.2
2907.74	10073.2
2908.36	10218.1
2908.98	10113.8
2909.6	10026
2910.23	10043.7
2910.85	9901.91
2911.47	9847.85
2912.09	9667.17
2912.71	9622.47
2913.33	9613.12
2913.96	9412.46
2914.58	9247.4
2915.2	9139.01
2915.82	8969.73
2916.44	8784.86
2917.06	8613.89
2917.68	8448.29
2918.3	8294.04
2918.92	8384.93
2919.54	8134.76
2920.16	7949.99
2920.77	7887.71
2921.39	7813.06
2922.01	7739.23
2922.63	7716.78
2923.25	7551.52
2923.87	7623.6
2924.48	7623.85
2925.1	7585.19
2925.72	7561.45
2926.34	7546.91
2926.95	7600.75
2927.57	7526.32
2928.19	7559.56
2928.8	7481.32
2929.42	7509.16
2930.04	7591.22
2930.65	7562.45
2931.27	7575.57
2931.89	7595.02
2932.5	7706.99
2933.12	7705.73
2933.73	7796.88
2934.35	7794.33
2934.96	7843.39
2935.58	7974.21
2936.19	7957.83
2936.81	8085.97
2937.42	8093.34
2938.03	8115.7
2938.65	8202.72
2939.26	8264.9
2939.88	8167.93
2940.49	8209.23
2941.1	8324.43
2941.71	8267.59
2942.33	8277.63
2942.94	8182.22
2943.55	8285.15
2944.17	8203.65
2944.78	8288.62
2945.39	8176.35
2946	8099.01
2946.61	8105.98
2947.22	8094.78
2947.83	8061.4
2948.45	8046.98
2949.06	8022.56
2949.67	7911.21
2950.28	7915.46
2950.89	7837.2
2951.5	7788.63
2952.11	7629.84
2952.72	7579.41
2953.33	7458.06
2953.94	7401.01
2954.54	7328.64
2955.15	7168.74
2955.76	7111.62
2956.37	6959.75
2956.98	6861.74
2957.59	6826.45
2958.2	6704.05
2958.8	6619.43
2959.41	6441.76
2960.02	6385.52
2960.63	6272.57
2961.23	6180.46
2961.84	6087.84
2962.45	5984.89
2963.05	5885.59
2963.66	5815.07
2964.27	5615.97
2964.87	5607.55
2965.48	5436.27
2966.08	5439.38
2966.69	5302.09
2967.29	5257.76
2967.9	5109.39
2968.5	4968.46
2969.11	4936.38
2969.71	4838.73
2970.32	4702.8
2970.92	4614.07
2971.53	4545.46
2972.13	4393.47
2972.74	4323.09
2973.34	4255.79
2973.94	4145.51
2974.54	4118.16
2975.15	4046.92
2975.75	3876.93
2976.35	3867.88
2976.96	3750.78
2977.56	3701.7
2978.16	3607.49
2978.76	3497.75
2979.36	3454.61
2979.97	3366.45
2980.57	3291.82
2981.17	3237.63
2981.77	3195.39
2982.37	3113.61
2982.97	3068.25
2983.57	2958.09
2984.17	2889.1
2984.77	2842.11
2985.37	2763.03
2985.97	2703.01
2986.57	2664.92
2987.17	2613.62
2987.77	2529.31
2988.37	2465.13
2988.97	2458.97
2989.57	2375.61
2990.17	2321.81
2990.76	2271.1
2991.36	2180.6
2991.96	2192.7
2992.56	2120.94
2993.16	2081.93
2993.75	2058.13
2994.35	1953.24
2994.95	1915.77
2995.54	1887.5
2996.14	1829.76
2996.74	1772.32
2997.33	1749.94
2997.93	1753.33
2998.52	1675.98
2999.12	1662.02
2999.72	1620.39
3000.31	1618.63
3000.91	1582.07
3001.5	1546.51
3002.1	1507.83
3002.69	1481.33
3003.29	1471.09
3003.88	1433.08
3004.47	1415.54
3005.07	1380.72
3005.66	1367.63
3006.26	1335.33
3006.85	1280.66
3007.44	1262.93
3008.04	1259.46
3008.63	1251.68
3009.22	1230.28
3009.81	1223.02
3010.41	1240.28
3011	1142.63
3011.59	1132.36
3012.18	1152
3012.77	1121.47
3013.36	1087.88
3013.96	1114.84
3014.55	1071.91
3015.14	1056.73
3015.73	1030.32
3016.32	1048.21
3016.91	1037.38
3017.5	1037.82
3018.09	987.692
3018.68	974.455
3019.27	998.176
3019.86	985.86
3020.45	947.902
3021.04	965.688
3021.63	962.998
3022.22	940.752
3022.8	932.867
3023.39	927.958
3023.98	912.632
3024.57	897.263
3025.16	930.391
3025.74	898.532
3026.33	885.233
3026.92	891.488
3027.5	854.311
3028.09	839.77
3028.68	847.916
3029.26	866.43
3029.85	851.014
3030.44	862.571
3031.02	862.897
3031.61	824.029
3032.19	851.223
3032.78	828.726
3033.37	807.139
3033.95	838.176
3034.54	860.898
3035.12	812.297
3035.71	840.217
3036.29	826.811
3036.87	811.348
3037.46	834.133
3038.04	831.093
3038.63	832.241
3039.21	835.549
3039.79	811.033
3040.38	794.859
3040.96	802.507
3041.54	803.875
3042.12	793.697
3042.71	808.199
3043.29	829.778
3043.87	835.705
3044.45	811.596
3045.03	797.936
3045.62	785.454
3046.2	822.791
3046.78	776.41
3047.36	820.129
3047.94	770.64
3048.52	822.579
3049.1	807.111
3049.68	784.321
3050.26	783.243
3050.84	840.149
3051.42	800.724
3052	798.586
3052.58	817.161
3053.16	816.077
3053.74	808.818
3054.32	797.483
3054.89	755.161
3055.47	797.836
3056.05	780.49
3056.63	781.791
3057.21	813.099
3057.78	793.503
3058.36	799.706
3058.94	821.36
3059.52	850.217
3060.09	801.364
3060.67	807.508
3061.25	806.478
3061.82	841.77
3062.4	843.91
3062.97	851.184
3063.55	813.829
3064.13	858.278
3064.7	832.268
3065.28	828.065
3065.85	833.259
3066.43	813.647
3067	819.932
3067.58	818.895
3068.15	831.203
3068.72	824.736
3069.3	832.685
3069.87	823.039
3070.45	833.139
3071.02	804.077
3071.59	839.274
3072.17	822.844
3072.74	825.029
3073.31	844.727
3073.89	818.795
3074.46	820.706
3075.03	803.981
3075.6	854.516
3076.17	843.136
3076.74	839.121
3077.32	853.819
3077.89	831.319
3078.46	827.399
3079.03	853.406
3079.6	859.637
3080.17	838.848
3080.74	841.765
3081.31	838.414
3081.88	849.515
3082.45	849.243
3083.02	854.158
3083.59	854.956
3084.16	834.079
3084.73	836.962
3085.3	818.188
3085.87	844.877
3086.43	854.107
3087	856.223
3087.57	850.171
3088.14	888.539
3088.71	867.011
3089.28	847.464
3089.84	868.084
3090.41	841.154
3090.98	866.84
3091.54	888.388
3092.11	905.806
3092.68	881.946
3093.24	875.613
3093.81	877.524
3094.38	921.72
3094.94	881.395
3095.51	874.092
3096.07	884.32
3096.64	899.68
3097.2	896.465
3097.77	896.341
3098.33	934.381
3098.9	918.932
3099.46	931.383
3100.03	904.731
3100.59	902.794
3101.15	929.654
3101.72	923.454
3102.28	892.449
3102.84	903.648
3103.41	926.147
3103.97	922.878
3104.53	936.073
3105.1	919.402
3105.66	913.037
3106.22	915.96
3106.78	935.38
3107.34	953.803
3107.91	964.024
3108.47	941.357
3109.03	939.301
3109.59	942.459
3110.15	942.626
3110.71	981.988
3111.27	948.332
3111.83	935.212
3112.39	951.828
3112.95	979.598
3113.51	950.579
3114.07	975.02
3114.63	965.513
3115.19	976.681
3115.75	991.05
3116.31	1000.36
3116.87	943.832
3117.43	984.987
3117.98	981.806
3118.54	992.933
3119.1	997.838
3119.66	1020.23
3120.22	996.419
3120.77	1011.75
3121.33	995.298
3121.89	998.395
3122.44	1000.43
3123	1062
3123.56	1020.7
3124.11	1012.21
3124.67	1011.92
3125.23	1021.93
3125.78	1040.24
3126.34	996.063
3126.89	1047.46
3127.45	1016.84
3128	1022.18
3128.56	1070.65
3129.11	1083.13
3129.67	1040.08
3130.22	1001.04
3130.78	1072.84
3131.33	1032.62
3131.88	1049.84
3132.44	1044.45
3132.99	1042.16
3133.54	1052.23
3134.1	1049.04
3134.65	1077.72
3135.2	1074.66
3135.76	1055.23
3136.31	1073.77
3136.86	1041
3137.41	1063.61
3137.96	1069.77
3138.51	1071.8
3139.07	1076.89
3139.62	1102.49
3140.17	1091.16
3140.72	1107.54
3141.27	1049.07
3141.82	1110.61
3142.37	1113.67
3142.92	1112.58
3143.47	1125.84
3144.02	1089.87
3144.57	1064.22
3145.12	1117.62
3145.67	1134.22
3146.22	1141.69
3146.77	1132.76
3147.32	1154.59
3147.86	1178.37
3148.41	1156.87
3148.96	1158.85
3149.51	1134.04
