401.058	1638.57
402.149	1769.51
403.243	1769.63
404.332	1739.41
405.424	1737.44
406.515	1678.9
407.606	1598.89
408.697	1602.86
409.785	1477.23
410.876	1486.98
411.967	1375.61
413.055	1379.44
414.143	1323.11
415.233	1308.7
416.321	1356.59
417.409	1355.85
418.499	1333.8
419.586	1354.67
420.673	1378.55
421.761	1458.22
422.848	1458.65
423.935	1544.34
425.02	1589.53
426.106	1664.24
427.193	1723.1
428.278	1815.78
429.364	1841.02
430.45	1926.02
431.534	1962.43
432.618	1958.82
433.704	2002.55
434.788	2042.1
435.871	2063.49
436.955	2022.4
438.038	2055.68
439.123	2015.44
440.204	1970.82
441.287	1971.71
442.37	1871.88
443.452	1728.02
444.535	1628.18
445.615	1543.59
446.698	1440
447.78	1417.3
448.86	1207.74
449.939	1210.83
451.021	1147.56
452.101	1066.83
453.18	1049.06
454.262	1015.39
455.341	948.963
456.42	929.568
457.499	890.529
458.578	910.888
459.654	880.327
460.733	898.185
461.811	852.077
462.89	786.445
463.966	854.635
465.044	855.88
466.12	818.937
467.197	857.34
468.273	811.839
469.349	870.437
470.426	849.554
471.501	872.143
472.576	829.462
473.651	826.812
474.726	904.146
475.801	849.871
476.876	834.768
477.95	847.565
479.022	914.099
480.097	965.618
481.171	961.324
482.243	959.678
483.317	967.22
484.388	994.145
485.46	1062.59
486.533	1164.1
487.605	1158.36
488.676	1200.52
489.747	1272.1
490.818	1308.76
491.889	1369.54
492.959	1388.26
494.03	1447.58
495.1	1463.71
496.171	1591.73
497.239	1586.24
498.309	1547.44
499.379	1572.72
500.446	1590.69
501.514	1553.04
502.584	1552.38
503.651	1575.86
504.718	1579.48
505.788	1626.27
506.855	1594.4
507.921	1555.17
508.988	1554.35
510.055	1607.56
511.119	1648.04
512.186	1677.68
513.252	1675.41
514.318	1709.03
515.382	1790.48
516.448	1884.95
517.512	1919.05
518.577	1967.15
519.641	2022.9
520.704	2082.67
521.768	2055.18
522.833	2206.57
523.896	2209.38
524.959	2265.3
526.021	2235.65
527.084	2345.88
528.144	2408.59
529.207	2489.73
530.269	2525.97
531.331	2556.5
532.391	2645.38
533.453	2646.2
534.513	2643.58
535.572	2604.47
536.634	2573.92
537.693	2492.33
538.752	2464.05
539.812	2422.6
540.87	2289.33
541.929	2237.5
542.988	2131.19
544.047	2003.5
545.105	2054.61
546.164	1846.53
547.22	1795.38
548.278	1669.74
549.336	1612.83
550.392	1622.99
551.448	1496.2
552.505	1452.72
553.561	1353.6
554.616	1373.93
555.671	1402.62
556.728	1296.02
557.783	1266.45
558.836	1197.5
559.891	1156.31
560.946	1143.88
562	1077.73
563.055	1066.57
564.107	1056.55
565.161	1046.67
566.213	1084.94
567.267	1004.69
568.318	964.233
569.37	957.986
570.424	1009.93
571.475	958.493
572.526	956.035
573.577	1007.99
574.628	1015.69
575.679	1042.75
576.73	1060.63
577.781	1028.91
578.829	1037.8
579.88	1055.07
580.93	1019.93
581.978	1047.34
583.026	950.513
584.076	929.07
585.124	893.813
586.172	970.691
587.221	978.597
588.269	1023.2
589.316	1016.26
590.363	982.61
591.41	988.395
592.457	1019.91
593.502	1042.46
594.549	1012.18
595.595	945.575
596.64	952.551
597.686	932.05
598.73	915.048
599.776	867.401
600.82	842.454
601.864	842.204
602.908	809.876
603.953	819.134
604.997	814.898
606.04	806.269
607.083	797.673
608.125	816.59
609.168	794.731
610.211	789.239
611.253	764.246
612.294	815.774
613.336	808.341
614.377	812.967
615.419	785.328
616.459	811.134
617.499	808.249
618.539	781.294
619.579	765.38
620.619	771.621
621.658	755.784
622.698	800.862
623.737	789.747
624.776	801.727
625.815	786.088
626.852	790.796
627.891	810.331
628.928	771.744
629.966	734.017
631.003	757.114
632.041	747.719
633.077	743.701
634.114	719.293
635.15	742.883
636.185	738.895
637.221	676.041
638.257	687.08
639.292	693.554
640.328	652.932
641.361	677.662
642.396	685.609
643.431	695.239
644.464	608.094
645.497	619.551
646.532	664.21
647.564	642.787
648.597	633.461
649.629	639.829
650.663	645.257
651.695	636.808
652.727	635.601
653.757	601.224
654.789	617.342
655.821	603.177
656.852	641.394
657.882	650.336
658.913	635.511
659.942	650.988
660.973	630.659
662.002	678.111
663.031	659.485
664.06	651.038
665.09	684.052
666.119	699.937
667.147	729.848
668.175	661.591
669.201	655.674
670.229	674.401
671.257	665.288
672.285	646.797
673.311	633.801
674.338	691.795
675.363	651.438
676.389	660.929
677.416	679.676
678.441	655.914
679.466	651.35
680.491	682.608
681.515	649.185
682.54	674.807
683.565	601.832
684.589	621.223
685.613	688.742
686.635	669.626
687.659	701.335
688.681	719.195
689.705	716.682
690.727	715.961
691.75	745.734
692.772	735.675
693.793	767.227
694.814	811.684
695.835	820.866
696.856	803.103
697.877	836.198
698.898	874.806
699.918	870.84
700.937	882.646
701.957	827.872
702.978	870.267
703.996	867.309
705.016	826.39
706.034	807.64
707.052	815.685
708.069	839.443
709.087	805.92
710.107	772.457
711.124	813.902
712.139	787.942
713.156	746.297
714.173	714.795
715.19	699.857
716.205	706.06
717.222	711.209
718.238	721.783
719.253	702.774
720.267	681.025
721.283	661.189
722.297	679.186
723.311	651.199
724.325	652.729
725.339	681.915
726.353	704.732
727.366	667.834
728.38	676.983
729.391	680.604
730.404	682.308
731.417	689.399
732.428	637.511
733.441	655.414
734.452	668.693
735.463	650.822
736.475	690.895
737.486	655.874
738.496	649.411
739.506	653.1
740.516	677.893
741.526	636.546
742.534	636.422
743.544	629.809
744.554	591.974
745.561	594.526
746.571	609.951
747.578	593.314
748.587	619.829
749.594	594.099
750.601	577.574
751.608	586.779
752.615	571.255
753.621	567.714
754.628	595.461
755.634	563.553
756.641	562.928
757.647	606.524
758.651	555.329
759.657	571.353
760.663	564.319
761.666	563.693
762.67	513.127
763.676	601.968
764.679	564.147
765.682	538.242
766.686	524.291
767.689	555.631
768.692	574.098
769.694	553.871
770.697	534.721
771.698	532.361
772.7	543.047
773.703	543.501
774.703	550.306
775.703	559.698
776.705	554.033
777.705	621.641
778.705	583.352
779.705	539.594
780.705	558.183
781.704	609.4
782.704	546.348
783.703	544.589
784.702	628.325
785.701	619.922
786.698	652.417
787.697	629.122
788.694	643.097
789.693	585.467
790.689	637.667
791.686	697.292
792.682	724.248
793.68	715.733
794.676	707.184
795.672	740.577
796.666	796.425
797.662	788.152
798.658	841.41
799.653	827.55
800.647	881.563
801.642	877.594
802.636	852.957
803.631	873.849
804.624	803.508
805.617	842.065
806.61	848.996
807.602	820.589
808.595	776.375
809.587	816.62
810.58	822.49
811.572	790.401
812.564	764.921
813.554	809.953
814.546	814.273
815.536	844.526
816.528	840.489
817.518	884.547
818.507	886.953
819.499	899.55
820.488	983.336
821.477	1004.18
822.466	1068.33
823.455	1114.72
824.444	1197.86
825.431	1302.07
826.42	1341.76
827.408	1465.48
828.395	1601.37
829.383	1667.38
830.369	1801.44
831.356	1910.28
832.342	2096.8
833.33	2248.73
834.315	2375.61
835.301	2626.67
836.287	2865.37
837.27	3120.37
838.256	3234.63
839.241	3377.62
840.226	3413.11
841.209	3440.09
842.194	3344.72
843.177	3231.87
844.16	3104.43
845.145	2967.03
846.127	2760.76
847.11	2619.72
848.092	2465.7
849.074	2454.95
850.056	2437.57
851.039	2383.16
852.018	2421.42
853	2486.15
853.982	2562.8
854.962	2654.29
855.941	2664.31
856.923	2710.59
857.902	2648.78
858.881	2564.16
859.86	2431.66
860.839	2241.85
861.818	2103.24
862.797	1954.17
863.776	1880.33
864.754	1831.18
865.733	1723.04
866.709	1701.47
867.687	1601.76
868.664	1534.42
869.642	1608.04
870.618	1467.34
871.594	1427.98
872.569	1447.58
873.545	1383.39
874.521	1374.43
875.496	1370.01
876.471	1347.99
877.447	1316.64
878.42	1341.39
879.395	1237.94
880.37	1255.2
881.343	1240.25
882.315	1221.72
883.29	1241.09
884.262	1227.38
885.235	1161.13
886.207	1177.76
887.179	1175.84
888.151	1172.92
889.123	1237.25
890.095	1180.86
891.065	1213.94
892.037	1205.6
893.009	1235.99
893.978	1270.07
894.948	1238.73
895.919	1245.28
896.888	1349.69
897.857	1419.2
898.826	1449.08
899.795	1507.47
900.764	1620.11
901.732	1699.23
902.701	1734.71
903.668	1862.29
904.636	1941.88
905.604	2015.13
906.57	2086.8
907.538	2141.27
908.504	2232.99
909.47	2235.57
910.436	2279
911.402	2274.53
912.367	2251.51
913.333	2215.34
914.298	2155.79
915.264	2048.84
916.229	2028.71
917.192	1927.25
918.157	1854.6
919.12	1818.18
920.084	1730.92
921.047	1704.72
922.01	1606.11
922.972	1590.72
923.935	1528.84
924.897	1491.94
925.859	1388.3
926.821	1369.14
927.783	1314.77
928.743	1264.09
929.705	1223.55
930.667	1210.77
931.626	1169.12
932.586	1163.73
933.547	1148.21
934.506	1122.6
935.466	1084.07
936.425	1066.04
937.384	1044.23
938.343	1054
939.301	1067.42
940.26	1052.8
941.217	1037.26
942.175	1094.62
943.132	1062.47
944.09	1086.44
945.046	1061.83
946.002	1083.02
946.96	1106.03
947.916	1024.97
948.872	1098.43
949.828	1055.61
950.783	1079.3
951.737	1056.92
952.692	1004.39
953.647	1079.34
954.601	1031.32
955.556	1053.72
956.509	1102.54
957.464	1065.26
958.417	1052.56
959.369	1101.9
960.322	1112.62
961.275	1136.21
962.227	1126.57
963.179	1138.31
964.132	1161.29
965.082	1186.31
966.034	1144.94
966.984	1246.6
967.936	1224.43
968.885	1271.73
969.837	1321.65
970.787	1338.36
971.736	1421.52
972.686	1406.77
973.635	1456.85
974.584	1474.17
975.533	1531.07
976.48	1565.59
977.429	1616.14
978.378	1661.08
979.325	1608.4
980.273	1653.31
981.22	1670.94
982.166	1652.81
983.113	1670.16
984.061	1631.92
985.007	1658.16
985.953	1560.56
986.897	1525.82
987.843	1514.67
988.789	1500.02
989.734	1443.52
990.678	1401.19
991.623	1354.19
992.567	1322.05
993.51	1271.99
994.453	1234.89
995.398	1269.64
996.341	1190.47
997.284	1224.29
998.227	1163.04
999.168	1189.53
1000.11	1153.63
1001.05	1205.39
1001.99	1125.88
1002.94	1097.71
1003.88	1054.76
1004.82	1092.97
1005.76	1096.84
1006.7	1095.17
1007.64	1099.05
1008.58	1086.01
1009.52	1081.16
1010.46	1080.79
1011.4	1098.05
1012.34	1121.92
1013.27	1078.96
1014.21	1088.46
1015.15	1140.19
1016.09	1080.23
1017.03	1143.35
1017.96	1124.23
1018.9	1088.99
1019.84	1156.31
1020.77	1152.56
1021.71	1095.63
1022.65	1188.36
1023.58	1141.18
1024.52	1219.55
1025.45	1213.94
1026.39	1191.44
1027.32	1219.37
1028.26	1226.46
1029.19	1203.3
1030.12	1235.4
1031.06	1228.13
1031.99	1214.45
1032.92	1229.19
1033.86	1210.3
1034.79	1261.13
1035.72	1225.33
1036.65	1244
1037.59	1258.75
1038.52	1263
1039.45	1236.99
1040.38	1285.54
1041.31	1302.01
1042.24	1319.4
1043.17	1348.08
1044.1	1326.59
1045.03	1358.99
1045.96	1345.18
1046.89	1394.03
1047.82	1402.49
1048.75	1442.49
1049.68	1432.38
1050.61	1463.02
1051.53	1492.52
1052.46	1460.84
1053.39	1490.6
1054.32	1559.08
1055.24	1609.41
1056.17	1668.37
1057.1	1679.03
1058.02	1789.81
1058.95	1811.33
1059.88	1872.85
1060.8	1822.89
1061.73	1829.06
1062.65	1742.81
1063.58	1674.72
1064.5	1743.99
1065.43	1707.32
1066.35	1739.98
1067.27	1805.51
1068.2	1815.07
1069.12	1822.26
1070.04	1904.57
1070.97	1916.63
1071.89	1898.81
1072.81	1972.01
1073.73	1976.22
1074.65	1928.22
1075.58	1900.01
1076.5	1866.65
1077.42	1889.1
1078.34	1810.37
1079.26	1817.22
1080.18	1769.85
1081.1	1685.47
1082.02	1633.5
1082.94	1601.49
1083.86	1533.37
1084.78	1502.31
1085.7	1446.62
1086.61	1363.54
1087.53	1371.7
1088.45	1341.96
1089.37	1297.06
1090.28	1319.42
1091.2	1324.58
1092.12	1330.57
1093.03	1301.48
1093.95	1356.75
1094.87	1406.45
1095.78	1481.85
1096.7	1439.07
1097.61	1477.75
1098.53	1507.89
1099.44	1507.66
1100.36	1566
1101.27	1594.88
1102.19	1580.15
1103.1	1620.21
1104.01	1643.24
1104.93	1692.8
1105.84	1699.09
1106.75	1763.3
1107.67	1773.95
1108.58	1739.46
1109.49	1833.6
1110.4	1822.57
1111.31	1837.69
1112.22	1878.98
1113.14	1947.51
1114.05	1977.25
1114.96	2008.11
1115.87	2022.19
1116.78	2164.07
1117.69	2132.01
1118.6	2232.1
1119.51	2295.9
1120.42	2346.14
1121.32	2432.2
1122.23	2471.3
1123.14	2519.58
1124.05	2521.5
1124.96	2521.4
1125.86	2443.24
1126.77	2400.92
1127.68	2311.62
1128.58	2266.05
1129.49	2255.68
1130.4	2208.62
1131.3	2220.96
1132.21	2220.99
1133.11	2261.17
1134.02	2260.22
1134.92	2271.21
1135.83	2329.1
1136.73	2355.91
1137.64	2327.62
1138.54	2350.32
1139.44	2263.55
1140.35	2246.89
1141.25	2150.42
1142.15	2097.79
1143.06	2062.42
1143.96	1941.51
1144.86	1940.4
1145.76	1835.35
1146.66	1771.93
1147.57	1729.23
1148.47	1583.5
1149.37	1510.09
1150.27	1468.13
1151.17	1406.21
1152.07	1363.39
1152.97	1271.02
1153.87	1199.55
1154.77	1139.44
1155.67	1117.35
1156.57	1039.93
1157.46	1026.35
1158.36	978.547
1159.26	936.585
1160.16	894.737
1161.05	865.331
1161.95	842.55
1162.85	851.086
1163.75	777.436
1164.64	787.487
1165.54	731.697
1166.44	721.645
1167.33	697.424
1168.23	710.455
1169.12	709.348
1170.02	682.641
1170.91	682.574
1171.81	674.855
1172.7	680.384
1173.59	660.168
1174.49	662.707
1175.38	668.975
1176.27	666.624
1177.17	675.611
1178.06	660.86
1178.95	667.974
1179.84	668.543
1180.74	637.005
1181.63	631.142
1182.52	652.766
1183.41	632.647
1184.3	660.719
1185.19	643.228
1186.08	620.952
1186.97	651.619
1187.86	649.199
1188.75	643.03
1189.64	674.616
1190.53	662.776
1191.42	706.561
1192.31	690.049
1193.2	684.001
1194.09	679.968
1194.97	716.54
1195.86	693.873
1196.75	714.476
1197.64	719.943
1198.52	757.352
1199.41	703.457
1200.29	734.289
1201.18	735.074
1202.07	774.469
1202.95	770.575
1203.84	782.579
1204.72	786.928
1205.61	814.661
1206.49	816.982
1207.38	807.188
1208.26	806.055
1209.14	764.782
1210.03	767.849
1210.91	782.3
1211.79	798.618
1212.68	767.75
1213.56	761.11
1214.44	797.515
1215.32	813.987
1216.21	818.172
1217.09	786.736
1217.97	831.589
1218.85	791.228
1219.73	849.801
1220.61	855.073
1221.49	845.429
1222.37	877.221
1223.25	929.674
1224.13	1018.75
1225.01	1091.58
1225.89	1157.63
1226.77	1260.41
1227.65	1326.5
1228.52	1315.46
1229.4	1372.69
1230.28	1320.65
1231.16	1358.55
1232.03	1299.06
1232.91	1300.99
1233.79	1305.62
1234.66	1308.17
1235.54	1280.15
1236.42	1305.1
1237.29	1243.58
1238.17	1183.92
1239.04	1137.59
1239.92	1117.93
1240.79	1047.03
1241.67	1075.96
1242.54	998.423
1243.41	983.64
1244.29	962.2
1245.16	1023.66
1246.03	989.884
1246.91	976.082
1247.78	960.27
1248.65	972.939
1249.52	969.214
1250.4	982.541
1251.27	942.338
1252.14	1011.97
1253.01	1021.55
1253.88	1009.25
1254.75	980.756
1255.62	994.265
1256.49	1033.48
1257.36	1026.68
1258.23	1059.86
1259.1	1068.08
1259.97	1072.4
1260.84	1082.46
1261.71	1110.69
1262.57	1116.1
1263.44	1145.45
1264.31	1181.55
1265.18	1211.96
1266.05	1188.91
1266.91	1267.87
1267.78	1317.14
1268.65	1360.59
1269.51	1486.86
1270.38	1537.69
1271.24	1682.73
1272.11	1770.45
1272.97	1882.77
1273.84	1967.36
1274.7	2034.77
1275.57	2097.45
1276.43	2100.62
1277.3	2170.55
1278.16	2099.86
1279.02	2158.9
1279.89	2077.83
1280.75	1969.33
1281.61	1948.27
1282.48	1805.44
1283.34	1777.56
1284.2	1638.55
1285.06	1573.29
1285.92	1493.01
1286.78	1389.69
1287.65	1321.54
1288.51	1240.51
1289.37	1212.26
1290.23	1187.63
1291.09	1176.58
1291.95	1100.17
1292.81	1065.61
1293.67	1051.53
1294.52	1009.69
1295.38	996.52
1296.24	986.479
1297.1	979.392
1297.96	963.077
1298.81	931.912
1299.67	940.218
1300.53	941.243
1301.39	929.125
1302.24	960.556
1303.1	909.581
1303.95	924.948
1304.81	896.417
1305.67	920.342
1306.52	932.572
1307.38	927.68
1308.23	913.598
1309.09	938.724
1309.94	931.462
1310.8	922.52
1311.65	907.234
1312.5	918.634
1313.35	951.685
1314.21	950.897
1315.06	957.814
1315.91	950.58
1316.77	1002.6
1317.62	1022.17
1318.47	1025.46
1319.32	1053.43
1320.17	1087.23
1321.02	1095.37
1321.87	1147.84
1322.73	1158.27
1323.57	1193.41
1324.43	1238.75
1325.28	1228.18
1326.13	1237.75
1326.97	1295.26
1327.82	1354.88
1328.67	1351.39
1329.52	1340.3
1330.37	1409.1
1331.22	1415.21
1332.06	1424.78
1332.91	1462.11
1333.76	1478.9
1334.61	1484.88
1335.45	1472.93
1336.3	1508.03
1337.15	1521.29
1337.99	1517.6
1338.84	1544.24
1339.68	1565.46
1340.53	1555.23
1341.37	1567.1
1342.22	1590.4
1343.06	1573.73
1343.91	1592.03
1344.75	1603.23
1345.6	1602.79
1346.44	1603.47
1347.28	1636.45
1348.12	1653.98
1348.97	1654.97
1349.81	1646.35
1350.65	1633.81
1351.49	1627.8
1352.33	1607.14
1353.18	1618.02
1354.02	1644.4
1354.86	1663.16
1355.7	1666.99
1356.54	1647.13
1357.38	1661.37
1358.22	1686.71
1359.06	1710.28
1359.9	1685.22
1360.74	1685.82
1361.58	1673.04
1362.42	1685.72
1363.25	1655.21
1364.09	1629.17
1364.93	1617.97
1365.77	1612.2
1366.6	1609.09
1367.14	1615.39
1368.05	1606.79
1368.96	1614.83
1369.87	1646.39
1370.78	1642.36
1371.69	1620.46
1372.6	1571.85
1373.51	1574.35
1374.42	1547.29
1375.33	1525.11
1376.24	1547.11
1377.15	1523.76
1378.06	1481.66
1378.96	1478.81
1379.87	1498.5
1380.78	1473.04
1381.69	1485.78
1382.6	1449.39
1383.5	1435.39
1384.41	1455.45
1385.32	1432.36
1386.22	1425.87
1387.13	1468.18
1388.03	1435.54
1388.94	1406
1389.85	1434.92
1390.75	1468.72
1391.66	1527.77
1392.56	1500.45
1393.47	1506.09
1394.37	1433.18
1395.27	1400.88
1396.18	1329.84
1397.08	1281.09
1397.99	1217.03
1398.89	1181.15
1399.79	1150.28
1400.7	1110.92
1401.6	1094.71
1402.5	1065.02
1403.4	1063.13
1404.31	1024.69
1405.21	985.334
1406.11	1031.33
1407.01	982.619
1407.91	1005.86
1408.81	989.07
1409.71	944.68
1410.61	964.359
1411.51	962.03
1412.41	955.808
1413.31	955.238
1414.21	930.754
1415.11	942.47
1416.01	923.67
1416.91	922.04
1417.81	923.322
1418.71	909.499
1419.61	872.076
1420.5	870.954
1421.4	895.644
1422.3	875.726
1423.2	889.06
1424.09	889.928
1424.99	888.767
1425.89	880.856
1426.78	875.765
1427.68	902.06
1428.58	879
1429.47	877.866
1430.37	914.806
1431.26	931.875
1432.16	955.704
1433.05	941.635
1433.95	910.556
1434.84	969.935
1435.74	975.167
1436.63	993.779
1437.53	1040.08
1438.42	1051.14
1439.31	1110.87
1440.21	1144.8
1441.1	1176.74
1441.99	1217.21
1442.88	1208.91
1443.78	1249.49
1444.67	1249.15
1445.56	1274.89
1446.45	1323.8
1447.34	1322.82
1448.24	1306.27
1449.13	1313.46
1450.02	1317.56
1450.91	1352.36
1451.8	1387.28
1452.69	1379.21
1453.58	1375.35
1454.47	1399.68
1455.36	1396.14
1456.25	1390.45
1457.13	1433.63
1458.02	1415.48
1458.91	1440.53
1459.8	1431.72
1460.69	1436.72
1461.58	1485.69
1462.46	1555.47
1463.35	1583.86
1464.24	1590.8
1465.13	1742.86
1466.01	1778
1466.9	1772.01
1467.79	1852.26
1468.67	1802.58
1469.56	1747.31
1470.44	1728.13
1471.33	1731.36
1472.22	1738.43
1473.1	1812.34
1473.98	1813.22
1474.87	1912.03
1475.75	1862.24
1476.64	1934.01
1477.52	1891.52
1478.4	1910.55
1479.29	1850.02
1480.17	1820.4
1481.05	1802.93
1481.94	1773.14
1482.82	1772.87
1483.7	1757.62
1484.58	1668.65
1485.47	1551
1486.35	1418.42
1487.23	1247.55
1488.11	1084.65
1488.99	964.33
1489.87	896.133
1490.75	815.22
1491.63	765.206
1492.52	724.887
1493.4	696.247
1494.28	660.005
1495.15	673.008
1496.03	636.883
1496.91	617.125
1497.79	610.802
1498.67	602.504
1499.55	561.543
1500.43	566.69
1501.3	557.472
1502.18	574.15
1503.06	554.47
1503.94	544.396
1504.81	524.784
1505.69	531.911
1506.57	522.786
1507.44	526.998
1508.32	519.78
1509.2	510.701
1510.07	516.898
1510.95	519.346
1511.82	510.431
1512.7	513.859
1513.57	540.94
1514.45	500.625
1515.32	505.753
1516.2	506.096
1517.07	496.027
1517.94	475.607
1518.82	514.664
1519.69	510.359
1520.56	509.884
1521.44	508.533
1522.31	489.386
1523.18	476.901
1524.05	474.805
1524.93	495.261
1525.8	495.938
1526.67	504.068
1527.54	483.985
1528.41	488.288
1529.28	501.975
1530.15	481.975
1531.02	468.625
1531.89	493.745
1532.76	509.544
1533.63	480.406
1534.5	469.986
1535.37	477.33
1536.24	496.817
1537.11	476.968
1537.98	488.971
1538.85	499.152
1539.71	481.324
1540.58	490.721
1541.45	488.944
1542.32	489.999
1543.19	484.468
1544.05	460.1
1544.92	480.681
1545.79	482.431
1546.65	474.78
1547.52	484.997
1548.39	467.173
1549.25	467.321
1550.12	460.098
1550.98	466.133
1551.85	458.069
1552.71	441.436
1553.58	456.743
1554.44	452.117
1555.31	476.705
1556.17	463.526
1557.03	479.761
1557.9	460.189
1558.76	471.946
1559.62	460.032
1560.49	466.082
1561.35	477.738
1562.21	462.657
1563.07	471.279
1563.94	464.676
1564.8	483.846
1565.66	453.581
1566.52	460.571
1567.38	472.427
1568.24	478.592
1569.1	458.894
1569.96	479.347
1570.82	476.745
1571.68	463.522
1572.54	490.599
1573.4	444.656
1574.26	490.071
1575.12	483.609
1575.98	459.835
1576.84	472.684
1577.7	477.814
1578.56	480.013
1579.41	474.426
1580.27	453.316
1581.13	468.973
1581.99	483.712
1582.84	466.513
1583.7	467.766
1584.56	497.212
1585.41	485.853
1586.27	505.586
1587.13	478.55
1587.98	472.876
1588.84	472.031
1589.69	497.476
1590.55	472.12
1591.4	472.054
1592.26	479.722
1593.11	506.862
1593.97	483.259
1594.82	511.45
1595.67	459.725
1596.53	502.783
1597.38	495.158
1598.23	511.985
1599.09	486.727
1599.94	489.745
1600.79	473.075
1601.64	496.428
1602.5	522.603
1603.35	478.236
1604.2	494.501
1605.05	504.898
1605.9	530.981
1606.75	511.229
1607.6	521.82
1608.45	523.63
1609.3	504.878
1610.15	482.139
1611	508.112
1611.85	498.9
1612.7	521.857
1613.55	489.346
1614.4	492.966
1615.25	508.341
1616.1	501.356
1616.95	508.942
1617.79	519.362
1618.64	502.452
1619.49	505.874
1620.34	486.92
1621.18	550.447
1622.03	511.181
1622.88	508.85
1623.72	529.834
1624.57	516.013
1625.42	509.01
1626.26	502.027
1627.11	499.886
1627.95	523.852
1628.8	521.676
1629.64	516.566
1630.49	554.898
1631.33	504.275
1632.18	541.507
1633.02	525.615
1633.86	500.117
1634.71	555.624
1635.55	554.301
1636.39	530.873
1637.24	529.607
1638.08	543.731
1638.92	554.004
1639.76	538.333
1640.61	540.025
1641.45	552.349
1642.29	540.715
1643.13	538.725
1643.97	540.591
1644.81	547.241
1645.65	562.513
1646.49	576.79
1647.33	551.653
1648.17	551.537
1649.01	587.07
1649.85	569.842
1650.69	578.685
1651.53	553.919
1652.37	585.963
1653.21	603.514
1654.05	572.747
1654.89	557.279
1655.72	593.842
1656.56	603.441
1657.4	569.755
1658.24	573.865
1659.07	570.392
1659.91	555.346
1660.75	557.641
1661.58	549.139
1662.42	570.527
1663.26	577.299
1664.09	568.583
1664.93	571.607
1665.76	551.487
1666.6	564.492
1667.43	528.008
1668.27	566.417
1669.1	562.012
1669.94	570.222
1670.77	568.621
1671.6	553.269
1672.44	521.216
1673.27	521.362
1674.1	549.874
1674.94	541.214
1675.77	520.844
1676.6	538.759
1677.43	502.792
1678.27	503.123
1679.1	507.367
1679.93	520.388
1680.76	491.007
1681.59	497.947
1682.42	512.722
1683.25	495.004
1684.08	495.071
1684.91	515.915
1685.74	512.171
1686.57	478.821
1687.4	500.744
1688.23	489.063
1689.06	509.982
1689.89	482.406
1690.72	454.773
1691.55	466.678
1692.37	483.468
1693.2	465.519
1694.03	485.172
1694.86	436.497
1695.69	457.224
1696.51	472.115
1697.34	461.345
1698.17	449.626
1698.99	457.739
1699.82	459.846
1700.65	467.817
1701.47	446.873
1702.3	438.756
1703.12	413.701
1703.95	460.145
1704.77	409.274
1705.59	443.812
1706.42	425.762
1707.24	459.341
1708.07	433.392
1708.89	453.089
1709.72	416.218
1710.54	436.859
1711.36	440.589
1712.19	424.449
1713.01	423.162
1713.83	403.063
1714.65	420.641
1715.47	408.565
1716.3	436.124
1717.12	437.94
1717.94	443.64
1718.76	419.543
1719.58	420.067
1720.4	428.427
1721.22	425.955
1722.04	423.597
1722.86	413.502
1723.68	415.351
1724.5	450.736
1725.32	433.847
1726.14	412.897
1726.96	402.656
1727.78	415.94
1728.59	424.265
1729.41	433.607
1730.23	417.514
1731.05	429.946
1731.87	407.11
1732.68	415.617
1733.5	397.611
1734.32	424.584
1735.13	426.097
1735.95	411.019
1736.77	424.317
1737.58	445.427
1738.4	412.875
1739.21	416.389
1740.03	394.542
1740.84	400.922
1741.66	415.086
1742.47	414.685
1743.29	403.643
1744.1	413.989
1744.92	427.237
1745.73	391.997
1746.54	389.744
1747.36	408.829
1748.17	388.239
1748.98	390.931
1749.79	415.899
1750.61	403.114
1751.42	409.665
1752.23	401.693
1753.04	416.935
1753.85	423.501
1754.66	423.34
1755.48	389.379
1756.29	412.418
1757.1	404.484
1757.91	406.137
1758.72	393.253
1759.53	385.192
1760.34	413.81
1761.15	396.221
1761.96	410.527
1762.76	382.494
1763.57	392.064
1764.38	411.256
1765.19	406.318
1766	403.299
1766.81	409.95
1767.61	429.198
1768.42	421.523
1769.23	383.012
1770.04	409.138
1770.84	384.076
1771.65	411.122
1772.46	387.911
1773.26	411.079
1774.07	385.939
1774.87	388.848
1775.68	378.227
1776.48	403.401
1777.29	377.289
1778.09	379.251
1778.9	410.306
1779.7	385.231
1780.51	389.278
1781.31	411.821
1782.11	395.55
1782.92	384.11
1783.72	404.729
1784.52	380.553
1785.33	391.408
1786.13	403.247
1786.93	381.933
1787.73	398.682
1788.53	383.213
1789.34	388.25
1790.14	392.291
1790.94	364.018
1791.74	393.497
1792.54	387.716
1793.34	400.589
1794.14	388.007
1794.94	385.28
1795.74	379.646
1796.54	392.73
1797.34	401.9
1798.14	384.423
1798.94	394.514
1799.74	376.894
1800.54	409.606
1801.33	354.321
1802.13	397.911
1802.93	380.173
1803.73	358.456
1804.52	382.282
1805.32	367.451
1806.12	360.53
1806.92	382.36
1807.71	397.274
1808.51	368.542
1809.31	383.511
1810.1	368.702
1810.9	382.698
1811.69	379.76
1812.49	389.671
1813.28	381.594
1814.08	394.346
1814.87	383.205
1815.66	397.972
1816.46	363.09
1817.25	352.16
1818.05	369.143
1818.84	385.125
1819.63	398.055
1820.43	369.052
1821.22	387.788
1822.01	359.683
1822.8	363.465
1823.59	385.194
1824.39	386.031
1825.18	361.976
1825.97	370.737
1826.76	406.327
1827.55	416.031
1828.34	377.039
1829.13	382.838
1829.92	396.616
1830.71	385.541
1831.5	387.346
1832.29	380.145
1833.08	385.789
1833.87	387.405
1834.66	379.076
1835.45	388.609
1836.24	396.157
1837.03	380.938
1837.81	383.564
1838.6	360.462
1839.39	388.756
1840.18	391.298
1840.96	357.287
1841.75	394.279
1842.54	375.07
1843.32	371.669
1844.11	378.176
1844.9	377.876
1845.68	383.524
1846.47	380.356
1847.25	359.503
1848.04	350.414
1848.82	363.876
1849.61	396.952
1850.39	353.558
1851.18	388.616
1851.96	382.518
1852.74	359.756
1853.53	367.326
1854.31	367.991
1855.09	363.729
1855.88	377.041
1856.66	364.924
1857.44	381.132
1858.22	332.942
1859	356.966
1859.79	380.026
1860.57	365.129
1861.35	372.695
1862.13	351.117
1862.91	374.335
1863.69	355.702
1864.47	369.131
1865.25	378.588
1866.03	389.907
1866.81	366.172
1867.59	348.276
1868.37	385.724
1869.15	363.084
1869.93	370.586
1870.71	334.582
1871.49	371.282
1872.26	364.409
1873.04	341.051
1873.82	362.216
1874.6	359.14
1875.37	378.341
1876.15	384.991
1876.93	357.806
1877.7	352.948
1878.48	371.363
1879.26	350.044
1880.03	356.781
1880.81	355.718
1881.58	351.723
1882.36	344.831
1883.14	378.698
1883.91	367.041
1884.68	351.524
1885.46	357.351
1886.23	348.602
1887.01	369.917
1887.78	367.919
1888.55	374.663
1889.33	360.071
1890.1	365.929
1890.87	353.388
1891.65	339.94
1892.42	368.411
1893.19	359.957
1893.96	345.658
1894.73	351.793
1895.51	366.653
1896.28	366.728
1897.05	360.804
1897.82	364.586
1898.59	346.823
1899.36	363.384
1900.13	354.608
1900.9	369.468
1901.67	349.152
1902.44	361.22
1903.21	345.749
1903.98	354.764
1904.74	348.976
1905.51	362.833
1906.28	352.061
1907.05	324.529
1907.82	368.964
1908.59	350.333
1909.35	358.36
1910.12	360.502
1910.89	348.834
1911.65	355.96
1912.42	344.278
1913.19	341.487
1913.95	342.641
1914.72	358.637
1915.48	356.741
1916.25	361.771
1917.02	360.805
1917.78	348.873
1918.54	338.896
1919.31	354.788
1920.07	334.869
1920.84	348.824
1921.6	358.884
1922.36	336.129
1923.13	350.311
1923.89	322.6
1924.65	349.792
1925.42	351.957
1926.18	364.043
1926.94	324.987
1927.7	339.904
1928.47	351.779
1929.23	329.58
1929.99	364.456
1930.75	355.274
1931.51	353.116
1932.27	344.985
1933.03	332.9
1933.79	336.889
1934.55	351.94
1935.31	353.981
1936.07	330.924
1936.83	379.933
1937.59	370.694
1938.35	334.319
1939.11	348.033
1939.87	324.73
1940.63	356.551
1941.38	351.403
1942.14	377.29
1942.9	341.106
1943.66	351.858
1944.41	352.508
1945.17	347.088
1945.93	378.566
1946.68	329.217
1947.44	341.773
1948.2	347.383
1948.95	347.06
1949.71	347.763
1950.46	325.621
1951.22	351.212
1951.97	327.108
1952.73	345.711
1953.48	334.472
1954.24	337.055
1954.99	348.479
1955.74	353.88
1956.5	350.347
1957.25	335.007
1958	347.419
1958.76	351.031
1959.51	353.727
1960.26	337.712
1961.01	365.989
1961.77	360.693
1962.52	363.192
1963.27	349.93
1964.02	348.481
1964.77	350.994
1965.52	356.467
1966.27	352.105
1967.02	347.688
1967.77	355.91
1968.52	365.996
1969.27	351.655
1970.02	351.054
1970.77	341.759
1971.52	346.233
1972.27	357.586
1973.02	334.058
1973.77	349.366
1974.52	350.027
1975.26	362.224
1976.01	377.223
1976.76	341.839
1977.51	340.357
1978.25	336.985
1979	340.488
1979.75	357.587
1980.49	345.848
1981.24	365.957
1981.98	342.672
1982.73	383.874
1983.48	376.776
1984.22	349.367
1984.97	351.735
1985.71	337.727
1986.46	347.787
1987.2	345.429
1987.94	351.782
1988.69	361.072
1989.43	329.246
1990.18	323.298
1990.92	346.04
1991.66	351.551
1992.4	356.112
1993.15	330.13
1993.89	341.488
1994.63	318.519
1995.37	333.851
1996.12	316.728
1996.86	318.753
1997.6	337.986
1998.34	336.133
1999.08	322.72
1999.82	327.483
2000.56	341.811
2001.3	327.38
2002.04	330.24
2002.78	334.096
2003.52	335.121
2004.26	322.693
2005	333.319
2005.74	337.197
2006.48	327.587
2007.21	319.887
2007.95	327.58
2008.69	320.877
2009.43	315.186
2010.16	324.008
2010.9	308.77
2011.64	319.585
2012.38	313.014
2013.11	341.192
2013.85	329.678
2014.58	346.18
2015.32	326.855
2016.06	301.711
2016.79	317.323
2017.53	329.15
2018.26	350.771
2019	301.564
2019.73	302.842
2020.47	314.798
2021.2	284.819
2021.93	310.851
2022.67	300.9
2023.4	325.406
2024.13	305.077
2024.87	335.834
2025.6	318.368
2026.33	315.711
2027.06	301.625
2027.8	324.645
2028.53	324.71
2029.26	355.918
2029.99	311.433
2030.72	321.564
2031.45	316.381
2032.18	318.215
2032.92	335.937
2033.65	300.367
2034.38	322.62
2035.11	327.047
2035.84	309.73
2036.57	327.087
2037.29	326.48
2038.02	330.277
2038.75	318.879
2039.48	308.234
2040.21	321.932
2040.94	315.82
2041.66	317.941
2042.39	322.121
2043.12	334.715
2043.85	319.466
2044.57	333.636
2045.3	314.469
2046.03	329.377
2046.75	320.053
2047.48	318.825
2048.21	332.929
2048.93	321.652
2049.66	308.364
2050.38	314.7
2051.11	307.237
2051.83	322.462
2052.55	310.702
2053.28	296.959
2054	326.349
2054.73	319.334
2055.45	332.169
2056.17	322.841
2056.9	327.188
2057.62	330.021
2058.34	324.344
2059.07	315.215
2059.79	325.187
2060.51	346.276
2061.23	322.025
2061.95	331.892
2062.67	309.685
2063.4	322.99
2064.12	325.856
2064.84	328.153
2065.56	319.409
2066.28	340.173
2067	339.546
2067.72	331.101
2068.44	317.465
2069.16	331.929
2069.88	321.993
2070.59	333.681
2071.31	319.635
2072.03	339.687
2072.75	338.577
2073.47	306.666
2074.19	313.601
2074.9	318.739
2075.62	332.78
2076.34	325.981
2077.05	319.93
2077.77	318.741
2078.49	312.211
2079.2	328.234
2079.92	335.988
2080.64	323.965
2081.35	310.21
2082.07	321.623
2082.78	323.159
2083.5	303.607
2084.21	328.897
2084.93	332.957
2085.64	315.831
2086.35	320.446
2087.07	320.661
2087.78	325.401
2088.49	327.931
2089.21	320.171
2089.92	320.803
2090.63	332.108
2091.35	321.656
2092.06	329.093
2092.77	327.414
2093.48	313.158
2094.19	313.077
2094.91	326.587
2095.62	335.177
2096.33	337.363
2097.04	333.364
2097.75	340.353
2098.46	324.784
2099.17	337.056
2099.88	322.599
2100.59	313.191
2101.3	315.753
2102.01	347.289
2102.71	351.857
2103.42	332.534
2104.13	334.153
2104.84	343.376
2105.55	329.417
2106.26	326.241
2106.96	323.41
2107.67	328.358
2108.38	316.722
2109.08	335.935
2109.79	319.771
2110.5	325.23
2111.2	321.877
2111.91	324.8
2112.55	329.896
2113.33	318.752
2114.1	330.114
2114.88	336.622
2115.66	342.251
2116.43	329.444
2117.21	342.098
2117.99	345.008
2118.76	324.455
2119.54	329.228
2120.31	336.881
2121.09	325.98
2121.86	324.84
2122.64	315.922
2123.41	337.223
2124.19	346.85
2124.96	328.275
2125.74	342.848
2126.51	344.824
2127.28	332.233
2128.06	326.469
2128.83	329.455
2129.61	314.856
2130.38	328.497
2131.15	350.901
2131.92	319.683
2132.7	336.272
2133.47	319.721
2134.24	350.985
2135.01	343.218
2135.78	311.034
2136.55	338.397
2137.33	336.49
2138.1	331.68
2138.87	329.834
2139.64	337.805
2140.41	326.254
2141.18	364.677
2141.95	342.406
2142.72	332.855
2143.49	332.104
2144.26	340.155
2145.03	346.205
2145.8	320.752
2146.57	315.963
2147.33	319.094
2148.1	322.281
2148.87	310.698
2149.64	320.831
2150.41	313.145
2151.17	338.066
2151.94	336.246
2152.71	319.561
2153.48	338.593
2154.24	332.884
2155.01	340.12
2155.78	345.397
2156.54	323.791
2157.31	329.036
2158.08	336.263
2158.84	332.484
2159.61	321.668
2160.37	322.797
2161.14	321.899
2161.9	309.989
2162.67	325.134
2163.43	343.365
2164.2	328.599
2164.96	332.933
2165.72	330.248
2166.49	309.401
2167.25	319.675
2168.01	306.701
2168.78	317.856
2169.54	308.833
2170.3	292.767
2171.07	311.06
2171.83	339.538
2172.59	324.618
2173.35	311.694
2174.11	335.175
2174.88	326.181
2175.64	292.773
2176.4	328.248
2177.16	325.23
2177.92	344.552
2178.68	314.232
2179.44	323.521
2180.2	326.76
2180.96	319.851
2181.72	331.215
2182.48	349.679
2183.24	349.797
2184	308.143
2184.76	333.63
2185.52	339.761
2186.28	327.563
2187.04	319.444
2187.79	322.534
2188.55	325.636
2189.31	318.557
2190.07	330.829
2190.83	314.575
2191.58	310.539
2192.34	345.212
2193.1	329.941
2193.85	328.898
2194.61	356.323
2195.37	355.161
2196.12	338.69
2196.88	344.586
2197.63	347.443
2198.39	319.876
2199.15	318.786
2199.9	338.047
2200.66	314.688
2201.41	330.893
2202.16	333.844
2202.92	330.649
2203.67	330.46
2204.43	317.112
2205.18	321.03
2205.93	321.976
2206.69	317.925
2207.44	334.15
2208.19	285.598
2208.95	342.266
2209.7	307.793
2210.45	340.052
2211.2	345.97
2211.95	302.369
2212.71	322.436
2213.46	301.104
2214.21	342.336
2214.96	323.013
2215.71	341.977
2216.46	325.645
2217.21	314.34
2217.96	327.154
2218.71	358.005
2219.46	346.673
2220.21	338.402
2220.96	345.221
2221.71	356.092
2222.46	348.972
2223.21	327.85
2223.96	331.715
2224.71	322.536
2225.46	339.297
2226.21	336.06
2226.95	346.804
2227.7	336.642
2228.45	324.533
2229.2	348.292
2229.94	314.325
2230.69	333.102
2231.44	328.996
2232.18	336.815
2232.93	333.691
2233.68	339.483
2234.42	331.352
2235.17	335.105
2235.92	335.874
2236.66	323.795
2237.41	320.667
2238.15	338.344
2238.9	342.197
2239.64	340.13
2240.38	337.071
2241.13	334.988
2241.87	330.919
2242.62	323.886
2243.36	325.732
2244.1	343.348
2244.85	311.69
2245.59	353.925
2246.33	331.161
2247.08	343.847
2247.82	316.195
2248.56	322.963
2249.3	331.668
2250.05	334.447
2250.79	348.015
2251.53	325.281
2252.27	341.826
2253.01	352.524
2253.75	317.198
2254.49	336.803
2255.23	335.849
2255.97	373.134
2256.71	331.987
2257.45	338.844
2258.19	333.901
2258.93	355.378
2259.67	348.416
2260.41	337.553
2261.15	341.423
2261.89	313.048
2262.63	362.09
2263.36	332.843
2264.1	318.294
2264.84	338.043
2265.58	343.061
2266.32	325.47
2267.05	319.606
2267.79	326.466
2268.53	325.461
2269.26	342.116
2270	352.908
2270.74	339.215
2271.48	331.45
2272.21	330.594
2272.95	336.647
2273.68	342.731
2274.42	348.836
2275.15	338.22
2275.89	317.731
2276.62	333.636
2277.36	346.568
2278.09	357.508
2278.83	350.687
2279.56	327.088
2280.29	321.223
2281.03	333.108
2281.76	346.981
2282.49	339.179
2283.23	326.477
2283.96	337.505
2284.69	333.762
2285.42	321.124
2286.16	341.095
2286.89	326.39
2287.62	325.482
2288.35	339.394
2289.08	347.372
2289.81	328.648
2290.55	326.817
2291.28	335.954
2292.01	335.224
2292.74	329.544
2293.47	304.954
2294.2	321.099
2294.93	335.229
2295.66	332.383
2296.39	313.54
2297.11	316.579
2297.85	333.566
2298.57	308.717
2299.3	318.805
2300.03	311.992
2300.76	336.156
2301.49	316.393
2302.22	320.573
2302.94	336.723
2303.67	332.843
2304.4	308.936
2305.12	344.112
2305.85	306.214
2306.58	306.389
2307.31	310.576
2308.03	317.757
2308.76	276.717
2309.48	312.956
2310.21	300.982
2310.93	296.043
2311.66	305.196
2312.38	306.335
2313.11	294.409
2313.83	315.686
2314.56	303.724
2315.28	319.929
2316.01	309.921
2316.73	313.014
2317.45	296.974
2318.18	320.275
2318.9	290.141
2319.62	317.507
2320.35	315.597
2321.07	313.662
2321.79	312.718
2322.52	307.731
2323.24	288.603
2323.96	280.597
2324.68	290.792
2325.4	266.601
2326.12	273.743
2326.84	269.741
2327.56	234.359
2328.29	257.666
2329.01	234.434
2329.73	263.854
2330.45	241.659
2331.17	270.104
2331.89	301.591
2332.61	301.645
2333.32	294.575
2334.04	315.863
2334.76	278.364
2335.48	291.553
2336.2	270.301
2336.92	290.628
2337.64	316.042
2338.35	301.909
2339.07	290.799
2339.79	277.643
2340.51	273.613
2341.23	296.99
2341.94	289.965
2342.66	288.045
2343.37	285.124
2344.09	281.172
2344.81	296.485
2345.52	300.553
2346.24	293.375
2346.95	297.335
2347.67	277.942
2348.38	277.887
2349.1	300.225
2349.82	303.348
2350.53	286.207
2351.24	271.089
2351.96	297.606
2352.67	280.366
2353.39	281.372
2354.1	303.684
2354.81	279.236
2355.53	271.06
2356.24	284.237
2356.95	315.717
2357.66	289.334
2358.38	310.706
2359.09	283.338
2359.8	301.704
2360.51	289.605
2361.22	294.808
2361.94	301.054
2362.65	271.688
2363.36	282.01
2364.07	274.994
2364.78	306.668
2365.49	295.489
2366.2	279.172
2366.91	295.45
2367.62	321.914
2368.33	301.521
2369.04	304.588
2369.75	260.799
2370.46	312.804
2371.16	273.086
2371.87	299.606
2372.58	287.395
2373.29	320.037
2374	295.604
2374.71	286.463
2375.41	307.905
2376.12	302.833
2376.83	314.076
2377.53	286.577
2378.24	275.406
2378.95	286.69
2379.65	280.633
2380.36	315.384
2381.07	307.247
2381.77	280.714
2382.48	314.395
2383.18	314.426
2383.89	303.278
2384.59	309.535
2385.3	286.185
2386	278.132
2386.71	291.496
2387.41	289.453
2388.12	299.619
2388.82	299.532
2389.52	283.114
2390.23	299.434
2390.93	315.799
2391.63	288.258
2392.34	300.554
2393.04	288.293
2393.74	304.608
2394.44	316.822
2395.15	302.505
2395.85	305.602
2396.55	302.613
2397.25	308.835
2397.95	303.791
2398.65	320.158
2399.35	322.149
2400.05	312.852
2400.75	299.46
2401.45	317.738
2402.15	310.532
2402.85	318.684
2403.55	289.125
2404.25	301.436
2404.95	318.873
2405.65	335.295
2406.35	326.17
2407.05	293.526
2407.75	329.315
2408.44	311.979
2409.14	313.042
2409.84	297.765
2410.54	310.081
2411.24	305.004
2411.93	288.649
2412.63	293.726
2413.33	300.813
2414.02	309.919
2414.72	317.993
2415.42	310.758
2416.11	297.418
2416.81	308.587
2417.5	309.576
2418.2	295.29
2418.9	307.546
2419.59	313.689
2420.28	304.513
2420.98	305.496
2421.67	304.391
2422.37	317.518
2423.06	299.056
2423.75	294.898
2424.45	320.329
2425.14	296.963
2425.84	311.325
2426.53	285.977
2427.22	322.775
2427.91	314.681
2428.61	313.656
2429.3	291.16
2429.99	320.579
2430.68	305.125
2431.37	274.409
2432.07	310.827
2432.76	301.512
2433.45	310.532
2434.14	281.035
2434.83	305.393
2435.52	320.644
2436.21	288.177
2436.9	318.608
2437.59	322.584
2438.28	274.777
2438.97	315.178
2439.66	296.782
2440.35	321.97
2441.04	282.402
2441.72	318.774
2442.41	307.592
2443.1	288.314
2443.79	297.333
2444.48	308.351
2445.16	304.206
2445.85	310.18
2446.54	307.104
2447.23	301.032
2447.91	275.794
2448.6	313.138
2449.29	327.243
2449.97	327.195
2450.66	328.147
2451.34	312.965
2452.03	330.083
2452.72	302.845
2453.4	289.734
2454.09	311.898
2454.77	310.822
2455.46	303.648
2456.14	293.42
2456.82	302.316
2457.51	313.237
2458.19	314.146
2458.88	317.125
2459.56	310.105
2460.24	322.217
2460.92	332.336
2461.61	315.3
2462.29	318.365
2462.97	331.47
2463.66	333.479
2464.34	342.492
2465.02	329.34
2465.7	343.303
2466.38	336.14
2467.06	344.053
2467.75	335.926
2468.42	342.903
2469.11	340.897
2469.79	314.846
2470.47	334.999
2471.15	322.029
2471.83	338.172
2472.51	325.158
2473.19	337.225
2473.86	326.156
2474.54	340.183
2475.22	322.074
2475.9	331.103
2476.58	330.126
2477.26	332.201
2477.94	311.199
2478.61	298.234
2479.29	346.579
2479.97	344.644
2480.65	339.665
2481.32	341.707
2482	336.706
2482.68	315.62
2483.35	340.819
2484.03	319.74
2484.71	333.862
2485.38	317.766
2486.06	331.826
2486.73	327.755
2487.41	322.682
2488.08	305.569
2488.76	319.675
2489.43	307.675
2490.11	340.986
2490.78	334.072
2491.45	334.2
2492.13	321.215
2492.8	351.532
2493.48	306.25
2494.15	346.638
2494.82	340.675
2495.49	315.574
2496.17	325.811
2496.84	333.06
2497.51	332.243
2498.18	321.294
2498.86	344.675
2499.53	345.753
2500.2	317.447
2500.87	334.645
2501.54	315.452
2502.21	320.591
2502.88	333.896
2503.55	335.107
2504.22	322.138
2504.89	349.689
2505.56	351.844
2506.23	327.562
2506.9	333.696
2507.57	335.78
2508.24	363.284
2508.91	341.08
2509.58	346.311
2510.25	340.341
2510.91	357.712
2511.58	346.578
2512.25	359.83
2512.92	344.616
2513.59	346.722
2514.25	364.129
2514.92	345.941
2515.59	345.055
2516.25	360.451
2516.92	355.448
2517.59	345.319
2518.25	346.378
2518.92	339.273
2519.58	343.385
2520.25	364.849
2520.91	338.42
2521.58	335.479
2522.24	358.089
2522.91	355.222
2523.57	330.904
2524.24	355.631
2524.9	338.419
2525.56	324.236
2526.23	354.051
2526.89	364.413
2527.55	319.442
2528.22	352.315
2528.88	332.898
2529.54	349.318
2530.21	372.883
2530.87	373.893
2531.53	333.938
2532.19	356.561
2532.85	370.045
2533.51	329.217
2534.18	319.159
2534.84	327.553
2535.5	356.442
2536.16	336.937
2536.82	345.106
2537.48	349.116
2538.14	344.911
2538.8	341.779
2539.46	355.145
2540.12	336.748
2540.78	363.6
2541.44	344.245
2542.09	315.609
2542.75	381.578
2543.41	354.905
2544.07	351.826
2544.73	341.473
2545.39	347.521
2546.04	366.886
2546.7	357.456
2547.36	347.037
2548.02	385.949
2548.67	384.884
2549.33	335.637
2549.98	370.584
2550.64	371.671
2551.3	380.971
2551.95	354.329
2552.61	352.332
2553.26	392.454
2553.92	394.56
2554.57	401.767
2555.23	365.767
2555.88	394.414
2556.54	406.559
2557.19	413.536
2557.85	383.611
2558.5	398.85
2559.15	398.772
2559.81	423.34
2560.46	378.28
2561.11	395.726
2561.77	404.956
2562.42	429.506
2563.07	398.677
2563.72	386.244
2564.37	385.046
2565.03	418.629
2565.68	419.516
2566.33	406.17
2566.98	435.829
2567.63	405.225
2568.28	429.821
2568.93	423.693
2569.58	386.824
2570.23	405.1
2570.88	422.322
2571.53	426.291
2572.18	414.001
2572.83	416.063
2573.48	436.537
2574.13	405.942
2574.78	394.711
2575.43	377.311
2576.07	420.114
2576.72	385.32
2577.37	402.582
2578.02	395.363
2578.67	418.739
2579.31	388.051
2579.96	416.46
2580.61	385.732
2581.26	395.746
2581.9	402.719
2582.55	367.012
2583.19	380.215
2583.84	368.048
2584.49	386.439
2585.13	379.381
2585.78	405.853
2586.42	370.16
2587.07	387.293
2587.71	381.984
2588.36	379.703
2589	390.636
2589.65	395.518
2590.29	387.278
2590.93	375.049
2591.58	366.928
2592.22	375.066
2592.86	388.305
2593.51	384.336
2594.15	377.34
2594.79	383.54
2595.43	375.526
2596.07	359.36
2596.72	367.515
2597.36	376.636
2598	382.662
2598.64	370.394
2599.28	373.347
2599.92	411.821
2600.56	384.417
2601.2	390.523
2601.85	379.415
2602.49	378.447
2603.13	362.239
2603.76	391.645
2604.4	386.538
2605.04	358.102
2605.68	391.527
2606.32	377.31
2606.96	393.508
2607.6	371.169
2608.24	375.156
2608.88	374.048
2609.51	373.946
2610.15	374.877
2610.79	394.08
2611.43	386.015
2612.06	371.935
2612.7	384.223
2613.34	381.334
2613.97	385.528
2614.61	386.66
2615.25	361.395
2615.88	387.847
2616.52	387.922
2617.15	363.647
2617.79	400.282
2618.42	400.391
2619.06	395.422
2619.69	376.216
2620.33	388.481
2620.96	415.966
2621.6	392.614
2622.23	416.003
2622.86	397.732
2623.5	402.865
2624.13	421.246
2624.76	395.93
2625.4	432.652
2626.03	399.169
2626.66	407.366
2627.29	412.49
2627.93	412.522
2628.56	401.375
2629.19	411.632
2629.82	427.015
2630.45	430.201
2631.08	451.726
2631.71	415.152
2632.34	410.141
2632.98	458.133
2633.61	420.497
2634.24	437.949
2634.87	431.984
2635.5	461.767
2636.12	460.942
2636.75	422.305
2637.38	437.787
2638.01	444.057
2638.64	474.851
2639.27	448.356
2639.9	451.494
2640.53	475.068
2641.15	503.737
2641.78	473.055
2642.41	475.122
2643.04	481.309
2643.66	474.235
2644.29	469.24
2644.92	492.93
2645.54	497.164
2646.17	474.731
2646.8	516.795
2647.42	518.861
2648.05	520.897
2648.67	482.974
2649.3	510.635
2649.92	516.818
2650.55	530.222
2651.17	491.407
2651.8	508.997
2652.42	519.443
2653.05	529.896
2653.67	518.774
2654.29	515.813
2654.92	534.359
2655.54	494.336
2656.16	506.656
2656.79	546.703
2657.41	564.432
2658.03	519.666
2658.65	525.043
2659.27	521.504
2659.9	551.963
2660.52	550.687
2661.14	539.972
2661.76	514.099
2662.38	501.67
2663	521.287
2663.62	536.134
2664.24	519.89
2664.86	524.157
2665.48	568.118
2666.1	518.984
2666.72	563.558
2667.34	554.981
2667.96	554.634
2668.58	521.95
2669.2	562.215
2669.82	536.829
2670.44	523.302
2671.05	532.188
2671.67	564.362
2672.29	553.63
2672.91	569.993
2673.53	574.12
2674.14	576.544
2674.76	582.113
2675.38	598.852
2675.99	602.133
2676.61	635.127
2677.23	610.567
2677.84	632.439
2678.46	640.795
2679.07	678.52
2679.69	723.448
2680.3	761.712
2680.92	783.942
2681.53	806.117
2682.15	855.315
2682.76	873.608
2683.38	880.176
2683.99	895.38
2684.61	875.253
2685.22	881.297
2685.83	855.861
2686.44	844.646
2687.06	828.378
2687.67	837.666
2688.28	838.192
2688.9	848.269
2689.51	860.296
2690.12	873.839
2690.73	847.55
2691.34	863.021
2691.96	885.508
2692.57	868.122
2693.18	875.297
2693.79	894.309
2694.4	893.267
2695.01	889.603
2695.62	886.71
2696.23	864.347
2696.84	866.199
2697.45	873.992
2698.06	878.301
2698.67	864.056
2699.28	871.932
2699.88	883.225
2700.49	880.77
2701.1	875.769
2701.71	873.499
2702.32	863.897
2702.93	873.929
2703.53	877.85
2704.14	878.752
2704.75	887.918
2705.36	881.432
2705.96	876.402
2706.57	886.658
2707.17	886.692
2707.78	894.257
2708.39	880.66
2708.99	893.829
2709.6	909.556
2710.2	922.167
2710.81	919.606
2711.41	928.108
2712.02	925.596
2712.62	945.261
2713.23	963.94
2713.83	965.979
2714.44	959.514
2715.04	954.598
2715.64	976.872
2716.25	957.57
2716.85	946.583
2717.45	959.65
2718.05	970.696
2718.66	991.404
2719.26	994.263
2719.86	981.002
2720.46	979.073
2721.06	995.459
2721.67	1031.93
2722.27	1006.84
2722.87	1002.13
2723.47	1016.22
2724.07	1028.88
2724.67	1035.93
2725.27	1037.27
2725.71	1030.82
2726.38	1046.92
2727.06	1061.84
2727.73	1018.65
2728.4	1058.83
2729.07	1042.12
2729.74	1071.29
2730.42	1086.43
2731.09	1067.24
2731.76	1075.68
2732.43	1077.13
2733.1	1095.91
2733.77	1098.37
2734.44	1089.52
2735.11	1120.22
2735.78	1109.02
2736.45	1097.68
2737.12	1119.8
2737.79	1120.47
2738.46	1164.86
2739.13	1107.61
2739.8	1145.04
2740.47	1144.02
2741.14	1162.53
2741.81	1136.49
2742.47	1142.07
2743.14	1129.36
2743.81	1122.7
2744.48	1136.31
2745.15	1140.67
2745.81	1120.53
2746.48	1164.6
2747.15	1159.8
2747.81	1168.29
2748.48	1161.46
2749.15	1195.32
2749.81	1183.1
2750.48	1200.32
2751.15	1192.96
2751.81	1194.83
2752.48	1211.17
2753.14	1162.52
2753.81	1125.32
2754.47	1108.63
2755.14	1097.97
2755.8	1126.96
2756.47	1119.93
2757.13	1064.67
2757.8	1073.74
2758.46	1074.71
2759.13	1051.31
2759.79	1074.07
2760.45	1054.01
2761.12	1035.94
2761.78	1049.44
2762.44	1039.22
2763.1	1045.23
2763.77	1095.21
2764.43	1028.69
2765.09	1061.59
2765.76	1112.11
2766.42	1094.25
2767.08	1083.62
2767.74	1128.3
2768.4	1111.38
2769.06	1162.01
2769.72	1155.09
2770.38	1189.13
2771.05	1184.15
2771.71	1232.59
2772.37	1246.24
2773.03	1287.74
2773.69	1341.69
2774.35	1389.5
2775.01	1458.82
2775.67	1468.34
2776.33	1544.54
2776.99	1570.27
2777.64	1698.86
2778.3	1771
2778.96	1773.33
2779.62	1870.36
2780.28	1888.1
2780.94	1899.51
2781.59	1941.65
2782.25	1927.19
2782.91	1923.18
2783.57	1902.96
2784.22	1868.59
2784.88	1867.33
2785.54	1892.82
2786.2	1840.74
2786.85	1849.99
2787.51	1888.66
2788.16	1868.31
2788.82	1849.02
2789.48	1897.99
2790.13	1944.37
2790.79	1899.61
2791.44	1912.77
2792.1	1934.15
2792.75	1961.39
2793.41	1998.47
2794.06	2039.24
2794.72	2070.45
2795.37	2065.52
2796.02	2122.42
2796.68	2098.19
2797.33	2143.13
2797.98	2181.09
2798.64	2204.85
2799.29	2236.98
2799.94	2223.93
2800.6	2263.42
2801.25	2316.32
2801.9	2318.78
2802.55	2328.38
2803.21	2396.56
2803.86	2373.95
2804.51	2456.19
2805.16	2440.46
2805.81	2511.17
2806.46	2551.01
2807.11	2558.99
2807.77	2588.6
2808.42	2654.14
2809.07	2674.23
2809.72	2735.25
2810.37	2744.66
2811.02	2772.55
2811.67	2818.08
2812.32	2884.45
2812.97	2906.97
2813.61	2936.98
2814.26	2949.69
2814.91	2978.86
2815.56	3070.66
2816.21	3019.44
2816.86	3139.7
2817.51	3175.46
2818.15	3201.72
2818.8	3264.76
2819.45	3254.71
2820.1	3275.54
2820.74	3317.23
2821.39	3374.8
2822.04	3446.16
2822.69	3507.43
2823.33	3517.12
2823.98	3565.29
2824.63	3591.25
2825.27	3643.43
2825.92	3685.21
2826.56	3711.84
2827.21	3792.31
2827.85	3819.98
2828.5	3869.62
2829.14	3839.51
2829.79	3858.86
2830.43	3913.3
2831.08	3915.48
2831.72	3933.02
2832.37	3937.02
2833.01	4003.37
2833.65	4038.53
2834.3	4088.72
2834.94	4078.97
2835.58	4112.12
2836.23	4134.79
2836.87	4102.98
2837.51	4097.03
2838.16	4188.01
2838.8	4170.7
2839.44	4212.43
2840.08	4250.27
2840.72	4240.73
2841.36	4258.45
2842.01	4317.84
2842.65	4291.74
2843.29	4261.54
2843.93	4294.17
2844.57	4269.46
2845.21	4266.42
2845.85	4358.91
2846.49	4341.67
2847.13	4438.76
2847.77	4390.56
2848.41	4473.31
2849.05	4448.28
2849.69	4472.21
2850.33	4408.91
2850.97	4385.71
2851.61	4391.5
2852.24	4403.13
2852.88	4405.81
2853.52	4573.7
2854.16	4487.95
2854.8	4516.04
2855.43	4514.56
2856.07	4521.98
2856.71	4524.58
2857.35	4546.1
2857.98	4582.85
2858.62	4574.75
2859.26	4566.38
2859.89	4685.35
2860.53	4742.04
2861.16	4746.03
2861.8	4763.77
2862.44	4834.34
2863.07	4927.06
2863.71	4988.78
2864.34	5015.75
2864.98	5045.2
2865.61	5154.36
2866.25	5195.6
2866.88	5267.62
2867.52	5248.53
2868.15	5347.64
2868.78	5390.86
2869.42	5526.92
2870.05	5586.02
2870.69	5645.73
2871.32	5751.55
2871.95	5784.71
2872.58	5927.56
2873.22	6089.88
2873.85	6202.13
2874.48	6304.5
2875.11	6472.71
2875.75	6469.55
2876.38	6645.85
2877.01	6780.77
2877.64	6887.75
2878.27	6917.84
2878.9	7092.13
2879.53	7184.42
2880.16	7264.59
2880.79	7392.52
2881.42	7508.95
2882.05	7582.04
2882.68	7744.08
2883.31	7835.96
2883.94	7908.12
2884.57	7977.53
2885.2	8116.89
2885.83	8202.16
2886.46	8322.92
2887.09	8326.38
2887.72	8326.31
2888.35	8452.82
2888.97	8405.64
2889.6	8472.23
2890.23	8508.77
2890.86	8520.82
2891.49	8509.04
2892.11	8507.96
2892.74	8627.18
2893.37	8609.21
2893.99	8736.03
2894.62	8728.43
2895.25	8723.28
2895.87	8720.5
2896.5	8740.07
2897.12	8767.86
2897.75	8751.64
2898.38	8801.52
2899	8861.55
2899.63	9013.49
2900.25	9015.75
2900.88	9046.98
2901.5	9056.35
2902.12	9121.71
2902.75	9079.87
2903.37	9112.06
2904	9158.49
2904.62	9238.78
2905.25	9213.09
2905.87	9232.96
2906.49	9190.11
2907.11	9236.68
2907.74	9182.05
2908.36	9112.83
2908.98	9061.97
2909.6	9042.26
2910.23	8991.56
2910.85	8906.23
2911.47	8844.65
2912.09	8770.99
2912.71	8720.99
2913.33	8624.46
2913.96	8573.98
2914.58	8364.82
2915.2	8232.3
2915.82	8131.29
2916.44	7929.63
2917.06	7913
2917.68	7737.91
2918.3	7684.47
2918.92	7615.78
2919.54	7544.21
2920.16	7429.92
2920.77	7326.87
2921.39	7218.82
2922.01	7132.51
2922.63	7124.77
2923.25	7051.77
2923.87	7067.15
2924.48	7027.52
2925.1	7034.03
2925.72	7016.7
2926.34	7009.64
2926.95	7011.2
2927.57	6998.68
2928.19	7005.74
2928.8	7041.69
2929.42	7060.06
2930.04	7019.47
2930.65	7006.45
2931.27	7121.32
2931.89	7191.2
2932.5	7156.75
2933.12	7222.71
2933.73	7183.28
2934.35	7312.69
2934.96	7324.25
2935.58	7392.48
2936.19	7405.48
2936.81	7401.03
2937.42	7548.47
2938.03	7601.16
2938.65	7572.29
2939.26	7697.23
2939.88	7654.75
2940.49	7651.48
2941.1	7700.34
2941.71	7602.25
2942.33	7603.28
2942.94	7522.67
2943.55	7649.63
2944.17	7628.51
2944.78	7559.48
2945.39	7535.74
2946	7573.99
2946.61	7494.71
2947.22	7460.68
2947.83	7467.87
2948.45	7440.96
2949.06	7307.36
2949.67	7351.13
2950.28	7299.54
2950.89	7315.19
2951.5	7193.34
2952.11	7007.99
2952.72	6971.33
2953.33	6849.12
2953.94	6874.01
2954.54	6793.41
2955.15	6700.93
2955.76	6603.57
2956.37	6529.53
2956.98	6401.69
2957.59	6302.42
2958.2	6235.96
2958.8	6063.52
2959.41	6020.31
2960.02	5922.82
2960.63	5843.11
2961.23	5758.45
2961.84	5602.11
2962.45	5535.56
2963.05	5499.39
2963.66	5384.74
2964.27	5281.52
2964.87	5207.19
2965.48	5125.47
2966.08	5026.52
2966.69	4946.87
2967.29	4826.29
2967.9	4725.39
2968.5	4625.8
2969.11	4551.66
2969.71	4504.58
2970.32	4348.15
2970.92	4334.53
2971.53	4254.58
2972.13	4178.7
2972.74	4080.56
2973.34	3995.86
2973.94	3897.03
2974.54	3825.68
2975.15	3778.22
2975.75	3681.18
2976.35	3629.09
2976.96	3518.15
2977.56	3430.08
2978.16	3452.79
2978.76	3269.19
2979.36	3247.6
2979.97	3201.49
2980.57	3124.78
2981.17	3043.91
2981.77	3030.4
2982.37	2906.61
2982.97	2872.61
2983.57	2758.44
2984.17	2742.8
2984.77	2674.35
2985.37	2583
2985.97	2577.22
2986.57	2489.93
2987.17	2467.24
2987.77	2380.84
2988.37	2332.01
2988.97	2297.15
2989.57	2253.78
2990.17	2208.2
2990.76	2159.56
2991.36	2062.92
2991.96	2042.26
2992.56	1975.62
2993.16	1977.58
2993.75	1894.4
2994.35	1879.62
2994.95	1776.68
2995.54	1775.06
2996.14	1707.11
2996.74	1691.61
2997.33	1650.81
2997.93	1605.08
2998.52	1594.19
2999.12	1550.54
2999.72	1525.25
3000.31	1500.96
3000.91	1431.6
3001.5	1402.16
3002.1	1441.3
3002.69	1352.31
3003.29	1364.59
3003.88	1306.1
3004.47	1292.67
3005.07	1266.04
3005.66	1228.35
3006.26	1210.34
3006.85	1193.53
3007.44	1165.49
3008.04	1167.1
3008.63	1137.73
3009.22	1135.81
3009.81	1082.36
3010.41	1130.44
3011	1104.63
3011.59	1028.67
3012.18	1064.72
3012.77	1038.28
3013.36	1005.69
3013.96	1021.32
3014.55	962.968
3015.14	953.927
3015.73	981.957
3016.32	958.698
3016.91	927.244
3017.5	933.807
3018.09	897.029
3018.68	898.189
3019.27	913.667
3019.86	884.872
3020.45	892.202
3021.04	877.01
3021.63	834.094
3022.22	842.713
3022.8	861.597
3023.39	836.037
3023.98	826.883
3024.57	825.945
3025.16	823.979
3025.74	792.101
3026.33	794.267
3026.92	797.416
3027.5	827.326
3028.09	783.889
3028.68	775.529
3029.26	748.647
3029.85	795.13
3030.44	763.323
3031.02	765.674
3031.61	773.239
3032.19	768.377
3032.78	752.055
3033.37	741.824
3033.95	765.62
3034.54	744.926
3035.12	773.849
3035.71	769.721
3036.29	745.973
3036.87	731.536
3037.46	751.213
3038.04	747.13
3038.63	745.162
3039.21	743.274
3039.79	771.482
3040.38	745.97
3040.96	760.839
3041.54	755.97
3042.12	708.475
3042.71	737.482
3043.29	743.534
3043.87	746.381
3044.45	725.408
3045.03	744.882
3045.62	745.853
3046.2	742.823
3046.78	709.876
3047.36	735.97
3047.94	752.738
3048.52	736.303
3049.1	742.579
3049.68	743.612
3050.26	734.246
3050.84	759.044
3051.42	731.015
3052	752.698
3052.58	753.67
3053.16	724.631
3053.74	736.007
3054.32	759.867
3054.89	709.25
3055.47	733.265
3056.05	717.966
3056.63	761.739
3057.21	745.347
3057.78	760.993
3058.36	730.903
3058.94	768.115
3059.52	761.74
3060.09	776.111
3060.67	768.783
3061.25	792.618
3061.82	779.203
3062.4	748.173
3062.97	733.68
3063.55	770.937
3064.13	813.316
3064.7	752.087
3065.28	778.962
3065.85	740.645
3066.43	752.101
3067	767.701
3067.58	780.129
3068.15	751.006
3068.72	788.052
3069.3	791.872
3069.87	762.58
3070.45	788.21
3071.02	785.004
3071.59	746.768
3072.17	747.907
3072.74	748.009
3073.31	780.113
3073.89	747.978
3074.46	758.172
3075.03	743.526
3075.6	769.256
3076.17	765.111
3076.74	772.454
3077.32	748.867
3077.89	785.296
3078.46	760.667
3079.03	769.067
3079.6	783.572
3080.17	781.414
3080.74	778.133
3081.31	771.695
3081.88	751.8
3082.45	788.762
3083.02	765.796
3083.59	738.728
3084.16	769.509
3084.73	762.082
3085.3	769.124
3085.87	776.212
3086.43	770.999
3087	787.552
3087.57	779.422
3088.14	777.516
3088.71	817.908
3089.28	774.607
3089.84	793.162
3090.41	770.365
3090.98	829.085
3091.54	788.719
3092.11	815.434
3092.68	801.901
3093.24	800.735
3093.81	803.687
3094.38	799.431
3094.94	807.573
3095.51	802.336
3096.07	820.812
3096.64	807.32
3097.2	796.902
3097.77	802.971
3098.33	817.321
3098.9	814.231
3099.46	827.7
3100.03	824.729
3100.59	776.404
3101.15	808.406
3101.72	833.121
3102.28	812.427
3102.84	818.483
3103.41	853.356
3103.97	825.381
3104.53	845.8
3105.1	865.175
3105.66	826.914
3106.22	865.863
3106.78	834.874
3107.34	882.108
3107.91	871.758
3108.47	851.149
3109.03	889.204
3109.59	833.723
3110.15	859.587
3110.71	829.976
3111.27	881.708
3111.83	862.387
3112.39	877.96
3112.95	883.075
3113.51	869.515
3114.07	884.712
3114.63	883.456
3115.19	898.749
3115.75	869.91
3116.31	922.419
3116.87	889.548
3117.43	906.008
3117.98	886.371
3118.54	914.998
3119.1	885.985
3119.66	917.65
3120.22	895.911
3120.77	948.25
3121.33	914.321
3121.89	920.496
3122.44	910.2
3123	924.498
3123.56	873.979
3124.11	907.641
3124.67	936.124
3125.23	914.326
3125.78	923.412
3126.34	904.899
3126.89	943.969
3127.45	928.724
3128	930.966
3128.56	936.28
3129.11	952.851
3129.67	935.462
3130.22	954.97
3130.78	946.664
3131.33	945.477
3131.88	967.849
3132.44	964.531
3132.99	955.073
3133.54	969.259
3134.1	936.324
3134.65	984.492
3135.2	975.278
3135.76	948.659
3136.31	995.908
3136.86	986.73
3137.41	1001.12
3137.96	988.816
3138.51	1002.13
3139.07	1004.14
3139.62	994.86
3140.17	1012.25
3140.72	975.302
3141.27	983.497
3141.82	1001.95
3142.37	1032.7
3142.92	994.7
3143.47	980.268
3144.02	1017.11
3144.57	1017.1
3145.12	1023.32
3145.67	1026.57
3146.22	1018.61
3146.77	1007.6
3147.32	1049.92
3147.86	1051.11
3148.41	1040.88
3148.96	1033.63
3149.51	1050.91
