401.058	1548.59
402.149	1624.75
403.243	1626.93
404.332	1578.93
405.424	1620.55
406.515	1506.57
407.606	1497.37
408.697	1450.67
409.785	1374.07
410.876	1335.14
411.967	1264.27
413.055	1249.53
414.143	1214.93
415.233	1207.26
416.321	1224.6
417.409	1229.71
418.499	1246.92
419.586	1244.78
420.673	1294.76
421.761	1349.58
422.848	1380.63
423.935	1427.62
425.02	1458.14
426.106	1532.94
427.193	1548.58
428.278	1641.41
429.364	1676.92
430.45	1789.66
431.534	1819.75
432.618	1860.32
433.704	1824.17
434.788	1846.27
435.871	1882.36
436.955	1919.38
438.038	1928.77
439.123	1906
440.204	1763.9
441.287	1674.56
442.37	1656.47
443.452	1576.93
444.535	1508.33
445.615	1411.66
446.698	1257.2
447.78	1282.53
448.86	1088.66
449.939	1053.83
451.021	1004.38
452.101	998.566
453.18	891.805
454.262	907.196
455.341	905.686
456.42	838.055
457.499	797.182
458.578	840.762
459.654	797.22
460.733	804.859
461.811	788.457
462.89	781.368
463.966	749.153
465.044	780.142
466.12	808.341
467.197	758.31
468.273	792.904
469.349	793.782
470.426	809.262
471.501	784.452
472.576	755.817
473.651	782.05
474.726	794.463
475.801	791.29
476.876	788.283
477.95	815.024
479.022	834.291
480.097	816.328
481.171	922.406
482.243	915.256
483.317	896.02
484.388	955.389
485.46	946.269
486.533	945.425
487.605	1069.05
488.676	1125.13
489.747	1171.95
490.818	1198.59
491.889	1285.21
492.959	1280.08
494.03	1374.38
495.1	1342.77
496.171	1416.66
497.239	1384.66
498.309	1413
499.379	1446.66
500.446	1439.1
501.514	1436.35
502.584	1401.9
503.651	1466.6
504.718	1418.08
505.788	1453.9
506.855	1405.55
507.921	1404.77
508.988	1403.03
510.055	1459
511.119	1457.35
512.186	1486.05
513.252	1590.04
514.318	1607.15
515.382	1633.54
516.448	1721.53
517.512	1784.02
518.577	1832.96
519.641	1827.02
520.704	1901.36
521.768	1947.42
522.833	1992.66
523.896	1960.21
524.959	2075.11
526.021	2052.8
527.084	2182.44
528.144	2161.07
529.207	2269.97
530.269	2299.73
531.331	2305.23
532.391	2384.69
533.453	2384.33
534.513	2409.25
535.572	2304
536.634	2274.17
537.693	2302.16
538.752	2242.24
539.812	2178.44
540.87	2058.14
541.929	1982
542.988	1932.33
544.047	1835.25
545.105	1828.37
546.164	1635.13
547.22	1566.21
548.278	1556.45
549.336	1451.08
550.392	1390.47
551.448	1362.66
552.505	1279.17
553.561	1268.63
554.616	1179.03
555.671	1178.88
556.728	1082.6
557.783	1079.23
558.836	1042.08
559.891	1041.96
560.946	1042.67
562	984.075
563.055	962.817
564.107	974.198
565.161	965.317
566.213	909.243
567.267	922.549
568.318	900.656
569.37	905.562
570.424	898.47
571.475	849.894
572.526	940.677
573.577	918.922
574.628	911.945
575.679	906.842
576.73	943.223
577.781	961.261
578.829	983.075
579.88	955.288
580.93	922.946
581.978	903.474
583.026	861.881
584.076	845.079
585.124	859.513
586.172	911.61
587.221	890.156
588.269	904.495
589.316	900.385
590.363	874.166
591.41	854.355
592.457	915.301
593.502	897.573
594.549	881.978
595.595	862.106
596.64	847.025
597.686	831.06
598.73	789.213
599.776	801.296
600.82	804.867
601.864	758.707
602.908	726.412
603.953	723.731
604.997	753.486
606.04	749.429
607.083	700.282
608.125	743.114
609.168	697.273
610.211	748.965
611.253	735.064
612.294	696.245
613.336	729.408
614.377	739.582
615.419	729.483
616.459	714.716
617.499	738.612
618.539	682.176
619.579	717.951
620.619	716.848
621.658	691.821
622.698	738.769
623.737	723.986
624.776	735.984
625.815	712.98
626.852	694.631
627.891	694.78
628.928	725.413
629.966	673.845
631.003	668.329
632.041	689.441
633.077	670.696
634.114	667.571
635.15	651.544
636.185	671.583
637.221	630.891
638.257	623.506
639.292	618.003
640.328	642.891
641.361	619.688
642.396	611.088
643.431	563.66
644.464	574.24
645.497	589.429
646.532	557.791
647.564	568.605
648.597	562.987
649.629	588.686
650.663	575.749
651.695	577.447
652.727	595.586
653.757	557.579
654.789	564.565
655.821	615.618
656.852	600.643
657.882	593.109
658.913	594.824
659.942	570.888
660.973	584.525
662.002	578.83
663.031	603.342
664.06	629.759
665.09	623.376
666.119	632.829
667.147	623.227
668.175	588.882
669.201	624.307
670.229	630.152
671.257	622.892
672.285	630.2
673.311	632.879
674.338	596.989
675.363	569.514
676.389	602.941
677.416	641.038
678.441	569.313
679.466	601.661
680.491	575.741
681.515	580.185
682.54	614.145
683.565	579.934
684.589	603.957
685.613	638.27
686.635	629.306
687.659	595.421
688.681	680.722
689.705	683.761
690.727	675.648
691.75	672.113
692.772	683.348
693.793	667.69
694.814	748.274
695.835	743.589
696.856	780.492
697.877	769.177
698.898	775.427
699.918	807.599
700.937	809.262
701.957	764.699
702.978	773.818
703.996	798.648
705.016	778.114
706.034	750.151
707.052	755.462
708.069	789.427
709.087	743.925
710.107	690.165
711.124	714.083
712.139	685.375
713.156	653.915
714.173	680.655
715.19	641.721
716.205	680.298
717.222	660.552
718.238	647.187
719.253	626.409
720.267	622.252
721.283	644.857
722.297	626.056
723.311	628.494
724.325	617.176
725.339	641.798
726.353	637.968
727.366	611.215
728.38	651.662
729.391	598.269
730.404	639.56
731.417	637.49
732.428	629.78
733.441	618.316
734.452	626.136
735.463	576.193
736.475	607.14
737.486	637.29
738.496	618.923
739.506	627.219
740.516	601.552
741.526	585.924
742.534	610.609
743.544	610.451
744.554	555.212
745.561	583.483
746.571	565.914
747.578	556.642
748.587	581.348
749.594	526.285
750.601	529.041
751.608	538.259
752.615	506.222
753.621	502.679
754.628	547.871
755.634	500.329
756.641	507.041
757.647	530.366
758.651	509.529
759.657	531.069
760.663	532.326
761.666	527.083
762.67	508.845
763.676	529.327
764.679	513.693
765.682	528.478
766.686	516.401
767.689	529.278
768.692	537.596
769.694	514.603
770.697	529.689
771.698	531.973
772.7	519.493
773.703	536.648
774.703	538.823
775.703	538.943
776.705	538.877
777.705	537.775
778.705	537.607
779.705	512.449
780.705	493.901
781.704	526.533
782.704	523.893
783.703	530.517
784.702	594.741
785.701	560.314
786.698	604.924
787.697	575.137
788.694	629.136
789.693	574.318
790.689	612.574
791.686	687.115
792.682	655.43
793.68	674.878
794.676	671.946
795.672	712.813
796.666	764.958
797.662	736.212
798.658	765.254
799.653	790.535
800.647	808.226
801.642	825.726
802.636	814.175
803.631	854.666
804.624	835.542
805.617	791.339
806.61	783.449
807.602	794.129
808.595	749.96
809.587	743.849
810.58	751.65
811.572	717.776
812.564	738.687
813.554	752.263
814.546	795.518
815.536	773.957
816.528	816.246
817.518	841.833
818.507	851.681
819.499	859.691
820.488	937.044
821.477	976.417
822.466	1014.74
823.455	1148.91
824.444	1164.69
825.431	1173.97
826.42	1303.17
827.408	1388.24
828.395	1534.3
829.383	1600.35
830.369	1693.93
831.356	1875.55
832.342	1975.65
833.33	2139.64
834.315	2340.13
835.301	2549.01
836.287	2731.76
837.27	2931.72
838.256	3074.43
839.241	3185.27
840.226	3197.78
841.209	3235.78
842.194	3199.21
843.177	3090.05
844.16	2926.78
845.145	2664.4
846.127	2513.25
847.11	2394.24
848.092	2258.58
849.074	2269.89
850.056	2189.98
851.039	2275.4
852.018	2307.26
853	2345.37
853.982	2473.56
854.962	2486.96
855.941	2510.79
856.923	2504.67
857.902	2475.92
858.881	2396.78
859.86	2264.23
860.839	2055.98
861.818	1934.84
862.797	1828.13
863.776	1765.38
864.754	1651.82
865.733	1595.29
866.709	1496.45
867.687	1521.96
868.664	1445.44
869.642	1434.41
870.618	1391.28
871.594	1348.24
872.569	1347.59
873.545	1270.5
874.521	1275.35
875.496	1299.5
876.471	1258.14
877.447	1197.32
878.42	1177.86
879.395	1168.45
880.37	1160.87
881.343	1143.18
882.315	1133.89
883.29	1136.69
884.262	1119.3
885.235	1114.82
886.207	1106.57
887.179	1081.64
888.151	1111.01
889.123	1137.58
890.095	1094.13
891.065	1106.95
892.037	1156.7
893.009	1161.3
893.978	1164.06
894.948	1165.93
895.919	1198.3
896.888	1279.67
897.857	1306.75
898.826	1359.69
899.795	1397.77
900.764	1484.58
901.732	1553.58
902.701	1667.56
903.668	1713.09
904.636	1777.07
905.604	1935.22
906.57	1946.99
907.538	2010.69
908.504	2064.59
909.47	2029.31
910.436	2041.27
911.402	2105.96
912.367	2097.67
913.333	2108.6
914.298	1963.97
915.264	1846.84
916.229	1802.66
917.192	1789.06
918.157	1678.45
919.12	1631.81
920.084	1591.72
921.047	1576.6
922.01	1466.84
922.972	1451.43
923.935	1354.31
924.897	1373.97
925.859	1295.37
926.821	1209.4
927.783	1259.88
928.743	1211.98
929.705	1157.51
930.667	1091.78
931.626	1104.96
932.586	1090.28
933.547	1063.6
934.506	1001.7
935.466	1013.38
936.425	969.248
937.384	927.831
938.343	976.715
939.301	988.25
940.26	1003.48
941.217	959.011
942.175	963.134
943.132	950.539
944.09	1018.4
945.046	1002.18
946.002	951.275
946.96	1010.75
947.916	992.445
948.872	991.861
949.828	986.534
950.783	1028.98
951.737	995.355
952.692	991.632
953.647	1002.81
954.601	1021.43
955.556	1013.83
956.509	969.783
957.464	1013.2
958.417	1001.43
959.369	1002.84
960.322	1061.48
961.275	1097.3
962.227	1058.55
963.179	1098.54
964.132	1073.66
965.082	1111.87
966.034	1109.03
966.984	1130.85
967.936	1145.3
968.885	1221.75
969.837	1222.8
970.787	1246.12
971.736	1318.99
972.686	1321.23
973.635	1299.05
974.584	1349.31
975.533	1403.45
976.48	1472.73
977.429	1506.41
978.378	1480.04
979.325	1547.53
980.273	1524.89
981.22	1542.56
982.166	1542.3
983.113	1498.72
984.061	1484.02
985.007	1521.61
985.953	1411.95
986.897	1394.18
987.843	1414.94
988.789	1351.71
989.734	1313.04
990.678	1261.4
991.623	1265.87
992.567	1245.92
993.51	1194.98
994.453	1129.92
995.398	1127.4
996.341	1109.94
997.284	1076.66
998.227	1081.71
999.168	1079.36
1000.11	1041.67
1001.05	1071.13
1001.99	1055.94
1002.94	1013.83
1003.88	1025.86
1004.82	971.878
1005.76	1018.59
1006.7	1006.68
1007.64	1018.95
1008.58	1048.81
1009.52	1070.08
1010.46	1035.27
1011.4	1052.57
1012.34	1076.47
1013.27	1036.33
1014.21	1086.84
1015.15	1090.12
1016.09	1065.58
1017.03	1054.99
1017.96	1068.52
1018.9	1071.57
1019.84	1067.92
1020.77	1082.88
1021.71	1069.87
1022.65	1081.32
1023.58	1084.59
1024.52	1127.38
1025.45	1117.03
1026.39	1102.9
1027.32	1110.16
1028.26	1094.69
1029.19	1142.83
1030.12	1152.42
1031.06	1167.68
1031.99	1164.33
1032.92	1162.14
1033.86	1117.82
1034.79	1178.93
1035.72	1151.56
1036.65	1160.77
1037.59	1183.98
1038.52	1182.56
1039.45	1154.65
1040.38	1186.19
1041.31	1176.19
1042.24	1240.81
1043.17	1246.79
1044.1	1254.61
1045.03	1280.4
1045.96	1268.47
1046.89	1280.39
1047.82	1298.26
1048.75	1342.92
1049.68	1336.52
1050.61	1369.94
1051.53	1381.33
1052.46	1374.34
1053.39	1408.85
1054.32	1481.15
1055.24	1559.08
1056.17	1558.15
1057.1	1545.04
1058.02	1739.53
1058.95	1733.44
1059.88	1746.39
1060.8	1729.75
1061.73	1699.71
1062.65	1649.65
1063.58	1649.24
1064.5	1615.51
1065.43	1575
1066.35	1640.11
1067.27	1684.68
1068.2	1723.89
1069.12	1738.81
1070.04	1758.36
1070.97	1741.04
1071.89	1740.42
1072.81	1809.84
1073.73	1794.05
1074.65	1781.23
1075.58	1747.3
1076.5	1796.81
1077.42	1743.13
1078.34	1688.27
1079.26	1642.86
1080.18	1580.36
1081.1	1558.84
1082.02	1534.5
1082.94	1512.06
1083.86	1363.25
1084.78	1358.87
1085.7	1324.15
1086.61	1310.41
1087.53	1279.7
1088.45	1258.55
1089.37	1249.74
1090.28	1234.2
1091.2	1247
1092.12	1251.16
1093.03	1243.92
1093.95	1276.52
1094.87	1320.59
1095.78	1284.34
1096.7	1311.64
1097.61	1424.17
1098.53	1391.87
1099.44	1454.14
1100.36	1474.66
1101.27	1481.83
1102.19	1474.73
1103.1	1539.43
1104.01	1532.27
1104.93	1594.18
1105.84	1609.01
1106.75	1643.95
1107.67	1665.94
1108.58	1655.07
1109.49	1663.14
1110.4	1733.44
1111.31	1756.15
1112.22	1700.07
1113.14	1811.21
1114.05	1846.68
1114.96	1840.72
1115.87	1892.63
1116.78	1978.75
1117.69	2060.15
1118.6	2089.36
1119.51	2187.24
1120.42	2277.23
1121.32	2331.22
1122.23	2359.98
1123.14	2346.88
1124.05	2385.6
1124.96	2357.99
1125.86	2301.45
1126.77	2181.33
1127.68	2182.89
1128.58	2113.57
1129.49	2078.56
1130.4	2089.41
1131.3	2089.5
1132.21	2053.6
1133.11	2090.06
1134.02	2147.87
1134.92	2172.12
1135.83	2228.08
1136.73	2256.75
1137.64	2218.93
1138.54	2250.15
1139.44	2184.27
1140.35	2069.75
1141.25	2049.29
1142.15	1955.76
1143.06	1943.18
1143.96	1887.88
1144.86	1797.29
1145.76	1716.01
1146.66	1646.87
1147.57	1535.59
1148.47	1484.17
1149.37	1426.99
1150.27	1384.1
1151.17	1311.72
1152.07	1223.17
1152.97	1213.71
1153.87	1159.42
1154.77	1100.28
1155.67	1016.28
1156.57	983.682
1157.46	965.375
1158.36	957.614
1159.26	885.188
1160.16	866.222
1161.05	860.657
1161.95	794.045
1162.85	769.235
1163.75	755.678
1164.64	733.375
1165.54	703.361
1166.44	711.444
1167.33	694.871
1168.23	670.839
1169.12	703.048
1170.02	675.415
1170.91	640.18
1171.81	641.999
1172.7	638.049
1173.59	638.788
1174.49	680.336
1175.38	658.125
1176.27	659.613
1177.17	655.351
1178.06	638.751
1178.95	631.689
1179.84	629.461
1180.74	617.861
1181.63	648.03
1182.52	617.575
1183.41	618.329
1184.3	640.757
1185.19	652.648
1186.08	625.674
1186.97	645.978
1187.86	643.599
1188.75	665.793
1189.64	652.109
1190.53	652.579
1191.42	655.876
1192.31	675.224
1193.2	701.232
1194.09	672.747
1194.97	707.463
1195.86	679.171
1196.75	670.616
1197.64	686.47
1198.52	722.971
1199.41	731.216
1200.29	714.091
1201.18	720.547
1202.07	742.096
1202.95	734.465
1203.84	767.196
1204.72	763.118
1205.61	728.864
1206.49	772.593
1207.38	748.76
1208.26	763.624
1209.14	770.263
1210.03	719.794
1210.91	781.237
1211.79	738.317
1212.68	760.133
1213.56	734.701
1214.44	773.963
1215.32	778.254
1216.21	795.648
1217.09	793.378
1217.97	815.714
1218.85	781.949
1219.73	792.6
1220.61	836.403
1221.49	869.111
1222.37	925.427
1223.25	937.383
1224.13	993.46
1225.01	1051.21
1225.89	1133.32
1226.77	1199.33
1227.65	1303.18
1228.52	1323.3
1229.4	1355.05
1230.28	1308.68
1231.16	1276.59
1232.03	1283.3
1232.91	1278.6
1233.79	1301.24
1234.66	1286.72
1235.54	1263.46
1236.42	1234.32
1237.29	1179.45
1238.17	1123.6
1239.04	1086.77
1239.92	1046.21
1240.79	1021.87
1241.67	1001.37
1242.54	971.369
1243.41	961.345
1244.29	937.051
1245.16	962.306
1246.03	938.993
1246.91	945.206
1247.78	926.531
1248.65	958.299
1249.52	952.683
1250.4	927.839
1251.27	927.765
1252.14	973.553
1253.01	975.505
1253.88	977.549
1254.75	950.977
1255.62	961.633
1256.49	987.486
1257.36	991.223
1258.23	1019.66
1259.1	1007.86
1259.97	1049.48
1260.84	1063.39
1261.71	1063.98
1262.57	1047.48
1263.44	1059.69
1264.31	1122.54
1265.18	1177.78
1266.05	1140.44
1266.91	1220.39
1267.78	1272.57
1268.65	1351.33
1269.51	1424.25
1270.38	1527.55
1271.24	1662.15
1272.11	1747.06
1272.97	1850.86
1273.84	1911.71
1274.7	2034.34
1275.57	2119.82
1276.43	2093.15
1277.3	2095.77
1278.16	2071.29
1279.02	2036.52
1279.89	1973.39
1280.75	1950.26
1281.61	1866.38
1282.48	1729.28
1283.34	1658.56
1284.2	1587.02
1285.06	1528.18
1285.92	1411.59
1286.78	1356.32
1287.65	1275.33
1288.51	1216.2
1289.37	1170.77
1290.23	1121.92
1291.09	1104.45
1291.95	1029.24
1292.81	1034.1
1293.67	1042.17
1294.52	996.75
1295.38	959.224
1296.24	930.11
1297.1	930.818
1297.96	923.149
1298.81	923.26
1299.67	903.778
1300.53	900.331
1301.39	901.738
1302.24	897.696
1303.1	868.149
1303.95	876.279
1304.81	874.959
1305.67	868.214
1306.52	873.404
1307.38	860.139
1308.23	870.893
1309.09	869.818
1309.94	897.338
1310.8	901.685
1311.65	871.028
1312.5	894.324
1313.35	899.745
1314.21	912.217
1315.06	912.452
1315.91	913.675
1316.77	920.395
1317.62	962.415
1318.47	976.497
1319.32	983.572
1320.17	1029.74
1321.02	1052.98
1321.87	1068.84
1322.73	1087.31
1323.57	1118.88
1324.43	1145.09
1325.28	1171.29
1326.13	1184.61
1326.97	1222.53
1327.82	1268.78
1328.67	1260.48
1329.52	1258.26
1330.37	1296.96
1331.22	1344.8
1332.06	1324.12
1332.91	1359.3
1333.76	1363.41
1334.61	1383.7
1335.45	1388.45
1336.3	1423.1
1337.15	1413.75
1337.99	1422.1
1338.84	1420.29
1339.68	1461.96
1340.53	1477.16
1341.37	1470.33
1342.22	1475.01
1343.06	1468.83
1343.91	1469.19
1344.75	1487.18
1345.6	1495.69
1346.44	1505.53
1347.28	1475.72
1348.12	1509.47
1348.97	1507.57
1349.81	1533.02
1350.65	1517.85
1351.49	1524.15
1352.33	1517.29
1353.18	1506.44
1354.02	1513.54
1354.86	1512.07
1355.7	1513.91
1356.54	1547.66
1357.38	1546.49
1358.22	1549.77
1359.06	1576.53
1359.9	1556.55
1360.74	1546.18
1361.58	1563.67
1362.42	1567.8
1363.25	1552.24
1364.09	1524.8
1364.93	1514.5
1365.77	1518.79
1366.6	1535.75
1367.19	1563.56
1368.1	1553.96
1369.01	1527.54
1369.92	1498.05
1370.83	1499.93
1371.74	1493.79
1372.65	1478.67
1373.56	1456.59
1374.47	1421.69
1375.37	1477.25
1376.28	1426.5
1377.19	1411.07
1378.1	1433.86
1379	1367.22
1379.91	1377.16
1380.82	1354.72
1381.72	1337.14
1382.63	1337.1
1383.54	1356.46
1384.44	1367.78
1385.35	1316.46
1386.25	1322.78
1387.16	1381.76
1388.06	1337.53
1388.97	1320.73
1389.87	1374.02
1390.78	1405.93
1391.68	1414.56
1392.59	1407.69
1393.49	1396.91
1394.39	1332.8
1395.3	1334.46
1396.2	1236.42
1397.1	1170.38
1398	1118.01
1398.91	1104.39
1399.81	1065.89
1400.71	1024.66
1401.61	1010.44
1402.52	997.144
1403.42	941.529
1404.32	972.281
1405.22	963.645
1406.12	933.042
1407.02	929.391
1407.92	916.325
1408.82	905.314
1409.72	907.787
1410.62	894.999
1411.52	878.37
1412.42	909.421
1413.32	865.936
1414.21	889.193
1415.11	880.922
1416.01	841.211
1416.91	865.336
1417.81	858.093
1418.71	868.074
1419.6	821.161
1420.5	840.011
1421.4	855.199
1422.29	801.051
1423.19	845.766
1424.09	831.426
1424.98	849.299
1425.88	860.418
1426.77	839.18
1427.67	840.782
1428.56	826.288
1429.46	849.866
1430.35	838.359
1431.25	844.027
1432.14	879.249
1433.04	902.237
1433.93	905.386
1434.82	894.351
1435.72	895.738
1436.61	956.235
1437.5	992.991
1438.39	1007.85
1439.29	1061.84
1440.18	1065.18
1441.07	1115.25
1441.96	1106
1442.85	1155.05
1443.75	1152.56
1444.64	1184.71
1445.53	1203.7
1446.42	1202.69
1447.31	1242.91
1448.2	1218.64
1449.09	1232.53
1449.98	1228.94
1450.87	1217.58
1451.76	1282.28
1452.65	1306.87
1453.54	1268.26
1454.43	1306
1455.31	1276.33
1456.2	1322.72
1457.09	1351.4
1457.98	1304.26
1458.87	1320.63
1459.75	1372.72
1460.64	1376.73
1461.53	1404.37
1462.41	1432.44
1463.3	1472.35
1464.19	1590.75
1465.07	1678.81
1465.96	1713.04
1466.85	1720.66
1467.73	1769.86
1468.61	1749.29
1469.5	1713.41
1470.38	1666.07
1471.27	1682.89
1472.15	1673.46
1473.04	1744.47
1473.92	1784.22
1474.8	1813.13
1475.69	1855.6
1476.57	1837.05
1477.45	1874.16
1478.34	1873.73
1479.22	1791.83
1480.1	1752.5
1480.98	1755.51
1481.86	1746.22
1482.75	1756.7
1483.63	1722.08
1484.51	1645.73
1485.39	1549.38
1486.27	1356.71
1487.15	1239.09
1488.03	1061.65
1488.91	935.542
1489.79	864.493
1490.67	793.292
1491.55	770.367
1492.43	712.656
1493.31	642.523
1494.19	665.134
1495.07	648.256
1495.94	628.524
1496.82	572.202
1497.7	597.663
1498.58	570.165
1499.45	552.28
1500.33	550.722
1501.21	549.182
1502.09	534.263
1502.96	545.231
1503.84	515.086
1504.72	509.829
1505.59	527.476
1506.47	544.114
1507.34	492.084
1508.22	506.794
1509.09	502.478
1509.97	490.612
1510.84	486.418
1511.72	501.258
1512.59	488.564
1513.46	499.559
1514.34	482.98
1515.21	477.722
1516.08	495.124
1516.96	502.075
1517.83	479.755
1518.7	470.711
1519.57	506.009
1520.45	478.226
1521.32	477.827
1522.19	459.626
1523.06	452.785
1523.93	492.984
1524.8	467.402
1525.67	470.921
1526.54	481.896
1527.41	464.652
1528.28	452.091
1529.16	477.985
1530.02	469.232
1530.89	454.932
1531.76	461.314
1532.63	495.843
1533.5	470.461
1534.37	459.117
1535.24	478.651
1536.11	468.187
1536.97	469.882
1537.84	445.377
1538.71	462.106
1539.57	443.328
1540.44	467.691
1541.31	466.839
1542.18	453.83
1543.04	483.936
1543.91	446.466
1544.77	468.015
1545.64	443.515
1546.5	453.697
1547.37	486.419
1548.24	456.373
1549.1	435.831
1549.96	452.055
1550.83	432.674
1551.69	453.789
1552.56	438.131
1553.42	422.337
1554.28	441.345
1555.15	454.62
1556.01	433.88
1556.87	445.343
1557.73	466.409
1558.6	448.793
1559.46	470.079
1560.32	457.189
1561.18	461.277
1562.04	429.11
1562.9	417.759
1563.77	454.925
1564.63	442.65
1565.49	468.57
1566.35	451.714
1567.21	431.083
1568.07	431.471
1568.93	450.995
1569.79	470.514
1570.64	466.985
1571.5	467.225
1572.36	478.948
1573.22	444.544
1574.08	447.63
1574.94	477.718
1575.8	440.453
1576.65	440.755
1577.51	454.565
1578.37	432.614
1579.22	454.098
1580.08	447.513
1580.94	450.589
1581.79	457.563
1582.65	462.646
1583.51	450.31
1584.36	454.491
1585.22	469.371
1586.07	469.65
1586.93	437.748
1587.78	442.794
1588.63	462.434
1589.49	484.975
1590.34	448.914
1591.2	441.071
1592.05	449.747
1592.9	441.777
1593.76	477.713
1594.61	470.751
1595.46	462.904
1596.32	477.616
1597.17	487.554
1598.02	459.419
1598.87	461.555
1599.72	484.179
1600.58	484.201
1601.43	479.21
1602.28	464.324
1603.13	485.562
1603.98	482.283
1604.83	510.28
1605.68	495.309
1606.53	495.073
1607.38	470.491
1608.23	495.752
1609.08	489.736
1609.93	473.88
1610.77	487.21
1611.62	481.923
1612.47	494.168
1613.32	497.676
1614.17	495.424
1615.01	484.499
1615.86	501.849
1616.71	490.968
1617.55	484.895
1618.4	485.543
1619.25	489.989
1620.09	474.947
1620.94	522.003
1621.79	484.671
1622.63	471.669
1623.48	508.14
1624.32	478.818
1625.17	464.078
1626.01	482.266
1626.86	486.909
1627.7	460.59
1628.54	480.688
1629.39	497.849
1630.23	529.452
1631.07	501.082
1631.92	496.829
1632.76	474.22
1633.6	506.601
1634.45	510.061
1635.29	526.081
1636.13	527.686
1636.97	525.461
1637.81	544.406
1638.66	518.132
1639.5	523.615
1640.34	503.184
1641.18	504.923
1642.02	515.373
1642.86	506.651
1643.7	499.87
1644.54	514.226
1645.38	539.132
1646.22	540.934
1647.06	536.954
1647.89	528.182
1648.73	561.762
1649.57	534.867
1650.41	541.729
1651.25	537.136
1652.09	548.957
1652.92	552.085
1653.76	514.618
1654.6	562.848
1655.43	553.131
1656.27	545.337
1657.11	532.809
1657.94	545.519
1658.78	541.976
1659.62	541.412
1660.45	529.218
1661.29	518.839
1662.12	526.724
1662.96	519.965
1663.79	520.927
1664.62	537.464
1665.46	544.433
1666.29	527.272
1667.13	506.298
1667.96	545.665
1668.79	536.399
1669.63	525.12
1670.46	550.854
1671.29	525.768
1672.12	522.092
1672.96	537.919
1673.79	514.591
1674.62	498.089
1675.45	511.969
1676.28	493.575
1677.11	507.593
1677.95	493.205
1678.78	499.435
1679.61	534.15
1680.44	478.281
1681.27	474.432
1682.1	464.606
1682.93	466.577
1683.75	493.222
1684.58	471.641
1685.41	483.636
1686.24	475.94
1687.07	472.192
1687.9	450.634
1688.73	444.852
1689.55	471.694
1690.38	437.165
1691.21	444.156
1692.04	443.168
1692.86	449.039
1693.69	455.838
1694.52	449.744
1695.34	430.813
1696.17	434.747
1696.99	440.764
1697.82	423.068
1698.64	468.886
1699.47	428.35
1700.29	428.428
1701.12	430.398
1701.94	420.356
1702.77	432.102
1703.59	421.955
1704.41	416.767
1705.24	420.526
1706.06	418.35
1706.88	426.122
1707.71	397.199
1708.53	420.876
1709.35	420.735
1710.17	439.42
1711	420.374
1711.82	408.238
1712.64	404.993
1713.46	397.777
1714.28	437.125
1715.1	409.176
1715.92	388.215
1716.74	393.013
1717.56	417.572
1718.38	419.285
1719.2	414.95
1720.02	413.491
1720.84	414.959
1721.66	401.688
1722.48	405.302
1723.3	392.303
1724.11	417.823
1724.93	412.82
1725.75	403.792
1726.57	412.363
1727.39	383.4
1728.2	417.332
1729.02	387.364
1729.84	392.834
1730.65	406.219
1731.47	402.98
1732.29	413.469
1733.1	413.137
1733.92	395.134
1734.73	420.149
1735.55	404.082
1736.36	392.95
1737.18	402.362
1737.99	393.248
1738.81	395.83
1739.62	409.089
1740.43	402.825
1741.25	384.886
1742.06	389.346
1742.87	405.488
1743.69	424.558
1744.5	407.729
1745.31	395.772
1746.13	387.704
1746.94	396.124
1747.75	409.406
1748.56	398.516
1749.37	391.535
1750.18	386.505
1750.99	393.078
1751.81	409.303
1752.61	407.141
1753.42	421.425
1754.24	402.878
1755.04	378.575
1755.85	390.042
1756.66	392.79
1757.47	386.782
1758.28	366.23
1759.09	424.782
1759.9	409.967
1760.71	400.034
1761.52	403.679
1762.32	407.402
1763.13	378.408
1763.94	388.94
1764.74	386.924
1765.55	407.057
1766.36	399.235
1767.17	391.447
1767.97	376.002
1768.78	394.367
1769.58	381.899
1770.39	381.968
1771.19	384.905
1772	386.841
1772.8	382.956
1773.61	369.404
1774.41	380.036
1775.22	365.546
1776.02	382.984
1776.83	390.754
1777.63	384.007
1778.43	388.892
1779.23	375.406
1780.04	390.076
1780.84	388.323
1781.64	388.546
1782.44	380.033
1783.25	384.14
1784.05	374.596
1784.85	382.548
1785.65	387.571
1786.45	359.431
1787.25	390.806
1788.05	374.368
1788.86	398.965
1789.65	397.174
1790.46	362.085
1791.25	331.832
1792.05	386.785
1792.85	384.936
1793.65	375.263
1794.45	373.473
1795.25	359.939
1796.05	351.342
1796.85	379.181
1797.64	392.29
1798.44	360.997
1799.24	368.106
1800.04	382.09
1800.83	346.617
1801.63	383.289
1802.43	393.268
1803.22	355.733
1804.02	368.675
1804.82	358.826
1805.61	363.824
1806.41	378.727
1807.2	374.786
1808	364.896
1808.79	390.765
1809.59	365.031
1810.38	388.981
1811.18	376.152
1811.97	373.213
1812.76	383.133
1813.56	359.141
1814.35	351.016
1815.14	374.715
1815.94	362.644
1816.73	361.591
1817.52	363.598
1818.31	366.641
1819.1	372.66
1819.9	378.617
1820.69	364.567
1821.48	377.346
1822.27	361.213
1823.06	382.927
1823.85	375.79
1824.64	362.699
1825.43	362.538
1826.22	381.255
1827.01	382.031
1827.8	353.964
1828.59	374.648
1829.38	406.297
1830.17	366.403
1830.96	381.177
1831.74	383.982
1832.53	371.818
1833.32	360.596
1834.11	367.205
1834.89	391.634
1835.68	372.421
1836.47	368.099
1837.26	378.642
1838.04	361.48
1838.83	387.833
1839.61	361.77
1840.4	349.53
1841.19	381.657
1841.97	372.311
1842.76	369.871
1843.54	366.486
1844.33	337.607
1845.11	356.974
1845.89	377.359
1846.68	366.334
1847.46	366.107
1848.25	351.138
1849.03	396.979
1849.81	375.131
1850.6	369.002
1851.38	366.821
1852.16	348
1852.94	337.01
1853.72	356.344
1854.51	375.618
1855.29	355.717
1856.07	371.973
1856.85	351.085
1857.63	366.329
1858.41	350.351
1859.19	350.977
1859.97	348.709
1860.75	364.985
1861.53	353.081
1862.31	357.775
1863.09	376.122
1863.87	354.572
1864.65	358.282
1865.43	363.869
1866.21	375.21
1866.99	351.513
1867.76	358.881
1868.54	370.133
1869.32	354.29
1870.1	347.257
1870.87	415.858
1871.65	486.449
1872.43	392.402
1873.2	369.052
1873.98	350.517
1874.76	358.109
1875.53	369.572
1876.31	349.111
1877.08	356.784
1877.86	365.481
1878.63	347.08
1879.41	350.955
1880.18	338.319
1880.96	346.002
1881.73	342.026
1882.5	357.447
1883.28	368.049
1884.05	386.452
1884.82	350.565
1885.6	352.513
1886.37	344.741
1887.14	356.364
1887.91	361.175
1888.68	352.39
1889.46	332.936
1890.23	341.699
1891	358.309
1891.77	352.636
1892.54	373.324
1893.31	356.09
1894.08	357.391
1894.85	345.969
1895.62	371.618
1896.39	361.958
1897.16	359.019
1897.93	345.219
1898.7	358.8
1899.47	373.404
1900.24	356.781
1901.01	347.119
1901.77	350.289
1902.54	343.693
1903.31	357.694
1904.08	325.44
1904.84	345.251
1905.61	358.154
1906.38	345.43
1907.14	350.431
1907.91	341.639
1908.68	366.407
1909.44	331.989
1910.21	354.863
1910.97	338.242
1911.74	360.212
1912.51	348.542
1913.27	349.732
1914.03	339.986
1914.8	362.961
1915.56	351.161
1916.33	347.266
1917.09	329.414
1917.85	338.376
1918.62	354.285
1919.38	338.348
1920.14	369.193
1920.9	332.383
1921.67	329.465
1922.43	330.594
1923.19	335.775
1923.95	342.997
1924.71	352.229
1925.47	355.428
1926.24	326.522
1927	327.545
1927.76	356.535
1928.52	327.384
1929.28	350.276
1930.04	354.123
1930.8	333.938
1931.56	354.811
1932.32	351.68
1933.08	341.586
1933.83	334.545
1934.59	350.585
1935.35	302.526
1936.11	348.627
1936.87	346.558
1937.62	353.415
1938.38	341.146
1939.14	338.861
1939.89	355.607
1940.65	329.361
1941.41	337.2
1942.16	317.054
1942.92	319.906
1943.68	345.705
1944.43	349.407
1945.19	320.06
1945.94	330.635
1946.7	346.166
1947.45	311.87
1948.21	335.412
1948.96	330.104
1949.71	349.7
1950.47	343.454
1951.22	323.32
1951.98	340.955
1952.73	346.653
1953.48	310.628
1954.23	334.1
1954.99	329.716
1955.74	335.174
1956.49	353.441
1957.24	350.937
1957.99	347.514
1958.75	327.415
1959.5	348.812
1960.25	343.624
1961	353.198
1961.75	349.913
1962.5	336.731
1963.25	353.008
1964	369.245
1964.75	356.037
1965.5	352.67
1966.25	366.934
1967	346.882
1967.74	349.288
1968.49	340.881
1969.24	325.634
1969.99	346.462
1970.74	356.603
1971.48	346.419
1972.23	342.181
1972.98	334.147
1973.73	345.56
1974.47	355.957
1975.22	357.544
1975.96	368.728
1976.71	349.838
1977.46	331.929
1978.2	371.047
1978.95	342.638
1979.69	351.965
1980.44	337.28
1981.18	361.215
1981.93	339.863
1982.67	347.382
1983.41	344.219
1984.16	338.075
1984.9	341.471
1985.64	353.456
1986.39	375.971
1987.13	330.419
1987.87	343.445
1988.61	335.463
1989.36	351.471
1990.1	358.891
1990.84	357.711
1991.58	356.531
1992.32	325.726
1993.06	329.365
1993.81	328.27
1994.55	324.372
1995.29	325.322
1996.03	319.638
1996.77	335.039
1997.51	333.23
1998.24	352.475
1998.98	307.485
1999.72	346.791
2000.46	331.427
2001.2	326.599
2001.94	344.806
2002.68	322.745
2003.41	322.78
2004.15	330.52
2004.89	318.091
2005.63	330.636
2006.36	319.127
2007.1	325.871
2007.84	322.03
2008.57	332.646
2009.31	325.01
2010.05	308.744
2010.78	326.258
2011.52	313.908
2012.25	320.865
2012.99	336.511
2013.72	310.533
2014.46	286.414
2015.19	302.92
2015.92	296.185
2016.66	325.343
2017.39	338.106
2018.13	309.209
2018.86	322.108
2019.59	314.632
2020.32	319.804
2021.06	307.412
2021.79	308.42
2022.52	316.944
2023.25	310.024
2023.98	307.023
2024.72	319.558
2025.45	334.994
2026.18	303.77
2026.91	291.453
2027.64	300.861
2028.37	316.643
2029.1	323.501
2029.83	312.79
2030.56	326.103
2031.29	303.583
2032.02	297.417
2032.75	300.334
2033.47	304.049
2034.2	323.898
2034.93	301.704
2035.66	310.052
2036.39	314.953
2037.11	306.293
2037.84	323.258
2038.57	318.852
2039.3	322.268
2040.02	315.179
2040.75	305.736
2041.47	301.127
2042.2	313.71
2042.93	303.159
2043.65	310.07
2044.38	303.285
2045.1	310.28
2045.83	330.859
2046.55	312.026
2047.28	303.313
2048	313.886
2048.73	290.305
2049.45	308.612
2050.17	319.869
2050.9	314.2
2051.62	324.397
2052.34	329.754
2053.07	315.19
2053.79	310.016
2054.51	316.933
2055.23	323.464
2055.95	316.044
2056.68	313.72
2057.4	306.086
2058.12	299.302
2058.84	317.091
2059.56	321.827
2060.28	309.794
2061	316.487
2061.72	317.542
2062.44	331.666
2063.16	317.43
2063.88	310.193
2064.6	332.75
2065.32	325.967
2066.03	325.415
2066.75	335.852
2067.47	319.636
2068.19	324.052
2068.91	319.382
2069.62	324.466
2070.34	319.829
2071.06	312.664
2071.77	322.053
2072.49	324.33
2073.21	331.763
2073.92	309.861
2074.64	316.233
2075.36	311.692
2076.07	318.59
2076.79	308.055
2077.5	323.124
2078.22	321.412
2078.93	325.792
2079.64	319.418
2080.36	332.383
2081.07	320.879
2081.79	324.229
2082.5	328.356
2083.21	315.629
2083.93	314.698
2084.64	331.879
2085.35	322.487
2086.07	312.325
2086.78	327.636
2087.49	311.43
2088.2	307.415
2088.91	306.49
2089.62	318.257
2090.33	314.353
2091.04	323.392
2091.76	333.339
2092.47	326.426
2093.18	327.793
2093.89	323.248
2094.6	332.628
2095.3	335.881
2096.01	314.046
2096.72	319.675
2097.43	329.711
2098.14	324.908
2098.85	315.475
2099.56	317.667
2100.09	322.27
2100.87	333.002
2101.65	345.727
2102.43	313.986
2103.21	321.758
2103.99	301.832
2104.77	323.303
2105.55	332.844
2106.32	307.867
2107.1	311.468
2107.88	331.821
2108.66	310.99
2109.44	320.697
2110.22	327.506
2110.99	329.394
2111.77	310.59
2112.55	329.936
2113.33	330.542
2114.1	312.549
2114.88	320.051
2115.66	349.126
2116.43	315.816
2117.21	327.493
2117.99	322.591
2118.76	323.514
2119.54	327.31
2120.31	330.085
2121.09	328.938
2121.86	306.353
2122.64	322.773
2123.41	330.436
2124.19	334.222
2124.96	333.171
2125.74	320.483
2126.51	324.401
2127.28	323.491
2128.06	320.645
2128.83	330.451
2129.61	324.627
2130.38	320.716
2131.15	321.666
2131.92	345.054
2132.7	305.077
2133.47	318.76
2134.24	333.434
2135.01	319.805
2135.78	318.853
2136.55	313.996
2137.33	332.591
2138.1	315.076
2138.87	338.635
2139.64	335.852
2140.41	322.339
2141.18	344.104
2141.95	339.46
2142.72	335.793
2143.49	312.451
2144.26	327.366
2145.03	340.293
2145.8	322.707
2146.57	317.918
2147.33	331.887
2148.1	335.084
2148.87	307.716
2149.64	303.02
2150.41	316.087
2151.17	336.06
2151.94	320.37
2152.71	309.619
2153.48	320.707
2154.24	315.973
2155.01	317.227
2155.78	327.451
2156.54	312.795
2157.31	304.071
2158.08	318.257
2158.84	321.452
2159.61	311.626
2160.37	297.75
2161.14	316.846
2161.9	309.936
2162.67	312.061
2163.43	324.268
2164.2	341.58
2164.96	308.769
2165.72	330.184
2166.49	320.407
2167.25	327.666
2168.01	309.654
2168.78	318.793
2169.54	293.631
2170.3	302.782
2171.07	313.002
2171.83	298.035
2172.59	315.436
2173.35	307.563
2174.11	344.208
2174.88	317.988
2175.64	304.851
2176.4	311.938
2177.16	319.048
2177.92	345.456
2178.68	323.241
2179.44	330.494
2180.2	323.571
2180.96	329.86
2181.72	320.883
2182.48	333.227
2183.24	322.135
2184	321.178
2184.76	322.226
2185.52	325.291
2186.28	323.263
2187.04	300.88
2187.79	317.195
2188.55	344.725
2189.31	336.62
2190.07	333.604
2190.83	312.247
2191.58	338.765
2192.34	348.976
2193.1	327.581
2193.85	324.491
2194.61	317.278
2195.37	338.521
2196.12	336.293
2196.88	333.031
2197.63	331.82
2198.39	314.407
2199.15	344.781
2199.9	314.287
2200.66	341.674
2201.41	335.535
2202.16	309.052
2202.92	346.422
2203.67	314.797
2204.43	309.551
2205.18	315.487
2205.93	325.532
2206.69	325.519
2207.44	316.433
2208.19	320.499
2208.95	307.323
2209.7	328.498
2210.45	338.487
2211.2	339.341
2211.95	301.796
2212.71	307.715
2213.46	309.595
2214.21	313.486
2214.96	316.35
2215.71	323.218
2216.46	316.958
2217.21	306.656
2217.96	342.585
2218.71	331.236
2219.46	316.909
2220.21	330.705
2220.96	340.525
2221.71	331.362
2222.46	317.235
2223.21	340.138
2223.96	316.986
2224.71	313.802
2225.46	330.56
2226.21	328.317
2226.95	340.053
2227.7	332.875
2228.45	313.787
2229.2	338.536
2229.94	325.458
2230.69	325.323
2231.44	333.14
2232.18	328.029
2232.93	325.892
2233.68	324.73
2234.42	323.543
2235.17	328.282
2235.92	329.046
2236.66	313.991
2237.41	319.762
2238.15	321.609
2238.9	316.561
2239.64	339.195
2240.38	330.199
2241.13	336.007
2241.87	314.162
2242.62	325.871
2243.36	309.956
2244.1	323.625
2244.85	334.33
2245.59	349.955
2246.33	318.324
2247.08	331.004
2247.82	338.758
2248.56	322.892
2249.3	331.586
2250.05	316.676
2250.79	337.114
2251.53	324.187
2252.27	321.11
2253.01	325.922
2253.75	337.637
2254.49	318.026
2255.23	344.506
2255.97	339.63
2256.71	333.762
2257.45	332.767
2258.19	341.535
2258.93	322.827
2259.67	327.62
2260.41	324.586
2261.15	320.616
2261.89	331.392
2262.63	347.132
2263.36	314.93
2264.1	336.627
2264.84	324.996
2265.58	323.133
2266.32	332.998
2267.05	312.407
2267.79	335.935
2268.53	324.128
2269.26	320.175
2270	336.841
2270.74	306.461
2271.48	324.189
2272.21	321.356
2272.95	310.699
2273.68	339.359
2274.42	308.089
2275.15	316.13
2275.89	297.588
2276.62	340.064
2277.36	334.268
2278.09	335.34
2278.83	341.318
2279.56	305.877
2280.29	325.636
2281.03	335.539
2281.76	325.729
2282.49	350.469
2283.23	341.709
2283.96	380.385
2284.69	366.778
2285.42	292.847
2286.16	336.537
2286.89	320.829
2287.62	325.85
2288.35	329.85
2289.08	320.98
2289.81	332.948
2290.55	332.101
2291.28	337.264
2292.01	318.658
2292.74	316.928
2293.47	314.193
2294.2	333.319
2294.93	359.396
2295.66	329.655
2296.39	308.808
2297.11	304.86
2297.85	317.849
2298.57	314.917
2299.3	301.064
2300.03	325.162
2300.76	346.331
2301.49	311.577
2302.22	299.749
2302.94	326.881
2303.67	306.978
2304.4	297.065
2305.12	309.194
2305.85	286.297
2306.58	312.515
2307.31	289.612
2308.03	304.801
2308.76	318.967
2309.48	315.035
2310.21	300.038
2310.93	306.143
2311.66	316.294
2312.38	308.377
2313.11	306.504
2313.83	299.591
2314.56	286.605
2315.28	307.832
2316.01	297.811
2316.73	295.852
2317.45	302.983
2318.18	297.031
2318.9	306.223
2319.62	314.41
2320.35	292.296
2321.07	298.424
2321.79	287.367
2322.52	288.425
2323.24	314.756
2323.96	288.553
2324.68	272.452
2325.4	289.712
2326.12	265.49
2326.84	261.476
2327.56	232.155
2328.29	211.936
2329.01	227.148
2329.73	239.346
2330.45	217.133
2331.17	285.067
2331.89	263.856
2332.61	299.366
2333.32	283.163
2334.04	275.05
2334.76	287.203
2335.48	302.408
2336.2	280.133
2336.92	277.134
2337.64	267.046
2338.35	277.234
2339.07	285.383
2339.79	285.404
2340.51	307.741
2341.23	283.425
2341.94	295.669
2342.66	305.924
2343.37	270.498
2344.09	301.08
2344.81	288.945
2345.52	275.724
2346.24	275.655
2346.95	282.658
2347.67	276.458
2348.38	298.722
2349.1	295.675
2349.82	297.773
2350.53	284.681
2351.24	259.392
2351.96	274.714
2352.67	285.926
2353.39	281.838
2354.1	267.553
2354.81	282.728
2355.53	265.399
2356.24	272.472
2356.95	285.662
2357.66	290.752
2358.38	323.288
2359.09	291.848
2359.8	278.703
2360.51	282.852
2361.22	281.94
2361.94	274.943
2362.65	276.095
2363.36	257.89
2364.07	298.747
2364.78	288.627
2365.49	290.688
2366.2	278.438
2366.91	263.111
2367.62	320.14
2368.33	300.755
2369.04	281.395
2369.75	272.241
2370.46	284.491
2371.16	262.087
2371.87	254.962
2372.58	271.278
2373.29	287.599
2374	296.794
2374.71	263.175
2375.41	286.644
2376.12	306.033
2376.83	276.476
2377.53	288.737
2378.24	283.676
2378.95	262.305
2379.65	281.743
2380.36	290.97
2381.07	266.49
2381.77	273.629
2382.48	279.743
2383.18	276.699
2383.89	281.867
2384.59	293.212
2385.3	272.91
2386	266.886
2386.71	261.83
2387.41	286.365
2388.12	288.342
2388.82	267.809
2389.52	284.083
2390.23	291.198
2390.93	307.553
2391.63	293.283
2392.34	281.045
2393.04	258.556
2393.74	265.671
2394.44	279.924
2395.15	296.24
2395.85	284.005
2396.55	293.261
2397.25	298.449
2397.95	286.237
2398.65	296.461
2399.35	310.709
2400.05	303.448
2400.75	300.261
2401.45	307.299
2402.15	298.044
2402.85	292.921
2403.55	306.211
2404.25	272.583
2404.95	300.213
2405.65	312.534
2406.35	270.709
2407.05	276.868
2407.75	312.645
2408.44	299.385
2409.14	310.656
2409.84	289.235
2410.54	287.229
2411.24	319.964
2411.93	279.065
2412.63	286.177
2413.33	289.168
2414.02	270.688
2414.72	304.292
2415.42	280.718
2416.11	277.581
2416.81	289.763
2417.5	300.944
2418.2	295.828
2418.9	300.934
2419.59	308.086
2420.28	294.82
2420.98	287.635
2421.67	308.954
2422.37	290.477
2423.06	304.609
2423.75	298.402
2424.45	290.226
2425.14	283.136
2425.84	312.763
2426.53	264.989
2427.22	295.653
2427.91	295.701
2428.61	285.491
2429.3	264.011
2429.99	300.563
2430.68	307.506
2431.37	304.242
2432.07	290.818
2432.76	295.724
2433.45	288.49
2434.14	265.078
2434.83	299.576
2435.52	281.318
2436.21	293.507
2436.9	289.415
2437.59	305.565
2438.28	263.841
2438.97	299.168
2439.66	276.718
2440.35	292.792
2441.04	292.695
2441.72	285.544
2442.41	290.544
2443.1	271.259
2443.79	307.57
2444.48	295.329
2445.16	283.096
2445.85	303.203
2446.54	271.848
2447.23	302.112
2447.91	272.825
2448.6	304.102
2449.29	309.114
2449.97	286.858
2450.66	300.923
2451.34	283.718
2452.03	296.795
2452.72	271.566
2453.4	326.013
2454.09	284.635
2454.77	322.871
2455.46	312.657
2456.14	289.32
2456.82	296.194
2457.51	292.019
2458.19	317.054
2458.88	297.907
2459.56	308.97
2460.24	319.062
2460.92	322.131
2461.61	285.974
2462.29	318.196
2462.97	325.255
2463.66	303.111
2464.34	334.246
2465.02	329.129
2465.7	304.886
2466.38	340.929
2467.06	315.688
2467.75	320.609
2468.42	313.527
2469.11	334.596
2469.79	324.594
2470.47	321.647
2471.15	315.694
2471.83	300.687
2472.51	336.885
2473.19	310.766
2473.86	320.784
2474.54	341.831
2475.22	309.652
2475.9	310.638
2476.58	333.751
2477.26	318.741
2477.94	311.792
2478.61	304.848
2479.29	329.057
2479.97	301.97
2480.65	292.953
2481.32	313.085
2482	301.032
2482.68	297.033
2483.35	323.225
2484.03	314.209
2484.71	296.118
2485.38	313.22
2486.06	286.018
2486.73	302.063
2487.41	314.082
2488.08	310.034
2488.76	304.014
2489.43	308.097
2490.11	328.317
2490.78	348.57
2491.45	284.24
2492.13	316.564
2492.8	316.639
2493.48	316.697
2494.15	306.671
2494.82	303.714
2495.49	317.931
2496.17	291.829
2496.84	312.177
2497.51	289.11
2498.18	318.568
2498.86	331.826
2499.53	327.834
2500.2	335.933
2500.87	319.74
2501.54	328.861
2502.21	286.437
2502.88	333.123
2503.55	324.196
2504.22	321.348
2504.89	313.395
2505.56	342.92
2506.23	326.745
2506.9	334.898
2507.57	331.897
2508.24	344.162
2508.91	327.02
2509.58	315.978
2510.25	325.235
2510.91	317.173
2511.58	331.447
2512.25	329.433
2512.92	317.257
2513.59	332.573
2514.25	335.719
2514.92	330.746
2515.59	352.25
2516.25	325.871
2516.92	331.04
2517.59	321.916
2518.25	347.426
2518.92	326.04
2519.58	339.316
2520.25	332.221
2520.91	336.37
2521.58	336.48
2522.24	324.379
2522.91	339.867
2523.57	328.817
2524.24	331.039
2524.9	327.105
2525.56	319.05
2526.23	302.779
2526.89	343.841
2527.55	319.346
2528.22	318.391
2528.88	333.808
2529.54	333.818
2530.21	329.7
2530.87	356.324
2531.53	339.93
2532.19	314.366
2532.85	310.389
2533.51	307.485
2534.18	323.076
2534.84	298.585
2535.5	335.678
2536.16	355.222
2536.82	338.711
2537.48	349.903
2538.14	317.958
2538.8	318.927
2539.46	327.148
2540.12	345.709
2540.78	337.622
2541.44	344.973
2542.09	329.7
2542.75	359.654
2543.41	340.17
2544.07	352.518
2544.73	345.24
2545.39	345.103
2546.04	343.899
2546.7	323.169
2547.36	353.827
2548.02	334.216
2548.67	360.858
2549.33	330.074
2549.98	333.189
2550.64	355.821
2551.3	369.216
2551.95	373.371
2552.61	356.988
2553.26	351.901
2553.92	357.075
2554.57	371.463
2555.23	377.573
2555.88	357.94
2556.54	368.038
2557.19	365.792
2557.85	375.864
2558.5	366.498
2559.15	392.031
2559.81	376.632
2560.46	375.616
2561.11	370.51
2561.77	401.247
2562.42	375.588
2563.07	385.73
2563.72	359.981
2564.37	371.062
2565.03	418.957
2565.68	411.653
2566.33	380.921
2566.98	409.547
2567.63	400.398
2568.28	383.064
2568.93	407.599
2569.58	386.055
2570.23	381.837
2570.88	392.928
2571.53	390.768
2572.18	398.891
2572.83	404.006
2573.48	380.559
2574.13	403.054
2574.78	364.24
2575.43	390.738
2576.07	398.819
2576.72	368.101
2577.37	373.112
2578.02	382.209
2578.67	363.766
2579.31	374.881
2579.96	378.824
2580.61	356.25
2581.26	383.574
2581.9	385.451
2582.55	364.998
2583.19	375.139
2583.84	369.066
2584.49	377.271
2585.13	338.652
2585.78	335.599
2586.42	358.927
2587.07	364.865
2587.71	351.426
2588.36	360.325
2589	356.034
2589.65	381.209
2590.29	365.865
2590.93	350.588
2591.58	369.826
2592.22	355.652
2592.86	381.045
2593.51	361.854
2594.15	351.8
2594.79	369.145
2595.43	349.953
2596.07	347.985
2596.72	345.977
2597.36	360.164
2598	355.018
2598.64	350.863
2599.28	341.638
2599.92	354.753
2600.56	333.428
2601.2	357.776
2601.85	348.683
2602.49	344.658
2603.13	349.741
2603.76	336.536
2604.4	366.92
2605.04	356.728
2605.68	366.824
2606.32	368.819
2606.96	372.842
2607.6	361.644
2608.24	354.475
2608.88	343.231
2609.51	369.456
2610.15	356.203
2610.79	362.237
2611.43	352.135
2612.06	354.24
2612.7	374.617
2613.34	346.381
2613.97	375.899
2614.61	329.356
2615.25	381.158
2615.88	372.096
2616.52	365.056
2617.15	374.259
2617.79	349.977
2618.42	371.388
2619.06	365.387
2619.69	354.292
2620.33	373.657
2620.96	381.822
2621.6	381.833
2622.23	414.359
2622.86	370.669
2623.5	400.184
2624.13	363.655
2624.76	364.755
2625.4	377.047
2626.03	384.24
2626.66	413.795
2627.29	381.257
2627.93	372.117
2628.56	385.383
2629.19	415.988
2629.82	403.871
2630.45	412.133
2631.08	405.116
2631.71	372.598
2632.34	392.033
2632.98	424.72
2633.61	391.147
2634.24	424.902
2634.87	397.497
2635.5	435.423
2636.12	452.961
2636.75	421.465
2637.38	425.696
2638.01	412.528
2638.64	422.853
2639.27	429.069
2639.9	446.517
2640.53	419.95
2641.15	438.376
2641.78	447.585
2642.41	437.363
2643.04	438.421
2643.66	449.751
2644.29	452.93
2644.92	451.007
2645.54	433.712
2646.17	459.406
2646.8	477.894
2647.42	475.85
2648.05	466.608
2648.67	448.142
2649.3	479.892
2649.92	474.793
2650.55	486.131
2651.17	479.07
2651.8	454.611
2652.42	495.799
2653.05	470.323
2653.67	464.305
2654.29	490.068
2654.92	491.147
2655.54	476.781
2656.16	481.904
2656.79	471.632
2657.41	482.524
2658.03	480.808
2658.65	494.244
2659.27	490.842
2659.9	504.296
2660.52	493.467
2661.14	486.981
2661.76	490.261
2662.38	482.399
2663	505.458
2663.62	517.334
2664.24	503.011
2664.86	517.673
2665.48	506.303
2666.1	506.005
2666.72	501.513
2667.34	517.736
2667.96	514.056
2668.58	483.69
2669.2	508.613
2669.82	496.267
2670.44	483.345
2671.05	513.29
2671.67	536.184
2672.29	507.037
2672.91	540.857
2673.53	522.058
2674.14	543.849
2674.76	530.978
2675.38	557.111
2675.99	571.025
2676.61	548.219
2677.23	591.601
2677.84	606.544
2678.46	633.401
2679.07	649.171
2679.69	679.749
2680.3	705.552
2680.92	745.152
2681.53	785.872
2682.15	814.028
2682.76	836.028
2683.38	812.651
2683.99	844.903
2684.61	826.653
2685.22	833.461
2685.83	824.481
2686.44	793.878
2687.06	815.238
2687.67	806.431
2688.28	797.013
2688.9	799.894
2689.51	811.79
2690.12	823.695
2690.73	839.665
2691.34	827.138
2691.96	822.028
2692.57	816.899
2693.18	851.664
2693.79	851.086
2694.4	845.736
2695.01	833.614
2695.62	834.74
2696.23	824.326
2696.84	830.843
2697.45	841.973
2698.06	816.906
2698.67	835.198
2699.28	816.255
2699.88	812.879
2700.49	833.417
2701.1	826.642
2701.71	815.245
2702.32	825.394
2702.93	825.965
2703.53	840.203
2704.14	857.29
2704.75	820.821
2705.36	825.291
2705.96	848.653
2706.57	845.285
2707.17	863.057
2707.78	861.34
2708.39	839.279
2708.99	857.199
2709.6	842.522
2710.2	870.17
2710.81	885.302
2711.41	881.026
2712.02	879.905
2712.62	887.602
2713.23	890.8
2713.83	894.987
2714.44	906.442
2715.04	894.294
2715.64	909.741
2716.25	899.579
2716.85	931.038
2717.45	927.377
2718.05	935.617
2718.66	930.14
2719.26	928.356
2719.86	932.608
2720.46	932.362
2721.06	961.608
2721.67	963.361
2722.27	941.797
2722.87	964.27
2723.47	966.586
2724.07	964.846
2724.67	956.469
2725.27	959.084
2725.71	987.232
2726.38	972.799
2727.06	1007.07
2727.73	1011.71
2728.4	981.743
2729.07	998.602
2729.74	981.042
2730.42	1016.51
2731.09	1032.87
2731.76	1005.73
2732.43	999.011
2733.1	1012.66
2733.77	1021.19
2734.44	1033.7
2735.11	1025.7
2735.78	1061.33
2736.45	1060.17
2737.12	1068.05
2737.79	1039.23
2738.46	1061.27
2739.13	1057.93
2739.8	1083.16
2740.47	1082.14
2741.14	1091.49
2741.81	1089.83
2742.47	1047.57
2743.14	1064.33
2743.81	1092.26
2744.48	1071.23
2745.15	1072.51
2745.81	1064.58
2746.48	1103.54
2747.15	1091.59
2747.81	1087.82
2748.48	1121.76
2749.15	1104.6
2749.81	1110.74
2750.48	1155.51
2751.15	1137.95
2751.81	1143.91
2752.48	1115.38
2753.14	1090.16
2753.81	1032.5
2754.47	1078.05
2755.14	1055.11
2755.8	1055.46
2756.47	1042.29
2757.13	1001.34
2757.8	996.111
2758.46	1032.84
2759.13	983.885
2759.79	1020.94
2760.45	992.673
2761.12	991.975
2761.78	969.649
2762.44	1013.65
2763.1	984.881
2763.77	1002.13
2764.43	992.896
2765.09	996.117
2765.76	1020.01
2766.42	1012.34
2767.08	1032.39
2767.74	1050.38
2768.4	1073.42
2769.06	1080.95
2769.72	1099.66
2770.38	1117.26
2771.05	1139.98
2771.71	1139.14
2772.37	1184.59
2773.03	1226.07
2773.69	1281.02
2774.35	1317.49
2775.01	1376.5
2775.67	1403.49
2776.33	1461.18
2776.99	1537.29
2777.64	1583.6
2778.3	1703.04
2778.96	1688.9
2779.62	1785.91
2780.28	1828.33
2780.94	1822.24
2781.59	1859.24
2782.25	1843.75
2782.91	1844.87
2783.57	1791.7
2784.22	1810.83
2784.88	1773.49
2785.54	1804.09
2786.2	1778.78
2786.85	1774.63
2787.51	1765.92
2788.16	1782.7
2788.82	1780.95
2789.48	1811.4
2790.13	1842.33
2790.79	1781.07
2791.44	1869.37
2792.1	1872.17
2792.75	1881.87
2793.41	1918.95
2794.06	1987.56
2794.72	1983.77
2795.37	1997.4
2796.02	1981.25
2796.68	2007.47
2797.33	2055.51
2797.98	2084.22
2798.64	2108.99
2799.29	2134.94
2799.94	2190.82
2800.6	2225.15
2801.25	2207.01
2801.9	2248.57
2802.55	2250.95
2803.21	2249.1
2803.86	2339.76
2804.51	2369.49
2805.16	2342.43
2805.81	2428.6
2806.46	2492.12
2807.11	2511.43
2807.77	2508.1
2808.42	2514.99
2809.07	2551.56
2809.72	2619.81
2810.37	2646.74
2811.02	2679.8
2811.67	2748.99
2812.32	2768.1
2812.97	2787.54
2813.61	2850.42
2814.26	2840.5
2814.91	2840.88
2815.56	2959.39
2816.21	2978.06
2816.86	2983.18
2817.51	3039.51
2818.15	3122.32
2818.8	3164.82
2819.45	3167.12
2820.1	3166.4
2820.74	3228.64
2821.39	3270.8
2822.04	3314.41
2822.69	3401.33
2823.33	3402.78
2823.98	3424.25
2824.63	3480.02
2825.27	3489.11
2825.92	3553.52
2826.56	3610.97
2827.21	3644.26
2827.85	3684.24
2828.5	3715.39
2829.14	3693.46
2829.79	3770.26
2830.43	3763.07
2831.08	3798.06
2831.72	3771.39
2832.37	3843.17
2833.01	3850.93
2833.65	3838.79
2834.3	3915.71
2834.94	3970.72
2835.58	3986.42
2836.23	3963.92
2836.87	3998.9
2837.51	3986.81
2838.16	3932.02
2838.8	4048.16
2839.44	4058.04
2840.08	4084.54
2840.72	4078.05
2841.36	4125.55
2842.01	4159.27
2842.65	4128.04
2843.29	4100.93
2843.93	4132.54
2844.57	4107.84
2845.21	4203.38
2845.85	4153.12
2846.49	4236.51
2847.13	4215.46
2847.77	4225.76
2848.41	4273.51
2849.05	4325.51
2849.69	4291.81
2850.33	4262.42
2850.97	4257.75
2851.61	4228.62
2852.24	4261.9
2852.88	4260.51
2853.52	4300.02
2854.16	4265.6
2854.8	4335.75
2855.43	4340.38
2856.07	4363.16
2856.71	4346.2
2857.35	4351.27
2857.98	4401.4
2858.62	4425.16
2859.26	4432.19
2859.89	4434.84
2860.53	4525.38
2861.16	4536.49
2861.8	4543.88
2862.44	4608.24
2863.07	4686.53
2863.71	4775.04
2864.34	4746.37
2864.98	4844.81
2865.61	4870.45
2866.25	4935.35
2866.88	4951.65
2867.52	5020.15
2868.15	5073.9
2868.78	5166.6
2869.42	5189.26
2870.05	5315.35
2870.69	5379.14
2871.32	5495.19
2871.95	5543.73
2872.58	5637.95
2873.22	5723.74
2873.85	5952.62
2874.48	6030.14
2875.11	6015.41
2875.75	6188.91
2876.38	6258.65
2877.01	6388.26
2877.64	6502.27
2878.27	6636.69
2878.9	6698.91
2879.53	6837.61
2880.16	6839.83
2880.79	6971.77
2881.42	7043.5
2882.05	7174.67
2882.68	7270.29
2883.31	7403.64
2883.94	7440.42
2884.57	7540.8
2885.2	7645.65
2885.83	7731.65
2886.46	7821.93
2887.09	7793.89
2887.72	7884.2
2888.35	7971.06
2888.97	8042.56
2889.6	8066.4
2890.23	8026.78
2890.86	7972.95
2891.49	8064.1
2892.11	8015.78
2892.74	8122.22
2893.37	8121.83
2893.99	8178.58
2894.62	8191.82
2895.25	8151.07
2895.87	8163.81
2896.5	8152.8
2897.12	8268.15
2897.75	8267.36
2898.38	8288.74
2899	8300.45
2899.63	8340.23
2900.25	8445.14
2900.88	8478.47
2901.5	8462.71
2902.12	8534.32
2902.75	8542.69
2903.37	8503.52
2904	8553.98
2904.62	8624.65
2905.25	8601.92
2905.87	8560.82
2906.49	8646.92
2907.11	8523.49
2907.74	8498.24
2908.36	8473.09
2908.98	8514.52
2909.6	8407.63
2910.23	8385.13
2910.85	8282.88
2911.47	8212.8
2912.09	8094.97
2912.71	7956.72
2913.33	7996.7
2913.96	7843.31
2914.58	7787.49
2915.2	7581.47
2915.82	7477.33
2916.44	7395.37
2917.06	7294.72
2917.68	7187.87
2918.3	7024.15
2918.92	6974.39
2919.54	6869.33
2920.16	6681.73
2920.77	6739.47
2921.39	6682.98
2922.01	6646.06
2922.63	6573.33
2923.25	6527.56
2923.87	6528.2
2924.48	6456.03
2925.1	6400.72
2925.72	6490.5
2926.34	6417.52
2926.95	6448.56
2927.57	6423.54
2928.19	6358.31
2928.8	6417.29
2929.42	6354.91
2930.04	6388.7
2930.65	6515.11
2931.27	6431
2931.89	6550.33
2932.5	6570.6
2933.12	6531.11
2933.73	6593.42
2934.35	6658.18
2934.96	6708.61
2935.58	6738.31
2936.19	6689.8
2936.81	6843.23
2937.42	6878.96
2938.03	7031.98
2938.65	6913.33
2939.26	7023.77
2939.88	7033.73
2940.49	6981.77
2941.1	7039.44
2941.71	7054.33
2942.33	7005.68
2942.94	6986.68
2943.55	6990.9
2944.17	6969.81
2944.78	6895.6
2945.39	7021.78
2946	6950.86
2946.61	6869.6
2947.22	6860.6
2947.83	6796.03
2948.45	6768.06
2949.06	6753.07
2949.67	6708.61
2950.28	6673.97
2950.89	6582.05
2951.5	6590.48
2952.11	6414.87
2952.72	6404.42
2953.33	6268.9
2953.94	6289.72
2954.54	6207.12
2955.15	6103.37
2955.76	5989.63
2956.37	5952.05
2956.98	5876.17
2957.59	5750.17
2958.2	5594.9
2958.8	5618.98
2959.41	5524.14
2960.02	5394.72
2960.63	5348.27
2961.23	5252.51
2961.84	5119.19
2962.45	5094.2
2963.05	4959.34
2963.66	4854.19
2964.27	4798.47
2964.87	4693.25
2965.48	4624.85
2966.08	4575.27
2966.69	4398.69
2967.29	4453.28
2967.9	4275.18
2968.5	4221.07
2969.11	4192.4
2969.71	4090.92
2970.32	3949
2970.92	3883.97
2971.53	3891.42
2972.13	3758.93
2972.74	3675.24
2973.34	3635.92
2973.94	3557.84
2974.54	3475.41
2975.15	3389.16
2975.75	3346.66
2976.35	3295.67
2976.96	3235
2977.56	3129.48
2978.16	3108.06
2978.76	2982.93
2979.36	2921.33
2979.97	2887.52
2980.57	2874.4
2981.17	2740.16
2981.77	2689.73
2982.37	2674.73
2982.97	2598.8
2983.57	2511.41
2984.17	2431.36
2984.77	2435.7
2985.37	2344.36
2985.97	2306.81
2986.57	2234.79
2987.17	2186.4
2987.77	2145.01
2988.37	2134.07
2988.97	2061.28
2989.57	2026.14
2990.17	1989.82
2990.76	1950.45
2991.36	1890.72
2991.96	1879.29
2992.56	1783.98
2993.16	1773.65
2993.75	1748.86
2994.35	1663.48
2994.95	1610.75
2995.54	1596.9
2996.14	1562.75
2996.74	1553.4
2997.33	1517.7
2997.93	1477.06
2998.52	1460
2999.12	1398.92
2999.72	1355.18
3000.31	1322.66
3000.91	1310.61
3001.5	1287.28
3002.1	1274.16
3002.69	1242.52
3003.29	1243.53
3003.88	1186.08
3004.47	1180.85
3005.07	1190.05
3005.66	1125.71
3006.26	1124.06
3006.85	1093.88
3007.44	1051.42
3008.04	1063.23
3008.63	1030.74
3009.22	1028.81
3009.81	1002.06
3010.41	1032.69
3011	986.372
3011.59	970.96
3012.18	965.947
3012.77	939.474
3013.36	910.962
3013.96	924.521
3014.55	888.744
3015.14	882.766
3015.73	876.857
3016.32	861.778
3016.91	829.249
3017.5	856.349
3018.09	820.575
3018.68	834.074
3019.27	821.75
3019.86	793.979
3020.45	782.76
3021.04	801.522
3021.63	791.545
3022.22	778.494
3022.8	788.07
3023.39	756.299
3023.98	750.225
3024.57	734.831
3025.16	738.011
3025.74	720.567
3026.33	724.785
3026.92	727.927
3027.5	725.84
3028.09	716.468
3028.68	696.764
3029.26	712.188
3029.85	707.074
3030.44	716.526
3031.02	695.111
3031.61	714.003
3032.19	680.184
3032.78	683.473
3033.37	687.7
3033.95	704.256
3034.54	694.932
3035.12	669.07
3035.71	667.006
3036.29	633.95
3036.87	659.819
3037.46	643.309
3038.04	688.839
3038.63	682.725
3039.21	668.409
3039.79	679
3040.38	682.422
3040.96	672.403
3041.54	660.244
3042.12	646.919
3042.71	662.453
3043.29	666.448
3043.87	650.68
3044.45	660.794
3045.03	679.248
3045.62	629.518
3046.2	656.485
3046.78	618.339
3047.36	668.218
3047.94	634.217
3048.52	685.089
3049.1	646.813
3049.68	670.634
3050.26	693.381
3050.84	661.213
3051.42	668.402
3052	669.377
3052.58	682.78
3053.16	670.309
3053.74	678.577
3054.32	680.688
3054.89	659.051
3055.47	690.299
3056.05	660.478
3056.63	673.133
3057.21	676.414
3057.78	689.975
3058.36	685.806
3058.94	686.737
3059.52	694.887
3060.09	698.905
3060.67	685.366
3061.25	695.727
3061.82	690.593
3062.4	704.114
3062.97	678.218
3063.55	705.114
3064.13	688.442
3064.7	693.527
3065.28	694.508
3065.85	663.439
3066.43	669.706
3067	686.333
3067.58	652.14
3068.15	676.897
3068.72	687.04
3069.3	691.934
3069.87	682.339
3070.45	670.755
3071.02	676.87
3071.59	694.475
3072.17	668.71
3072.74	661.558
3073.31	681.242
3073.89	647.044
3074.46	682.077
3075.03	675.717
3075.6	714.894
3076.17	680.768
3076.74	674.656
3077.32	676.896
3077.89	676.06
3078.46	686.58
3079.03	682.548
3079.6	704.292
3080.17	685.585
3080.74	687.496
3081.31	664.536
3081.88	673.62
3082.45	693.036
3083.02	702.125
3083.59	710.19
3084.16	704.835
3084.73	697.422
3085.3	680.74
3085.87	667.204
3086.43	698.108
3087	700.209
3087.57	684.839
3088.14	713.877
3088.71	748.062
3089.28	691.331
3089.84	721.243
3090.41	704.645
3090.98	689.061
3091.54	710.63
3092.11	719.813
3092.68	722.797
3093.24	691.73
3093.81	724.606
3094.38	720.36
3094.94	736.757
3095.51	718.124
3096.07	715.992
3096.64	739.611
3097.2	719.925
3097.77	745.578
3098.33	733.147
3098.9	739.325
3099.46	747.633
3100.03	726.101
3100.59	731.348
3101.15	756.129
3101.72	737.56
3102.28	736.451
3102.84	733.244
3103.41	764.01
3103.97	745.319
3104.53	782.227
3105.1	788.23
3105.66	762.332
3106.22	773.509
3106.78	753.848
3107.34	767.14
3107.91	774.283
3108.47	775.275
3109.03	788.643
3109.59	758.868
3110.15	769.284
3110.71	790.07
3111.27	800.611
3111.83	770.969
3112.39	786.526
3112.95	788.553
3113.51	788.393
3114.07	759.352
3114.63	805.459
3115.19	792.984
3115.75	780.607
3116.31	817.677
3116.87	784.798
3117.43	812.573
3117.98	792.943
3118.54	775.302
3119.1	810.074
3119.66	837.641
3120.22	781.994
3120.77	816.869
3121.33	802.466
3121.89	834.331
3122.44	818.896
3123	833.2
3123.56	829.956
3124.11	827.678
3124.67	836.673
3125.23	842.614
3125.78	831.183
3126.34	829.091
3126.89	841.467
3127.45	865.212
3128	842.796
3128.56	875.818
3129.11	853.348
3129.67	847.248
3130.22	855.456
3130.78	839.968
3131.33	880.896
3131.88	893.014
3132.44	848.659
3132.99	847.434
3133.54	862.663
3134.1	870.769
3134.65	869.703
3135.2	859.458
3135.76	871.81
3136.31	860.579
3136.86	888.323
3137.41	875.011
3137.96	857.572
3138.51	897.559
3139.07	906.751
3139.62	913.886
3140.17	868.712
3140.72	903.559
3141.27	893.29
3141.82	893.284
3142.37	877.879
3142.92	906.544
3143.47	937.236
3144.02	916.661
3144.57	927.921
3145.12	914.653
3145.67	938.393
3146.22	916.051
3146.77	908.087
3147.32	919.589
3147.86	932.045
3148.41	916.682
3148.96	926.882
3149.51	918.526
